   0.334998    0.176326    0.201165   -0.267384    0.270832   -0.121584  -0.0931262    0.511235    0.137789   -0.130288  -0.0913665    0.521887    0.219764    -0.12524   -0.389902     0.29081   0.0667203   -0.018738   -0.246458   -0.395703    0.384977    -0.29292   -0.125872   -0.297536    0.339853    -0.46679   -0.302992    0.239406    0.752967     0.61581   0.0843733   -0.236839
 -0.0550444    0.554271   -0.676771    0.311737    -0.24112   -0.304114   -0.147495   -0.207168   -0.101716  -0.0637362   -0.124759   -0.283423   -0.116039    0.858689     0.22145   0.0310927   -0.354116   0.0140575    0.474432   -0.309511    0.331678   -0.241934    0.279293   -0.378384    0.135053   -0.362084   -0.354028    0.176542   -0.220771    0.312268    0.340018   -0.190262
  0.0644259   -0.290136   0.0596504    0.164641   -0.220265  0.00800348   0.0815617  -0.0178941    0.159952    0.406588    0.679646    0.380107    -0.42358   0.0812526    0.264348   0.0325207   -0.367471    0.455381    0.116118   0.0105796   -0.735865  -0.0945246   -0.470119    0.055881   0.0742512    0.409225    0.419272    0.236885   -0.625753    0.319891    -0.13212   -0.259734
  -0.260583   0.0327996   -0.283768   -0.126719   0.0967442    -0.33607   -0.343057   0.0484851   -0.117482   -0.307865   -0.238636    -0.29729   -0.103112   -0.217258   -0.281431   -0.577017   -0.142623   -0.264563    0.146154   -0.206873    0.382088   -0.179581    0.928763    -0.32979   -0.232249  -0.0970135    0.251236     0.30269    0.365119     -0.2336    0.185622   0.0316303
   0.430472  -0.0877194     0.17347  -0.0458177    0.220858    0.591458   -0.786894   -0.145995   -0.464584    0.259417   -0.663345    0.129402  -0.0729363    0.167484    0.434375   -0.149684    0.300649     0.44882   -0.436958   -0.552219   0.0437026    0.474092    0.265109   -0.174146   -0.140721   -0.376525  -0.0417735   -0.535434   -0.228477   -0.164179   -0.407862    0.119672
  -0.461689     0.56268   -0.453496   0.0984861    0.241126  -0.0656918    0.207075 -0.00921154    0.182321  -0.0470429    0.273104    0.263407   -0.124546   -0.099939  0.00062088    0.181223   -0.447552   -0.519245   -0.346379    0.249527  -0.0964401   -0.419997      0.2482   0.0422733    0.442093    0.464777   0.0798777    0.595286   0.0183579   0.0275074   -0.109504   -0.132236
  0.0301001   -0.310933  -0.0292332   -0.140778    0.274178   -0.195833   -0.448328  -0.0546541   -0.470306     0.12407    0.510778     0.13228     0.44929   -0.519479   -0.337503   -0.546258  -0.0201688   -0.316372  -0.0919628    -0.26833    0.680814   -0.489026    0.561469   -0.577835   -0.258773   -0.682369   -0.197049   -0.132423   -0.116754  -0.0311872  -0.0987521  -0.0841124
  -0.562507    0.287692 0.000447457  -0.0357311    0.656341   -0.152465     1.14669  -0.0915975   -0.275184    0.164468    0.226709    0.721285    -0.49967  -0.0655061    0.164042    0.272614  -0.0339306   -0.433271    0.296043   -0.604766    0.178614    0.568792    -0.81984    0.377721   -0.522023    0.534362     0.36085   -0.165751     1.20873    0.330592   -0.923396   -0.378209
   0.239919   -0.112728   -0.195955    0.195815    0.488634   -0.408648   -0.201927   -0.372578   -0.308298   -0.210243    0.134799    0.567562    0.508814   -0.172595   -0.451719    0.288004   -0.293292   -0.343869   0.0875337    0.442543  -0.0964657   -0.805317   -0.374849   -0.238369     0.11046  -0.0895348    0.104137    0.872497  -0.0439902    0.200478     0.10664    0.175619
   0.202196   -0.461899   -0.366925   -0.578249   -0.382054  -0.0301907     0.10446   0.0211431    0.408705    0.352304   -0.353444   -0.103178    0.184814   0.0857809    0.168065   0.0444586   -0.140574   -0.107271    0.479236    0.180106     0.29196   0.0598004 -0.00503642    0.149843   0.0717408    0.159252   -0.517521   -0.248409   -0.400051    0.103252   0.0366115   0.0691976
  0.0497999    0.179788    0.160818  -0.0359542    0.219414   -0.385156  -0.0818499    0.273782    0.255346    0.293277    0.366132   -0.529285    0.104484   0.0333404    0.509759     0.16744   -0.710023    0.393154   -0.569634     0.42715     0.55977 -0.00808041    0.199782   -0.134282    0.321716    0.278914    0.404309   -0.105285  -0.0347126    -0.29744    0.567821  -0.0785034
  -0.437359   -0.101831   -0.351923   -0.443091      0.1616   -0.212178  -0.0136904  0.00215776   -0.306552    0.254771   0.0812328  -0.0618117    0.387359   -0.359939   -0.471635   0.0181515   -0.198297   -0.442926     0.28569   0.0485329  0.00243917   0.0152404    0.854225   -0.154011  -0.0114642    0.411217   -0.681103    0.145558    0.229145  -0.0667178   0.0602871    0.276856
   -0.73647   -0.187049   -0.180352    0.252144   0.0752655    -0.18646   -0.286321   0.0820637   -0.378534   -0.233574    0.210139   0.0986284    0.238507  -0.0638511   -0.552796    0.118265    0.218385    0.205927  -0.0063866   -0.162522   0.0278008    0.119013   0.0146449  -0.0134724    0.256043    0.239616   -0.474005     -0.2999   0.0217411   0.0909031   -0.596126    0.319747
   0.284718     0.16843   -0.139092    0.123413   -0.487843    0.297895   -0.334252  -0.0410679    0.161136   -0.500348   -0.518431   -0.312091  -0.0374815   0.0741756    -0.58511   -0.474851    0.186777   -0.095373    0.337085   -0.531153    0.409048    0.282571    0.292255   -0.166426    0.984788   -0.607156   -0.266577    -0.46258    0.526505  -0.0663954   0.0409243    0.295577
   0.347299    0.281121    0.284052    0.344645   0.0669128   -0.375466    0.354488    0.541365   -0.233738    0.226144    0.665837    -0.52295    0.422649   -0.212799  -0.0445913   -0.291343   -0.256085    -0.24342   -0.354145   0.0720492    0.529553   -0.153134   0.0959348   -0.168261   -0.208496    0.223381       1.069   -0.131113    0.285377  -0.0380644   -0.608239   -0.386602
  -0.698782  -0.0252778    0.304632    0.460687  -0.0596256   0.0727262   -0.038574   -0.113168   -0.546023   -0.152781  -0.0420911    0.297871   -0.359332   -0.434431   -0.390976    0.411084   -0.203814  -0.0447777    0.607168   -0.206622   0.0855569    0.265108   -0.345872   -0.193569  -0.0417935    0.571617  -0.0494832   -0.765128    0.192503    0.332405   -0.738859    -0.43802
 -0.0856903    0.175153    0.252794    0.209711   -0.514518   -0.228323    0.046019    0.236266    0.439128   -0.132465   0.0196234    0.631422   -0.130909    0.502269    0.352229    0.508289    -0.15659   -0.301194   -0.379998    0.147952  -0.0954888    0.331673   -0.384184   -0.385191    0.280695  -0.0249334    0.527243   -0.158411   0.0762328    0.352188   0.0981118   -0.522398
  0.0899621  -0.0525317   -0.512233  -0.0250802    0.030125   -0.125361   -0.148196   -0.348174   -0.182129   -0.413219     0.55891    0.332703    0.365159  -0.0532788  -0.0631107    0.197181      0.1645   0.0946992   -0.037391   -0.416676   -0.602439   -0.323141    0.401807   -0.461406   -0.164625   -0.502968   -0.600649     1.18952    -0.12378    0.338489    0.469577  -0.0816416
   0.124034 -0.00550029   -0.240382   -0.225886  -0.0125478   0.0386771   -0.299885    0.167692   -0.218312   -0.159451   0.0181639    0.173219   -0.105252   -0.220481   0.0530755   -0.238902    0.593948   0.0567698   0.0397506   -0.715595    0.621464   -0.399751   0.0726525   -0.433173   -0.136161   -0.390694   -0.307854   0.0141252    0.371886   -0.515103  -0.0946997   -0.185485
   0.082783 -0.00508424    0.429749    0.251801    -0.62876  -0.0272183   -0.193713    -0.13426    0.035443   -0.523467   -0.296485   -0.885546   -0.230231   -0.200714   -0.313096   -0.501892   -0.115256   -0.372992    0.620644    0.545319    0.495368   -0.278779    0.241645    0.383783    0.748003    0.106229     0.20215  -0.0670885   -0.135633   -0.398792   -0.241807    0.692415
   0.499833  -0.0937428   -0.660452    0.233132  -0.0738555  -0.0990248   -0.127854    0.408518     0.21309  -0.0404718    0.272428   -0.259369    0.404284    0.274627   -0.248923  -0.0480907   -0.066999   -0.206544    0.030401    0.590859    0.150416   -0.348716    -0.18091    0.262952    0.360557   -0.311217  -0.0210599   -0.395647   -0.111045   -0.354166    0.102418    0.140498
   0.354597   0.0954143    0.145978  0.00849135  -0.0674698    0.177201   -0.141751   -0.420002    -0.05119   -0.436422    0.246457   -0.105999   0.0347648    0.419395   0.0255417     0.42673  -0.0119234    0.100519    0.111776   -0.235326    0.199035    0.531456  -0.0633415   -0.283025 -0.00452105    0.116645    -1.03314      0.5742  -0.0631841    0.403496   -0.142926   -0.605366
   -0.16159 -0.00665449    0.183225    0.354242   -0.786934   -0.247448   0.0297555    0.436473   -0.144037   -0.381699    0.189424   -0.087986   -0.389084    0.377203    0.401984   -0.290196   -0.317687    0.496198   0.0926829  -0.0714193    0.287074   -0.173328   -0.190089   0.0603577   -0.293017  -0.0126755   0.0058521  -0.0309991     0.32411   0.0403279    0.180233    0.276592
 -0.0525602   0.0846541   -0.952827   0.0335105   -0.231109   -0.258447   -0.471886   -0.281632    0.180117   -0.178641   -0.883614   -0.523387  -0.0353166    0.672326    0.390968   -0.239251      0.5869    0.263867    0.129269    0.430935  -0.0873637    0.264844    0.405543    0.142166    0.263278   0.0127011   -0.546754    0.110015   0.0999826    -0.28955    0.289404   0.0414158
   0.584851    0.526375   -0.409605   -0.086391    0.249199   -0.659051   -0.214564   -0.291207   -0.173382    0.156641    0.296328   0.0855235  -0.0814058  -0.0190549   -0.138799   -0.094684   0.0607644   -0.146407   -0.429285    0.160317    0.466294   0.0113669    -0.18257   -0.413668    0.146843   -0.339728    0.201867    0.547527   -0.577623    0.019278   -0.161852   -0.213441
  -0.266865    0.597691    0.273005     0.55184   -0.536711   0.0956931  -0.0868259    0.629982    0.136321    0.414033   -0.125396    0.249599   0.0955123    0.726159    0.251973    0.425409    0.501634    0.345097    0.423722    0.326568    0.176186    0.830099   -0.552002   0.0950216    0.289357    0.125021     0.87317   -0.226113    0.237677     1.13288    -0.30666    0.121606
   0.621611  -0.0865015     0.31156   -0.303605    0.233489   -0.493114   -0.311974  -0.0915616    0.141607   -0.321616    0.313249   -0.357039    -0.20424 -0.00292832   -0.191608   -0.617844   -0.238325   -0.192055   -0.021964  -0.0331995    0.722547     0.52182    0.320586    -0.17134    0.735764    0.304557   -0.120958     0.45915     0.70056   -0.156222    0.485781    0.481731
  0.0485633    0.194152     0.22818    0.549844   -0.135655   -0.112115  -0.0291086    -0.28148    0.753494    0.256767    0.477241   -0.119171     0.38492    0.504869    0.819731  0.00809992   -0.179577   -0.114579    0.261624    0.895858    -1.30879   -0.850932   0.0642269     0.30306    0.134188    0.726886    0.170347    0.594703     -0.7464    0.915638    0.191346     0.20439
   -0.18612   -0.357265  -0.0447667    0.564833   -0.262924   -0.707459    0.648345    0.582611    0.849597   0.0842633    0.468953    0.551377  -0.0412905    0.466107    0.729986   0.0388946   -0.820229   0.0511849    -0.47845    0.670713  -0.0677363  -0.0293609   -0.626219    0.217538   -0.307179    0.954585     0.87898  -0.0429456   -0.149798    0.558095    0.225911   0.0122883
  -0.174266   0.0175646    -0.51992   0.0527958   -0.168737  -0.0218602   -0.110632   -0.175781    0.155935   -0.346699    0.490295   0.0693531  -0.0930806   -0.233025   0.0803258   -0.237145    -0.50355   -0.544707    0.029539  -0.0293598     0.34058       0.261    0.431944   -0.510262    0.131189   0.0399088  -0.0921646    0.235125    -0.32668  -0.0751984    0.507233    0.353045
  -0.196792    0.536395   0.0708729    0.537023    0.433802     0.11009    0.261149  -0.0481909   -0.568972    0.225504  -0.0762371   0.0685346    0.627492 0.000654024   -0.350624  -0.0533963    0.226475    0.357278   -0.330988    0.435072   -0.766359   0.0301118  -0.0994258   -0.288631   -0.249832    0.412697    0.994465    0.117181   -0.349866    0.799974   -0.947058  0.00461803
   0.124018 -0.00732263   -0.243517   -0.321772   -0.248016  -0.0357248  0.00968732   -0.130117   0.0680125  0.00508072   -0.387318    0.372256    -0.16359    0.179245    0.279308  -0.0561542   -0.299904     0.15173    0.315411    0.363979    0.318514   0.0179816  -0.0168524    0.343713    0.207464    0.700266    0.154626   -0.273828    0.369035   -0.070731   -0.131061    0.156399
