   0.381298   -0.203679    0.325714   -0.163954  -0.0301363    0.516257    0.549996    0.347179    -1.01692    0.281443   -0.333269  -0.0331135    0.153908    -0.84616    0.415124  -0.0439023    0.859745  0.00260024    0.555118    0.125664     1.52178   -0.229258   -0.137506   -0.452494   -0.022954   -0.639371    0.225403    0.858685   -0.611922    0.821353   -0.463616   -0.969767
   0.670257   -0.375969    -1.24644    0.160975   -0.772965    0.270562   -0.240643    -1.23575   -0.289611    0.701342   0.0183811    0.424752    -1.19879   -0.267192   -0.338488   -0.100095    -0.63952    0.215661   -0.307363    0.869129    0.629471    0.177309   -0.732825   -0.628768    -0.17235   -0.801856   -0.275257    0.730251   -0.315752    0.540109  -0.0339836    -0.16242
   0.372711   -0.601182     0.23805   -0.212816   -0.640281   -0.257709   0.0117443   -0.337618    -0.43888    0.605899   -0.440153   -0.308307   -0.355714   0.0327765   -0.608828    0.375785   -0.604527    0.178504   -0.272933    0.357991     0.47826    0.247971   -0.190022    0.255443    0.148454   -0.507893    0.383151   -0.492383     0.40255   -0.563714    0.297535  -0.0191266
   -0.84241   -0.498482   -0.849529   -0.991906    0.553007    0.109894    0.685692    0.530063    0.791707  -0.0826903  -0.0770646    0.408005   -0.420774     1.03728    0.725795    0.421008   -0.821847  -0.0435503    0.376357    -1.15461    0.710076    0.211837    0.217916   -0.213019    0.406218    0.195625    -1.18717   -0.479952    0.479976   -0.977312    0.505102    0.719361
   0.328222     -0.5885   -0.142603   -0.191119    0.773875    0.506821   -0.661209    0.808511    0.166198   -0.131562    0.328024  -0.0109755   0.0310011   -0.180042    0.605948    0.299726   -0.382973    0.964495    0.465031   -0.737838    0.409642   -0.896451    0.658777    0.132492     0.16664    0.304335   -0.311414   -0.225192   -0.423493     0.82208   -0.874802   -0.262511
  -0.291766   -0.519728 -0.00462065    0.148017    0.450406    -1.32886    0.428464   -0.860078    0.934541  -0.0986247     1.39474      -0.707   -0.182934    0.803574   0.0853638   -0.713095    -1.10272    0.114739   -0.309198   -0.623175   -0.811022    0.115751   -0.209631  -0.0281753    0.355421   -0.338948   -0.345296    0.160385    0.173303   -0.845909    0.754541    0.651219
  -0.401421   -0.392414    0.748704     -0.4103    0.439199   -0.494756     1.25413   0.0428711    -1.14022    0.584073   -0.428229   0.0510487     -1.0105   -0.280966    0.132821   0.0410996    0.610804    0.436175    -0.63018   -0.153187     1.01923   -0.801523     1.23212   -0.515567   -0.637078   -0.142119    0.522927   -0.711216   -0.153627    0.179178    0.406518    -1.24497
  -0.421303    0.499847   -0.696752   -0.664076   -0.343654   -0.586846    0.307538   0.0170505    0.273873    0.808403   -0.438095    0.438198    0.102205   -0.206583    0.823702    0.936786   -0.693431    0.690563     0.60292    -1.17008   -0.107186   -0.149757    0.325218   -0.736764    0.369537    0.638051   -0.449821    -0.75269    0.283787   -0.906611   -0.442336   -0.056449
   0.562338  0.00414733   -0.905716    0.312728  -0.0514187    0.261811   -0.741364     1.31782   -0.257373    0.169636    0.584321   -0.355552 1.11485e-06   -0.279265    0.231764    0.686729   -0.405051     0.30095     1.59749    -1.29254    0.305592     -0.7439      1.0651   -0.221237    0.402323    0.690708   -0.295823  -0.0980683    -1.00343     0.25612   -0.639967   0.0965472
   0.038258   -0.430573    -1.15334   -0.842029  -0.0621042   -0.212923    0.208947   -0.506885   -0.834348      1.0634 -0.00255365    0.591413    -1.27517   -0.210505    0.467242    0.736597    -0.55902    0.834305     0.33602   -0.253977     0.59993    0.417369    0.431788   -0.478213    0.661221  -0.0627809   -0.131093    -0.43812   -0.169096   -0.394862    0.254764   -0.193917
 -0.0460645   -0.417753    0.154375   0.0877334    0.743952    0.585635   -0.298504    0.859111   -0.195228   -0.911013    0.501284    -0.13552    0.406458    0.894436   0.0203493   -0.624257    0.741417    -0.29226    0.344454    0.452014    0.839974    0.259941   -0.731883    0.344421   -0.486075   -0.351305    0.137355     0.62791    0.350058     1.30034    0.281932    0.295439
 -0.0405654   -0.404818    0.161972    0.463708   -0.106588    0.412666   -0.444643    0.288852   0.0986217    -0.62297     0.50581   -0.773725    0.200196  -0.0685731    0.107529    0.178302   -0.591181  -0.0974611    0.323225    -0.32272    0.254131   -0.237871  -0.0231385   0.0391425   0.0527616   -0.161087    0.359356    0.162757  0.00550426    0.228688   -0.373817   0.0464771
   0.727322    0.449641    -1.23267    -0.55302    -0.35186   -0.965386   -0.360972    0.150623   0.0411594    0.975228    -0.43598     1.34271    -1.12918    0.512792   -0.284803     0.20364    0.505762    0.271258    0.239433   -0.132816   -0.538562     1.11828   -0.829956    0.401256    0.640969   -0.645023   -0.614875    0.373881    0.383004   0.0853017     1.28469    0.571571
   0.240156    0.244799   -0.060366   -0.124821   -0.018426   -0.350682   -0.282221    0.149729     0.33676     0.38213   -0.378931   0.0943193    0.114111    0.381659    -0.10308    0.204989    0.307298   -0.516511    0.305766    0.209645    0.371161   0.0297517   -0.714438   -0.357822 -0.00805776   -0.396802   -0.299597    0.966853   -0.461187    0.822769  -0.0162881  -0.0108396
   0.734647   -0.357811    0.613684    0.464723    -1.62755   -0.291308  -0.0721471     1.16614    -1.12022    0.142962    0.780073    0.440268    -1.37704    0.102977   -0.584475    0.810285   -0.638529   -0.167635   -0.414944   -0.785595    0.252521    -1.06226     1.02538     0.68784    0.785484    0.917319   0.0554791   0.0866433   -0.616075   -0.160206   -0.493184   -0.115314
   0.654462   -0.308078    -1.10265    0.470984   -0.217503    0.896866    -1.39941   0.0145393    0.106433   -0.332043    0.606968   -0.479748    0.277408    0.912941   0.0325935   -0.637818   -0.112188    0.332676    0.913541   -0.128981    0.402536    0.082698   -0.528157    0.676702    0.438834     0.31191   -0.668944    0.432282   -0.292165     1.15146   -0.252443    0.259602
   0.232655    0.493647    -0.80452   -0.296377    0.114207    0.585843    -1.16114  -0.0975116    0.684838  -0.0223102 -0.00778983   -0.402997    0.654857    0.344748   -0.151166   -0.299669   -0.046168    0.403241    0.732387    0.408686   -0.737481    0.333361    -1.23116      -0.607   -0.442626    0.115042   -0.873737   -0.340756   -0.383819    0.170475    0.316041    0.774372
   0.614353   -0.287351   -0.583253    -1.02488   0.0128359    0.461898   0.0481945     -0.5302   -0.332452    0.903454   -0.123427     1.26916    -1.37316   -0.625726     1.01451    0.766322   -0.166289     0.99747    -0.23524    0.606724    0.594485     0.54138   -0.107471   -0.518057   0.0114701      0.3649   -0.363821    0.651499   -0.745043     0.32796   -0.490083    -1.00817
    1.14529    0.907934   -0.140323  -0.0151248   -0.193155    0.558786   -0.980786     1.18286 0.000946164   -0.116681   0.0897533    0.844299  -0.0178966  -0.0693877     1.32341    0.218023    0.923619    0.574781    0.350263    0.691234    0.432722   0.0301957     0.30272      -0.771    0.398667   -0.256928   -0.953965    0.928312   -0.403189     1.14268   -0.879848   -0.697644
    0.40223    0.207805    0.240184      -0.329    -0.34674    -1.29479    -0.60577   -0.460155    -0.58506    0.933067    0.213016    0.249889   -0.754857   -0.714454    -0.32403    0.564067   -0.787833   0.0488035   0.0713162    0.755266   -0.027603    0.363257   -0.378689   -0.379061    0.324889    -1.02426     1.04176    0.369569    0.596295    0.395501    0.277816   -0.987929
   0.164648   -0.418037    0.426715   -0.247525   -0.380703   -0.580464   -0.609353   -0.147247   0.0713303    0.291954   0.0414787    0.382137    -1.05206   -0.149955    0.325153     0.20469    -1.15611    0.260493   -0.781142    0.499798    0.219435   -0.288337    -0.66206    -0.62757    0.482255    -0.84997    0.338244    0.312115    0.524163   -0.890458    -0.80523    0.747421
   0.599406    0.102092   -0.685953    0.080486   -0.243474   -0.573756     -0.6068   -0.814678     -0.2166    0.718954    -0.13768    0.161687   -0.721828   -0.616545   0.0501685    0.472268   -0.569008    0.425133    0.365728   -0.806734   -0.551709   -0.149822    0.796542  -0.0299343    0.415968    0.351774   -0.534735   -0.869903   -0.352223   -0.481383    0.105993    0.400465
 0.00456103   -0.128781    0.311315   -0.341688     -0.6118    -0.17443    0.543341     -1.7928  -0.0630089     1.11992   -0.389046    -1.01903    0.157918    -1.61199   -0.145346    0.592187   -0.828429    0.625315    0.275908   0.0204816   -0.145976   -0.530315   -0.161984     -1.0629   -0.444828   -0.425612   0.0363849   -0.372935   -0.744381   -0.519124    -0.50539   -0.898398
    1.02507   -0.997109 -0.00683749    0.490848    0.228214    0.776092   -0.660459    -1.10877    0.794894   -0.932747    0.726432    -1.26757    0.489704   0.0159801    0.222122    -0.67322   -0.930747     1.08783    0.430984   -0.170869    0.198682   -0.704841    0.580531   -0.215187    0.500538   -0.645964   -0.748496   -0.376097   -0.627323    0.268447   -0.545213     1.00702
    1.05549   -0.421298   -0.179266    0.108189   -0.169722   -0.933594     -0.2085  -0.0552232    0.267058    0.243424      1.1423    0.301138   -0.923614    0.784898    -0.26577   -0.844931    -0.37739     0.37453    0.432933   -0.587641   0.0367152    0.550723    0.573349    0.104284    0.379795   -0.649582   -0.880116    0.316398    -0.07548    0.452401     1.13079   -0.170976
  -0.283541    -1.14785   -0.375653    0.504584   -0.693397   -0.979137     0.54609    0.428063     0.20231    0.697012    0.820612    -0.39452   -0.792046    0.964519   -0.356505   -0.382336    -1.15844   -0.241728   -0.474729   -0.405493    0.431331   -0.107013   -0.441733   -0.372601  -0.0926179   -0.574274   -0.243556     1.13161     0.21133   -0.631541     0.53551    0.671621
   0.550272   -0.207498   -0.476957    0.003443   -0.538662    0.207405   -0.239853   -0.670641   -0.612172    0.404921    -1.06697    0.100466  -0.0540327   -0.174862    0.311981    0.756716   -0.368049    0.196598   -0.790663    0.578299    0.226716    0.743065   -0.220705     0.24967    0.571551   0.0140539    0.546845   -0.113352    0.199655   -0.724509    -0.46764     0.75475
  -0.328638   -0.130273     1.77055    -1.13356     1.06832    0.132334    0.286071    0.448316    0.483754   -0.112777     -1.0577   -0.282889    0.762442   -0.657484   0.0259231  -0.0571324    0.996066    0.283599   -0.283327    0.422206    0.247469   -0.848316    0.286943   -0.278276   -0.213046   -0.864448    0.796289   -0.282084     0.34739    0.461499    0.303274    -1.03231
  0.0135246    0.972136     0.73078    0.330982    0.115233    0.422453   -0.944529   -0.614116    0.889742   -0.776051   -0.555804   -0.397111     1.33692 -0.00575735   -0.612915   -0.207438    0.257942   -0.793776   -0.126959    0.359939   -0.476762   0.0515316    0.253377    0.775437  -0.0970339   0.0822274  -0.0041607    -1.09767    0.773195    0.244817  -0.0587924   -0.123825
   0.378744    0.212952    0.903882   -0.365146   -0.143282     1.06602   -0.734285    -1.12742   -0.456813    0.171452   -0.364374   -0.573616     0.79331   -0.214432   -0.592543   -0.339212    0.042748    0.123889    0.354067    0.977959   -0.367553   -0.182775  -0.0645664    0.387316   -0.108726    0.349448  -0.0990523    -1.34835   -0.529036  -0.0874573    0.169973   -0.252357
   0.830124    0.396028    -1.14722  -0.0468859    -1.01896  -0.0318542   -0.334681    -0.86105   -0.846735    0.721999   0.0168691    0.485869   -0.980429   -0.154933   -0.275099   -0.574558    0.319628    0.201087   -0.514781     1.72554    0.231916   0.0722879    0.029031    -0.88646   -0.170765   -0.794457 -0.00611914    0.496112   -0.492125    -0.54048   -0.275639    -0.20839
  -0.226283    0.261697    -1.12455    -0.62147   -0.393593   -0.668934     0.97556   -0.526162   -0.780412     1.00796   -0.420537    0.733348    -1.14492   -0.320015    0.311284    0.207735    -0.29437   -0.267883   -0.619462   0.0774928     0.57486    0.741289    -0.87012    -1.04751   -0.491732   -0.577908    0.545873    0.404583    0.417786   -0.596182    0.269206   -0.544269
