   -0.430732   -0.0274734   -0.0578708   -0.0900847   -0.0883459     0.144164    0.0987149    -0.259406     0.132124     0.543234     0.223399    -0.213562    0.0817144     0.391932    -0.481221    -0.132608    -0.198681     0.257792     0.126312    0.0417279     0.258136     0.302975    -0.164822   -0.0470827   -0.0707449    -0.213748    -0.120434    0.0127875     0.285701   -0.0226036    0.0828516    -0.129901
    0.480665     0.126654   -0.0570738    -0.232819    -0.228576    -0.411539    -0.179861    -0.347539   -0.0752794     0.358913     0.120687    -0.402319     0.273576   -0.0726477    -0.317247     -0.24849    0.0224804    -0.015901    -0.386341    -0.251539     0.392601     0.159958     0.231203     0.267269    -0.133235    -0.372928    -0.313457    -0.449205    -0.198251     0.183563    -0.282135     0.395556
   -0.139084      0.26049     0.187396     -0.49242     0.077175     0.111665     0.123363     0.296043      0.26197    0.0844884     0.115521    -0.332824     0.384015    0.0892326   -0.0338851    -0.185546    -0.462408    -0.215776     0.178497     0.113754     0.139962    -0.254168     0.171629     0.239982    0.0280765   -0.0925923   -0.0975404     0.050589      0.14384    0.0762041    -0.145213     0.193308
   -0.267479    0.0142609      0.12985     -0.13404    0.0938403    -0.128584    -0.130657     0.190414    -0.204223     0.101783   -0.0193725   -0.0335887    -0.343187   -0.0951208     0.157611    0.0978567    -0.265561     0.168153     0.419235   -0.0285297    -0.115829    -0.382144     0.191361    0.0508166    -0.202269   -0.0910342    -0.121581   -0.0780433   -0.0470779     0.216503     0.144797   -0.0333222
    0.122068    0.0533356     0.293266   -0.0295817    -0.195354    -0.222308     0.331657    -0.250679    -0.113952     0.185012    -0.518423    -0.190979     0.166845    -0.175539     -0.51344    0.0163109     -0.13967    -0.300876     -0.31143     0.319242   -0.0554563     0.129629     0.224319    0.0356479    -0.206669    -0.176195    0.0067554    -0.141507   -0.0483232     0.221107    -0.252084     0.245449
  -0.0561563    0.0819983    0.0325556    -0.137758     0.119747    0.0905615      0.14409    0.0562805   -0.0849171   -0.0467754   -0.0618352    -0.266804    0.0436059    0.0199189    -0.195751     0.326088    -0.153945    0.0798098     0.140364     0.167196     0.207148   0.00841765    0.0581937     0.442791     0.230854     0.125187     0.045619     0.109761    -0.207179    -0.254632     0.191943    -0.225227
  -0.0704876  -0.00759092     0.292347    -0.624844    0.0496716   -0.0502962     0.315243    -0.673975   -0.0327149    -0.136738    -0.381572     0.571236      0.19503    0.0983184    -0.152337    0.0494372    -0.231442   -0.0454349    -0.213374     0.244056     0.226244   -0.0452352    0.0377745      0.19795    -0.281657    -0.324343     0.381314    -0.227605    -0.113616    -0.225415     0.245659     0.455665
    0.236674   -0.0496609     0.113486     0.136005     0.168826     0.168323   -0.0562954    -0.174294    -0.273838    0.0848179    -0.385064    -0.207157     0.392061    0.0635123     0.256302     0.208152    -0.266689    -0.296631    -0.083164   -0.0889758    -0.109477    0.0404545    -0.135193      0.12162    0.0382956    0.0381777     0.285271     0.381323    -0.207464   -0.0345939    -0.281982     0.157852
   0.0889638    -0.650982    -0.254178    0.0338984    -0.433961     0.429013   -0.0126224    0.0765756    0.0159371    -0.169064     0.115361    -0.277735    -0.104447     0.028055    0.0751601     0.241117    -0.268968    0.0402396    0.0837889     0.228514     0.229791     0.105532    -0.369148     0.209591  -0.00335883     0.175361     0.136472     0.191397   -0.0922347     0.369092    -0.473495    -0.277359
     0.45754    -0.129163     0.432941    0.0406774     0.134405    -0.124583     0.105627     0.013493    -0.274843    -0.354857     0.270787    0.0931804    -0.297271   -0.0297844    -0.217071    0.0598072    -0.170537     0.311729    0.0604391   -0.0714302    0.0326531    -0.133261    -0.389965    -0.369377    0.0923186    -0.152834     0.072189   -0.0339984     0.240174     0.125305   0.00660161   -0.0346463
   -0.290774   -0.0754113   -0.0493312     0.399127    0.0441843     0.203935    -0.305396    -0.347257 -0.000826829    0.0733763      0.33132     -0.15196     -0.37612     0.327631    0.0175408   -0.0605376     0.161006    -0.010932     0.210966     0.390941    -0.195035    0.0937104   -0.0728873    0.0411886    -0.214785    -0.238834    -0.195115    -0.442282   -0.0531042      -0.2866    0.0549892     0.135885
    0.258707     0.700373    -0.087309     0.292746     0.120238   -0.0833419    -0.457554    -0.065301     0.374006    0.0037714    -0.115876    -0.364658   0.00927755   -0.0505764     0.157703     0.137098    -0.195915    -0.198116     0.196744     0.145847    0.0153651     0.177026   -0.0334251    0.0777979    -0.140468     0.248169   -0.0256379     0.282313    0.0966868     0.145208    0.0796573     0.629884
    0.244097    0.0579201   -0.0418918    -0.316585    0.0833835    0.0559765     0.225756   -0.0168643     0.380631     0.298318    -0.146486    -0.171308     0.430483     0.439724     -0.26969   -0.0309986    -0.109522   -0.0299426   -0.0878315    -0.222625     0.182111     -0.24303    -0.182869    0.0306772    0.0939719    -0.266795    0.0455588     0.548055    -0.228681   -0.0260843    -0.398365     0.247266
    0.261894   -0.0487016    -0.177101    -0.154536     0.140294   -0.0858618    -0.334099    -0.161692     0.267238    0.0284654  -0.00828571    -0.151147    -0.214912    -0.362481    -0.227867    -0.241666    -0.254218   -0.0463146    0.0264008    -0.312081    -0.132289    -0.244135     0.105584     0.528675    -0.292568    0.0916096    -0.235489     0.233642    -0.154992    -0.319136     0.137853     0.372156
   -0.147221     -0.11366    0.0698863    0.0215983     0.173135    -0.241811     0.152495    0.0480646    -0.277681     0.240583     0.118658   -0.0651083    0.0320576    -0.106406     -0.24175   -0.0265255   -0.0589081    0.0620919    0.0293407     0.369346    0.0410719     0.369654    -0.169754     0.115227     -0.16064   -0.0796867    -0.237526     0.140877   -0.0814574    -0.100806    -0.116316    -0.315656
  -0.0802255     -0.29567    -0.175471    -0.403826     0.105736     0.128603   0.00217152    -0.267668    -0.185115     0.243583     0.219879    -0.149638     0.229043   -0.0071366    0.0694353    -0.256242    -0.270893    -0.170528   -0.0450623     0.149031     0.130644    -0.249804    -0.514641     0.304794    -0.278519     0.101878     0.124223    -0.221629     0.177154    -0.124496    -0.336238  3.25573e-05
    -0.41179    -0.163896     0.244996    -0.259144     0.308532     -0.17608    0.0318585     0.165632    -0.192029     -0.11052    -0.135703    0.0687493     0.124886     0.130828    -0.258748    0.0389624    0.0320145      0.21157    -0.216339    -0.170747     0.227814    -0.106756   -0.0271855     0.195597    -0.264162   -0.0163038      0.31879   0.00680802    -0.171945      0.23648    -0.206769    0.0930092
   -0.334484    -0.452117     0.490035    -0.161339    0.0343386    -0.202443    0.0437421     0.402615     0.441157   0.00106248     -0.14956    -0.120287     0.033694   -0.0420205    0.0588032     0.202675     -0.13042    -0.121231    -0.116013     0.376845    -0.148662    -0.048525   -0.0848274     0.166528   -0.0938037    0.0171746     0.129002    -0.151397     0.137403     0.158528     0.390298     0.310321
   -0.309126     0.396919     0.264896    -0.435231   -0.0413582   0.00547301   -0.0874368  -0.00837317   -0.0966074      0.31036    -0.151574    -0.196361    -0.153339     0.230985    -0.232393   0.00953474     0.226844   -0.0445798   -0.0547031    0.0651917    -0.184692 -0.000527836     0.227543     0.364427   -0.0226167     0.161968    -0.127691    0.0571857     0.134329    0.0875242     -0.10286   -0.0635598
  -0.0820219     0.410845    -0.229799    -0.292517  -0.00811846    -0.297215    -0.137314    -0.228954     0.171071     0.233364     0.214737    -0.137847     0.132887    -0.209809    0.0772897    0.0122044   -0.0783353     0.150143    0.0875247     0.169628    -0.166128    -0.162665    0.0743244    0.0259283    0.0591289    -0.178473     0.215182     0.258891    0.0715684   -0.0184744    0.0804464    -0.250971
   -0.139875    -0.113153     0.475259    0.0251567   -0.0942744    -0.070028     0.354069     0.106348     0.154588     0.100482     0.223363    -0.156708     0.179747    0.0907639    0.0447702     0.107348     0.192787     0.362771    0.0771575    -0.314088     0.276821     0.207921    0.0335508    -0.316339     0.133412    -0.226407     0.425347   -0.0506509     0.146655 -0.000190882     0.400271    -0.397598
  -0.0972684   -0.0512006   -0.0218806    -0.137465    -0.103585    0.0621788     -0.16012     0.186935    -0.282648   -0.0651859     0.106942    -0.298229    -0.225788    -0.351509    -0.101843    0.0934045     0.109773    0.0923023  -0.00307741    -0.220086     0.200608    0.0301062     0.254749     0.183513   -0.0772788   -0.0409209   -0.0296968     0.061022     0.267135    -0.132665    -0.167681   -0.0574903
    0.105278     -0.17388   -0.0918462    0.0237088   -0.0143338    -0.264301    0.0813478    -0.104015   -0.0318548    -0.100159    0.0243083    -0.297504      0.28594    -0.154127    -0.234812     0.130368   -0.0617344     0.190802    -0.110719    -0.049413    0.0978676     0.272885    -0.247858    0.0778859    0.0186657     0.109244     0.102323     0.430798    -0.376621    0.0431343   -0.0513175   -0.0521715
   -0.138358    -0.742697    -0.376289    0.0369068    -0.122959    0.0409431   -0.0231906     -0.12372    -0.367324    -0.188686    0.0266034    -0.145908       -0.347    -0.232058   -0.0675723    -0.407241    -0.547847  -0.00955176     0.106602    0.0675872   -0.0566304    0.0630969    -0.150687    0.0669599    -0.187007    -0.141122    0.0266442    -0.082126     0.141368     0.239522   -0.0914184     0.163161
    0.287284    0.0856373     0.137638     0.197686    -0.174109    -0.322788    -0.220649     0.233952    -0.044641     0.196992    0.0971245    0.0486993    -0.130815    -0.014721    -0.137439     0.526312    0.0105793     0.224129      0.12275      0.11601    -0.398518    0.0577006    -0.374992   -0.0149123    -0.107575     0.167764     -0.18392    -0.063743     0.298831    0.0595477     0.141137    0.0552409
   -0.167939     0.138147    -0.413199     0.155517    -0.175077     0.105631    0.0536056     0.231934     0.288757   -0.0964138     0.227653    -0.218199     0.275918     0.136719   0.00974009     0.152269   -0.0575521     0.165935   -0.0453109     -0.35242     0.244706    0.0495787  -0.00310548    -0.137884     -0.20321    0.0248284    -0.171844     0.399173     0.288888   -0.0516532   -0.0950988    -0.293842
   -0.229396    -0.382409     0.062968   -0.0584223    -0.411571    0.0173936      0.31471    0.0198169    -0.101555    -0.216848     0.033134    -0.159313     0.108308   0.00139635   -0.0312354    0.0570901    0.0125696     0.630241     0.352363     -0.11379    0.0898302   -0.0803141    -0.695706    -0.119791     0.114201   -0.0791267   -0.0616586     0.208415    -0.144716     0.366538    -0.123563    -0.115114
   -0.150947   -0.0073845    -0.188319    0.0624959    -0.100977    -0.107043    0.0394996    -0.115218    -0.181156     0.293114     0.157139    -0.501113     0.228798    -0.199271    -0.241069    0.0763335    -0.336376    0.0984477     0.202325     0.224004    -0.151091    0.0361931    -0.524695     0.156078   -0.0376165     0.182579     0.103433   -0.0120997    -0.192697     -0.31739     0.220111    -0.547992
   0.0286894     0.404799     0.213214     -0.39921   -0.0301832    0.0397905    -0.128637     0.302286    -0.283491     0.438302    0.0871224     0.209107    -0.153525   -0.0434167    -0.243602     0.275923    -0.263278   -0.0502586     0.110083    0.0819655    -0.180818     0.080679     0.368783   -0.0527529   -0.0492558    -0.319421     0.133388   -0.0425269   -0.0280484    -0.108274    -0.149638    0.0727903
   0.0482068    -0.322195    -0.190681   0.00887097    -0.255762     0.233801    -0.056806    -0.176786   -0.0696161   -0.0896836    0.0700589    -0.219314     0.370255   -0.0912591    -0.292666     0.146187     0.364568   -0.0267932   -0.0412685    0.0243577     0.205723     0.119935    -0.257828   0.00570207    -0.148339     0.139236    -0.237078   -0.0180798    0.0466418   -0.0749336    -0.274336       0.1037
    0.413217     0.142626     0.160303    -0.202103     0.435831     0.245068     0.430736    -0.227431     0.189958      0.11319   -0.0143395    -0.603915    0.0822204    -0.105986     -0.40233    0.0202161    -0.232957     -0.21278    -0.360997    -0.309424      0.35282     0.469983     0.151402    0.0312344      0.48292   -0.0276779     0.028988       0.1094    -0.430845     0.212688    -0.571672    -0.383191
     0.29456     -0.28587    -0.256566    -0.409636   -0.0538092     0.216849   -0.0842153    -0.765102    -0.010057   -0.0583105    -0.305474    0.0439647    -0.407549   -0.0550612     0.126834    0.0156145     0.311243    0.0393813   -0.0787531    -0.100616     -0.23071    -0.348194    0.0648068    -0.011044     -0.50206    -0.206887    0.0595024   0.00409677     0.052162     -0.21984    -0.159279     0.428972
   -0.676523    -0.470064     0.233017   -0.0281512    -0.173553     0.161476     0.626853   -0.0621558     0.238899    0.0292033     0.170761    -0.380236    0.0663533  0.000100604     -0.33072   -0.0266222     0.221924   -0.0996004    0.0830497     0.126887  -0.00695441    0.0023388   -0.0933358    -0.142088   -0.0254387     0.172636     0.105189     0.296397   -0.0282575    -0.285614    -0.150839    -0.334504
    0.382714    -0.304076     0.107264     0.381098   -0.0226801       0.1801   -0.0121815     0.219751    -0.113826   -0.0258483     0.243482     0.162116    -0.379177     0.102468    -0.119168    -0.308231      0.27211       0.4796    0.0203178     0.290918   -0.0507418   -0.0272728    0.0837912    -0.311602     0.234186    0.0487832    -0.152478    -0.154227    -0.323947     0.116733    -0.536497     0.137113
  -0.0175127     0.232905    -0.039866   -0.0692506     0.241982    -0.386808   0.00568707    -0.181157      0.10335      0.32887      0.23933    -0.210782    0.0821893    -0.250271   -0.0974592    0.0907637     0.113867     0.140414    0.0378897    -0.253461   -0.0834732   -0.0612852    -0.342341     0.205034    -0.208185    -0.376461     0.227858    0.0512571    -0.205363    -0.242403    -0.435161     -0.28449
    0.305442     0.434288    -0.524557    0.0588372    0.0783556     0.105411   -0.0763546   -0.0849474     0.131317     0.205436     0.133143    0.0658426    -0.286887    0.0540738     0.256689    -0.319842    -0.558589   -0.0820448   -0.0442483    -0.271948    -0.035675    -0.333739    0.0488508       0.1141    -0.217077    -0.416955    -0.276602     0.115245    0.0900536     0.219672    0.0750606     0.141047
   -0.229595     0.383861    -0.210095    0.0502658     0.462157    -0.170383     0.307315     0.057898     0.160275     0.290291   -0.0809118      0.14189    -0.177559     -0.28361    -0.143663    -0.228907    0.0304002    -0.164422   -0.0297122     0.107235  -0.00577771     0.110748   -0.0170842     0.322793   -0.0306968 -0.000638501    -0.383831    0.0411511     0.208981     -0.11323     0.130556   -0.0796236
   -0.136609    -0.210237    0.0460543   -0.0604345    -0.268331   -0.0200944     0.305215     0.311685     0.239598    -0.217923    -0.215102    -0.257289     0.021344     0.255123     0.087385    -0.044347    -0.181705   -0.0580233     0.137414    0.0996392   -0.0228366    0.0669584     0.288544     0.390443    0.0808333  -0.00392343     0.353769     0.022467    -0.473225    -0.139714     0.429786   -0.0102798
   -0.337161    -0.320277    -0.175327    -0.141792    0.0566875   -0.0654647     0.380841    -0.305586      0.38544     0.348723     0.371447   -0.0707725     0.221923     0.595878    0.0469135    -0.514662    -0.166006     0.235341     0.184489    -0.343162      0.14224    -0.236792    -0.189834     0.235397    -0.240296     0.078582     0.232409    0.0235341   -0.0287876   -0.0630322    -0.263468    -0.205606
    0.115735    -0.409535    -0.130498    -0.175626    -0.227501      0.20973   -0.0594428    0.0148273   -0.0735587     0.134732    0.0498507    0.0769904      0.48947   -0.0199662    -0.144593    0.0270221    0.0754037     0.133599    -0.208986     0.207512    0.0476261     0.226821     0.126802     0.307746    -0.256865    0.0311049     0.146099    -0.296275     0.045154     0.119976   -0.0944089     0.066947
   0.0600443    -0.111509    -0.207759    -0.158689    -0.317152     0.344994    -0.103187    0.0128867    -0.155505    -0.240993     0.247354     0.325534   -0.0785065    -0.343468   -0.0389275    0.0850696     0.141113   0.00193532    0.0743198     0.137027     0.293376     0.108734    0.0207677   -0.0599056    -0.230641    -0.021253    -0.235248     0.107094     0.525771    0.0812183    -0.098974    -0.115457
    0.243937   -0.0794713      0.11709   -0.0391261   -0.0642777     0.113962    -0.181208    -0.038167    -0.279046     0.103898    -0.180573     0.024899   -0.0284661    -0.262688   -0.0334331     0.198837    0.0240609    0.0127901     0.151772     0.122228    -0.207311    0.0188827    0.0779611    -0.175114    0.0647849     0.154522    -0.320068     0.317066   -0.0850271    -0.109679   -0.0610411  -0.00342062
    0.619034    -0.299466     0.276085    -0.552008    -0.243693     0.102653    0.0983565    -0.699773     0.435542     0.385322    -0.163251      0.18616     0.686642    -0.121152    -0.398355     0.786173   -0.0561283    0.0161844    -0.163898    -0.285269    -0.845413    -0.542231    -0.628784     0.130446    -0.170686   -0.0381818    0.0287791    -0.100967    -0.506738     0.232865    -0.510174     0.490953
   -0.228851     0.307801     0.143606    -0.362138     0.370827     0.451672     0.271344    0.0280026     0.721929     0.254147   -0.0686255    -0.206886     0.261376  -0.00460719     0.131115   -0.0591617    -0.369658   -0.0328565    0.0295491   -0.0363081   -0.0652038    -0.236864   -0.0994432     0.445625    -0.316752     0.284468   -0.0205058    0.0354538    -0.065609     0.536676    -0.230964     0.432589
   0.0342272     0.144116    -0.183966   -0.0310487     0.229131  0.000754153     0.411489    -0.127817     0.122182     0.019503  -0.00083185   0.00764327   -0.0524779    -0.147614   -0.0350024    0.0117421    -0.123242     0.156925     0.141537    0.0151068     0.322975     0.274661   -0.0345944     0.170401    0.0708078     0.131411   -0.0114751    -0.215079     -0.14909     0.276096     0.231083    -0.327309
   -0.163311   -0.0354036    -0.370402     0.145357    -0.179385     0.200774    -0.238965    -0.423787     0.398788     0.148166  -0.00189842    0.0507968    -0.086233   -0.0238088    -0.110316    -0.213478    0.0402935   -0.0192386    0.0614065    0.0499671     0.196465    -0.250337    -0.151025     0.101542     0.036474   -0.0807067    -0.170159    -0.226638     0.162023    0.0134453    0.0201111    -0.124754
    0.137688     -0.44081     0.178307      0.15098    0.0685902      0.41385    -0.309827    -0.106476    0.0507644    0.0617808     0.126584    -0.276604   -0.0342326     0.265226    -0.139891   -0.0219178    -0.256713    0.0973555    -0.133658    -0.143439   -0.0453062     -0.19552     0.201875     0.173674  -0.00641489    -0.145299    0.0914199    -0.127039    -0.187082   -0.0676759     0.190745    0.0695649
   -0.103584    -0.247524    -0.216259     0.144063    -0.136344  -0.00459278    -0.196041    -0.143121   -0.0434352     0.403618    0.0866244    0.0319997     0.163165     0.400235    -0.171251   -0.0650027  -0.00455271   -0.0238885    -0.589102    0.0263509    0.0946287    0.0948005   -0.0104365    0.0948551    0.0324042    0.0704629    0.0294015    -0.243513   -0.0559634      0.32008    -0.488847    0.0740171
    0.111226     -0.24656   -0.0803279   -0.0147172    -0.307334     0.105614     0.330155      0.18236     0.125381     0.145097   -0.0479298    -0.155005     0.353241     0.190483    -0.192913     0.347173   -0.0745064   -0.0366235     0.242196    -0.288833    -0.213139  -0.00395467    0.0655024    0.0969868    0.0696831     0.097975    -0.183437     0.238221    0.0343773   -0.0500113   -0.0249815     0.159376
   -0.148838   -0.0669371     0.428071     0.301992     0.208583     -0.30602     0.428754     0.299537   -0.0618097    -0.323481     0.116579    0.0593903    0.0067958    -0.484714    -0.113446    -0.147105   -0.0704825     0.334713      0.32846     -0.16907      0.33514   -0.0165642     -0.47091    -0.323565    -0.372042     0.149688   -0.0614805     0.325784     0.136743    -0.262964    -0.200593    -0.111303
   -0.311269    -0.204613    0.0286509     0.213624     0.276358   -0.0200376   -0.0866679     0.127912    -0.299077     0.230831     0.266192    -0.195346     0.372631    0.0338812    -0.312227     0.345595    -0.138376   0.00202093     0.214398    0.0745345     0.175302     0.191096    -0.183718     0.118584     0.150275     0.228677     0.137783   -0.0442253    -0.250977    -0.241812    -0.336931     0.151208
  0.00111271    -0.380038     0.330521    -0.285878     0.215712    0.0757592     0.385911    0.0715288   0.00459115   -0.0859152   -0.0722342    0.0813114    0.0973194    0.0595182   -0.0572227     0.270327   -0.0416918    -0.337115   -0.0575997   -0.0363095    0.0160218    -0.152844    -0.165678    -0.188476   -0.0849632   -0.0733544     0.343625    0.0778074    0.0530777    0.0493173    0.0244335    -0.127648
   -0.247495    -0.286248  -0.00928609    -0.165249    -0.131641      0.12526     0.245329     0.116705    -0.177447    -0.244761     0.136456    0.0914715    -0.123157    0.0029762    -0.251737    -0.455927     0.125002   -0.0334975    -0.279029  -0.00857211   -0.0208225    -0.055637    -0.250715    -0.118515  -0.00551774    -0.082596    0.0771347    0.0893514    -0.117216  -0.00301102   -0.0863089   -0.0196152
   -0.254441    -0.203169    -0.285679      0.27205    -0.459369     0.100884     -0.26506     0.393163    -0.342667     -0.25965    -0.204593     0.345858    -0.154131   -0.0423156     0.143938   -0.0618484     0.301947    -0.167484     0.445053     0.256147    -0.216164    -0.390633    -0.597815    -0.553532    -0.129495    -0.200929    -0.139343    0.0161194     0.234479    -0.190258    -0.091625     0.201114
   -0.462349    -0.139752     0.284814     0.226392     0.115023     0.324711     0.113006     0.550365    -0.163356     0.125787    0.0775714    -0.194673    -0.288213    -0.480472    0.0012251   -0.0986246     0.103217     0.107541     0.203603    -0.211963    -0.376139    -0.281299     0.208789     0.101514     0.168047   -0.0308376   -0.0017683   -0.0106815    0.0696104   -0.0821018     0.428089   -0.0476897
    0.328154    -0.287203    0.0381542     0.130408     0.158911    0.0985537    0.0235737    -0.401787     0.219264     0.149286   -0.0759674   -0.0510331     0.184828     0.480181    -0.134464     0.208228    -0.143396     0.557721    0.0965951     0.260094     0.255227    0.0684508    -0.473066    0.0212693    -0.573964    -0.230434    -0.158731    -0.644802    -0.256916    0.0439949    -0.258876     -0.12485
    0.193321    -0.149397   -0.0387911    -0.177115    -0.235981   -0.0219353    -0.377355     0.195335     0.067971     -0.21578   -0.0512833  -0.00466247     0.475199    -0.104747    -0.143844     0.450609    -0.170602    0.0605522    -0.251893     0.299666   -0.0233834     0.162388   -0.0422349   -0.0750537  -0.00198325   0.00325113     0.138605     0.257993     0.187723    -0.288795    -0.211368   -0.0614054
  -0.0165321    -0.334455     0.271986    -0.174695    -0.115172    0.0486471    -0.122222   -0.0771652   -0.0233272     0.176372    -0.353869    -0.411825       0.8366     0.230036    -0.158046     0.694171   -0.0526147    -0.184629   -0.0824606    -0.237558    -0.329657    -0.255256     0.128751    -0.132026     0.043744    0.0932075    -0.144552     0.250733    -0.117495     0.132402    -0.315903    0.0845999
   -0.118484   -0.0989622     0.531464     0.016898    0.0528788      -0.1098    0.0343637     0.203025    -0.183484     0.110674   -0.0248995    -0.084085    0.0676377    -0.329572    0.0657204   -0.0771763    -0.271131   -0.0406749    -0.235227     0.188808   -0.0612401    -0.150559    0.0600855     0.214872     0.282821    0.0335493   -0.0127035    -0.259609     0.213052    0.0257037     -0.17461    0.0232618
   0.0365489     0.187282   -0.0967263     0.233035   -0.0434169     0.113119   -0.0725574     0.274646    0.0618089   -0.0492268     0.238206     0.128791   -0.0639878   -0.0748258      0.33928     0.140886   -0.0726629   -0.0927677     0.178776   -0.0303215   -0.0507277    -0.114495    -0.373944    -0.575006      0.26118    0.0934658     0.433609   -0.0957777    -0.199761    -0.172764    -0.327167    0.0824294
    0.550383     0.206969   0.00727117     0.514052   -0.0804105    -0.114654    -0.213355    -0.102767     0.064273     0.215116     0.396833     0.536037    -0.360168   -0.0724082     0.146563    -0.229303    0.0966453     0.407757    -0.185758    -0.232524    -0.324017    -0.230748    -0.268599   -0.0749947    -0.184454   -0.0482821     -0.21266     -0.16996     0.220641    -0.203033    0.0064967     0.440316
    0.476209    -0.170535    0.0964286    0.0264754    -0.291443   -0.0694397   -0.0097339    -0.153149    0.0524777     0.180797    0.0261499     0.170643     -0.31531     0.131343    -0.195168    -0.271225    -0.120924    0.0449331     0.237513      0.01119   0.00479727    -0.255914    0.0086334    0.0421675    -0.253468    -0.158454     0.122421   -0.0757404    -0.193293    -0.171166    -0.137892     0.143263
   -0.606684    -0.347284     0.446274    -0.132418     0.327459   -0.0492216     0.609507     0.321323       0.4417     0.104236    -0.209034    -0.493043     0.318573     0.101224    -0.309627      0.40164    -0.032514    0.0156983    0.0974999     0.197344    0.0210308    -0.223342    0.0914172    0.0797782      0.42969    0.0562425   -0.0164565     0.467475     0.116559    0.0292349    -0.166116    -0.444805
     0.12205    -0.297921     0.222606    -0.207199   -0.0247933     0.217599     0.320456    -0.235098    -0.133083   0.00187852     0.130312   0.00699001     0.490504  -0.00659794    0.0752959    -0.164387   -0.0660962    0.0588001  -0.00875223    -0.312868     0.173494     0.136971    -0.021039    -0.100844     0.374159      -0.1533     0.151694    0.0471414    -0.517365    0.0664871    -0.117836   -0.0976629
  -0.0283802    -0.268796     0.463735    0.0356792    -0.176238     0.134176      0.27984    -0.124286  -0.00382578     0.214954     0.115906   -0.0347376    -0.119202     0.338814     0.304349    -0.110097    -0.024731     0.331682     -0.14342   -0.0288479     0.193489    -0.107844    -0.212588     0.255332   -0.0944745    0.0053563    0.0784993    -0.317017     0.140189    0.0818878    -0.469579     0.403941
   0.0298049    -0.383299    0.0920278   -0.0247289    -0.110256     0.380434     0.253506     0.126292   -0.0326371     0.249853     0.205779    0.0696386     -0.11382     0.298397    -0.119541    0.0620115     0.100209     0.141324    -0.305084     0.188473   0.00425867   -0.0590646    -0.192231    -0.197209     0.139073    -0.150537    -0.228149    -0.176714     0.293589     -0.16495    -0.250201    -0.152588
    0.201348    -0.453884     0.169827     0.192632    -0.244341     0.361844    0.0581941    -0.173313     0.224384    -0.235115    -0.330062     0.217534     0.303416     0.423873    0.0298905    -0.452597     0.100737    -0.233311    0.0204561     0.200176    0.0410448     0.067956     0.391466   -0.0283987     0.278937         0.46     0.139889    0.0609045      -0.4615    -0.163334   -0.0315217   -0.0214419
    0.011901    -0.239493    0.0612704    -0.452615    0.0775719     0.258486     0.220577    -0.107696    -0.558797   0.00699951   -0.0645444    0.0199253   -0.0408217   -0.0868624    -0.100622     0.292039    -0.217248     0.211516    -0.261847    -0.142437  -0.00815016   0.00740405     0.010066     0.172337    0.0825587   -0.0355945     0.173437     0.289634    0.0186343   -0.0940302    -0.464241   0.00310829
   0.0643691    -0.207413    -0.345261    -0.262804     0.153411    -0.170519    0.0103166    -0.395593   -0.0108244     0.120565    0.0195279     0.211807    -0.163058    -0.272447   -0.0336533     0.577307      0.34578  -0.00119402     0.160501    -0.122924   -0.0479483   -0.0336814    -0.130903    0.0816749    -0.178496   -0.0554816    0.0814434     0.363448    -0.252399    -0.157929    -0.188476    -0.126768
   -0.375969   -0.0406561     0.139426     0.107306   -0.0708216      0.22364     0.315085     0.271376   -0.0315551     -0.18621      0.20867    -0.226878     0.180787    -0.154939   -0.0881785    -0.273166    -0.210254     0.141244      0.29221     0.130469     0.173645   0.00792148    -0.607079     0.216825    -0.298999    0.0567585     0.231983    0.0357454    0.0865434   -0.0982602     -0.43011     0.222155
  -0.0124686       -0.164     0.166675     0.296852    -0.103122    -0.271223    -0.312347     0.227224    -0.181914     0.160793     0.174415    -0.357029     0.134524     0.139822     0.014626    0.0727967    -0.200575     0.099209      0.41193     0.173981    -0.333273     0.260869    0.0514077     0.111488    -0.123899     0.154529    0.0515115     0.198117    -0.213638     0.129023     0.159652   -0.0436775
    0.219337     0.143466    -0.165512     0.186777     0.244822    -0.384342     0.193272    -0.370015      0.21424     0.366947    0.0379303    -0.126769      0.30587     0.364295    -0.199769     0.368805   -0.0519573      0.42481    0.0136235   -0.0100873    0.0743254    -0.350409    -0.295843    -0.131728    -0.118361   -0.0843596     0.103994    -0.285392    -0.152468 -0.000175243     0.119737     0.204091
  -0.0432465     -0.27473   -0.0461169    -0.256419    0.0523246   -0.0634426       0.3532     -0.23125    -0.149121   -0.0629093    -0.135339     0.173382     -0.20382   -0.0309644    -0.204304    -0.130313    0.0189746    0.0131999    -0.227359    0.0343384  -0.00789813     0.122031     0.285633     0.023803   -0.0198788    -0.340226   -0.0492887   -0.0818108    0.0676451     0.435947    -0.334562   -0.0548503
    0.155464    -0.338823     0.438322     0.132121    0.0532875     0.116043     0.158204    -0.400692   -0.0417926    0.0143043   -0.0713079    -0.314942     0.160016    -0.027779    -0.397232     0.367869    -0.199423     0.543259    -0.124867    0.0562643     0.510355    -0.148251   -0.0541044  -0.00294637    -0.357486   -0.0899971   -0.0202324    -0.196513     0.159262     0.313337    -0.238655     -0.14817
  -0.0887953     0.139616  -0.00743508    0.0162417    0.0309319    0.0401562    -0.250313     0.267516    -0.319504   0.00746531     0.142685    -0.307321    -0.353783    -0.242802    -0.101722   -0.0778046     0.179029    0.0132346     0.207078     0.207592   -0.0831447    -0.143464     0.626591   -0.0490008     0.171283    -0.246903    -0.202518   -0.0605104    -0.103913     0.156981     0.227954     0.226737
  -0.0794239    -0.106523   0.00753627   -0.0341948     0.181159   -0.0945921      0.21785     0.122394     0.101125   -0.0585964     0.271262     0.511034    -0.318163    -0.269683    0.0516948     0.122301     0.169549     0.105296    -0.274838    -0.151496    0.0348438     0.325538     0.019513     0.179273   -0.0257307    -0.117091    0.0236839    -0.137317    0.0625515     0.224521   -0.0243793     -0.23646
   0.0455306    -0.181446     0.165168    0.0186111    -0.155555     0.103286     0.325986    -0.200724    0.0108254     0.144314   -0.0481828   -0.0035244     0.289547     0.129678   -0.0441406     0.109834    -0.317134     0.158686    -0.218286     0.148196   0.00828886      0.19141   -0.0471754   -0.0439902     0.056486    -0.133445     0.359606   -0.0248414    -0.228202     0.110393    -0.123216    -0.184765
  -0.0430003     -0.17577    0.0471243    -0.195183    -0.413604  -0.00660218   -0.0726976    0.0846973    0.0263104      0.35452     0.260313   -0.0203736    0.0956591    -0.128267    -0.139444    -0.235832  -0.00536369   -0.0302409   -0.0653262    -0.203675    -0.119828     0.226902   -0.0453638   -0.0605876     0.126028   -0.0235012     0.109399    0.0629362    -0.289828    -0.302988    0.0445185    -0.605961
   -0.138047      -0.1762    -0.126461   0.00592119    -0.192526    0.0580492    -0.043718     0.262309    -0.134284    0.0797265    -0.054548     0.531664    -0.283389    -0.277223    0.0391776    -0.139669    -0.111151      0.16868    -0.200054    -0.445712    -0.431218    -0.352397     0.151403   -0.0690489 -0.000265469    -0.133163    -0.216805    -0.540555     0.485456     0.026794    -0.126794     0.366705
    0.326479    0.0574257   -0.0879858   -0.0349092    -0.436038    -0.224429   -0.0065858   -0.0841839   -0.0497337     0.465619    0.0456725   -0.0180162     0.205119     0.137699    -0.160832    -0.141231    -0.314794     0.123978    0.0265376   -0.0849514    -0.305345   -0.0623263    -0.222083    -0.133134     0.264682  -0.00102954     0.484747    -0.180546    0.0562727   -0.0489596    -0.482475    -0.247189
   -0.171639   -0.0441053     0.247939    0.0370807    0.0688458   -0.0265044     0.509905     0.187058     0.363441     0.296179    -0.309268    -0.436462     0.275763    -0.155357    -0.400516    -0.112648    -0.231761     0.178406    -0.204191    -0.113821     0.478167    -0.245399    -0.278491    -0.182602    -0.163912    -0.079354     0.161259    -0.147533     0.174282    0.0450671    -0.415697    0.0843528
    -0.13643    -0.332758     0.253651   -0.0653365   -0.0499919   -0.0590128    0.0149085   -0.0892862     0.147508    0.0412306     0.208236     0.104023     0.380837     0.295521    -0.219477     0.201927   -0.0416963     0.147632     0.443243     0.183511    -0.147049    0.0354462    -0.443179     0.119972    -0.151818     0.150801   -0.0827594     0.269616     0.140524    0.0054535    -0.323306   0.00291746
    0.436023     0.468977    -0.205266    0.0610803     0.298206    0.0544161   -0.0814021    -0.405897      0.17647     0.316012    -0.202653    -0.225134    -0.144185   -0.0126146     0.267771     0.169443     0.229638     0.146537    0.0829704    -0.276729   -0.0661533    -0.346868    -0.687357     0.432381    -0.185543    -0.151726     0.155997     0.116584     0.186745   -0.0359998    -0.291975     0.283738
    0.411922   -0.0801069    -0.433044  -0.00594439    -0.203112     0.199857   -0.0451484    -0.461149     0.275753     0.255137     0.216304     0.163843    -0.260211     0.198248    -0.154525    -0.330892 -0.000234713    -0.093504    -0.028712    -0.256732    -0.127183    -0.118843    -0.113173    -0.313883    -0.376062     0.241581    -0.482066     0.290354   -0.0535947    -0.189732    0.0942641     0.101006
    0.239681     0.386419    0.0738963   -0.0905381     0.261953   -0.0430937     0.419679    -0.266626   -0.0506686    0.0893829    0.0837378    -0.223657     0.470496   -0.0955042   -0.0943845     0.148883   0.00976435   0.00933923    0.0743138     0.316577     0.299352    -0.435217    -0.328789     0.183932       0.2894    -0.138061     0.314818     0.247679    -0.206956     0.339898    -0.191168    -0.146198
    0.158682    -0.300178    0.0691878    -0.507507      0.12583    0.0383789     0.314572   -0.0180909    0.0298314    -0.180937     0.116781    -0.141221     0.132583    -0.414307    0.0207866     0.381235   -0.0873673     0.187224    -0.296971    0.0966402     0.249115    0.0344062    -0.239298    -0.124206    -0.200349      0.16024     0.139833    -0.267139     0.162111    0.0859802     -0.51191    -0.219592
   -0.192286    -0.161121      0.30439    -0.393356    -0.230586    -0.092233   -0.0726668    -0.162312    -0.267777     0.177773   -0.0285591    -0.356165    -0.357104    -0.197522     0.234051   -0.0520803   -0.0499347     0.204506   -0.0971008    0.0491464    -0.351725   -0.0651812     0.473471     0.180797     0.222721   -0.0208791  0.000890921    0.0888073    0.0116258     0.142418    -0.121409    0.0580013
    0.290508   0.00695843    -0.123162    -0.206513   -0.0527666   -0.0700226    0.0159848    -0.418818     0.121985     0.376392    -0.354335   -0.0541049    0.0120518     -0.31479    -0.024866     0.395489   -0.0280936    -0.145821    -0.113708     0.212316    -0.291734    -0.499451     0.552715    0.0326828    -0.162096    -0.011262    -0.464707    0.0224946    -0.181238  -0.00991865     0.143996     0.173561
   -0.181684    -0.237663    0.0990936    -0.190621    -0.410163    -0.204481    -0.279654     0.207843     -0.25558    -0.226933   -0.0258262    -0.272476   -0.0334259  -0.00360217   -0.0198046     0.341878   -0.0249373    -0.343545      0.20172    0.0426811    -0.247439   -0.0814087     0.265877    -0.252592     0.100434     0.160127     0.146656     0.202942     0.187909    0.0653694    -0.180908    0.0537906
    0.040832   -0.0893035     0.186855     0.119253      -0.1124     0.127885     0.315575   -0.0963587     0.181031     0.471136     0.281984     -0.02877     0.104972     0.279418    -0.257513    0.0741514   -0.0315299     0.352681     0.392453    -0.175043    -0.297173     0.179262    -0.143966    0.0411305    -0.451731     0.315574     -0.16553   -0.0197573     -0.16274     0.315114    0.0502687    -0.148553
    0.262804     0.143514     0.281475     0.375205     0.259267    -0.012287    -0.269244     -0.16692    -0.232858  -0.00927515  -0.00797969     0.110463   -0.0578993     -0.32202  -0.00567044     0.169053     0.232185    -0.404754     0.123077     0.104244   -0.0129392   -0.0483063     0.119138    -0.261415    -0.194076   -0.0551241    -0.215236    -0.360143     0.172496  -0.00251515     0.141218  -0.00490354
   -0.161786     0.178972   -0.0542521     0.299117   -0.0488449     0.341321    0.0197268     0.382291     -0.15144     0.139411    -0.268189   -0.0371771    -0.289369     0.116455     0.111825    -0.253296     -0.10695    -0.255529     0.129657     0.114483    -0.283954     0.213317     0.761743  -0.00639346     0.377594     0.105056     -0.19184    0.0258647     0.176043    0.0337316     0.248043 -0.000323789
    0.222965     -0.22305     0.103392   -0.0347562    -0.107504    0.0428986  -0.00260221     0.150728    -0.305424    0.0733487     0.090047   -0.0468023     0.116326     0.234026     0.108553    0.0531796    -0.336285     0.182587    0.0421428     0.155928   0.00568311    0.0556489    -0.133167   -0.0447237    -0.211876   -0.0136358     0.386111     0.123266    0.0229342    0.0391785    -0.109728     0.253632
  -0.0118376    -0.499588   -0.0553579    -0.072374   0.00611489     0.212299      0.29947    -0.177641    -0.175902      0.17352     0.092894     0.144074      0.20815    -0.213788    -0.257411   -0.0797576    0.0322867     0.382201     0.148785     0.223988    -0.162079    -0.121403    -0.429816    -0.201345    -0.459529    -0.342922   -0.0779473   0.00558477     0.281722    -0.396808    0.0305305     -0.17977
    0.195734    -0.214399    0.0596834    0.0526683    -0.383629    0.0554058     -0.33309    -0.325656     0.182251    0.0616661  -0.00737123    -0.435528     0.545359    0.0206483    -0.159965     0.445472    -0.446558    -0.211914     0.106392     0.262753   -0.0484399   -0.0829502    0.0622841   -0.0687002   -0.0698881     0.175654     0.359286      0.36398    -0.251814    -0.243856    -0.234988     0.192754
  -0.0700707    -0.126574    0.0861043    -0.171185    0.0527378    -0.108882     0.326511    -0.140706    -0.125046    -0.202037     0.177844    -0.083217    0.0538397    -0.364241    -0.536687    0.0675253     0.284481     0.263653  0.000567639   -0.0385016     0.177494   -0.0233223      0.23658    -0.130993    -0.102381    -0.197458   -0.0897733    0.0605635    0.0092871    0.0255914    -0.357388    0.0324645
    0.448253     0.270398    0.0743923   -0.0414313   -0.0275017   -0.0343518    -0.251913    -0.166618     0.222252     0.243378    -0.024968   -0.0277892     0.312164     0.262932   -0.0161955    -0.225043    -0.323349     0.181321    -0.593191     -0.17577     0.193696     -0.54555     -0.20225     0.434935    -0.232098    -0.135171     0.141227    0.0471388   -0.0785499     0.239447    -0.425729     0.516267
    0.216211     0.306343    0.0901159    -0.261796     0.351886    -0.160644     0.168187    -0.975651     0.183685     0.451097   -0.0386588     0.259663     0.404711   -0.0502014    -0.353345     0.260094     0.399727     0.191821    -0.149969     0.277522   -0.0706334    -0.593467    -0.340541     0.537191     -0.25307   -0.0534089   0.00984587    -0.215683  -0.00275301  -0.00169498    -0.280154    0.0967571
    0.258162     0.157124    -0.217804    0.0635667    -0.226886      0.29831     -0.27432    -0.326218    0.0359492    0.0293926     0.158161   -0.0885421   -0.0248538     0.217059     0.217653     0.174248    -0.181764   -0.0182713     0.276606   -0.0391802   -0.0606697     -0.14794    -0.242352    -0.108272    0.0120262     0.076074   -0.0615997     0.180321   -0.0377606    -0.179258    -0.215294   -0.0210317
    0.258713      0.08297    -0.276182    0.0693667    -0.312311      0.10841    -0.320987    0.0102948  -0.00338488    -0.192754     0.153606     0.206355    -0.185417     0.133416     0.106029    0.0484865   -0.0307183    -0.218522     0.279886    0.0251379    -0.156338    -0.597579    -0.333348   -0.0217876    -0.186403    0.0412732    0.0632422   -0.0258858     0.248069    -0.505236    -0.445536     0.605712
    0.130205   -0.0433472    -0.473989    -0.237421     0.079088   -0.0812665    0.0330797    0.0148667     0.313982     0.192507    -0.243027      0.18518     0.328252     -0.23888    -0.207352    -0.130229    -0.486517    0.0198807    -0.131451    -0.109903     0.181086     0.194959    -0.210943      0.25815    -0.103255     0.205057    -0.188242     0.244765    0.0810981     -0.29742     -0.16935    -0.115057
    0.245249    -0.189822    0.0913549     0.240469    -0.221855    -0.272048    0.0618101    -0.261033     0.392783    0.0541333    -0.382169    -0.196589     0.101326   -0.0147526     0.242313     0.267588     0.069982   -0.0517042  -0.00836093     0.117073    -0.146623    0.0264133     -0.16876     0.280237    -0.126859    0.0323129    -0.312764     0.106509   -0.0328969     -0.19932    0.0849833     0.331754
   -0.430275   -0.0210299     0.279581   -0.0878953     0.387079   -0.0745303     0.554485   -0.0399543   -0.0710601     0.229965    -0.218122     0.129163     0.103997     0.146736    -0.267787       0.1558    0.0411725     0.197682    -0.101412     0.230122     0.229869    -0.191374    -0.358161    -0.113423   -0.0510414   -0.0112126     0.162845    0.0522727     0.011745     0.274358    -0.278557    -0.289048
   -0.130412    -0.339063    -0.018708    -0.100309     0.147633     0.262868     0.230857     0.079814     0.120697     0.280109     0.238023     0.558218   -0.0220878    -0.149974    -0.114816    -0.169979     0.258253    0.0764942   -0.0222489    -0.070427     0.315156    -0.029765    -0.492684   -0.0604805    -0.242986    -0.248878    -0.128243     0.226411   -0.0965696    -0.703852    -0.391159     0.205771
   0.0613682     0.147269    -0.337879   -0.0137215    0.0453202      0.14289    0.0598828    -0.356892     0.353668     0.239432      0.23831    -0.509748     0.262244    0.0814008     0.214325   0.00251151    -0.265106    -0.200814     0.408269    -0.314709    -0.151609     0.295335    -0.214297     0.404862    -0.186477    -0.072601     0.108843     0.207909    -0.177918     0.196845     0.546043   -0.0354547
    0.537409    -0.131245     0.150429   -0.0702897     0.117268    -0.185183     0.203542    -0.389077    0.0480028    0.0122682    -0.293256    0.0858345     0.208989     0.073191     0.216843     0.186236    -0.184238     0.129209    -0.134738     0.225672     0.150168    -0.365926  -0.00251627     0.328778    -0.226876     0.266254   -0.0605905     0.429859    -0.351921   -0.0790494    -0.115758    0.0935964
  0.00950185    -0.340568      0.43279    0.0651977    -0.425059     0.134824    -0.103091     0.421621   0.00121841     -0.11127   -0.0998512    -0.143758      0.53399    -0.244565    -0.135186   -0.0511949     -0.12651   -0.0801039     0.126293     0.213826    0.0289946     0.234824     0.178519    -0.319149  -0.00439645     0.166433     0.300281     -0.22203    -0.117619    -0.056092   -0.0195871     0.208684
   -0.128176    0.0793867     -0.45283    0.0822742    -0.217774     0.146825    -0.125019     0.112003    0.0388341     0.110258     0.175971     0.220293    0.0623817 -0.000759868   -0.0629077   -0.0619435    -0.124266     0.144073    0.0467147    0.0157551    -0.024417   -0.0504058    -0.213235    -0.198245     0.120909     0.102379    0.0677939      0.25306     0.120784    -0.202869     -0.13405    -0.129166
   -0.213787    -0.174991      0.10116    -0.223539     0.222846    -0.077721     0.331014     0.256737   -0.0173936     -0.14286     0.170631   -0.0590511     0.493884    -0.166369    0.0392508     -0.40681   -0.0538202     0.291206   -0.0522116     0.513263     0.306315    -0.406405     -0.29491     0.356998    -0.273253    0.0757742     0.486395   -0.0465667     0.172573    0.0377444    -0.437903    -0.413126
  -0.0794521    -0.414335    -0.295727    -0.278928    -0.174463   -0.0660414     0.285184    -0.109215     0.600402     0.186409     0.177003    -0.497366     0.289389     0.341218     -0.39805     0.223809    -0.240757      0.42912    -0.107615    -0.124945     0.275246       0.1868    -0.561417     0.188331    -0.202249       0.0627   -0.0817698    0.0377964    -0.394937   -0.0417575    -0.195852    0.0510665
    0.263017     0.473081     0.478578    -0.586815   0.00690425    -0.339337      0.61337    -0.500805     0.449957     0.455824    -0.205612   -0.0493782     0.401388    -0.184715    -0.618838     0.214941    -0.234738   -0.0371438     -0.27724     0.294633     0.182325    -0.286106     0.253656     0.631725     0.243469    -0.126632   -0.0994044     0.292797     0.181929    -0.156845    -0.381114    -0.255959
    0.261649    0.0659976     0.414474    -0.148232    -0.099791    -0.200573     0.339642    0.0177192     0.530803     0.533772     0.180765    -0.116224     0.284537     0.728477    -0.023189  -0.00331246    -0.349703     0.906401    -0.216969   -0.0357766     0.212577    -0.436584     -0.59179   0.00440618    -0.899713    -0.109611    -0.163187    -0.101386     0.203177    -0.167953    -0.148728    -0.389277
  -0.0559849     0.134012    -0.384805     0.201681     0.231957   -0.0440001    -0.315122    0.0330488    -0.127029     0.408448    0.0959481     0.287975   -0.0836371     0.245943    0.0668283     0.122592    0.0614763   -0.0524949     0.101998     0.164185     0.164326      -0.3055    -0.254748    0.0931853    -0.326145    -0.146731    -0.104712    0.0842112     0.215597    -0.128606    -0.244997     0.116754
   0.0403952    -0.428161    -0.149808   0.00826718     -0.52371   0.00622237   -0.0406956    -0.610813     -0.22058      0.23046     0.420843    -0.219303    -0.097673     0.168618   -0.0263346   -0.0437096     0.218655     0.598888    -0.121594    -0.206714    -0.365803     0.171732    -0.292324   -0.0668321     0.176619    0.0865487   -0.0487231    -0.120086    -0.104777     0.397481    -0.398097    -0.297375
   0.0276405     0.291869   -0.0216346    -0.177791    0.0892243     0.234733   -0.0612856   -0.0494111    0.0943512      0.33557   -0.0488295     -0.11288    0.0951647    -0.222643    -0.208493    0.0298028    -0.209062     0.303365     0.193919    0.0467892     0.143913     0.282936     -0.22302   -0.0808929    -0.114297    -0.123512    -0.172361     0.208716     0.363578    0.0536787    -0.222165    -0.151043
    0.390501    0.0281173    -0.427156    -0.147682     0.130919   -0.0854431   -0.0205865    -0.501017     0.063783   -0.0607269   -0.0685227    0.0228962      0.30313     0.251011     0.110791     0.337787    0.0590231     0.187616    0.0596478    0.0583304     -0.23237    -0.453692     -0.26543     0.324776    -0.368869    -0.198416    -0.335278     0.237084    -0.312933    -0.040319    -0.168272     0.193792
    0.303082    0.0474839    0.0867094  -0.00964679    -0.176715    0.0998317   -0.0735522    -0.223276    -0.173726    -0.123042    0.0403705     0.165628     0.137124     0.159754     0.100916    -0.249097    -0.283546     0.112762   -0.0742933    0.0235082   -0.0462069     0.058509   0.00215339    -0.051962    0.0097921    -0.184716     0.316711   -0.0651647     0.138938  -0.00743535    -0.431567   -0.0489056
   -0.181597    -0.248422    0.0675347    0.0762545    0.0861525     0.178567   -0.0657971   -0.0502104    0.0367244     0.126909     0.145406    0.0937085   0.00389848    0.0508318      0.13581   -0.0981727   -0.0597624     0.128369    0.0142949    -0.125026    -0.168595    0.0187929    -0.293741     0.325944    -0.174285    -0.222407   0.00724316    0.0867135   -0.0766726    -0.151702   -0.0341491   0.00477658
   -0.675006     -0.15014    -0.137829    -0.347983     0.057627   -0.0679341    -0.116185     -0.25294    -0.183103    -0.154079   -0.0778741    -0.680439     0.208036   -0.0983873     -0.25296     0.284976     0.209153    -0.121344     0.327658    -0.119842    -0.298729    0.0149832    -0.112391        0.364     0.289098    -0.162737    0.0533942    -0.405832    0.0783621     0.256288     0.158211    -0.187743
    0.130217    -0.212901   -0.0148902    -0.082836    -0.110218    0.0291216     0.270241    -0.134257  -0.00786006     0.452442   -0.0348442    0.0306907     0.280112      0.15388     0.132806   -0.0400193    -0.394536   -0.0463428     0.225301    0.0496346     0.124439    -0.058889    -0.423247    0.0224134     -0.22467    0.0137018     0.103485    0.0449369    -0.406839 -0.000860056     -0.14137   -0.0213142
   -0.162494    -0.571608     0.218719     0.132833     0.176793   -0.0359402     0.665247     0.160384     0.143712   -0.0739956    -0.122124     0.238577   -0.0755698     0.130256    -0.376037    0.0330688    0.0494274     0.293934      0.24185    -0.317476   -0.0351195    -0.442637     0.125951    -0.104388      0.15843    -0.257552   -0.0729227     0.219986      0.23591     0.164435     0.228135    -0.249275
   -0.468563    -0.140736     0.190954     0.209604     0.198004     0.123572     0.319253     0.181611     0.258343     0.121889    0.0650143     0.293393    -0.189309     0.111129     0.155319    -0.224403    -0.081877    -0.264801   -0.0579064   -0.0273605     0.183878   -0.0616661   -0.0630811   -0.0501489     0.128112    -0.282936  -0.00313787    -0.189328     0.144815     -0.17675    -0.039396    0.0479467
   -0.292144    -0.380289    -0.141009    0.0318392    -0.234182    -0.213389     0.266821    -0.170627     0.193736     0.051855     0.252756     0.485558    -0.103628    0.0449855    -0.228273    -0.300945     0.152346     0.231202    -0.173039    -0.101555     0.281257     0.299692    -0.704714    0.0927431    -0.255182    -0.124422     0.140346    -0.261338     0.152058    -0.465942    -0.317779    -0.146415
   -0.255612    0.0159805    -0.309529    -0.196893    -0.233823   -0.0012273    -0.299561     0.117083   -0.0723552      0.10094     0.190484     0.073608    -0.114737     0.416644     0.245692    -0.118669    -0.217574   -0.0459159      0.21688    0.0998932    -0.248966    -0.233015    -0.568285     0.298954    -0.431018   -0.0844461     0.295882    0.0202917    0.0328211    -0.288974    -0.305404     0.290758
    0.316175    -0.257426    -0.156355    -0.502685     0.113762     0.427949    -0.232053     0.217938    0.0730417    0.0748317    0.0899713     0.345305    -0.211291    0.0901994     0.296888     0.446089     0.124055    -0.134961    -0.220753    -0.539314    0.0662806    -0.468935    -0.349503   -0.0888501    -0.478018     -0.29071     0.109187    0.0566622     0.277909    0.0563877    0.0244333     0.446776
    0.107669    0.0029026    -0.202673  -0.00626863    -0.217832     0.268512   -0.0302532     0.151918    -0.258549   -0.0132849    -0.126168   -0.0110448      0.22181   0.00054265    -0.379427   0.00261895     0.218874    -0.213944     -0.20637    -0.279074    -0.178102    0.0905292    -0.184656     -0.37065     -0.22285     0.351975   -0.0954038     0.452482     0.215573    -0.430618    -0.241179     0.135831
  -0.0516696    0.0675637     -0.25164   -0.0201142    0.0277107     0.390502    -0.379675     0.192754   -0.0796346    0.0146404     0.209607    -0.230016     0.336613    -0.202817    0.0488148   -0.0559094    0.0113729     0.154025   -0.0565044    -0.235578     0.153236    0.0728191     0.217533    0.0724518     0.236446     0.245136     0.196626     0.217303      0.21996    -0.153903    0.0862397      0.11943
    0.134633     0.215926     0.214867   -0.0723812     0.141883     0.218934     0.101175   -0.0626535    0.0674123     0.253405     0.186512    -0.258457      0.18097    -0.310276    -0.321259    -0.232183   -0.0808088     0.245434    -0.223161     0.174965     0.248043   -0.0358056    0.0743859   -0.0211995     0.011192     0.242885    0.0261999    0.0509517   -0.0654413    -0.185493    -0.361208     0.218236
