 -0.0520018
  -0.137657
 0.00383764
  -0.150164
  0.0772441
  -0.167596
   0.191448
   0.269689
 -0.0572128
  0.0172011
   0.097594
   0.207856
  0.0993208
    0.10437
  -0.258228
  -0.205675
 -0.0336489
   0.191076
   0.148014
   0.166796
 -0.0206319
   0.132052
   0.120071
 -0.0324775
 -0.0387637
 -0.0639942
  -0.181908
 -0.0893029
  -0.111884
 -0.0576909
   0.220543
  0.0686097
  0.0207714
 -0.0546152
  -0.131803
   0.138354
 -0.0046749
 -0.0702182
  -0.181204
  0.0305393
  0.0568319
0.000344334
  -0.112117
  -0.171259
   0.181023
   0.292992
 -0.0319569
   0.221185
  -0.205962
  0.0631192
   0.252127
  -0.226126
  -0.138798
 -0.0486022
 -0.0665558
 -0.0614197
  -0.141467
 -0.0598377
 -0.0344427
  -0.113912
 -0.0545615
 -0.0429611
  -0.164628
  -0.103024
  -0.155691
 -0.0167971
  0.0323795
 -0.0980233
   0.127365
 -0.0977396
 -0.0660449
  0.0152796
 -0.0295852
   0.153043
  -0.137722
 -0.0346459
   0.129566
 -0.0512041
 -0.0837498
  0.0441091
  -0.110553
  -0.116059
    0.11365
 -0.0628717
  0.0749825
 -0.0128115
    0.28557
  0.0365785
  0.0539365
  0.0404555
   0.167983
-0.00559784
   0.139338
   0.265455
  -0.385849
   0.231083
   0.132834
   0.182033
 -0.0683263
  0.0760442
  -0.198817
 -0.0259743
   0.256587
 -0.0732366
  -0.319836
   0.065793
   0.184739
  -0.221667
   0.162765
0.000114952
  0.0106525
  0.0561087
  -0.117902
   0.166198
   0.272631
  0.0397672
   0.111022
  -0.119478
 -0.0870856
   0.218025
  0.0629941
  0.0640431
 -0.0568109
 -0.0301005
   0.138926
  0.0953535
   0.129725
   0.128426
