  -0.201549     1.09717   -0.286984   -0.111317    0.386785     0.47319    -0.12866   -0.276664   -0.454692    0.709599    0.276569  -0.0796011    0.585851   -0.318009  -0.0729617    -1.30527   -0.853559     0.34252    0.824972   -0.396772     0.41198    0.462921   -0.363185  0.00151416   -0.743124   -0.916908    0.222502    0.836542    0.455285    0.812104  -0.0515942   -0.404083
 -0.0922112  -0.0748331    0.535008   -0.401898   0.0560487    0.486802    0.294523    0.330434   -0.110556   -0.166893   -0.725718    0.155486   -0.513251   -0.765319   0.0196371    -1.09807    0.406757    0.757764    0.146136   -0.175243    0.176245   -0.121157    -0.69834    0.881058  -0.0909323   -0.910922   -0.720059   -0.755845    0.401234    0.379596   0.0755084   -0.692369
  -0.848844   -0.459172   -0.124974   0.0726439   -0.724879   -0.287628  -0.0367343   -0.775365   -0.195327  -0.0839423    0.564767   -0.867076    0.775234   -0.257066    0.684975   -0.742251    -1.39582    -1.10907    -1.12645    0.352383    0.430551    0.568652   -0.558431  -0.0635335   -0.358074   -0.814773   0.0890565   -0.738564   0.0342023    0.362355    0.791991    0.363929
  -0.448842   -0.174908    0.115277      0.4567    0.514991    0.344461    0.750629    -0.59606   -0.042944   -0.495232   -0.167217    0.636026  -0.0107823    0.172789  -0.0855383   -0.276546     1.09615      0.9504    0.351568    0.772252   0.0632595   -0.585805    0.840466   -0.326245    0.361925    0.855953  -0.0648186    0.359644    0.362322    -1.35466   -0.894258  -0.0726364
   0.235501    0.711851  -0.0848151   -0.697657   0.0310653   -0.750435  -0.0459254    0.537335    0.453397    0.274276   -0.686853   -0.390025    -0.72613    0.543864    -0.52682    0.423975   -0.433927   -0.305749   0.0508493    0.148619  -0.0670879    0.231616  -0.0828964    0.434408  -0.0621729   -0.248518     0.63974   -0.193158   -0.154615   0.0723217   0.0841899      0.2935
  -0.176099    0.078763    0.311694   -0.211261   -0.208978    0.154258    0.532993   0.0392801   -0.252456    0.403789   -0.161776    0.295429   -0.206753    0.558894    0.553046   -0.300248    0.449869  -0.0970585    0.183011  -0.0413899    0.278715     1.17632   -0.273821    0.237047    0.236713    0.313732    0.332008   0.0418483    0.343549   -0.593218    0.314451    0.784456
  -0.381962    -1.15855    0.559259    0.556461   -0.796047    0.570734   -0.850252   -0.237805    -0.70516   0.0629064    0.794292    0.667838   -0.248947   -0.524546   -0.532606     0.30704    0.624144     1.03824     0.51826    0.199999   -0.135033   -0.410839    -0.18629    0.345183    0.658906  0.00152305    0.177811  -0.0997521    0.599468   -0.755764   -0.911665   -0.301263
  0.0724648    0.253405   0.0524946    0.380202   -0.946549   -0.730211  -0.0350447   -0.288733   -0.415936    0.879893    0.872056   -0.481027    0.685509     1.24207  -0.0812775     1.38672    -0.43457    -1.01428    0.437073    -1.05145  -0.0028299     1.36718   0.0740751   -0.295727 -0.00305828    0.874164    0.175865   0.0225181   -0.372527    0.307883    0.596554    0.279025
   0.575194   -0.172014    0.603725  -0.0453344    0.136226       0.316   -0.733493    -1.33437   -0.178066   -0.419927    0.522422    0.150039    0.193665   -0.855145     1.08322    0.131809   -0.180256    0.120801    0.755046     0.51973   -0.220656    0.180556    0.256145    -1.05795      0.5236    0.614083   -0.718898     1.16262   -0.850928   -0.237708   -0.793397   -0.465354
  -0.366949     1.12796   -0.603237   -0.442289   -0.702267   -0.315519   -0.693076 -0.00930695   -0.584093    0.255052    0.459854    -0.23437    0.105993    0.630856   -0.197532   -0.774646   -0.728806   -0.286355    0.380447    0.120159    0.839494      1.4303   0.0180625   -0.116346   0.0273727   -0.166901  -0.0749441    0.191064    0.109438    0.171426   0.0232129     0.17223
   0.754025    0.653122   -0.562769   0.0987123    -0.59829   -0.669681   -0.296804   -0.266065    0.186903    0.751388  -0.0405606   -0.733379   -0.195487     1.72724   -0.162871      1.5504   0.0601417   -0.582337   -0.159322   -0.272536    -0.28914    0.600695   -0.449782   -0.341683   0.0203685    0.966023    -1.04835    0.753095  -0.0583341   0.0382705    0.621869    0.688361
  -0.999671     1.12164   0.0286754   -0.138222    0.471035   0.0312924    0.851731   -0.671083   0.0483493    0.117026    -1.01515   -0.476985   -0.152578   0.0159346    -0.28156   -0.222341   -0.078186   -0.364339   -0.476411   -0.199014   -0.153803   -0.342249   -0.305106    0.439522   -0.488351   -0.653057  -0.0677596    0.677528    0.381028    0.218741   -0.216203    0.268278
  -0.317264    0.114321   -0.176022   -0.327657    0.258992   0.0322905   -0.204768   -0.153175     0.44129    0.893361    0.393182    0.519656    -0.76662   -0.392359    0.175207    -0.72864   -0.339884    0.340284    0.596092   -0.188812    0.432725    0.539519    0.438539 -0.00136359   -0.583618   -0.223919  -0.0505785    0.390293    0.376683    0.293138   -0.314372   -0.111258
  0.0929707   -0.255281   0.0140304    0.211358   -0.216758    0.174363   0.0668108   -0.751388   -0.184223   -0.430753    0.144548   0.0253598   -0.353987     -0.1653    0.438974    0.273674    0.742124    0.550933    0.335288      1.0599   -0.517353   0.0778286   0.0457224    0.194455    0.344549   -0.260205    0.212822   -0.412126   -0.151779   -0.384671    0.408748    0.181833
    0.23893    0.059251    0.209375    0.914667    0.480409    0.866719   -0.220543   -0.433682    0.457121   -0.902641   -0.484701    0.270611    0.280533   -0.257367    -1.06068     -0.3615   -0.352541    0.804317    0.170948    0.399627   0.0157814    -1.37792   -0.459738    0.317512    0.409585    0.161688    0.315403    0.425551     1.00144   -0.547629   -0.838231    0.570375
  -0.546855    0.447798   -0.300747   -0.344983    0.562772    -0.99888    0.445584     1.00205    0.451004    0.584317    -1.04815 -0.00390794   -0.343436    0.276742   -0.838922   0.0539982    0.310855 -0.00817096   -0.428919  -0.0289746    0.057527  -0.0945066    0.454779    0.904024   -0.489237   -0.354587    0.616884   -0.551743   -0.094955   -0.736512    0.570846    0.669355
   0.242167   0.0663592   -0.885948   -0.253286   -0.366245   -0.199166   -0.508345    0.988553   -0.632824    0.376156    0.421813    0.402573    0.634589 -0.00418304   -0.216756   -0.479075    -1.59862   -0.644133   -0.458433   -0.273831     1.09539    0.336254   -0.917898     -0.2131    -1.11883    -1.39644  -0.0549131 -0.00825773   0.0832591     1.11848    0.755282   -0.264926
   0.281978     1.03482    -0.50148   -0.048544    0.190747   -0.169894   -0.231413    0.126162   0.0624367    0.102231   -0.198864   -0.384006   -0.399114    0.112441   -0.191916   0.0365006  0.00714442   -0.455839    0.139541   -0.745382 -0.00178929    0.507647   -0.219668  -0.0269367   -0.137954  0.00654007   -0.498274    0.106297    0.151423    0.147951  -0.0357035   -0.625342
 0.00586253   -0.164933   -0.128324    0.475228   -0.484623    0.243595   -0.712904   -0.381105    -1.35637   0.0759901    0.772823    0.192554    0.175753   -0.262837    0.322301  -0.0874515    -0.59885  -0.0687836    0.985899    0.211908    0.981637    0.553899   -0.357562  -0.0239968   -0.936281   0.0819639    0.575713     1.04058    0.478055   -0.157732   -0.762068    0.343157
  -0.059703  -0.0763544   -0.220887    0.174111    0.864517    0.544956    0.483614   -0.776314    0.352404   -0.329127   -0.196351   -0.297695    0.127773   -0.209587   -0.148953   -0.518238   -0.836926   -0.283779    0.191032   -0.242099    0.237112   -0.268975    -0.25351   -0.183276   -0.494355   -0.477567   -0.203099   0.0635204    0.377981 -0.00947612     0.13517   -0.014926
   -1.40804   -0.337311  -0.0823771   -0.199395   -0.496018    0.306096    0.472684   -0.179445    -0.30687    0.717255   0.0489536    0.234723    -0.61474    0.824715   -0.486474   -0.403225    0.577065    0.398682   -0.122178   0.0016654    0.664063   -0.564684   -0.607262     0.46086    0.574711   -0.333385   -0.602424    -1.15855    0.853032   -0.706459    0.223211   -0.390767
  0.0977625    0.238588    0.257643   -0.972473  -0.0570962   -0.576342   -0.861624    0.586838   -0.364911   -0.586671   -0.102741   -0.289823   -0.110955  -0.0682682   0.0050355   -0.377529    0.615236   -0.549081   -0.596608    0.226556    0.210286   -0.303228  -0.0546976     0.16663   -0.114449   0.0780889   0.0125411    0.134232   -0.250071   0.0109536   -0.133738    0.780149
   -0.46307    0.458784    0.207034    0.420573    0.295988   -0.996445   0.0607102   -0.428119    0.299361     1.12402   -0.024012   -0.143691   -0.422288    0.590346    0.533334     1.58449    0.610637 -0.00193127    0.246023   -0.911384   -0.935328     0.30062  -0.0400966    0.430982    0.506408    0.562777   -0.093565    0.732981    0.485529   -0.596475    0.424221    0.583001
 -0.0899826   -0.129813   -0.904516    0.563747   -0.488994   0.0987624    0.147039  0.00437631   -0.130314    0.811699    0.931317    0.451658    0.477155    0.905311    0.065642    0.273163  -0.0993026    0.310046    0.703696    0.500839   -0.448252     1.52109   -0.668424   -0.351015  -0.0353525    -1.05787    0.479421   -0.615876    0.400137    0.390512    0.879121   -0.539976
  0.0173038    0.903595   -0.425715    -0.25871    0.122826    0.366827    0.182558    0.660516  -0.0860947    0.829167    0.276558 -0.00472138   -0.519303    0.566995    0.365865    -0.24888   -0.590573   0.0675586    0.587723   -0.885637    0.441374     1.33066    -0.23307     -0.4507   -0.239259   -0.369753  0.00980849    0.333205    0.318413    0.231755    0.126432   -0.554875
  -0.148958    0.160075   -0.605262   -0.257987    0.166965    0.371656     1.38497   -0.872024   -0.248537    -1.10924    0.039128     -0.4943  -0.0318737   -0.922935     1.31113    -1.60528    -1.13857  -0.0897939    -0.78342    0.624115     1.20607    0.554432    0.262749    -1.11787    -0.33088    0.720273   -0.579615    0.385759   -0.382241    0.707352   -0.711973   0.0460032
  -0.304676    0.396456   -0.464592    0.295773   -0.865826    0.232056   0.0144722    0.273708   -0.271973    0.641433    0.103214    0.373324     0.51258    0.765111    -1.06953   -0.497818   -0.214337    0.798703    0.761427     0.28913     0.93678   -0.168236    -1.61883    0.891813    -1.48614   -0.919356     0.33643   -0.823341    0.348444     1.10986     1.11603   0.0583113
 -0.0197278   -0.117936    0.475296   -0.753498   0.0312606    -0.21778    -1.07012    0.101866  -0.0304341     1.05794    0.592432   -0.177544  0.00146909  -0.0120107   -0.200584   -0.255352   -0.253073   -0.833711     1.09391   -0.718782  -0.0592388     1.32509   -0.760482   -0.300309   -0.178173   -0.966098   -0.947868   -0.368719    0.249791    0.332092    0.799238    -0.21994
 -0.0468239    0.150068   -0.406183    0.153121   -0.887436   -0.626391    0.614165     0.20082   -0.197925  -0.0856744    0.577962    0.190951   -0.175131    0.419022  -0.0621395    0.431426    0.639943    0.242837   -0.080528   0.0314871    -0.27773   -0.194742  -0.0988603   0.0477839    0.189955    0.602803   0.0535589  -0.0571984  -0.0480669  -0.0727932   -0.566261    0.247565
   0.606271   -0.307378    0.418384   -0.263572     -0.7314   0.0490275  -0.0571692    0.416108   -0.835512   -0.634826    0.516938   -0.254311    0.153289    0.447958  -0.0179314   -0.333006    -0.12289     0.10193 -0.00295461  -0.0422612    0.869816    0.609713       0.515   -0.412968    0.192184    0.864964   -0.272319    -0.82612   -0.233319    0.108079   -0.157852   -0.284841
  -0.148222    0.288028     0.24764    0.428516  -0.0913275  -0.0100394   -0.265058   -0.820876   -0.229322     0.45494   -0.324474    0.757601     1.00647    0.102452    0.271403    0.387753    0.396202    0.156033    0.944339   -0.229343   -0.366743   -0.655074   -0.204236    0.322909   -0.216641   -0.151986  0.00958933    0.498492    -0.24122   -0.334409   -0.698287    0.650642
   0.123039     0.21938   -0.181945    0.352557   -0.345172    0.203151  -0.0866724   -0.873378    -0.11117    0.154331    0.242168  -0.0110988   0.0303891    0.126482    0.140478    0.348967    0.260778   0.0200647    0.198646   0.0110464   -0.710095    0.632406   -0.411997   0.0248127    0.374468   -0.694718    0.140226   -0.315082    0.161164    0.177793    0.781007   -0.260919
