-0.733542
-0.561617
 -1.20528
-0.468622
 -1.41062
 -0.46478
 -1.25232
-0.916984
 0.180533
 -1.82358
-0.432045
 -1.05539
 -1.16332
-0.709967
 -0.91315
-0.558199
 -0.87217
-0.733768
 -0.49509
 -1.40895
-0.466707
-0.646661
-0.434827
 -0.53324
 -1.34172
 -1.38008
   -0.537
-0.803044
 -1.05711
 -1.34926
-0.410499
-0.715965
-0.704967
 -1.27836
-0.731574
-0.366349
-0.315318
 -1.03597
-0.714871
-0.740423
-0.691762
-0.866852
  -1.0021
-0.826576
-0.942769
-0.583414
-0.923842
-0.526984
-0.593814
-0.762139
-0.768115
 -1.09865
 -0.73059
 -1.28755
-0.641275
-0.661172
-0.716603
-0.571946
-0.414518
-0.950371
 -0.65021
-0.428478
-0.632238
-0.751141
 -1.07709
 -0.62629
 -0.82893
 -1.38667
 -1.07077
-0.615601
 -1.12115
-0.599199
-0.923803
 -1.59393
 -1.43424
-0.582465
-0.904386
-0.597956
 -1.02449
 -0.94003
-0.977397
-0.660119
 -1.20082
-0.709882
 -1.16511
-0.216383
 -1.28359
-0.888173
-0.509749
  -2.1338
-0.417395
 -1.27852
-0.431539
-0.250155
 -1.28587
-0.912445
-0.558168
 -1.25419
-0.735074
-0.611936
-0.779322
 -1.26425
-0.731801
  -1.0981
 -1.04811
 -1.04648
-0.831184
 -1.11005
 -1.04227
-0.738642
-0.932279
-0.813582
 -1.59136
 -0.61632
-0.876545
 -1.56857
-0.314494
 -1.31532
-0.840429
 -1.39682
-0.660869
-0.484859
 -1.42943
 -4.52382
-0.429017
-0.434534
-0.647529
-0.661582
