 -0.856739
  -2.42811
  -2.02383
  -1.22078
  -2.73176
  -2.71737
  -2.14351
  -3.25736
 -0.106834
  -1.45755
 -0.292973
  -1.21146
 -0.485178
 -0.450393
  -1.30196
-0.0109095
  -0.57306
  -1.33124
  -1.29199
 -0.852773
  -1.54047
 -0.409994
  -1.48643
  -1.21468
  -2.73665
  -2.24732
  -2.59587
  -1.77876
 -0.983123
 -0.577423
 -0.159437
   -0.6608
  -1.03069
 -0.715306
  -1.04893
 -0.366899
    -2.634
 -0.225211
 -0.818657
  -2.46727
  -0.45666
  -1.47043
  -1.01479
  -2.07421
 -0.837695
  -1.41741
  -2.56329
  -3.00233
  -1.36695
   -1.4236
  -1.52051
  -0.60763
  -2.36497
  -1.09782
 -0.442352
 -0.907949
  -2.57162
  0.932986
  -2.70385
  -1.90079
  -2.93155
   -2.3042
  -2.21556
 -0.637432
  -2.69089
  -2.12713
  -1.15798
  -1.51646
  -1.12506
  -3.05398
-0.0344446
  -1.22878
  -1.47003
  -0.75797
  -1.83406
  -2.29241
 -0.600527
  -1.27214
 -0.486318
  -1.77637
 -0.505868
 -0.614828
  -1.40762
  -1.00213
 -0.575822
 -0.792729
 -0.917801
 -0.306439
 -0.476093
 -0.767568
 0.0910228
 -0.840928
  0.410882
 -0.555654
 -0.457553
 -0.458849
  -0.85478
  -3.80776
  0.223655
 -0.193428
    -1.001
 -0.368464
  -3.01467
  -1.88371
  -3.06474
 -0.741297
  -1.16021
  -0.55945
   -1.9881
  -2.06027
 -0.418146
 -0.500393
  -1.03702
  -1.34778
  -3.64616
 -0.536758
  -1.56282
  -1.51113
  0.320219
  -3.29224
 -0.752094
 -0.246907
  -2.76545
 -0.679471
 -0.630499
 -0.970832
 -0.726733
  -1.19354
