   -0.635182    -0.365379    -0.154636    -0.801978     0.138684    -0.312999      0.41646     0.112285    0.0393505    -0.204997      1.32841    -0.748713      1.19034    -0.515912      1.26741     0.113692   0.00868982    0.0554815      0.06257      1.23555     -1.44622      0.28397    0.0406169    -0.317555     0.219858      0.94538     0.223062    -0.359589      0.78623     0.090256    0.0291121     0.308663
    0.155807   -0.0994128     -0.67802      0.84459    -0.569546    -0.285029     -1.26126      0.54529     0.546946    0.0602095     0.128501      1.09648      0.11653    -0.624264     -0.47675    -0.405514      1.05149     0.653521    -0.407547    -0.236734     0.260952    -0.353901     0.547214   -0.0760058     0.126059     -0.26368    -0.674012   -0.0236035    -0.547349    -0.364102     -0.22604      -0.6891
    0.389489   -0.0767507    -0.121434    -0.764066    -0.133714    0.0788078     0.802943    -0.931108     0.386793     0.255985    -0.383036    -0.856211    -0.882874     0.204689   -0.0291879     -0.38812    -0.128186     0.358729     0.217403    -0.754732    -0.615984     0.130033    -0.773704     0.470563     -1.00702    0.0623553     0.242753    -0.283785    -0.249646   -0.0549249    -0.310373    -0.465672
   0.0298109    0.0348057    -0.344349       0.7771   0.00984673    -0.234203     0.336732    -0.247732      0.42449    -0.267001      -0.7116     0.243123    0.0487026      0.61826    -0.222668     0.120727    -0.154784    -0.912653   -0.0455306     -0.15288     0.867366    -0.777399    -0.586653     0.295496    -0.180384     -0.66394     0.750854     0.882086     0.478179    -0.739351     0.544042    -0.218779
 0.000988767    -0.407806      0.78133    -0.342753     0.993325   -0.0860111     0.733545     0.462008     0.773417     0.733993    -0.240624    -0.671662     0.499773     0.283019     0.399962     -1.20747    -0.888972       0.3638   -0.0539768       1.2514    -0.510982    -0.335365    -0.389029      0.24361    -0.354847     0.637059     0.388848      0.41749     0.156039    0.0273487     0.313444    -0.312451
     1.32952    -0.367575     0.174731    -0.121228     0.507209    -0.183015    -0.293927    -0.514844     0.430861    -0.886056     0.200672     0.793206   -0.0573514     -0.12697     0.777302    -0.512847    -0.138149     0.289824     0.620069     0.432506     -1.45981     0.552959    -0.190224     0.195286      0.50694     0.693731    -0.526461     0.515755      1.19234     0.305602    -0.741145     0.297652
     0.15539   -0.0795393      1.24478    -0.139487     0.418087    -0.419063     0.273248     0.335412    -0.628129   -0.0948095     0.259961     0.861467     -0.60223    0.0429393     0.946248     0.159861    -0.528894    -0.676652      0.82909   -0.0838513    0.0647381      1.49599     0.114306      1.34445     0.553904     -0.16964     0.361764    -0.882126    -0.666229     0.351555     0.312186     0.495715
     0.73973    -0.623382     0.149233     -1.01373     0.393933    -0.282003    -0.669397     0.385461     0.554538     0.127842     0.384187     0.438472   -0.0995376    -0.480561     0.312236    0.0110251    -0.482668     0.421628     -1.02623    0.0850361     0.377517    -0.463754     0.414089     -0.86722   -0.0840324    -0.163409   -0.0954571      1.33355     0.800429     0.347138     0.278082    -0.212753
    0.106342    0.0880464     -0.40526    -0.741214    -0.385536   -0.0851949     0.630296    -0.463528    -0.361103    -0.684494     -1.25942     -1.38224    -0.534623     0.669151     0.431513    -0.517339     0.380727     -0.35115    -0.872192     0.548258     0.337436    -0.647327     -1.09192    -0.682617     -0.37499    -0.307999      0.81423     0.153904     -0.76621     0.112862     0.593954     0.689394
    0.105166    -0.690972     0.294029    -0.113911    0.0668961   -0.0950003    -0.561285     0.515534     0.370781    -0.434123     0.522958   -0.0500793    -0.134348    -0.318808    -0.434904     0.704934    0.0237996    -0.556545     0.111272    -0.331212     -1.24558     0.261705     -0.18651     0.101552    -0.234418     0.508667     0.277587   -0.0103345    -0.382689    -0.293762     0.936612      0.20288
   -0.819389    -0.465428   -0.0409693   -0.0478203     0.491773    -0.259358     0.411854     0.374337     0.907007      1.46725     0.260424     0.113204     0.996856    -0.305293     0.128617    -0.985094    -0.547726    -0.203135   -0.0423892     0.331338     0.718565    -0.452609     0.311825    -0.339478    -0.258387     0.496382    -0.203627    -0.364655    -0.347549    -0.383544    -0.477914    0.0188171
    0.570693     0.704037     0.227952    -0.999253     0.366953     -0.65442     0.519811     -0.10679    -0.438949     0.018275    -0.461891   -0.0611127    -0.332179  4.95468e-06     0.255766     0.227834     0.446546    -0.951029     0.501503     0.547058    -0.284278     0.410519    -0.611891     -0.69044     0.201172   -0.0514851    0.0581561     0.127485    0.0766519     0.199866    -0.656409     -0.41502
   -0.599583    -0.110511     -0.13974     0.156397     0.111438     -0.72661     -0.18375    -0.882709      0.56909     0.190094     -0.69221     0.121185    -0.133734    0.0319282  -0.00820532    -0.680944    -0.500323     -0.69854     0.388064   -0.0323506     0.117357     0.206877      1.09406    -0.685667     0.549304    -0.247963      1.01698     0.525096     0.307974     0.321266      0.38564     0.152454
    0.217324     0.897532    -0.618981    0.0761871    -0.521934     0.297278    -0.777913     0.112418    -0.516991     0.374902      1.07172     0.551171    0.0613427   -0.0499649    -0.877497    -0.137961     0.140654    0.0357664     0.742609    -0.255596     0.523579     0.611257     0.216752    -0.232046     0.331428    -0.879964     -1.73202    -0.913965     0.360305    -0.416133    -0.724073     0.413654
   -0.237416    -0.178329      1.37349    -0.307392     0.577606     0.242705    -0.242452     -0.36233     0.179566     0.832871     0.739836     -1.03787     0.113445   -0.0896583     0.544417     0.278576    0.0420331     0.562846    -0.464894     0.472087      -0.6138     0.172693    -0.692894    -0.572151    -0.823435     0.379282   -0.0272539    -0.358032     0.964242     -0.59966    -0.177048     -1.13611
   -0.559984     0.713442    -0.859126     0.769596    -0.671983    -0.794907     0.108683    -0.473236      0.32164    -0.488396     0.967615    -0.512015    -0.380194    0.0119001      -1.6753     -1.03591    -0.120672      1.14559     0.172674    -0.468725      1.14321    -0.482072     0.360997      1.23093    -0.797277     0.364847     -1.13965     0.607787      1.17228     -0.18158    -0.586731     -0.43239
   -0.719286     0.259293    -0.367899    -0.462116    -0.169397    -0.020834   -0.0835061      0.17444   -0.0164525     0.404481    -0.111149     -0.36223    0.0109471   -0.0447296    -0.565843   -0.0748701    -0.199921     0.732471     -0.30957    -0.286854     0.404849    -0.990463     0.168771    -0.172788     0.420238     -0.32589    -0.450549    -0.529405     0.984834     -1.00344    -0.659126     0.404993
   -0.472663    -0.560823    -0.793802    -0.855301     0.274326     0.653448     0.363238     0.638652     0.903761     -0.74464    -0.344424      1.15708    -0.124739    0.0535191    -0.811425     0.138317     0.654745    -0.145545    -0.447692     0.510182     0.844428     0.394599     0.812283     0.889361     -0.49948     0.440741   -0.0378943      0.72008    -0.480097     0.572136    0.0289606      2.09881
    0.250047   -0.0148741      0.84134     0.902338    -0.550254    -0.939794    -0.103618     -1.59291   -0.0279148    0.0394928     0.254018    -0.214851    -0.135141     0.430432     0.738639     -0.34879   -0.0497498    -0.703244     0.694789    -0.922379    -0.947865      1.43933     0.452677     -1.26819    0.0434127     0.206478    -0.760216     -1.27018     0.758954       -0.477    -0.430153    -0.305907
  -0.0222261     0.368756     0.237451    -0.424923     0.998421    0.0829194     0.782592    0.0613255     0.495773      1.02195    -0.967935    -0.468106     0.020817    -0.559196     0.223375    -0.384452     -1.18878    -0.999725   -0.0144357     0.814224     0.710777     -1.14428    -0.199246      0.40303    -0.912033     0.414032   -0.0423906      1.01274    -0.303059     0.978012     0.801818    -0.738235
    0.682083     0.155969   -0.0509574    -0.019197    -0.602948     0.122967    0.0766752    -0.252173    -0.165811     -1.00392    0.0916042     0.547846    -0.258875    0.0626026    0.0205004    -0.586549       0.4591    -0.281909    0.0122355    -0.951788   -0.0211811   -0.0109867    -0.204014    -0.217712     0.505311    -0.671472      0.66878    -0.216182      0.69214     0.185909    -0.419903     0.692328
    0.329269    -0.590137     0.973013     -1.55405      1.36186    -0.393844    -0.316272     -1.14088    -0.597896     0.243898      1.82947   -0.0754162     -0.10645     -0.23058      1.12209    -0.740916    -0.173576   -0.0397339    -0.776281     0.734369     -1.43418      1.54674      1.24699   -0.0379248     0.560756     0.947144    0.0932757     -1.39329   -0.0867209     0.738662     -1.12773      -0.1634
   -0.329264    -0.691659   -0.0845048   -0.0525455     0.326315     -0.63158     -1.44451     0.543604   0.00431086      0.41247     0.751055      1.34259    -0.213733    0.0114199     0.481441   0.00394954    -0.254641    -0.255853     0.243759  -0.00371053    -0.319479     0.190985     0.270677    -0.322731     0.378903   -0.0627955    -0.840295     -0.18113     0.358716     0.447093    -0.297017    -0.130571
     1.09678     -0.65989    -0.457696     0.750851     0.616885     0.505997     0.485406     0.210932     -1.53884     0.271634      1.10464     0.126257     0.206515    -0.223499      1.18173     0.073485    0.0614247     -1.08415      1.56361    0.0494902    -0.260615      1.02135    -0.135891     0.762986    -0.838759     0.858324    -0.901474    -0.465081   -0.0551767     -0.39929      1.08011     0.384755
   0.0839416    -0.787406     0.587625     -1.04131     0.340172     0.222681       1.0236     0.910264    0.0582226     0.364871     0.141095     0.558634     0.496381     -1.40924    -0.405316    -0.623363    -0.981781     -1.20732    -0.948662      1.19967      0.62851     -0.67175    -0.779835    -0.245063     0.405828 -0.000877714     0.556084     0.482949     0.310263     0.456604     0.551334    0.0472244
   -0.069863    -0.647731     0.347328      0.49371     0.798382     0.406192     -0.70889   -0.0846315     0.468916    -0.173479    -0.471584    -0.433792    0.0933769    -0.235873     0.714937     0.208467     0.289447     0.206099     0.233847    0.0870225    -0.893348    -0.389428    -0.374949    -0.291245      1.31574      0.13737    -0.604935     0.163869    -0.120682    -0.356982     0.835563     0.680487
    0.183707   -0.0968978     0.246621    -0.101404    -0.355354     0.567792    -0.430481     0.274438    0.0505792     0.252405   -0.0390871    -0.125769     0.811471    -0.129119     0.237083     0.431997     0.261691    -0.119458       0.3208     0.208838    -0.239119   -0.0481625   -0.0791784    -0.228402   -0.0234027     0.224781    -0.541081     0.165684     0.414999    -0.795045     0.219534     0.192597
    0.919609    -0.154218     0.169084    -0.152002     0.260637   -0.0261619     0.290165    -0.873257     0.128986     -0.35359     0.246573    -0.474718    -0.232407     0.214179    0.0667521     -1.01899     0.546478    -0.835784     0.492639    -0.176624    -0.466589      2.13318    -0.948075       1.8433    -0.342497    -0.308504      1.89673       0.6584    -0.665886   -0.0178359     0.224639    -0.801226
    0.140826    -0.180425     0.651604     -0.65374     0.272411     0.203238     0.915873    -0.422945    0.0351951     0.094575    -0.127658    -0.222453    -0.602543     0.156614    -0.197735    -0.142606    -0.165063   0.00936454    -0.775596    -0.303141     0.773611    -0.519524    -0.546583   -0.0725958      -1.5138    -0.149341     0.369015   -0.0843052    -0.326883     0.152663    -0.326576    0.0282234
    0.653492     0.418198    -0.162125     0.188749    -0.129616    -0.427191     0.281646      0.48786     0.465085    -0.575051     -1.02354    -0.707796     0.439376   -0.0406252     0.973216     -1.31298    -0.456869     -1.22682     0.417134      0.58124     0.225956     -0.45662    -0.375053    -0.642942    -0.410194     0.369688     0.958393     0.642604    -0.471894    0.0402052      1.81122     0.626839
     1.07232     0.194747      1.08286     0.821578     0.353546    -0.144318     0.637904    0.0109842    -0.700393     0.282662     0.650826     0.584598     0.723029   -0.0820577     0.766654    -0.320964     0.972093    -0.200464     0.706178     0.439342    -0.559783     0.909065      -1.1936    -0.270968    -0.228019    -0.269035      1.19014     0.404606      1.66012    -0.459462     -1.79309    -0.549547
   0.0426846    -0.486818     0.539219    -0.515379      1.18522     -1.16517     0.822103     0.267738      1.13096     0.153439    -0.431495     0.559089     0.488699    -0.844559      1.35072      -1.3822     -1.10864    0.0449167      0.45619      2.08938     0.104186    -0.708213    -0.190318     0.505932    0.0486074     0.505058    -0.256522      1.05847     0.324976    0.0565459    -0.159464    -0.621273
