  0.0891706
  0.0241077
 -0.0217429
  -0.139866
   0.138151
  0.0834245
  0.0795984
  -0.201322
 0.00914725
   -0.25294
    0.22003
  -0.228973
-0.00519704
  -0.264828
   -0.19391
   0.088655
   0.200266
 -0.0975789
 -0.0884521
  -0.163919
 -0.0818532
   0.320487
  -0.198963
  -0.413472
-0.00506945
 -0.0325191
  -0.164551
  -0.272219
   0.020975
  -0.153248
  0.0218427
  -0.472703
 -0.0103237
   0.264533
  0.0631145
  0.0285921
 -0.0870582
   0.249432
   0.100726
  -0.180967
   0.169774
 -0.0902744
 -0.0142861
   0.297988
   0.127829
  0.0249901
 -0.0786136
  -0.103134
  -0.386318
 -0.0886957
  0.0669787
  -0.234653
   0.134976
  0.0408578
 -0.0532547
  0.0830719
   0.129016
  0.0287931
  -0.091117
  0.0940162
  -0.303876
 0.00944823
-0.00679319
  0.0788662
   0.158809
  -0.191517
 -0.0929176
  0.0101703
 -0.0505852
  -0.177228
  0.0798736
  0.0388878
   0.240082
 -0.0665836
-0.00421386
  -0.202999
  -0.191728
   0.107109
 -0.0697625
  0.0401716
    0.17922
   0.368933
  0.0313356
  -0.129987
  0.0596032
  0.0782543
   0.430761
  -0.134144
   0.454939
   0.134867
  0.0978881
   0.086594
  0.0737199
 -0.0448487
   0.107369
  0.0959458
  -0.151297
  -0.164912
  -0.011319
 -0.0101636
   0.230857
-0.00319049
  0.0225243
  0.0712979
 -0.0322775
  0.0692088
   0.144423
 -0.0481733
  0.0509951
  0.0279238
   0.142336
 0.00614918
   0.252115
 -0.0391621
   0.354252
 -0.0947965
 -0.0176472
    0.23665
   0.107025
  0.0865775
 -0.0894974
 -0.0940938
  -0.272744
  0.0589715
 -0.0473951
  0.0766428
 -0.0544951
 -0.0582705
