-0.0515547
 -0.129156
 -0.205179
 -0.313487
 -0.197746
  0.024518
   0.26374
 -0.181347
-0.0102687
 0.0288849
 -0.241061
 -0.209839
  0.062181
 0.0854586
  0.194801
-0.0133391
0.00334245
 -0.323412
-0.0624294
 0.0158216
  0.164548
 -0.351917
 -0.131835
 -0.209054
 -0.103753
 -0.281333
 -0.475379
 -0.530319
 -0.329301
-0.0833293
-0.0432135
  0.016191
 -0.351847
 0.0474204
 -0.374288
 -0.177624
 -0.389105
 -0.160053
-0.0797283
 -0.357789
  -0.16124
  0.148311
-0.0532518
 -0.405498
 -0.142008
  0.479365
 0.0283758
  0.141504
  0.196774
 -0.232147
 -0.331915
 -0.248411
-0.0818188
  0.130493
 -0.381524
-0.0565673
  -0.46994
 -0.320623
 -0.406705
 -0.284621
 -0.273169
 -0.248518
 -0.398764
 -0.786911
  0.139784
-0.0420693
-0.0637798
  0.215771
 -0.253446
 -0.379769
 -0.186944
 -0.385071
  0.369997
 -0.486312
  -0.30654
  -0.23947
   1.22911
 -0.194761
 0.0394162
 -0.228146
 0.0183696
 -0.792794
  0.146481
-0.0194233
-0.0793833
 -0.613841
 -0.159778
  -0.77854
-0.0958268
  0.256244
 -0.161992
  0.062501
 -0.467982
 0.0955727
 -0.334666
-0.0161063
  0.315733
 -0.535104
   -0.0854
   0.14023
 -0.100006
 0.0399657
 -0.343485
  0.098729
 -0.201531
-0.0668945
  0.215343
 -0.280308
 -0.199849
 0.0661393
 -0.416616
  0.295082
 -0.214413
  -0.17347
0.00488576
-0.0910548
 -0.620991
-0.0546809
 -0.214421
 -0.421884
 -0.251451
 -0.183834
 -0.229992
 0.0348296
 -0.222682
 -0.545336
 -0.112198
-0.0536909
