   0.0555194    -0.105343     0.198135      0.51795     0.222141   0.00505198    -0.146642    -0.200788  -0.00717532      0.11956    0.0901939    0.0983935     0.122669    -0.052522     0.241234   -0.0243477   -0.0588627    0.0642549    -0.130185     0.249851     0.260229     0.206631     0.197866    0.0356936    0.0201613    0.0848578      0.15475     0.155304    -0.250428    0.0521738     0.224549     0.017647
    0.203536    -0.326301    0.0342733    -0.131412    0.0792662      0.18694    0.0207513    0.0362441    -0.169496   -0.0902676     0.081716     0.108519    0.0797374    0.0752087    -0.076224    0.0961968   -0.0423537     0.130464    0.0672317    -0.208672   -0.0314456    0.0536489   -0.0432208     0.267174    -0.122437    -0.236696    -0.318224    -0.213875    -0.196608    -0.122265   -0.0637731    -0.223106
  -0.0186409     0.045716    -0.272857   -0.0966052   -0.0785272     0.155352     0.120578      0.32468     0.182377    -0.143037  -0.00330152   -0.0322829    0.0165057    -0.168803   -0.0252591    0.0954339    -0.153658     0.150329     -0.18642    0.0871641     0.092227    -0.141924   -0.0834097     0.112299      0.21282     0.333653    0.0742794     0.273269     0.171518    0.0449198     0.168911      0.14072
    0.180142     0.211614   -0.0376295     0.132239     0.153857     0.143751     0.381378    0.0912632     0.163397    0.0349015    0.0180642    -0.171616      0.11905    -0.189139   -0.0864915     0.282261  -0.00249731     0.227221    0.0257952    0.0184811    -0.143588     0.108224    0.0236708    -0.023544     0.179854   -0.0173609     0.101001   -0.0889936     0.221853     0.136376    0.0919789    0.0188724
  -0.0740932    0.0364488    -0.171939    -0.115217   -0.0639769     0.180957    -0.423686    -0.275776   -0.0639671   -0.0784431    -0.366871      0.10102    -0.310912    -0.142396   0.00689659  -0.00993924     0.258491 -0.000709504    0.0982314    -0.066711     -0.23212     0.138783    0.0923587   -0.0849003     0.228035    0.0887284     0.135836    -0.286364     0.109865    -0.439655    -0.300003    -0.110454
   -0.148661    0.0728689    -0.195923    -0.127674    -0.195854   -0.0609227    -0.047204   -0.0832565     0.145225     0.123935     0.180229    -0.158328   -0.0183693     0.188157    -0.112615    -0.208659    -0.306175    -0.107446     0.110441    0.0933365  -0.00767427   -0.0940153  -0.00399521   -0.0845779    -0.229237      -0.3136   -0.0755368    0.0191445    0.0183151    -0.119327   -0.0465034     0.299849
   0.0153159     0.199182    0.0050808   -0.0896228   -0.0749409     0.218295    0.0534832    0.0723603     0.257749    -0.142179   -0.0418255   0.00433516     0.213472     -0.21837  -0.00939417     -0.11512   -0.0827059     0.209613    -0.106199    0.0603852  -0.00474384     0.253626    0.0371195     0.111014    0.0912387    0.0593273    0.0778753    -0.115038    -0.103562    0.0685063     0.100768   -0.0835433
 -0.00724887   -0.0320542     0.174624    -0.283143    -0.198365   -0.0414002     0.192953    0.0434905   -0.0137485    0.0873005   -0.0259536   -0.0518834     0.180244       0.1022     0.128246    -0.149276    0.0415956    0.0467274   -0.0719898    -0.129919    -0.203745    -0.117511    -0.234661    0.0330306    0.0635779    -0.145507    -0.066862    -0.053858     0.188901    0.0522075       -0.258    0.0980947
     0.10586    -0.289604     0.347514     0.221804     0.108021   -0.0544539     0.129409   -0.0712716   -0.0813702    0.0346656     0.344257     0.184343     0.148824    -0.160126    -0.207025    -0.127374    0.0438278   -0.0559947    0.0344066   -0.0452241       0.2229    -0.135231     0.112496  -0.00485421    0.0472708    0.0157617   -0.0428799     0.148575   -0.0239579    0.0127151     0.260599    0.0202971
   0.0171747     0.178116     0.141881    0.0554447    -0.198248    -0.018466    -0.331914     0.269974   -0.0980595   -0.0889715   0.00268842   -0.0853939      0.16768     0.116013     0.274569   -0.0360814    -0.354614    -0.153651    0.0543248     0.272932   -0.0588617     0.121575  -0.00792717   -0.0435479    0.0226941    -0.248778    -0.126188    0.0187749     0.527139   -0.0436458   -0.0834113   -0.0503233
    0.134283   -0.0700799     0.230793     0.282611     0.360393    0.0972649    -0.023646    -0.106802   -0.0191449    0.0892995     0.258817    0.0757652    -0.369684    -0.377626    0.0311374    -0.235422    -0.159497   -0.0730856    0.0411141     0.427129    -0.194196    -0.326114    -0.274116     0.212233     0.327292     0.214724    -0.309595     0.267685     0.162325     0.360134   0.00574377    0.0755569
    0.220097   -0.0863423     0.128493     0.303601    -0.111146    -0.359084    -0.216161    0.0420865    0.0953829   -0.0515084    0.0765821    -0.174839     -0.38039     -0.36723   -0.0672683   -0.0898289     0.309602     0.129848    0.0646297   -0.0651796     -0.28901    -0.143467    0.0233408    -0.178153    0.0320373    -0.332878    -0.153696    -0.141301    0.0159818    0.0300175    0.0309386    0.0620081
    -0.13874     0.194235    -0.147295     0.043562     0.263778     0.123198   -0.0279619     0.204959    -0.222907    -0.001862     0.245101   -0.0439888   -0.0249245    0.0284375    0.0449916     0.161384    -0.138367     0.118712     0.114529      0.28175     0.174937     0.128851     0.092417    -0.058884     0.026432    -0.181018     0.409022    0.0264515    -0.309958    -0.230121     0.281913   -0.0128833
   0.0599739     0.232397   -0.0317279    0.0896267     0.127657   -0.0158702    0.0570467    0.0923145     0.102889    -0.126445    0.0711667    -0.157188   -0.0950591    0.0788461     0.128859    0.0311675    -0.114576    0.0996999     0.115177    0.0569227     0.155274      -0.1728   -0.0262325     0.065172   0.00716048    -0.145393   -0.0837145     0.145931     0.281217    0.0196802   -0.0656156    -0.169341
  -0.0890212    -0.106657  -0.00798515     0.245787     0.333431     0.120259    -0.171324    0.0068684   -0.0930763    0.0352454    0.0612493    -0.257973    -0.235691    -0.236686   -0.0553978    -0.150243     0.262865     0.212572    -0.137263   -0.0152797    -0.170968      0.05231    0.0862973   -0.0670076     -0.14214  -0.00144239     0.106739     0.138352   -0.0471601    -0.179096     0.104012     0.223854
   -0.182816    -0.328617     0.341966      0.29158   -0.0509638   -0.0362975    0.0458128    -0.162581     0.199484     0.268175   -0.0173672    -0.134693   -0.0620265     0.199347   -0.0678632    -0.101551    -0.209008    -0.162513     0.151108    0.0380652   -0.0396438     0.253101    -0.265625     0.209909     0.019975     0.262764  -0.00838159     0.147356    -0.179734     0.125535   -0.0585726     0.099612
  -0.0981907   -0.0588921   -0.0193414    0.0408958  -0.00932434    -0.104378     0.180999     0.432534    -0.282657    0.0981003    0.0483327    0.0925809     0.243253   -0.0208054   -0.0949233     0.173359    -0.474793    0.0837048    0.0758695     0.218895     0.272917     0.120084   -0.0357223     0.183425     0.177098   0.00349025    -0.150671     0.287185    -0.117179      0.15953    0.0676561   -0.0248219
    0.104804    -0.414442    -0.277492    -0.246118    -0.184068    0.0590517     0.275358    -0.107787     0.236698    0.0275267   0.00870123   -0.0139687    -0.249648     0.047796    0.0126362    -0.150486     0.172161    0.0311846   0.00248292   -0.0710389    0.0500121   -0.0798531    0.0832649    0.0716509     0.144242    0.0299949     0.235845    -0.200225     0.142537    -0.068482    -0.148183    -0.204937
   0.0313924   -0.0872541     0.204694    0.0417212   0.00190772     0.102472    0.0368266     0.191497    -0.213446    -0.137449    -0.235862   -0.0231849    -0.144743    -0.290635     0.106722   -0.0550408    -0.104037    0.0569821      0.28294   -0.0412917     0.100409     0.106461    0.0168229   -0.0896074      0.12427   -0.0923696    -0.193803     0.048039    0.0588524   -0.0536118    0.0316989  -0.00155088
   -0.203332    -0.280889    -0.108181   -0.0275219     0.025576    0.0830753     -0.12263    0.0643857     0.203152     0.342145    -0.203746   -0.0589402    -0.127916    -0.154781    -0.142088     0.024146   -0.0398066     0.136684     0.125339   -0.0572317    0.0715193    0.0457751    -0.267032    -0.273356    0.0115199    -0.248414     0.093651    -0.135392    0.0702298    -0.179433   -0.0173945     0.087398
   0.0560746     0.207583   -0.0544882    -0.155171    -0.153637     0.145304   -0.0612909    -0.268672     0.164565    0.0606911  -0.00468775   -0.0146974   0.00441999    0.0581669   0.00654566     0.178423    0.0133826    0.0632101    0.0557607    0.0915886     0.222571    -0.156876    0.0684004     0.121595    0.0980334     0.128274     0.132278     0.168918      0.07641    -0.112045     0.168998     0.148474
    0.150267   -0.0534927    -0.153155    0.0250095     0.123829   0.00451489    -0.240802    0.0549888    -0.192171    0.0809989    -0.287442   -0.0101358     0.257315  -0.00689727     0.101438     0.223984    0.0590429     0.140229     0.369073   -0.0111974    -0.124094    -0.117307     0.193071    0.0576595    0.0953631     0.139862    -0.434533   -0.0813363     0.475963    -0.120112   -0.0514581     -0.19474
    0.403359     -0.38905   -0.0609311    -0.111065    -0.376257    -0.182931    -0.237974    -0.162901      0.27428     0.147101     0.128578      0.28033    -0.119301    0.0666958     0.193486   -0.0280972    -0.348693     0.168538    -0.251997   -0.0500729     0.233612    -0.422843   0.00512693     0.171069    0.0450091    -0.166656   -0.0169589    -0.198638     0.062227   -0.0628161    -0.309514      0.19017
   -0.146752    -0.160376    -0.177971      0.11964       0.2816    -0.173251     0.193915   -0.0449551     0.127654    -0.116306     0.135157     0.118796   -0.0196393    -0.168264    0.0709089     0.129055   -0.0337331    -0.130386     0.117884    -0.169131   -0.0659344    -0.200032     0.163217    0.0888864     0.308676   -0.0117174    0.0350945    -0.127183       0.2341   -0.0414111   -0.0384036   -0.0614421
   -0.157775    -0.181762    0.0568211     0.274173    0.0122042    -0.367875     0.161936     0.202389    -0.213161   -0.0393236    0.0175382  -0.00321671    -0.056366   -0.0592651    -0.122374    -0.329057    -0.105273     0.062485     0.023637    -0.058061    -0.218598 -0.000343885   -0.0594146     0.371144     0.440122      0.10102     -0.10479     0.269938     0.230253     0.374533      0.14526    0.0256337
    0.246094     0.275843   0.00859223     0.228761   -0.0450829 -0.000952451    0.0884247    -0.205704   -0.0998244    -0.119411   -0.0429238    -0.130201    0.0482475    -0.221326    -0.202854     0.156906    -0.149754    -0.213476     0.229396    -0.117797     -0.40293      0.17697    0.0162335    -0.082553    0.0993712    -0.177028   -0.0125118     0.224179    -0.323506    -0.100735    -0.353167     0.175925
    0.326088    -0.169224    0.0672716    0.0923862   -0.0511564   -0.0545211     0.219562     0.118574     0.327418    -0.309418     0.238827    0.0593621    -0.110045    -0.430948    -0.410378    0.0947429     -0.16445    0.0710593   -0.0252383    0.0894832     -0.13077    -0.252449     0.460741    0.0909518   0.00259465      0.26319    -0.313492     0.158024   -0.0541067    -0.413511    -0.203744     0.158625
    0.283042    -0.333174     0.589742      0.17381      0.23159    -0.272487   -0.0757173     -0.08624    -0.691167     0.128997  -0.00958071   -0.0504586    -0.288992     -0.39699    -0.203996    0.0634876   -0.0500745    -0.101249      0.17192   -0.0198748      0.16256    -0.292086     0.253915    0.0509243     0.211254     0.230306    -0.175466     0.122496    0.0826653    0.0524661     -0.11766     0.256777
    0.168426    -0.169651    0.0847089      0.26225   -0.0158145    0.0353778    -0.268645     0.140248    -0.057812  -0.00328183    -0.163114     0.134059    0.0424871    0.0272892    0.0512893     0.178045    -0.281889    0.0732867    -0.204288   -0.0172266   0.00906249    0.0500959    -0.161972   -0.0434412    0.0807151     0.123929    -0.110715    -0.137434     0.281333   -0.0276512    0.0837909     0.177977
   0.0375945   -0.0736944   -0.0366512    0.0784519     0.087399     0.260492       0.1228    0.0682413    -0.332484      0.18694   -0.0195075      -0.2597     -0.20037    0.0210534   -0.0128235     0.010924     -0.13118   -0.0535864     0.273934     0.168907     0.205516     0.178894    0.0245396    0.0892617    -0.181096    -0.285869   -0.0800557     0.299156     0.204965   -0.0844747     0.196114     0.158611
    0.200722     0.151397   -0.0366972   -0.0248693   -0.0171379   -0.0359526    -0.010541    -0.250436    0.0600128    0.0855225     0.105871     -0.16629     0.263132    -0.222075   -0.0777402   -0.0910372    -0.157843       0.1868    -0.132724     0.215215     0.283476     0.501537    -0.074087    0.0474701     0.226614     0.332117     0.266784   0.00548128   -0.0843889     0.361597   -0.0365518     0.276611
   0.0576648    -0.101158   -0.0536346    0.0631503     0.144569    -0.235564     0.176266    0.0242535    -0.153865     0.154576   -0.0190684    0.0812409    -0.109229   -0.0796168   -0.0912753    -0.185948   -0.0269234    0.0628465     0.062362    -0.224981    -0.215562    -0.270672   -0.0663447    -0.163722    0.0740034    -0.251943    0.0384749     0.228843     0.012305     0.117684    -0.138361    -0.153584
    0.219034    -0.189575   -0.0169851     0.142517    -0.164744   -0.0582275   -0.0651405    0.0865426    0.0558592    -0.146747    -0.119323   -0.0839281     -0.29381     0.049112     0.361423     0.115928     0.165583     0.100692    -0.162257    0.0565357   -0.0750989    -0.344891     0.186274     0.329419   0.00755309    -0.336511    -0.341363      -0.1011     0.173272  -0.00592749   -0.0545255     -0.14653
  -0.0459598     0.173858     0.131084    0.0767997     0.152359   -0.0832157     0.221272   -0.0838217     0.173032    -0.177278     0.196677     0.293189     0.157023    -0.157159    -0.016282   -0.0159408    -0.145923     0.167977     0.166156    -0.222829      0.03593    0.0903445    0.0161308    -0.173648     0.106841     0.119757    0.0923026   -0.0356842   -0.0567929   -0.0158228     0.268902   0.00482564
     0.13187    -0.159708    -0.192901    0.0562328   -0.0543874    -0.303548    0.0996559     -0.11049   -0.0927856     0.443256     0.207225    -0.442645    -0.274708    -0.222559    -0.289068    0.0709525    -0.112309   -0.0202565      0.42072    -0.331183   -0.0164221    -0.125156    0.0981091  -0.00605932    -0.117656    -0.135693    0.0853994     0.304744    0.0972718    -0.365819    -0.115977    0.0611633
  0.00900341    0.0664419    0.0287348      0.26172  -0.00172144    -0.152989   -0.0156459   -0.0259723    -0.160428     0.294996    0.0724959     0.212493     -0.16605     0.149196    -0.236159    0.0714821    -0.242604     0.181106    0.0361946     0.118991     0.146615    -0.107467   -0.0920776   -0.0549989   -0.0598163   -0.0900219   -0.0938104    0.0295644    0.0572349   -0.0570299   0.00293049    0.0967094
    0.138157     0.101341    0.0937152     0.204038    -0.154295    -0.162991     0.149095    0.0573549     0.125043    -0.017284    0.0286734    -0.258497    -0.149469    0.0236661    -0.168786    -0.037212    -0.188977    0.0118161    -0.149187    0.0411931   0.00813556   -0.0428587   -0.0772055     0.115374    -0.025012     0.160878   0.00234705     0.154963    -0.236143     0.227739  0.000401497  -0.00203784
    0.113908    -0.209913    0.0276548    0.0492411    -0.077307     0.147321     0.325972    0.0315188    -0.094916  -0.00962385     0.212628     0.402279    -0.165582   0.00754621    -0.153523    -0.206286     0.120066    0.0672875     0.111593   -0.0378913   0.00715554    0.0785196     0.132457     0.151362    0.0814075   -0.0530329   -0.0871479   -0.0517422    -0.134679     -0.10456   -0.0841353   -0.0838694
   0.0833548   -0.0708222   -0.0593879    -0.116411    -0.320753   -0.0442896    -0.163843   -0.0111189    -0.397862   -0.0433013     0.152287    -0.352604     0.283279    -0.120968   -0.0631414    0.0781122     0.112013    -0.186771    0.0466074    0.0171776     0.222583    -0.354503     0.127479    -0.264679     -0.17911    0.0581361    0.0135037     0.125495     0.070281    0.0231085    -0.371047    -0.274201
    0.211715    0.0164312     0.211384     0.109913    -0.148856     0.069493    0.0353539    -0.101165   -0.0842074     -0.23258     0.532357    -0.177637   0.00293764   -0.0739249     0.111719     0.291112    -0.140486   -0.0701857    -0.155278    0.0506802    -0.204617    -0.212919     0.169819     0.303806   -0.0598159    -0.277842    -0.259561   -0.0923493  -0.00165853     0.182088     -0.13201     0.194582
   0.0172827   -0.0668665    -0.168465    0.0373476    -0.155295    -0.262725    -0.241158     0.195055   -0.0617623    0.0361756    -0.447459   -0.0785617     0.354726    -0.142343   -0.0610053   -0.0458378    0.0777174     0.284652     0.233798    -0.341415    -0.146997     -0.31291     0.127907    0.0500426    0.0812429    -0.110256    -0.111137     0.249819   -0.0689377   -0.0467028    0.0185628     0.289472
   0.0560848     0.160156    -0.147031     0.143034     0.190044   -0.0813638   -0.0930152   -0.0846248   -0.0712665    -0.143617     0.166138   -0.0762003    -0.342486    0.0701619    0.0756103   -0.0226628    0.0651247     0.276586    -0.191776     0.154687     0.288679   -0.0239135   -0.0223217    -0.134842    0.0268158   -0.0412982    0.0409178     -0.13267    -0.128169    0.0234611    0.0737201    0.0479294
    0.118663    -0.193363    0.0614444    0.0474129     0.100702     0.196081   -0.0687427    -0.412451    0.0173388     0.148111    -0.204174    -0.297362     0.190824    -0.115879     0.150813    0.0253442     0.146451   -0.0953573    -0.107044   -0.0738584    -0.211357  -0.00695408    0.0248298    0.0307146     0.311282    0.0532472     0.344974   -0.0456605     -0.17531  -0.00822028      0.31133     0.202901
    0.241272     0.220656    0.0331006     0.117814   -0.0169014    0.0732654     0.056716   -0.0174235    0.0748639     0.327529    -0.177517    -0.264292    -0.217453    -0.168474   0.00278347     -0.30458    -0.213359    -0.275003     0.409803   -0.0968742    0.0400938     -0.25722     0.214864     0.219696     0.314167   -0.0934416    0.0620639    -0.270072     0.104271      -0.2662   -0.0341498       0.1287
   0.0254443   -0.0839394    -0.172005  -0.00810797    -0.119462    0.0820574   -0.0685829     -0.12023     0.400878     0.285856    -0.163199        0.398    -0.224915   -0.0137098   0.00639645    -0.289509    0.0128454     0.144818    -0.136609    0.0434492     0.249104    0.0422243    0.0249947     0.075988     0.173821     0.060839   -0.0718348     0.253791    -0.024637    -0.261915    -0.234979    0.0790286
   -0.175005   -0.0792164    -0.149104    -0.220791   -0.0690922    0.0801028   -0.0710333    0.0420509     0.108965   -0.0711292    -0.213437    -0.246754   -0.0332394    -0.053165    -0.215106      0.16051     0.145433   -0.0795437   -0.0921793     0.167543    -0.104498    -0.156297   -0.0399336    -0.131819      0.20491    -0.221954    0.0364643    -0.134831   -0.0520687    -0.170229    -0.071297     0.178056
    -0.23758    0.0467696     -0.29153   -0.0527976    -0.178852    0.0661043    0.0988028    -0.405886    -0.123029     0.180731   -0.0620805    0.0587509    0.0463448    0.0874991     -0.11512     0.051845    0.0803476    -0.259165     0.217587    0.0204948     0.177229    0.0407819   -0.0798261     0.178751     0.217094    0.0101816    0.0172937    -0.317012   -0.0293032    -0.104313     -0.05323    -0.175866
   0.0588148    -0.121401   -0.0198607     0.135622    0.0575364     0.177957    0.0754433    0.0191077    -0.228815    -0.245742     0.161211    -0.068162    -0.255866   -0.0358406    -0.228252     0.034516    0.0238616   -0.0514477   -0.0344026    0.0295383     0.118707    0.0179783     0.174032    -0.174726     0.267279     0.109353    0.0481232  -0.00105138    -0.253622   -0.0434291     0.210176     -0.19505
    0.246519   -0.0158602     0.194239    -0.110292     -0.25274   -0.0777072    -0.147931    0.0701385     0.191585     0.192111     0.123713   -0.0579443     0.130336    0.0507121     0.112082   -0.0101366    -0.109277     0.197294     0.122482    -0.110759   -0.0351396    -0.244169     0.149292    0.0830102     0.123288   -0.0840775    -0.147297    0.0218228    0.0531976      0.22343    0.0412367    -0.369535
  -0.0587268   -0.0152734     0.386677     0.224807     0.180416    -0.171091    -0.250542     0.204087   -0.0472013     0.215879    -0.239546    -0.308639    -0.135719    -0.134454    -0.168757    -0.176699      0.25021     0.246771   0.00599921     0.134537  -0.00192954     0.139016   -0.0875246   -0.0576548   -0.0393288    -0.172992  -0.00921405    0.0111421    -0.118818    0.0895541    -0.236735    0.0723596
    0.360035   -0.0667338    -0.123624    -0.208022    -0.106179   -0.0291514     0.153516    -0.339402     0.346827     0.420498     0.180289     0.391234    -0.123743     0.141834    0.0658967    0.0595568   -0.0330951   -0.0659808     0.127492     0.069687     0.017775    -0.343709     0.163455    0.0526343     0.119099    -0.296795    0.0566716     0.127967    0.0960177    -0.127374     -0.21701    -0.237203
    0.101526    -0.235473   -0.0110601     0.304693   -0.0676042    -0.158683   -0.0522031     0.172124   -0.0447067    -0.143706    0.0346024    -0.130786   0.00170968     0.180308    -0.211731   -0.0747961    -0.075116   -0.0782283    0.0434687    0.0562547    -0.297917    -0.250244    -0.084077   -0.0171048    0.0289892    -0.122736    -0.266607    0.0311236     0.294724    -0.188302     0.204098    0.0562587
    0.306347     0.134823     0.172078   -0.0379939     -0.25017    -0.157983    -0.169696    0.0095773     0.127046    -0.234396  -0.00281964    0.0980636   -0.0835292   -0.0999798    0.0479454    -0.272793    -0.114813   -0.0401374   -0.0657516    0.0123125   -0.0482807     0.177551    -0.408935   -0.0794551   -0.0289654    0.0641658     0.101454    -0.352875   -0.0398523     0.294609    0.0054295   0.00195495
    0.282815    0.0573659   -0.0239107     0.150274    -0.131332   -0.0232116    0.0236913     0.171991    -0.125894    -0.133115    0.0407575  -0.00409143    -0.236657     0.170911    -0.107848    -0.136186    0.0468272     0.107193     0.278089     0.337502    -0.188115    0.0755198    -0.166109   -0.0608861   0.00983628    0.0611683   -0.0758768   -0.0300072    0.0364812    0.0553154    -0.176847     0.304599
    0.404629     0.180813     -0.14477 -0.000432449    -0.340541     0.212298     0.364761    -0.280768    0.0810137    0.0843694    -0.160193     0.128284    -0.181492    -0.131351     -0.17573    -0.107228   -0.0797633     0.148624     0.108267    0.0250135    -0.103807       0.2788    0.0216063 -0.000243032    -0.086507    0.0876376   -0.0689466    -0.475471    -0.128433    0.0360542     0.038472   -0.0361772
    0.301418     0.177022    0.0053682   -0.0966687     0.201123   -0.0885863    -0.274634     0.169741      -0.2988   -0.0324576     0.123168   -0.0681018    0.0393228   -0.0434813      0.08952   -0.0427572    -0.283221     0.132489     0.142832    -0.194597     0.237046    -0.118583    0.0919228    -0.314686    0.0923024   -0.0518627   -0.0621866  0.000655232    0.0534347     0.167261  0.000672438    -0.175079
    0.379172     0.214331     0.106175    -0.232189    -0.152859   -0.0858272     0.236811     0.233257     0.266715     0.371848    0.0552994     -0.18921  -0.00315455    -0.181813    -0.255364      -0.1406    -0.233529     0.370774     0.498915    -0.175721    0.0605283      0.78894    0.0880019    -0.248839     0.236065    0.0285889     0.132093    -0.611638    -0.216431    -0.518188   -0.0457681     0.364173
   0.0576445   -0.0467648     0.151992     0.268628    0.0907002   -0.0678905    0.0768821   -0.0433492     0.210739    -0.296172   0.00984905    -0.117213    -0.130219    -0.165308    0.0309738     -0.23357   -0.0457224     0.244515     0.311449   -0.0421822    -0.138003     0.234211    -0.146108   -0.0815037   -0.0137138     -0.16032     0.179936    0.0486119    0.0143964    -0.149759    -0.154941     0.076027
   0.0473563   -0.0383974   -0.0123655     0.269381   -0.0970732   -0.0995485    -0.155675  -0.00417611    -0.417838    -0.262779    -0.083169     0.104086    0.0798702    -0.300483   0.00152134     0.105297    0.0905464    0.0925268   -0.0436767     0.243497    -0.432579   -0.0116419     0.210407    -0.150019      0.14962    -0.015139    -0.227511      0.31813      0.19367       0.3306     0.156714     0.158317
    0.164189   -0.0514431   -0.0306796    -0.145369     0.133685     0.251149   -0.0705067    -0.287813   -0.0131965   0.00616201     0.135903  0.000671899     0.022852    -0.104334   -0.0976746   -0.0532014     0.300743    -0.244789   -0.0615264     0.202708    -0.317566    0.0742227     0.317848    0.0989633   -0.0683757    -0.113556    0.0575443    -0.118226  -0.00882197     0.253593    0.0839129    -0.192061
   -0.399353   -0.0316608   -0.0550249     0.249485    0.0503197   -0.0610099    -0.088027    0.0897206     0.028236    -0.248425   -0.0150606     0.144938      0.15127     0.246175      0.11824   0.00162139     0.211682    0.0345039     0.231508   -0.0164499    -0.121129   -0.0854348  -0.00921778    0.0572331    0.0801912     0.152374     0.104634    0.0449424     0.259889    0.0570881     0.221445   -0.0161555
    -0.18513    -0.161334  -0.00875207    0.0429902    -0.133201    -0.281322     0.282372   -0.0102302   -0.0147894     0.179329    0.0867524     0.213048     0.141076     0.117158   -0.0226397    -0.166382     0.348394     0.256949     0.354049     0.365741    -0.274434    -0.151073    -0.224927   -0.0452287     0.179091   -0.0112372    -0.142593  -0.00508508    0.0268228    0.0724941     0.216591   -0.0207451
    0.113419   -0.0898002     0.137228     0.202912    0.0571031    -0.221435    -0.105788   -0.0541819    0.0676038     0.171097    -0.156539    0.0752695    -0.194641     0.190467     0.212893     0.274182   -0.0123534   -0.0550438     0.259583    -0.118635    -0.272255      0.19087     0.023486    -0.123237    0.0686018    -0.202165    0.0233813    -0.376331    0.0354877      0.22971  -0.00839768    0.0738362
    0.166035    0.0728977   -0.0238609     0.205824   -0.0335304    -0.496808    -0.155617    -0.143387     0.185905     -0.28426    0.0978255     0.329374    -0.103316    -0.249489     0.284189    -0.183888   0.00442935     0.229591     0.387382    0.0692382    -0.390089   -0.0526763    -0.109807   -0.0389121     0.110016   -0.0175213     -0.29616     0.414868     0.212266   -0.0333839    -0.368751     0.272347
-0.000696956     0.196976     0.224134    -0.236748     0.176501   -0.0472767   -0.0115749     0.134364     -0.14799    -0.392172    0.0985624   -0.0865752    -0.204227     0.122868    -0.138195     -0.24317    0.0435643    -0.086632   -0.0321152  -0.00230077    -0.123598     0.015542     0.172955    -0.118872   -0.0336704   -0.0494375     0.046814    0.0135781    -0.145707   -0.0172748     0.011307     0.151055
   0.0936608     0.323976   -0.0256897     0.145411    0.0799627   -0.0492848    0.0893526    0.0886037    -0.165398    0.0544579     0.368641     0.184484     0.112041    -0.122283     0.114802     0.188765   -0.0177766     0.136289     0.274247     0.196071     0.376974   0.00454604     0.122651    0.0398933    0.0844118   -0.0041071    -0.115581    -0.129987    -0.101287      -0.2266     0.265821    -0.122135
   0.0367894    -0.448631     0.107355     0.482389    0.0279977   -0.0721554    -0.194711   -0.0116516    0.0835794    -0.153354     0.164614  -0.00537772    0.0925688    -0.287757    0.0987635   -0.0869917     0.329569     0.014899   -0.0731979   -0.0586733     0.038875     0.111597    0.0351747    0.0408791    0.0767939    0.0507062    -0.160095   -0.0619139    0.0800808     0.155345     0.200216     0.172024
    0.302962    -0.175762   -0.0907216  -0.00156213     0.108375    -0.084026    0.0723423     0.178791     0.163941    -0.262301   -0.0783614    0.0835518     0.417128   -0.0492887    -0.123823   -0.0107629    0.0670742     0.171736    0.0885021     0.135466    -0.109543     0.434551    -0.113379     0.029269   -0.0685266     -0.23981     0.244757    0.0398918    -0.137096   -0.0673662    -0.275042     0.345874
    0.234722    -0.155881  -0.00637871    0.0620001    -0.139073     0.194463      0.23561   0.00438754    -0.326995    0.0586636   0.00179827    -0.115563    0.0788338    -0.137671   -0.0422496     0.285044     0.106021    -0.193783   -0.0145691    -0.137777    -0.148509    -0.195613  -0.00230839     0.233249     0.201496     0.235985     0.105824    0.0252576     0.152504    0.0626727    0.0750732    -0.133579
   0.0673067    -0.470299    -0.283522    0.0443542    -0.122731 -0.000269153   -0.0264364     0.139793    -0.328545    0.0771281     0.100687    0.0488569    -0.025614     0.149325    0.0955255   -0.0800432    -0.149347     0.235162  -0.00370892   -0.0369493     0.182671   -0.0315982    0.0478712     0.121498     0.293347    0.0116926    -0.149305    -0.159288  -0.00485885  -0.00531653     0.044659   -0.0255295
   -0.369265      0.37874   -0.0541212    -0.211219    0.0198221    -0.166512     0.267326    0.0487439    -0.103628      0.22762    0.0681122    -0.079239    -0.128352  -0.00692477      0.17978      0.11545     0.142025    -0.145911     -0.21934     0.184003  -0.00744142    0.0775269     0.182993    0.0701274    -0.184501    -0.117586    -0.414285     0.270046     0.295002       -0.133   -0.0662675     0.206424
    0.150003     0.236574    -0.174177     0.318016     0.113585     -0.38912     0.210228    -0.201881     0.416635     -0.34277     0.366662     0.214815    -0.162923    -0.254099    -0.170671   -0.0494777    -0.198497   -0.0616468    0.0938147     0.260634   0.00332454    -0.168331   -0.0667282     0.016153    -0.181736   -0.0674924     0.145193   -0.0057069  -0.00661827    -0.313035    -0.136662     0.273001
  -0.0627787    -0.104394    -0.141023    -0.213383   -0.0882914   -0.0966779      0.08823     0.138296    -0.107709    -0.114611   0.00554815    0.0323181  -0.00703751   -0.0653843    0.0656362     0.136425   -0.0778917    -0.167606    -0.194612    -0.135603     0.124663     0.144709     0.126538   -0.0273544    -0.083432    -0.123398   -0.0259503    0.0968503   -0.0978384   -0.0723405     0.269523    0.0725046
    0.317673    -0.119561   -0.0539012     0.163954     -0.10842    0.0524376     0.180265    0.0525785     0.167559     0.156578    0.0366346    -0.123047     0.064909    -0.137195    0.0439665    0.0257789   -0.0548442   -0.0547831     0.174543     0.203413    0.0457395     0.327735    -0.119337     0.192831    0.0811401    -0.046074    0.0116077    0.0199483    0.0255006     0.213968     0.108024   -0.0432111
   -0.233865    0.0553939     0.114139   -0.0622075    -0.122291      0.17165    0.0609724    0.0910848    -0.262154     0.173442    -0.568375    0.0111981    -0.190222    -0.231864     0.333077   -0.0156707      0.36897  -0.00680073     0.206914      0.01667    -0.150192     0.264618     0.108595    -0.179222      0.23689    -0.152622      0.11334    -0.240175    0.0376064     0.092359     0.173461  -0.00756127
   0.0499489    -0.404572    0.0782907     0.128622      0.15854     -0.26177    0.0879014    -0.333235    0.0473547    0.0200951   -0.0564657    0.0299033     0.101718     0.127923     0.145645    -0.157401    0.0722518    0.0101193   -0.0362831     0.374317    -0.193634     0.272504   -0.0645597    -0.151048    -0.262098     0.164261     0.230573     -0.18059   -0.0464257    0.0560468    -0.122397   -0.0782858
   -0.254894     0.131234      0.15155    0.0259176     0.079833    0.0369615    -0.290201     0.071155     0.152294    -0.154935    -0.132721     0.139458    0.0743524      0.25167    -0.178817   -0.0873131     0.190726    0.0577431   -0.0302945     0.242646    0.0416081    -0.114299     0.132983  -0.00348123    -0.143353     0.447763 -0.000173966    0.0319473   -0.0396159    -0.211303    -0.241664     -0.50201
    0.032697   -0.0869358   -0.0791029     -0.23646    -0.243756   0.00791742 -0.000872619    0.0968582    -0.110107    0.0371746     0.131394    0.0497472    -0.131807    0.0904576     0.167216    -0.143517    -0.205767    -0.122753    -0.213494    -0.154519    -0.145342   -0.0918345     0.278569   -0.0294922    -0.081524     0.107491     0.279772    -0.104013   -0.0756253    -0.280174    -0.129979     0.149101
   -0.261159    0.0881538    -0.366933    -0.225493    0.0365238     0.216372     0.219083     0.058387     0.256346    0.0889334   0.00614224     0.085211    -0.026946    -0.155148    -0.156768    -0.266357    0.0197667   -0.0757377    0.0161304    0.0694528     0.020721     0.364002     0.101848     0.114593     0.180497     0.450981  0.000647118    -0.191272    -0.364014     0.010965     0.117027     0.136615
    0.132083    -0.171482    0.0564255     0.380934     0.159172    0.0994861    -0.114808     -0.34726    -0.128743    -0.111892     0.121092      0.13201   -0.0963824   -0.0188671    -0.153705     -0.27238     0.214927    -0.223215    0.0394358    0.0568245    -0.340119   -0.0776591   -0.0454203     0.363396     0.326882    -0.136845     0.172608    0.0979288     0.111008    0.0823875     0.250556    -0.240398
  -0.0905694    0.0198589    -0.454035    0.0974858    0.0922699     0.290317      0.24107     0.116449   0.00504855     0.174355    -0.110913  -0.00982825    -0.160738    -0.259106     0.272299    0.0991953      0.35012   -0.0565008     0.104817   -0.0355384    0.0318152    -0.287467    -0.012326   -0.0738906   -0.0913864    0.0939376    -0.130255    0.0243597    0.0268042     0.137103     0.026938     0.132095
    0.239017    -0.281126    -0.137349    -0.309198    -0.265257   -0.0938295     0.178101   -0.0789505   -0.0916177     0.299844     -0.37609    0.0893312    -0.183929   -0.0745931   -0.0278533    -0.286466  -0.00272407   0.00352132     0.470371     -0.31194    0.0924462    0.0734731     0.114316   -0.0257432    -0.181526    -0.178389    -0.216461   0.00805483   -0.0353551    -0.326011    -0.237926    -0.011044
   -0.163307     0.100706    0.0607533 -0.000828814   -0.0779506     -0.22084    0.0578688   -0.0941837   -0.0127012     0.096131    -0.279544    0.0975556      0.32726   -0.0154231    -0.173038    0.0421295    0.0831377     0.117971    -0.104645    -0.127322   0.00289226    0.0413073     0.211376    0.0731025    -0.131343    0.0794928     0.153839     0.260805    -0.131774   -0.0819661    0.0401179    0.0421789
  -0.0995673      0.30151   -0.0165951     0.127156    -0.288355    0.0968451     0.104111    0.0863978    0.0463813   -0.0996781    0.0985433     0.287194    -0.044624   -0.0485413   0.00451782     0.227704   -0.0257818    -0.199056    0.0914947     0.116343  -0.00433432   -0.0790893   -0.0128664    0.0430437    -0.109487   -0.0740485    -0.287111    -0.127701      0.10339    -0.066951    0.0574512     0.046356
    0.282202      0.34955     0.248628     0.158873     0.189966    -0.240869    -0.033515     0.190916     0.239217    0.0622944    -0.160845  0.000505048    -0.120276    0.0776161    -0.221772   -0.0622313    -0.181975    0.0856453     0.115687    -0.140798    -0.162566     0.341282     -0.37744    0.0219776     0.409435    -0.114039    -0.217095     0.112165    -0.039179   -0.0814307    -0.115604   -0.0231408
    0.428968   -0.0326214    0.0470579    -0.103452    0.0346146    -0.105334     0.086312      0.36023    -0.121455    -0.164877   -0.0212074    -0.034422     0.102897    0.0340781    -0.175104    0.0548955   -0.0665455    -0.043881    -0.033911    -0.131152   -0.0583376    -0.205595     0.217645     0.180568     0.183734   -0.0432036    -0.215454     0.232115     0.175032    0.0516412    -0.527987     0.393096
    0.189323   -0.0384723     0.105013   -0.0714544    -0.197813   -0.0401723   -0.0825141    -0.140859    -0.106786     0.326746    -0.187921    -0.226116   -0.0580313    -0.203564   -0.0409881     0.154918     0.133835     0.159077    0.0456529    0.0500379   -0.0263787     0.174969    -0.175129    -0.123013    -0.191002   -0.0237451     0.315739   -0.0540604    -0.038893     0.230021    0.0902419   -0.0217156
    0.212856     0.234997   -0.0049078    0.0560238    -0.111518    -0.214853   -0.0768903     0.127391     0.122105    0.0664904    0.0800669    -0.190971      0.15288    -0.214215    0.0944233    -0.261914    -0.195531   0.00603582   -0.0298858     -0.14614    0.0694421    0.0488943    -0.183911    0.0402189    0.0270807    0.0611395     -0.10256    -0.124063     0.226466    -0.078757    0.0694538     0.278111
    0.415428     0.017829    -0.225062     0.116745     0.412331    -0.182867     0.127028     0.136416     0.262665     0.192629     0.253301    0.0615758     0.040742      0.18321     0.122485   -0.0903607    -0.134531     -0.10685    -0.177967    0.0152317    -0.122122      0.06003   -0.0983587    -0.115145    0.0782769     0.174194    -0.197049  -0.00330798   -0.0471083    -0.111473     0.265878    -0.145815
   -0.162676      0.19299   0.00479972    -0.120244    0.0707094    -0.131371    0.0485049     0.102785   -0.0887625   -0.0527744    0.0941605     0.191354     0.167419    0.0600863    -0.107517    0.0584946    -0.213873    -0.102163     -0.04969    -0.218195    -0.103601   -0.0397193    0.0284789    -0.159489     0.149579     0.162953     0.144392    -0.180516    0.0785238   -0.0370413     0.029877    0.0201651
   0.0614276    -0.201933    -0.208719      0.38329    0.0909144    0.0543999     0.163197    0.0605377   -0.0383018     0.342944     0.281382     0.047105    -0.074882     0.156077    -0.114906     0.287287    -0.272785     0.110208    -0.110811     0.253723     0.101608   -0.0369374  -0.00590561    -0.220923    0.0373909    -0.123545   0.00736088     0.235161   -0.0726505     0.151392    0.0962237    -0.119944
    0.236228     0.294056     0.202721    -0.166219    -0.137018   0.00402301      0.24093    -0.315481   -0.0871926     0.129558    -0.132055  -0.00103985    -0.114402     0.025559     0.244883    -0.177099     0.309488    -0.102981     0.329589     0.271896     0.237196      0.41236     0.220693    -0.210748    0.0759279     -0.13774     0.277184    -0.110087   -0.0605625     0.134491    -0.155782    0.0615333
    0.234303    -0.305261     0.035957    0.0589374    0.0877188   -0.0433164  -0.00869232    0.0164108    0.0384731   -0.0522502   -0.0874455    -0.196727    0.0133877   -0.0900674    0.0348351    -0.252313      0.16103   -0.0201945     0.270939     0.245419     0.138156     0.107563   -0.0126001    -0.275783     0.369193   -0.0313756    0.0085827   -0.0712968     0.265107   -0.0508286     0.263279     0.378035
   0.0171972    -0.131046    -0.159994     0.167578     0.103785    0.0310704    0.0728271     0.124383    0.0240472     0.386836    -0.304201   -0.0398264   -0.0252033     0.138877    -0.134037    0.0734639    -0.126217    -0.100089     0.069849   -0.0113211    -0.134429   -0.0415082   -0.0845816   -0.0238969    -0.193664    -0.134333    -0.190234    0.0243892    0.0678317    -0.137073    -0.151533    -0.121638
    0.175045    -0.112994     0.151213     0.029001    -0.250832    -0.190379   -0.0620837     0.135889   0.00934379    0.0136779    -0.110051    -0.144469     0.152015   -0.0564286   -0.0281274      0.13807     0.109913    0.0862623   -0.0731715   0.00523669    0.0840709    0.0165598    0.0337074     0.120883     0.189056    0.0211113    -0.202218    -0.171223      0.16761    -0.292762   -0.0168305   -0.0581996
   -0.128136    -0.239672    0.0362801    -0.119201    0.0459673    -0.109444 -0.000383289     0.241152   -0.0839519     0.082587      0.58139     0.129846    0.0529801    0.0480332   -0.0935973    -0.118059    -0.251086    -0.112864     0.233368    -0.091761     0.147396    -0.106371    0.0463575    -0.277635      0.42848     0.194523    0.0467673    0.0244663      0.26675    0.0769867     0.106707   0.00696838
   -0.165311    -0.149845     0.133523   -0.0828701    0.0858219     0.211756    -0.139678    -0.190996    0.0782473    -0.180545   -0.0113343     0.110144    -0.034829     0.156791    0.0738821    0.0449892    -0.157272    0.0204773    -0.230821  -0.00270145     0.325556    -0.117958     0.115258   -0.0359336   -0.0339028    -0.120024     0.164876    -0.108543     0.114947    0.0350984    0.0447466    -0.025522
  -0.0972268    -0.390609    0.0383775     0.204118   -0.0255534   -0.0604191    0.0903471    -0.191421    0.0869567   -0.0624436     0.266186    0.0728566     -0.42507    -0.113506     0.111626     -0.21639      0.04094    0.0815396     0.294647    0.0146762    -0.077907      0.12883    0.0405137    0.0552204   -0.0235987    -0.156964    0.0334702    0.0489347     0.252024   0.00451279   -0.0509093   -0.0149243
  -0.0668919    -0.166301    -0.360008     0.154639    0.0897292    -0.284458   -0.0237573    -0.141973     0.275388     0.333085     0.291996   -0.0225469 -0.000266002    -0.149723    -0.282599     0.253619    0.0142172    0.0225024    -0.184115     0.284494    0.0637515    -0.133922     0.140936    -0.343086    0.0920763    0.0592475     0.137101     0.050637   -0.0849444     0.169067    0.0678293    -0.142673
   -0.141465    -0.183956    -0.211057      0.26604   -0.0632929     -0.22748    -0.156778     0.162339      0.17161    0.0624023     0.220895    0.0618192    -0.133238   -0.0725047     0.495327    0.0361968    0.0529483     0.264628   -0.0904229    -0.012148     0.234167    -0.371458    -0.168813    -0.209695   -0.0148473   -0.0418266      0.15752     0.143864    0.0302667   0.00874516   -0.0567983     0.159258
    0.143869     0.178551   -0.0212136   -0.0274266    0.0642547   -0.0507705   -0.0738963   -0.0171272    -0.261418  -0.00881006     0.102352   -0.0577772   -0.0531877   0.00486864    0.0189185     0.139189    0.0292906    -0.114389     0.202773   -0.0514162  -0.00765697     0.067733     0.214769    0.0174032     0.191424    -0.131294    -0.221867     0.117078     0.139631   -0.0463686     0.225236    0.0202998
   -0.063732    -0.270213   -0.0593686 -0.000336188    -0.158133    -0.152449    -0.242668   -0.0613089    0.0129727    0.0879098   -0.0213988    0.0619146   -0.0741227    -0.167255    -0.072582     0.107148    0.0222674     0.062046   -0.0698159     0.217353     0.327216    0.0964983      0.19737    0.0295084    0.0117205   0.00487716     0.142537     0.191264     0.295573    -0.176761    0.0834805     0.224882
    0.162568     0.111885     0.065286   -0.0253988    -0.252573   -0.0528959    0.0400928    -0.143409     0.198401    0.0937458    0.0356087     0.182914     0.336769    -0.215438    -0.154359    -0.212232   0.00205667     0.290219    -0.113833     0.211659  -0.00518216     0.238036     0.122724   -0.0302177    0.0328949     0.167731    0.0374686  -0.00491911    0.0334164     0.229705    -0.381246     0.040297
   -0.166061   -0.0582801     0.114033   -0.0013745    -0.128945     -0.34886    -0.322879    -0.204903     0.262695    0.0944962     0.145644      0.13011   -0.0312259  -0.00563294    0.0259904     0.119013   -0.0155533      0.19544    -0.098194    0.0570527    -0.134046     0.200177    0.0199361    -0.294914    -0.256219     0.225061     0.170457     0.388368    -0.279942    -0.233586    0.0754506    0.0355087
     0.11511     0.170901    -0.082155     0.120798   -0.0561917     0.149564     0.202456    -0.024952    -0.204312    -0.113299     0.152488    0.0891023     0.267517     -0.14571     0.116965    -0.321145    0.0294175     0.116131     0.149642    -0.105114    -0.298489    -0.161658     0.163334      0.15826    -0.333736   -0.0596097  -0.00433745     0.215247   -0.0988103    0.0367173     0.129026   -0.0794768
  -0.0528363    -0.264292   -0.0443236    -0.048898   -0.0824635    0.0477336    -0.145572     0.107948     0.157903    0.0787314     0.168624    -0.118971    -0.186178     0.416121      0.34977  0.000367284    -0.154339     0.176362      -0.1132     -0.00505   -0.0906782   -0.0492968    0.0669658     0.155396    -0.221222     -0.26401    -0.361583   -0.0711544     0.260704    -0.107806    -0.150637    -0.250301
    0.147256    -0.170541     0.103837  -0.00938788    0.0278619    0.0614466     0.243577    -0.151595  -0.00376887  -0.00920665    0.0312528     -0.14249  -0.00982883     0.201845     0.187911    0.0822753     0.096659  -0.00530047    0.0962854     -0.20999    -0.117767    0.0563298   -0.0680026   -0.0723254    0.0446525    -0.159499    -0.145019    -0.267194     0.033761     0.187864     -0.10749    0.0372569
    -0.12173   -0.0133808    0.0663963     0.399549     0.378335    -0.399112   -0.0230254      0.10948      0.25295    0.0146475   0.00930996    0.0486607    -0.366696   -0.0393348    -0.202301   -0.0418844    -0.263278   -0.0491011    -0.157439    0.0311606    0.0613125    -0.163064     0.165313     0.203946  0.000968231    0.0923399    -0.162685     0.382673   -0.0372064    -0.236638     0.230619     0.033034
    0.171669    0.0262029     0.345282    0.0308333     0.147337    -0.271505    -0.432714    -0.115855     0.319399   -0.0582519    -0.123105    -0.129179     0.105423     0.153881     0.320468    0.0739604    0.0886352     0.252709     0.169156   -0.0549956      0.21032      0.32154    0.0938201    -0.143013     0.019496    -0.163664    -0.314195    0.0537752    -0.270443    0.0991877     0.101683   0.00733179
  -0.0722216    0.0976014    -0.153397     0.129794   -0.0654703    -0.147126    0.0098642     0.299636    -0.323427   -0.0379385     0.101965    -0.202635    -0.123744    -0.162184   -0.0993152     0.132712     0.171859     0.063811     0.129985     -0.15593    0.0487486    0.0798005    0.0796731     0.211131   -0.0925485   -0.0924134   -0.0427905   -0.0457924     0.255131    -0.112761   -0.0192006    -0.128213
   -0.286122     0.061041   -0.0348315   -0.0220131   -0.0678807     0.191211    -0.249529   -0.0849961    -0.153563    -0.379276     0.310021    0.0106823     0.174804   -0.0107151    -0.101685     0.197317    0.0377456    0.0605479   -0.0341689    -0.132894      0.12995    -0.270318    0.0144015    0.0487785    -0.131498    0.0612315    -0.165911    -0.335682     0.110779    -0.210431    -0.025459    -0.163765
   -0.312394     0.162813    -0.241911  -0.00127045     0.134132     0.141927     -0.06209      0.06406    -0.153173    -0.128069    -0.144863     -0.13797     0.137468   -0.0875368     0.106045     -0.14874    -0.224947   -0.0937357    -0.334812   -0.0912742    0.0286195    0.0981665     0.153242    -0.275728   -0.0749379   -0.0514937     0.185761     -0.28123    -0.112866   0.00816554     0.171625    -0.121724
   0.0968645     0.334502    -0.115713    -0.312886    -0.103167     0.150552    0.0853352    -0.150644   -0.0298753   -0.0518873      0.15991     0.191934   -0.0235409    -0.225673    0.0316843     -0.14097     0.326601    0.0723381     0.100156     0.138656    0.0678789     0.104589    -0.218274    -0.331467     0.161286   0.00792626     0.260743    -0.114511     0.196833   -0.0239629     0.113962    0.0916266
  0.00984654     0.130801    0.0107353    -0.142768     0.222796    0.0755934    -0.220301    -0.255532     0.126045   -0.0706428    0.0125368     0.184159     0.149064    0.0631761    -0.123984    -0.235758     0.238696  -0.00368613   -0.0771284 -0.000306719    -0.514866     0.146336      0.10276    -0.340452     -0.18006     0.203179     0.197455    0.0464162    -0.226415    0.0751666   -0.0917275     0.237725
   -0.232306    -0.132871   -0.0645197     0.259925     0.268952     0.154311    0.0876816 -0.000434608    -0.346301     0.123578     -0.18643   -0.0647484   -0.0312578      0.22483   -0.0661439     0.274758    0.0410221   -0.0984937   -0.0439722   -0.0304641   -0.0638254   -0.0638396    -0.123973     0.026531       0.1424   -0.0357721     0.122786    -0.128391     -0.13966     0.116476    -0.116174    0.0725927
   -0.321772     0.154229   -0.0110872     0.249524      0.22826    -0.095051     0.166945     0.139724    -0.138379    -0.153114   -0.0261158    -0.137084    -0.235329     0.285334    -0.208867   -0.0696966     0.060425      0.15723    0.0124092     0.283095    0.0446189    0.0946012    0.0689432     0.295265    0.0210412    0.0733662     0.214206   -0.0329724    0.0227197    -0.027518     0.189553   0.00418749
    0.387357    -0.049354    0.0538106  -0.00544478    -0.138538     -0.14072    0.0753903   -0.0654522   -0.0616104      0.15818    -0.182204     0.118911   -0.0661498    0.0814829     0.313914      0.06213   -0.0910918    -0.112678    0.0991786    0.0520165    -0.178034     0.269667     0.208408    -0.069103    -0.135547   -0.0905878    -0.220881  -0.00760293     0.101111    -0.133632    -0.297226    -0.238103
    0.168628     0.170465     -0.19963   -0.0359789    -0.273121    -0.274069      0.11811   -0.0867388   0.00872384    0.0335656     0.237285  -0.00176993    -0.115643     -0.33732    -0.176236    -0.119585     0.166581     0.222987    -0.142382   -0.0293023    -0.203419     0.146526    0.0349097    -0.150306    -0.206806    -0.265722   -0.0185595     0.240258    0.0355317   -0.0128949     -0.22181   0.00351387
    0.198629     0.215725    -0.170145    0.0717048   -0.0971438    -0.151989     0.253658    0.0537443    0.0978364   -0.0717552    0.0472035     0.181472    -0.227083    -0.305677    -0.231032    -0.200443  -0.00517775    0.0432082     0.247042    0.0568568    -0.183668    0.0621301    0.0564533    -0.171806    -0.156635     0.186962    -0.226763   -0.0985249     -0.19549     0.201874     0.224848     0.362762
   -0.105148   0.00370963     0.285616     0.127219     0.241518   -0.0436615   -0.0641296    0.0397373    0.0982252    -0.221509    -0.126667    -0.105968    -0.157149   -0.0121978     0.363847    0.0205443     0.109149   -0.0216324     0.104278    -0.220266     0.190128    0.0681119    0.0801473    -0.100555     0.203893   -0.0638198    -0.073641    -0.109882     0.167995    0.0661961     0.254223    -0.206616
    0.175604     0.086499   -0.0413974     0.403201    0.0248331     -0.14113    -0.204884    0.0190019     0.168258   -0.0289939    -0.042886    -0.128326    -0.032721    -0.159207     0.151166    -0.148043     0.135248    0.0122041     0.196178   -0.0674962 -0.000693232    -0.187376     0.210603    -0.274863     0.251112    0.0507621   -0.0390267     0.183758    0.0702137   -0.0283203    0.0271294     0.267232
 -0.00615173   0.00369587    -0.152201     0.195994     0.251484   0.00148706    0.0161643     0.145866   -0.0720328   -0.0201713     0.107439    -0.106453    -0.455002     0.134032     0.326294    -0.290398    -0.277795    -0.217235    0.0156473   -0.0760563   -0.0385091    0.0277958     0.312297    0.0399777   -0.0521805   -0.0519759   -0.0247862    -0.153169     0.392616    -0.089861    -0.173005     0.204771
  0.00575973    -0.209757   -0.0799215     0.053886    -0.159629     0.179489   -0.0280294    0.0306138     0.147366    -0.296715    0.0937771   -0.0374251     0.191786   -0.0841974    -0.176574    -0.329012    0.0643935   -0.0181735    -0.452239     0.130422    0.0632454   0.00152464     0.203626   -0.0869701    -0.351616     0.134524    0.0564104    0.0716273   -0.0938617     0.094871   -0.0344271     0.134074
    0.177293    -0.185636     0.126363    0.0105917   -0.0253551     0.128099   -0.0357237    0.0453452    -0.127144     0.241068     0.132097    0.0888824    0.0832699     0.207527    -0.130296    0.0185029     0.213458     0.265583     0.214281     -0.21163    0.0144797    0.0815657     0.154635     0.068483  -0.00769252    0.0364313   -0.0798892    -0.285809    -0.223801   -0.0859545    -0.133537    -0.104751
    0.165232    -0.166316    -0.158565     0.260949     0.200729    -0.185222     0.109478    0.0502298     -0.30571     0.249221    -0.162413     0.291356   0.00718081    -0.100506   -0.0954934     0.348585     0.110195     0.149955  -0.00555669    0.0924607     0.194373    -0.158677    0.0387533    0.0260409   -0.0572717    0.0878512   -0.0136088     0.189787    -0.231039     0.111278    0.0648252    0.0267634
    0.258932     0.158961     -0.10906    0.0732243   -0.0781117   -0.0686624     0.112623   -0.0425707     0.176422   0.00752203    0.0201358     0.076926    0.0264215   -0.0866684     0.171144      0.18514    -0.135058    0.0063087   -0.0268431   -0.0215279    -0.127991    -0.339609   0.00161731     0.210558    0.0236934   -0.0508241    -0.117685     0.273349    0.0495856    0.0560533   -0.0677389     0.122319
  -0.0395483    -0.104356  7.98359e-05     0.255016   -0.0673393    -0.138242     0.260354     -0.16102   -0.0806602    0.0783575   -0.0380543     0.118388   -0.0370834    -0.026659    0.0613086    -0.111459    0.0823042      0.11451     0.255582   -0.0881751    -0.247714     0.178571    0.0508772    0.0262797   -0.0545597    -0.135038   -0.0225335    0.0175873     0.152769   -0.0909597     -0.17431     -0.23572
    0.162202   -0.0457579     0.208297    0.0560655   0.00731177    -0.410245     0.367836    -0.354704    0.0554593     0.110634     0.073452    -0.138506    -0.276363   -0.0715463    0.0665804    -0.157172     0.145096    -0.114605     0.150612   -0.0295726    0.0321802    -0.107513   -0.0972414   0.00231716     0.182107  -0.00973755    0.0619479   -0.0658504     0.367453   -0.0282917    -0.152082    -0.188706
