    0.143414
  -0.0465595
  -0.0634588
  -0.0191553
   -0.149696
  -0.0905079
  -0.0245529
  -0.0968787
  -0.0806142
   0.0899992
  -0.0871892
   -0.346663
   0.0814396
 -0.00259745
    0.606652
  -0.0421847
  -0.0783762
 -0.00273239
   -0.106202
  -0.0234552
   0.0419133
  -0.0713421
 -0.00378045
    -0.13286
    0.201076
   0.0148858
   0.0639452
   0.0372243
   0.0422728
   0.0477923
  -0.0466016
    0.144827
   -0.032835
   0.0264144
    0.540484
   0.0051957
   0.0508285
   -0.124257
 -0.00758715
 -0.00443554
   -0.172288
  -0.0523251
  -0.0337181
  -0.0508712
    -0.38899
    0.106458
    0.138856
  -0.0205351
   0.0179503
  -0.0549192
   -0.156535
  -0.0451525
  -0.0552642
    0.111459
  0.00990317
  -0.0668138
   0.0284419
-0.000198014
    0.142768
   0.0261086
   0.0628598
   -0.071858
  -0.0704105
   -0.156412
   -0.138412
   0.0126864
   0.0197463
   -0.122666
-0.000312808
   -0.125037
   0.0525003
  -0.0693617
   0.0519653
   -0.198865
   -0.108776
   0.0190422
   0.0886782
   0.0247587
   -0.070615
   0.0295333
  -0.0705776
  -0.0190155
  -0.0110288
  -0.0664361
   -0.309625
    0.103464
   0.0247786
    0.033581
   0.0176272
   0.0516479
   0.0906807
  0.00344594
 -0.00278796
   0.0295459
   0.0506211
   0.0635128
  -0.0700054
    0.342052
   0.0129954
    0.240753
  -0.0469216
  -0.0622003
   0.0165492
   -0.100488
   -0.264391
    0.309329
    0.631679
   -0.110285
   0.0138219
 -0.00983597
   0.0228835
    0.107771
    0.047799
  0.00328294
   0.0683896
     0.17034
    0.106643
  -0.0400034
  -0.0647855
     0.21461
  -0.0131441
   0.0824097
  -0.0505133
  -0.0298601
  -0.0841943
   0.0930993
   -0.898986
  -0.0499189
