  -0.0698165     0.186281     0.407551   -0.0636759     0.129788    -0.151212    -0.384476     0.360376    0.0854072   -0.0175426    -0.392273   -0.0119557     0.153373    -0.238064    0.0764529     0.281641    -0.191024    -0.301654     -0.39958    -0.022927    -0.235844    -0.235673    -0.502418     0.307255   -0.0669878     0.242242     0.072269     0.233593    0.0828598     0.348397    -0.365617    -0.040023
    0.163785     0.112656    -0.223168    -0.109743     0.449805    0.0362179     -0.58371    -0.011004        0.102   -0.0296125    -0.101593     0.286428      0.67189    -0.320104    -0.171672   -0.0816061    -0.187853   -0.0648794      0.37937    -0.136811     0.200273     0.530475     0.188333   -0.0560479    -0.183264     0.174314    0.0184033    -0.488895    -0.254435    0.0937515    0.0349297   -0.0114491
   -0.183851     0.259088    0.0868059    0.0553289    -0.160711   -0.0177665     0.394254    -0.121147     0.247622    -0.186616   -0.0580115     -0.24185   -0.0247838     0.390823   -0.0696011      0.19794     0.392809    -0.320098     0.225734    -0.244961    0.0787123    -0.382816      0.15992    -0.180033    -0.161814     0.139638     0.135328     0.283113      0.57154   -0.0465049       0.2207   -0.0923597
   -0.111029    -0.346288    -0.560428     0.496306      0.11387    -0.237453    -0.299174     0.241136    -0.365235     0.781587    0.0737403     0.327064     0.491114    -0.524236    -0.251182     0.450178    -0.211097    -0.154467     0.403639    -0.059128     0.585159     0.161913   -0.0648565    -0.431847    -0.118744    0.0653617     0.369167   -0.0599536    -0.333813    0.0578234     0.517131     0.106619
   -0.158513     0.374176    -0.337112   -0.0649725    0.0355862     0.743215    -0.301492    0.0583757    -0.119143    -0.273227    -0.273624     0.263668      0.23112     0.122222    -0.136361     0.454287    -0.211489    -0.440975   -0.0386365   -0.0909044    -0.359136     0.440344   -0.0850225     0.248624    -0.212671    0.0864796    -0.112781    -0.350528    -0.174011    -0.124326    0.0027269     0.159001
   -0.984138     0.986882    0.0580296     -0.34376     0.151819     0.414436    0.0377026    -0.357951    -0.513014    -0.324709     -1.16708     0.224998    -0.428333     0.430044   -0.0429218      1.11833     0.465253     -1.01833    0.0685028    -0.523916    -0.344759     0.801417    -0.154232     0.604083    -0.450082    -0.369338     -1.23248     0.476825    -0.363695    -0.817954     -0.17871    -0.995585
    -0.38997     0.233933    -0.401319    -0.231343     0.708884     0.231428      0.20284     0.018534    -0.102242    0.0359659     -0.57095    0.0103848    -0.432973   -0.0769112      0.58399     0.535069     0.149854    -0.574699     0.149479    -0.539583   0.00647423      0.09642     0.541113   -0.0225252   -0.0890344     0.258529    -0.404354    -0.114939    -0.716256    -0.473032     0.647251   -0.0537513
   -0.253084   -0.0179961     0.131573     -0.20293    -0.116557    -0.289007    0.0372449     0.143127     -0.13036     0.128251    -0.035022   -0.0020582     0.287593    0.0961955    0.0596658     0.078588    -0.271664    0.0794508    -0.226918    -0.174856     0.106887    -0.149196     0.105895     0.195076     0.122253   -0.0910118    -0.405284    0.0278065     0.226409    0.0378232   -0.0757202   0.00520899
    0.296767     0.047398     0.155004   -0.0536502    -0.199751    0.0378785     0.195692    0.0804998    -0.050602    -0.122967     0.463933    -0.214439  -0.00160828     0.116806     0.232124     0.266104     0.103906   -0.0889999 -0.000153593     0.160369     0.128459     0.272824     0.166505   -0.0116348    -0.292088     0.111191   -0.0162182     0.196662     0.045411    -0.255144    0.0744246    -0.357783
  -0.0610854     -0.19743      0.10572     0.139994    -0.259009    -0.235428    -0.196407    -0.118825     -0.22889     0.154443     0.166511   -0.0650564     0.233116    0.0768288     0.218499     0.416554     0.133179    -0.363506     0.171664     0.169253     0.382357   -0.0186997     0.246702     0.185784   -0.0901772     0.200753    -0.033351   -0.0610754     0.217279     0.155937   -0.0890448    -0.226687
  0.00888425     0.357799     0.368083    -0.139789   -0.0806815    -0.431243   -0.0420727     0.491246   -0.0457577     0.544465     -0.09287     0.237415   0.00727751    -0.109743    -0.289805    -0.142607     0.294124    -0.564266    -0.191609    0.0395343   -0.0902498    -0.315076    -0.159232     0.479354    -0.321796      0.08898     0.227812    -0.200241     0.268133   -0.0393065     0.282052    0.0199278
   -0.200011    -0.195242     0.266489   -0.0371849     -0.14518    -0.928342     0.122456     0.300361   -0.0971669     0.147172    0.0558165     0.082499  -0.00445256    -0.425158    0.0633979    -0.216365   -0.0166089    0.0438696     0.229995   -0.0827829    -0.245741    -0.942753    -0.647411   -0.0954381   0.00196398    -0.340111    -0.147911      0.07215    -0.326559    -0.042096    -0.235986    -0.658184
   -0.452928     0.163242    -0.459738    0.0462959   0.00221674    -0.106868    0.0826962    0.0860091     0.340508    -0.236715    -0.590825     0.122219     -0.42611    -0.230327     0.434011     0.328906     0.123413    -0.175388   -0.0458013     0.236259    -0.225044    -0.697468    -0.468826     0.143513   -0.0281357    -0.100835    -0.357705     0.022036    -0.186399     0.127695    -0.654399     0.268661
   -0.401879     0.114442    -0.078101     0.218885     0.438826    -0.190706    -0.150722   -0.0203952     0.295818   -0.0606992    -0.267095     0.172905   -0.0321932   -0.0186285     0.269773     0.208007     0.291664    -0.502627    -0.147231   -0.0510142     0.115952    -0.411046     0.267501     0.145797    -0.283897      0.22081     0.109616     0.136781   -0.0848901    -0.027903     0.294663    -0.142751
   -0.160534     0.139206   -0.0174525      0.19282    -0.145791     0.367918     0.200974     0.223822     0.104383   -0.0151858     0.064477   -0.0488314     0.310944     0.385894     0.262654    0.0944798    -0.131718    -0.199841     0.204406    0.0315128     0.128472     0.277064     0.183771    0.0631269   -0.0785024   0.00451659    -0.157149    -0.173348     0.207266    -0.191402     0.236519    0.0514698
   -0.225716    0.0390739    -0.269461    -0.164124    -0.345501    0.0913657     0.131688      0.11756    -0.508077   -0.0364547     0.219596    0.0574881    -0.106089    0.0582257    -0.127522     -0.34154     0.433431    -0.193393    -0.237245   -0.0657122    -0.249921    -0.411583    -0.289609    -0.197781   0.00854712     0.303232   -0.0857437     0.391346    -0.234071     0.324348    0.0245378    -0.157098
    -0.14556     0.284355    0.0471908    -0.206002   -0.0953686     0.258818     0.463805    -0.103584   -0.0565094    0.0814061    -0.148332     -0.34596     0.333404     0.145768     0.439535    -0.047708     0.152645   -0.0772112      0.27537     0.102897     0.238702    0.0407864    -0.210573     0.365993   -0.0423515     0.389538    -0.258478   -0.0309878     0.233335     0.149307     0.390198     -0.27174
    -0.19787   -0.0439939   -0.0291097     0.176209     0.178575    0.0133477   -0.0183186     0.242493     0.109664     0.252448    0.0096803     0.297591   -0.0271914    -0.115457    -0.312568    -0.284454   -0.0837258    -0.342675     0.225474    0.0871622    -0.316334     0.158551    0.0879193   -0.0522611     0.325913   -0.0116347     0.123074     0.373687   -0.0412928     0.181693    -0.253262    -0.292067
  -0.0494665    0.0326956   -0.0467736    -0.168639  -0.00329516     0.733697    -0.186532    -0.143601     0.185065    -0.241542    -0.290905     0.129904     0.121418     0.320853     0.108105     0.240596    -0.374426    -0.540167    -0.132295     0.142233    -0.350478    -0.018898    -0.206154    0.0414529    -0.294411   -0.0744322    -0.136509     -0.36769    -0.245016    -0.330761     0.298523    -0.161774
    0.100303   -0.0823566     0.468288    0.0183128     0.212989     0.257264     -0.27809    0.0339792    -0.341138   -0.0178463    -0.297155    -0.315666     0.445809    0.0356255   -0.0394296   -0.0462943     0.141506    -0.519871    -0.186694     0.087712     0.335441   -0.0253631   -0.0787356    -0.120429    -0.117619    0.0175407   -0.0584807    -0.310837    -0.299764    -0.203783     0.266754    -0.295845
   -0.301786    -0.070019   -0.0188643    0.0342937     0.162773     0.283118     0.105004     -0.30857    -0.340691    -0.434556     0.410844   -0.0532736    -0.185578     0.206109     0.270562     0.156282     0.266087    -0.333114    -0.588089   -0.0648855    -0.328612     -0.48601      0.04448   -0.0630449    -0.123997    -0.540732    -0.286273     0.151895     -0.27597     0.131393    0.0500105     0.163788
    0.105438   -0.0113302   -0.0746587     0.194946    -0.181896     0.272552   -0.0292038 -0.000566217       0.4637    0.0781532   -0.0986043    -0.483751     0.152358     0.515708     0.213298     0.162877      0.03758    -0.286312    0.0415263    -0.102568     0.272897    -0.114387     0.179904     0.135181   -0.0829448     0.241213    0.0557535   -0.0961905     0.476258     0.168646    0.0799355    -0.229605
   -0.248537     0.210587    0.0282353    0.0211252    -0.393747     0.108146    -0.309821     0.050551     0.314533    0.0361866     0.407451   -0.0051148     0.286425     0.250444     0.185398     0.151424    0.0353645   -0.0364317   -0.0975244   -0.0965398      0.33962    0.0601602     0.288431     0.216705    -0.295915     0.091314   -0.0216408    -0.263015     0.472899     0.221733      0.12777    -0.233615
    0.160669    0.0781724    0.0611139      0.63865    -0.373533     0.168513     0.786691    -0.365735     0.491481     -0.12876    -0.264611    0.0906901     0.467812   -0.0715835     0.575389     0.187354     0.101272    -0.139401     0.404195    0.0826368     0.464155     0.160904     0.217494   -0.0432599     0.616918   -0.0968364      0.29266    -0.218288     0.260294    -0.230606     0.224515    -0.286773
     0.52493       0.1476      -0.5189     0.439664    0.0546122    -0.338057     0.253866    -0.164375   -0.0751076     0.226006    -0.139141    -0.433628     0.718072   -0.0471944     0.144927      0.22845     0.553607     0.127904     0.572348     0.284674     0.146181     -0.64746     0.206531    0.0412352    -0.137199     0.537638     0.389215    -0.607077   -0.0835426     0.181435    0.0250377    -0.292955
    -0.32259     -0.29176     0.157768     0.157769     0.153515   0.00312779   -0.0645573     -0.28715   -0.0674307    -0.170531    -0.190105    0.0359395     0.230015     0.243944   -0.0767434     0.182614     0.214887     0.270607  -0.00344269     0.110158     0.131731     0.228623     0.135693     -0.26009    -0.185823    0.0304866   -0.0648287    0.0403506     0.109533     0.170879    0.0764315     0.293894
   -0.343244     0.581001     0.693801     0.256334     0.201423     0.694413    -0.245939     0.291681    0.0529632    -0.315301    -0.260776   -0.0758297     -0.23852     0.312775     -0.20039     0.389105    -0.573294    -0.722027    -0.523319    -0.354147   -0.0894542   0.00261675      0.35615      0.10884    -0.371933    -0.144183    -0.423437    0.0653068     0.337317    -0.745749     0.417704     0.189338
   0.0284575    0.0328199   -0.0171542    -0.112582     0.420668    0.0195912    -0.103679     0.150918    0.0405976    0.0265616    0.0455508     0.198646   -0.0193758    -0.112371    -0.211403     0.275324     0.086161     0.186649    -0.281149    -0.262539     0.206092    0.0339936    0.0511978    -0.203217    -0.124665    0.0918082     0.388743     0.324343     0.140633   -0.0495236     0.160145     0.105203
   0.0467574    0.0563549     0.426738     0.159405   -0.0539319      0.27342     0.204006     -0.16011    0.0758013     0.131148     -0.10973   -0.0663669    -0.114212    0.0424786     0.152173   -0.0627189     0.203975    -0.411833   -0.0417828    0.0674171    -0.026382    0.0877946    0.0897006    -0.236957     0.151652    -0.326843   -0.0625772    0.0640841    0.0206231    -0.203809     0.357792    -0.322988
  -0.0955159    -0.177068    0.0593868     0.230547    0.0674534     0.369429    -0.169348      0.21528    0.0406552    0.0153332     0.067537    -0.400097    -0.160028     0.392266     -0.15701     0.317492     0.208339     -0.15569    -0.121163   -0.0657185     0.121844    0.0698062     0.302941     0.374209    -0.132727      0.23119    0.0276253     0.107585     0.316357    -0.204496     0.461541     0.093147
   -0.232698    -0.195616     0.176596   -0.0310201     -0.30913   -0.0820609     0.409265   -0.0421576    0.0195445     0.334334     0.268605      0.10984     0.326961    -0.162874      0.37844     0.232413    -0.125749     0.240128     0.511009    -0.152455  -0.00557073    -0.113343   -0.0233525     0.211108    -0.195661  -0.00268886    -0.387676     0.118354     0.199132   -0.0287358     0.201184    -0.502245
   -0.108179     0.220142     0.370272    -0.108953    -0.511099   -0.0280537    0.0918258    -0.350329     0.281387    -0.232461    -0.109496    -0.055908    0.0741619     0.550084     0.438703     0.286478     0.250239   0.00746375     0.147484    0.0610053    -0.060397    -0.142325     0.269399     0.166271    0.0921034     0.356221    0.0141806     0.735623    0.0526458   -0.0402675     0.251425    -0.142739
    0.125249     0.259523     0.205727   0.00106809     0.203547   -0.0314594    0.0321909    -0.138631     0.312752    0.0682762     0.137545     0.106309     0.138825    -0.114119     0.454267    -0.105075    -0.240606    -0.122841   -0.0923146    0.0425077    -0.190508   -0.0508469    -0.318735   0.00446166    -0.178965     0.239716    -0.144088       0.1135    0.0757089    0.0165749    -0.107677    0.0926693
    0.214329      1.07582      0.23481     0.808895     0.406696     0.651722      0.50436     0.306686    -0.163607    -0.561756    -0.689906     0.175139     0.370249   -0.0956203     0.666675     0.358109    -0.662433    -0.347242     0.420306    -0.118507     0.330174     0.746111     0.336256     0.340578    0.0995227    0.0127072     0.365496    -0.566214    -0.131049    -0.258042      0.11239     0.319869
  -0.0106513     0.137424     0.533712     0.175766    -0.109668    0.0837065    -0.302777      0.70076     0.414099     0.510489    0.0457349    -0.288495     0.329954  -0.00520506    -0.237944     0.639579    -0.034333    -0.411092    0.0180225    0.0146935     0.102474     -0.18749    0.0645904     0.418324     -0.61022    0.0145292     0.010203    0.0375259      0.21111    -0.310984     0.511351    0.0722645
  -0.0959651    0.0835797     0.282389    -0.150971    -0.265517    -0.062966     0.311881     0.188553   -0.0898905   -0.0599867     0.183795     0.219232    0.0295044    -0.122881     0.182203     0.247625    -0.128227    0.0848131    -0.200285    -0.194616    0.0267147    -0.118696      0.19741     0.229042    -0.267372   -0.0545848    0.0934405    -0.111388     0.123015    -0.410078     0.126128   -0.0944457
    0.180612     0.380962     0.202777     0.325118     0.465785     0.646425    -0.160155    -0.154409    -0.390382    -0.589734   0.00557435    -0.101452     0.411338    -0.052276    -0.100867   -0.0649771   0.00183954   -0.0374179     0.014251    -0.218388    -0.251346    0.0621921    -0.309607    -0.250656    -0.410779     0.354937    -0.414249    -0.781197    -0.254278    0.0333839    -0.140176     0.324175
    0.156735     0.492584     0.057364    0.0638778    -0.106089    -0.091202     0.086066     0.163571     -0.15688     0.247912    -0.191214    -0.398253   -0.0248621         0.23     0.126479     0.349253      0.60337   -0.0980423     0.736033     0.206453     0.147365    -0.342418    -0.342865     0.304795     0.213917     0.204385    0.0824058     0.124541     0.143088    -0.320362     0.101077    -0.439084
    0.018165     0.217076     0.269885   -0.0787087    -0.212525    -0.137566    0.0586016   -0.0141582   -0.0624672     0.176614    -0.209802    0.0550638     0.160797   -0.0551536    0.0778667     0.177149   -0.0459139    0.0644328     0.219511     -0.19238   -0.0498656    -0.281733    -0.381588    0.0675747    -0.492303   -0.0011378    -0.489234    -0.106212    -0.380814     0.332889    0.0656517    -0.303171
   -0.194496    -0.276861    -0.174579     0.185023    -0.393337    -0.396451    -0.115859    0.0528774    0.0292953     0.155641     0.129653    -0.334182   -0.0265525   -0.0846028    0.0204413     0.438697     0.233988     0.136756    -0.421624     0.236489    0.0743709    -0.559711    -0.194916    -0.167913    -0.102559    -0.118697     0.418434    -0.340848    0.0866905     0.204638    -0.289579     0.365007
   -0.209934     0.323142     0.199122     0.166512     0.245047     -0.21124    -0.302449     0.378032    -0.166378     0.296633    -0.825246     0.183389     0.323357    -0.158311    -0.088729   -0.0010263   -0.0482408    -0.681941     0.119175    0.0790824    -0.144012    -0.168765    -0.337522   -0.0917158     0.206053    -0.316404   -0.0836387    0.0222101     0.219429    -0.217859   -0.0604444    -0.169737
  -0.0189271     0.230301    -0.126198     0.228237     0.353158     0.596641    -0.237682   -0.0959359    -0.358626     0.368835    -0.186769    -0.190304     0.218277    -0.128432    -0.010391      0.18192   -0.0683459     -0.01915    0.0879299     0.238535     0.210993     0.305304   -0.0452157     0.102475   -0.0657748     0.207173   -0.0984021    -0.430321   -0.0923699    -0.294843      0.12138    -0.021186
   -0.243178    0.0827154    -0.670752      0.18099     0.190602    -0.399667   -0.0393051     0.124523   0.00627946    -0.124905     0.198283   -0.0740033   -0.0908493    -0.200422     0.253145     0.678887     0.210909    -0.313914      0.29204    0.0911059     0.272187   -0.0747344     0.163246     0.896003    -0.721342    -0.255396    -0.213763    -0.288379    -0.636171     0.473552     0.285867     0.305151
   -0.013882      0.12184     0.491764    -0.148594   -0.0357667     0.143811     0.108559     -0.13592    -0.162973    -0.116327     0.112193    0.0808407    -0.101581     0.389244    -0.150935     0.156678     0.219882    -0.156503     0.217647   -0.0813487   -0.0653459    -0.182415  0.000347241   -0.0426585     -0.36165      0.46095    0.0111121     0.148186     0.272666   0.00519595   -0.0203159     0.120453
   -0.316099    -0.404859     0.169065   -0.0688909     0.193366     -0.31974    -0.238283     0.319171    0.0237006   -0.0889702   -0.0621365    0.0141894     -0.13279     -0.23045     0.113141        0.041   -0.0770917     0.144682    -0.109692   -0.0148566   -0.0893843   -0.0885399    -0.315983    0.0496095    0.0459126    -0.306949    -0.253952     0.432802    -0.431832     0.434795     -0.13846    -0.220333
  -0.0773888   -0.0173468     0.391851    -0.186856     0.225931    -0.242824   -0.0156028    -0.259484     0.193696    0.0226676    -0.475126     0.068731      0.25913    0.0996485    -0.205033     0.384607     0.643068    -0.218779   -0.0749659   -0.0793054    -0.126728    -0.322075    -0.361187   0.00776304    -0.081662      0.24887   0.00422884     -0.21963     0.317546    -0.294721     0.262589    -0.492721
    0.260647      0.14237      0.26071     0.140972    0.0605231     0.112584    -0.192106     0.063819    0.0792486    -0.119873    -0.167803   -0.0918816    0.0654627  -0.00500186   -0.0145389     0.238259      0.23925    -0.225337    0.0170725   -0.0764498     0.149306     0.160844   -0.0639707     0.205642   -0.0298654     0.279382   -0.0567155     0.365321    0.0779033  -0.00676411    0.0446776   -0.0425553
  -0.0563895   -0.0341887    0.0185561    -0.132568     0.410045    -0.514976   0.00792867     0.245713    -0.084643  -0.00444092     0.465823     0.239541     0.195847    -0.243253     0.130557     0.126522    0.0680319     0.120403    0.0714129    0.0407474     0.148796   0.00845394    0.0453006     0.117672    -0.429313     0.309517    -0.130252    -0.101975   -0.0518113    0.0152247     0.163714    -0.255775
   0.0208724    -0.184493    -0.223879     0.226427    0.0336922    -0.266351    -0.139299     0.456136     0.114564     0.420121   -0.0530215   -0.0528848     0.241944    -0.181756     0.271579  -0.00221516    0.0898759    -0.322065     0.205162    -0.357366    0.0787282    -0.452314     0.226347     0.006052    -0.556357     0.415079     -0.19397    -0.030349   -0.0575251     0.398201      0.38244     -0.18399
   0.0419539     0.668159    -0.813448     0.165358     0.128849     0.310271     0.155799      0.11343    -0.109484    -0.101646    -0.791469     0.380091   -0.0349154    -0.249496     0.213894     0.668031    0.0558672     -1.16164     0.286102    -0.420422     0.169967    0.0543398     0.226324     0.382746    -0.519778    -0.127404    -0.563261    -0.208844     0.146309    -0.101828     0.346534    -0.180097
   -0.885793    -0.148075    -0.888612     0.390107     0.343626    0.0707495     0.131322     0.864153     0.289563     0.745539    -0.348205     -0.28334    -0.276835     -0.35599     0.399656     0.703323     0.392598     -1.13825    -0.372457    -0.876229    -0.110623    -0.188273     0.286711      0.68489    -0.708358     0.159034    -0.425683     0.098819     0.106408    0.0341583     0.909703    -0.325441
    0.327554     0.243778     0.335065     0.366012     -0.17294   -0.0992447     0.098601     -0.32531   -0.0986937    -0.112926     0.301663    -0.248121     0.221059     0.269757    0.0518828   0.00362069    -0.072872    -0.527876     0.480782     0.109407     0.109985   -0.0950406    0.0717342     0.228743    0.0792132     0.155672      0.29478    0.0753954      0.22532    -0.113642     0.116508    -0.146426
   -0.391581     0.566008     0.226872   -0.0350527   -0.0594104   -0.0818592     0.171909     0.200852   0.00430829    -0.421879    -0.396348     0.499658    -0.512819     0.151468     0.247361     0.247131    -0.278684    -0.588905    -0.368758    -0.492083    -0.163264     0.028052   -0.0540151     0.496307    -0.481559    -0.907191    -0.416615     0.288494    -0.112717    -0.225817    -0.132529   -0.0862179
   0.0911655     0.202401   0.00100808    -0.225683     0.258786   -0.0480096    -0.260804      0.20318   -0.0788945   -0.0334813    -0.250003      0.04908     0.234757    0.0860744     0.143623     0.347476     0.301001   -0.0172351    0.0499181     0.269572      0.12501     0.205085    -0.124617    0.0659489    0.0237773    0.0326101   -0.0598686    -0.208232      0.26849   -0.0296327    -0.122977    -0.203682
   -0.141375    0.0828739    -0.315309     0.322793     0.191782    -0.432675     0.191102     -0.19778    -0.325712    0.0751408     0.226362     0.104882    -0.118815    -0.578426     0.101692    -0.189383    -0.100353     0.245276    -0.277849      0.15592      -0.3476     -0.18889    -0.259044   -0.0956799    -0.120334     -0.16872     0.228684    -0.313051   -0.0700528    0.0771552    0.0444253    -0.110512
   -0.401319    0.0769961     0.529871     0.510966     0.290744   -0.0941988     -0.24184     0.134291    -0.202914     0.264358    -0.331832    -0.290716     0.466871    -0.366871     0.274798    -0.193383     -0.25857    -0.656778    -0.523551    -0.328026   -0.0184103    0.0178521     0.536782     0.299038    -0.445404    -0.228103    -0.414473    -0.371697     0.279197     0.193193     -0.36135     0.229965
    0.226892     0.222807     0.362207     0.370177     0.241286    0.0248561    -0.034164    0.0281699     0.258256     0.186759     0.276646    0.0631724   -0.0739622   0.00245004    0.0653862     0.321241   -0.0331713    -0.272041    0.0946876    -0.270736    0.0203202     0.153264    0.0576119     0.113246    -0.469564   -0.0805471   -0.0383241    -0.183158    -0.310524     0.163104   -0.0318731   -0.0405276
   -0.135611    0.0696828    -0.182666    -0.024944     0.244124     0.474149   -0.0164103     -0.16689   -0.0529327    0.0483276    -0.238577     0.479536   -0.0375938     0.441301    -0.101043     0.207727   -0.0165334    -0.101846    -0.252719    -0.205264     0.220968    -0.260716    0.0649363      0.19704    -0.157444    -0.168205    -0.144067     0.143857    -0.267975    -0.321456     0.402036      -0.1606
   0.0591531     0.315643     0.185547     0.307043     0.181716     0.241415    -0.232904   -0.0500465     0.365711    -0.516975   -0.0952319      0.31282    0.0506363      0.30695   -0.0761674    0.0961776    0.0973117    -0.617365    -0.218827     0.169963    0.0359907     0.128316    -0.100066     0.446159    -0.244282    0.0430664    -0.107437    0.0107563     0.217549   -0.0908242    -0.137841     0.139484
   0.0601178    -0.120884      0.21052    0.0770908    -0.363191    -0.247385    -0.354127     -0.12305     0.383592    0.0601714   -0.0474053    -0.464776   -0.0455967      0.27317     0.164372     0.130894     0.458359    -0.170297    -0.196612   -0.0234135    -0.187758     0.103013    0.0243033    -0.241264   -0.0205381    -0.492853    -0.135804     -0.40569     0.316169       0.3891    -0.157633     0.129286
  -0.0892464     -0.25812    0.0870158     0.061347   -0.0584381     -0.17627   -0.0709566     0.159032     0.149868     0.214708     0.228293   -0.0488052    0.0750155    -0.290526   -0.0348973   0.00866513    0.0569528   -0.0650871     0.100809    -0.125221    -0.210946    -0.296745    -0.337213    0.0480018  -0.00745567    0.0295865    -0.281132      0.13136    0.0439498       0.1433   -0.0473693     -0.19237
   -0.496346     0.430729     0.947984       0.1114    0.0101015     0.532939    -0.326065   -0.0834238   -0.0486794    -0.495304   -0.0826065   -0.0714252    0.0916895     0.689627     0.430555     0.573541    0.0291439    -0.291266    -0.391366    -0.195533     -0.21673    -0.125818   -0.0559918     0.309061    -0.239567     0.378434     0.075921    -0.198757     0.490102    -0.118939    0.0196243      0.14466
  -0.0239739     0.152134     0.369886   -0.0317123   -0.0970311     0.263856    -0.243809   -0.0486645     0.130663    -0.333557    0.0882496    0.0779996    0.0354155     0.152236    0.0658853     0.172396   0.00648941    -0.209356    -0.267311     0.151875    0.0316402    0.0476024  -0.00512815    -0.021016    -0.368602   -0.0523672    0.0365844    -0.261684   -0.0488263     0.225411    0.0463809   -0.0429461
    0.187491    0.0211289    -0.351174     0.211839    -0.043016     0.290889    -0.213019    -0.278214     0.123328     0.109596     0.231341   -0.0620703   -0.0464341    0.0525428     0.121413     0.655808    -0.167662     0.184656     -0.26764     0.269699     0.169465     0.254554     0.475275     0.498699    -0.593102   -0.0140968    0.0965489      -0.2888     0.147692    -0.213549     0.118167    0.0704926
   0.0365836     0.138919   -0.0266338     -0.20024   -0.0127316    0.0368516    0.0500717     -0.20605     0.114223    -0.183201    -0.226243   -0.0745761    0.0514933    -0.120176     0.375926   -0.0741401   -0.0678731    -0.369599     0.196989   -0.0658068     0.285274      0.21798    0.0270868       0.0417    -0.176332    -0.149531    -0.341841     0.243765    -0.149348    -0.100432    -0.105121   -0.0251941
  -0.0135892     0.136713    -0.229837   -0.0686086    0.0494241     0.134622     0.166169   -0.0871503    -0.220797     0.206514     0.253212    -0.093659     0.196976   -0.0395677     0.229276     0.423626    -0.111992     0.138778     0.173487  -0.00179215    -0.288243    0.0951745     0.339971   -0.0848014   -0.0673428     0.397167    0.0358935   -0.0157853    0.0479001    0.0940122     0.306146    0.0418263
   -0.379908    0.0445646    -0.419419     0.207572   -0.0996348   -0.0882131     0.208386   -0.0572081    -0.220558     0.152507   -0.0541155    -0.111535     0.251014    -0.106348     0.215012     0.316017     0.308681    -0.378321      0.31654     0.105974   -0.0784415   -0.0992263   -0.0839381     0.350259    -0.120167     0.323953    -0.434802    -0.259338    0.0832144    -0.223039    -0.185801    -0.198297
   -0.610578     0.297354     -1.04782    -0.217022     0.322389   -0.0813615    -0.475697     0.471932     0.320779     0.356813     -0.49686    -0.207429    -0.765636    -0.107552     0.459925      1.12502     0.540463    -0.936434    -0.779417    -0.232516    -0.164815    -0.534918    0.0600109      1.26982     -1.29705    -0.108265    -0.632157    -0.238947    0.0401878    -0.350807     0.705873     -1.16867
   0.0737504    -0.131086     0.137444     0.113842    -0.194879    0.0304648   -0.0555004    -0.135198    -0.114868     0.137787    0.0544037    -0.049326    0.0898086   -0.0627462     0.154644    0.0184744   -0.0863925   -0.0275494     0.344827    -0.187585      0.19949    -0.175696    0.0964436      0.17889    -0.097705    0.0830736   -0.0744878     0.161451   -0.0519176    -0.106398     0.137662    -0.129532
    0.203705   -0.0774654    -0.046687    -0.168941   -0.0218128    -0.272552     0.284285    0.0982254   -0.0623006      0.36393     0.147768    -0.242241   -0.0592741    -0.389366     0.130486     0.022154     0.201152     0.179456    0.0117496    -0.127326   -0.0322268    -0.251012    -0.158426   -0.0214505    0.0171886    -0.165739     0.133569    0.0725212    -0.120642     0.338298    0.0765547   -0.0930704
   -0.154701   -0.0183536     0.474753    -0.189536    -0.111365    -0.219597   -0.0725333     0.104416     0.264958   -0.0125362    0.0851667    0.0456136     -0.17925   -0.0319276    -0.323898     0.309133    -0.302242    -0.423778    -0.268463     0.265987   -0.0593997     0.297436  -0.00795756     0.109673    -0.442216    -0.109292    -0.189703    -0.312444     0.127465     0.301661    -0.214143     0.305405
    -0.16033     0.691599      0.66735     0.283202    0.0213967     0.380478    -0.146432     0.210199     0.329631    -0.243965    -0.311096     0.261965   -0.0625771     0.624623   0.00599736    0.0905167    -0.124083    -0.212212    -0.330584    -0.101329    -0.390326    -0.648015    -0.116927   -0.0832989    -0.198747     0.195342     0.182039    -0.419318     0.206166    -0.462855    0.0297667      0.12833
    0.143875    -0.419302    -0.159617    0.0971733     0.071083     -0.36618    -0.161004    0.0599143   -0.0693768    0.0850338    -0.179561     0.174568    -0.202354    -0.284091     0.384982     0.119086     0.262472      0.18712    -0.258314    -0.308683    -0.626679    -0.367446    -0.205933   -0.0785658   -0.0528012    0.0504116    -0.303294    -0.109802    -0.388692     0.050519    -0.310374    0.0378393
   0.0148348     -0.16772    -0.203659      0.23383    -0.296889    -0.209737     -0.13249     0.257088    -0.122935     0.188931     0.291686     0.139217    -0.131576     0.103304    0.0169289    0.0669664   -0.0452547    -0.314536     0.184901    -0.212547    0.0978027     0.126826   -0.0186147     0.199535    0.0836781     -0.11352   -0.0178297     0.114492     0.046662     0.281552     0.462531   -0.0338907
   0.0112917   -0.0190103    0.0988737     0.114246    0.0130545    -0.118587    -0.159762    0.0733747    0.0655103     0.155463     0.188007    0.0947677     0.385758    0.0886552    -0.206235    -0.181947     0.298311    -0.100028  -0.00373055     0.251953    -0.163306    -0.114886    -0.208083    0.0744687    0.0272744     0.192508   -0.0287485     0.217911     0.350936     0.233616   -0.0154316     0.158203
   -0.260024     -0.12605   -0.0704363   -0.0987712     -0.22666    -0.248304     0.147197      0.46735    0.0575885     0.642916     0.345035    -0.700651    0.0710682     0.075759     0.483363    0.0144665     0.255706    -0.192135     0.478722     0.109635     0.295297    -0.375889     0.334856    0.0621965    -0.436265     0.241493    -0.330551    -0.184812      0.37013     0.250142     0.286517     0.230217
   -0.303951   -0.0670851   -0.0527431    -0.255386     0.252272    -0.123288    -0.249052   -0.0126945    0.0417726    -0.151809    -0.265675     0.201312    0.0412041    0.0727363    0.0814018    -0.041658    -0.158897    -0.250189     0.220021    -0.381864    0.0160307    -0.297022     0.114882    -0.202095   -0.0966349   -0.0746926    -0.413576     0.359633    -0.199208    -0.341838     0.293199     -0.17873
    0.175077      0.37688    0.0720544    -0.104725     0.187154     0.402162     0.140024      0.12221     0.432711   -0.0950121    -0.275573   -0.0760839     0.297604     0.276181     0.176296    -0.099952   -0.0333271    -0.197213    0.0959842    -0.175093     0.566008    0.0596108    0.0871302   -0.0688504     0.117756    -0.162491     0.262936      0.13229     0.354966    -0.027712     0.538597   -0.0815285
  -0.0117044    0.0369197      0.07297     0.283739    -0.266341    -0.122659     -0.24282    0.0640788     0.225264     0.040386      0.46824   -0.0392722     0.301419   -0.0565329   -0.0316851     0.354228    0.0705472   -0.0181003     0.405788     0.128886     0.450212   -0.0494716   -0.0695072     0.196635    0.0493632     0.520178     0.253908     0.206042     0.149185     0.119423     0.495951    -0.019723
    0.167513    0.0944195    0.0838745   -0.0413611    0.0151079   -0.0487585    -0.267621    0.0723711    -0.233803     0.189909   0.00935757     0.227695    0.0482282   0.00678086   -0.0318247    -0.214541    0.0516184    0.0749279     0.157981    -0.466617   -0.0983085    -0.119537    -0.122402   -0.0802541    -0.149825    0.0609888    -0.276528    0.0991968    -0.298018     0.339698     -0.08068   0.00271604
    0.182558    -0.101781     -0.17133    -0.139211     0.487268    -0.372022     0.316465   -0.0632712    -0.169086    -0.210442     -0.13733     0.368445    0.0750774    -0.298362     0.292154   0.00137701   -0.0732251   -0.0492916    -0.377716    -0.413208    -0.124293     0.356902    0.0748331   -0.0157943    -0.138812     0.147862     -0.26079    -0.108239    -0.174824    -0.165555     0.135509   -0.0452756
    0.226519    -0.190084   -0.0923008  -0.00971484      0.60119    -0.120845      0.12667     0.325608    -0.041891    0.0999228      0.33653    -0.319808    -0.286396    -0.280282   -0.0570999   -0.0546067     0.229778    0.0580893     0.104898    0.0122834     0.151841  -0.00698951    0.0622417    -0.201219    -0.229654     0.558125     0.120466    0.0569909    -0.180971     0.226913      0.32909    -0.162895
    0.305491      0.46523    -0.111721     0.237356     0.318757     0.508756    -0.230266     0.198599    0.0295746     0.261742   -0.0204808    -0.235375     0.151758    -0.140931     0.188258     0.140945     0.109743    -0.435072     0.300226    0.0694427     0.253493     0.328293    -0.115663    0.0682889   -0.0883161     0.113395    0.0971357    -0.328032   -0.0580046     0.305926     0.239287    -0.252124
   -0.768039    0.0659241    -0.674042    0.0642877    -0.200902    -0.392206    -0.367896     0.477366     0.697413     -0.27845    -0.423116     0.605849    -0.166251    -0.406104   -0.0052011     0.443106     0.324421     0.126147    -0.290225     0.432365   -0.0446189     -0.54385    -0.553823     0.386905    -0.583111     0.143628    -0.213352    -0.690962     -1.01335   -0.0313571    -0.953673     0.169296
   0.0548999     -0.20441     0.072277     0.098202     0.577998    -0.277851     -0.10359    -0.298483   -0.0746724    0.0418639     0.349323    -0.183731     0.121149    -0.062774    0.0197807     0.208676     0.400498    -0.082966    0.0803645   -0.0657964    0.0694223   -0.0534005     0.128575   0.00809648    -0.139335    -0.347213   -0.0972638     0.253938    -0.152888     0.317474    -0.172734    -0.207794
   0.0873449     0.152416    -0.188489    -0.100324   -0.0294344    -0.286158    -0.063995     0.240312     0.296322     0.104289     0.114309     0.186895    -0.282737    0.0331784     0.189574    0.0825845    -0.160468   -0.0106713    -0.196086    -0.215798    -0.110681    -0.129759   -0.0458998     0.132938   -0.0646919     0.154801     0.353294    -0.210263    -0.100738   -0.0693713    0.0542525     0.113159
     0.31047     0.284886    -0.363502     0.201847     0.386015    -0.376485     0.229975    0.0323935    -0.164841     0.220434    -0.204641     0.214036    0.0665958    -0.573555     0.411492     0.489529      0.15711     -0.36112    -0.102228    -0.345306     0.250145     0.467211     0.378735    -0.160611    -0.126798     0.557251   -0.0972235    -0.077533    -0.171927    0.0682402     0.573725    -0.255933
   -0.150401    -0.220822     -0.15861    0.0535089     0.339933    -0.134882    0.0479111     0.259435    0.0649112    0.0625662     0.209522     0.214596    -0.235302   -0.0581004      -0.0422    0.0107547     0.180883    0.0668629    -0.335869  -0.00825799  -0.00153132   0.00274023     0.228253    0.0745588  -0.00615826    -0.193866    0.0839826   -0.0374714    0.0463428     0.254422    -0.151319   -0.0034457
   -0.179955     0.161858     0.340509    -0.358738    -0.141932     0.194356     -0.26028     0.155626   -0.0354117   -0.0740861    0.0820872     0.139037     0.217436     0.685744  -0.00441976    0.0610602     0.152763   -0.0657691     0.312371    -0.016962     0.364889     0.163474     0.135398     0.223766    -0.200643     0.156513    -0.272539     0.156592     0.278704    -0.105487     0.023125    -0.333252
    0.104999     0.266137     -0.13241    0.0752452   -0.0130725     0.543889      0.28283    -0.286025    -0.105684   -0.0859164   -0.0600296    0.0695584     0.217331    -0.101368       0.4668     0.227302    -0.242796    -0.141433     0.191871     0.174022    0.0579793     0.525546     0.255939     0.392801   -0.0121995   -0.0303217    0.0547535    -0.219494    0.0270834    0.0471367     0.243072   -0.0272346
   -0.173928    0.0157046    -0.162782  -0.00290705     0.446081     0.193413     0.600485     0.220576    -0.438519    -0.182725    0.0702838    -0.450483     0.204135    -0.343277   -0.0413667   -0.0230823      0.10239     0.312726    -0.379276    -0.277001     0.267587     0.123712     0.592579      -0.3206     0.115456      0.24449    -0.116242    -0.326426      0.17166     0.216199    0.0806877    -0.223115
   0.0403491    -0.395778    0.0274448    0.0701786      0.17792    -0.233223     0.266414      0.11374     0.119923     0.306249    0.0690731     0.221253   -0.0811269   -0.0542389     0.358446    -0.246504     0.223409   -0.0511692     0.209901    -0.042988    -0.253096    -0.134127    -0.264217     0.153051    -0.024693   -0.0908455    0.0388451     0.229296   -0.0416858   -0.0422903     0.120129     -0.29903
   -0.238649    0.0663035     0.365912    0.0545356     0.330573    -0.181601    0.0152825  -0.00126696    0.0392878    0.0305365   -0.0318207    0.0953177     0.205881    0.0903479    0.0947842    0.0580596    0.0198056    -0.523678    -0.208252     0.290792   0.00584487    -0.329365     0.331462    0.0287054    -0.166613    -0.130238    -0.551811     0.321758    -0.210063    -0.226535    0.0410407     -0.15544
    0.205776    0.0971302    -0.327238    0.0186225    -0.233172   -0.0254394     0.631222    -0.142408    -0.184015    -0.224747   -0.0454726    0.0322451     0.222585     0.150614     0.275788     0.247738    0.0852814    -0.020059    0.0799251       0.1919     0.115703    -0.223715    -0.121106    -0.135549     0.201332   -0.0042282     0.145584   -0.0251465     0.120761     0.221649    -0.252922   -0.0386754
   -0.267955    -0.108453     0.153232     0.051926    -0.384864    -0.641714    -0.146387     0.262959    -0.100985   -0.0185379     0.130093     0.262539    -0.135452    -0.107866    -0.385424     0.137946    0.0187996    -0.187776    -0.024877     0.044452    -0.169664    -0.449078    -0.525372     -0.22894   -0.0681724    -0.110478   -0.0526936     0.188488    -0.328033    0.0951935    -0.529654    -0.102787
   0.0712981     0.371248     0.480021     0.147937    -0.207827   -0.0902406   -0.0314558    0.0349285     0.104161    0.0441549     -0.23383    0.0369689    -0.012644     0.229866     0.161482     0.125349    -0.127669    -0.303095    -0.214072   -0.0519836    -0.075163    -0.286218    -0.143498    0.0787586     0.193549     0.209195   -0.0848153     0.374152     0.213994   -0.0485966    0.0829527    0.0620718
    0.180872    -0.186426    -0.171873    -0.183169     0.651454    -0.275417     0.121235     0.212106    -0.600672     0.499886     0.448935    -0.026339     0.260411    -0.537984   0.00859764    -0.096401    0.0109887     0.406536    0.0219333    -0.581221      0.30235     0.181635    0.0320947    -0.154904    -0.444586     0.538796   -0.0143779    -0.631214     -0.51662      0.25283    0.0668006   -0.0519606
  -0.0263711   -0.0756121    -0.100732    -0.197167   -0.0317975   0.00328732    -0.050085    -0.105576      0.15455   -0.0567021   -0.0255483     0.142938    0.0615888    -0.048645    -0.106677    0.0604679    0.0393896    -0.328484   -0.0981258 -0.000862312    0.0153562    0.0761754     0.055921   -0.0134556    -0.271114   -0.0920268   -0.0953332    0.0612787    -0.170578     0.247644     0.135244    0.0569338
     0.11241     0.127969    -0.640916     0.258752     0.581532    -0.165322    -0.321343    -0.174709    -0.646414     -0.10546     -0.15509    0.0648707      0.49605    -0.618068    -0.150056     0.146085     0.109985     0.385793    -0.384544     0.254936     0.140723     0.594665     0.313717    -0.114977    -0.264807     0.543587       0.2347    -0.797541    -0.275194    -0.137586   -0.0232925  -0.00746691
   0.0321911   -0.0145967     0.239427     0.164831     0.463356     0.189988    -0.334466     0.115848   -0.0742692    0.0449262     -0.21734    0.0449377     0.788051    -0.327419    -0.170219    0.0758535     0.226867    -0.327991    -0.225914    0.0264646    0.0127948     0.152435  -0.00367637     0.116272    -0.357152    -0.126332    -0.098893   -0.0336133    -0.226483    0.0521566    -0.291897    -0.319084
    0.147714    -0.595631      0.53645   -0.0456224     0.299977   0.00993579    -0.193059   -0.0703553   -0.0176162     0.219665     0.457622     -0.22291     0.737972    0.0610154    -0.105442    -0.103164     0.775597    -0.311849     0.127983     0.138664    -0.191722    -0.563717    -0.251364   -0.0676521    -0.285804     0.419075    -0.227384    0.0631159    -0.154317     0.442066   -0.0600105    -0.502457
  -0.0290902    -0.143453     0.499151   -0.0491122    -0.175838    -0.295453    -0.198256     0.125057    -0.125493    0.0873815   -0.0974399    0.0764331     0.041771     0.379194     -0.41886     0.426158     0.296657    0.0458461    -0.070404    -0.295594    -0.140087    -0.193116    -0.175062     0.318803    -0.172573   -0.0934006    -0.238941     0.248232      0.44459    -0.200048     0.237094   -0.0339039
   -0.172557    0.0377627    -0.378114    -0.182001   -0.0201243    -0.292372     0.337346    -0.155698   0.00846848    -0.139103  -0.00827977     0.201149    -0.152538   -0.0945976    0.0767732    0.0835105    0.0115228     0.253579     0.170681    0.0558523   -0.0978597    -0.286298    -0.153144 -0.000692596    -0.142218    0.0502215     0.106805       0.1138      0.19696     0.180747     0.158201     0.109572
   -0.359963     -0.19856    -0.281802   -0.0650259      0.11676    -0.281623     0.472144    -0.069318    -0.235647    0.0909937    -0.115658   -0.0208568   -0.0844575    0.0241423     0.186376   -0.0992902     0.476455     0.149364    0.0399386    -0.274614    -0.364482    -0.228459    -0.374342     0.109595    -0.321561   -0.0789456    -0.235161     0.228614    -0.295674    0.0195636     0.238475    -0.119707
   0.0659627    0.0611357    -0.205644  -0.00765434     -0.39845     0.476138     0.249966    -0.392931   -0.0347419    -0.448575     0.263064    -0.216941   -0.0698301    0.0300973     0.203125     0.238399    0.0708312    -0.149008    -0.050945   -0.0691774    -0.478078    0.0376589   -0.0402706  -0.00882488      0.14835     0.186691     0.420679   -0.0242957    0.0262055    -0.238774    0.0801901     0.192015
    0.093393   -0.0100563   -0.0390433     0.142414   -0.0797764    -0.345392     0.545664   -0.0405405      0.27833     0.428056     0.102458   -0.0288546   0.00964448    0.0291019     0.432566    0.0832258     0.355438   -0.0589296     0.046343    -0.149331     0.288404   -0.0573158    -0.252513     0.224331    -0.441784   -0.0116818    -0.371549    -0.299349    0.0726765     0.379266  -0.00822902    0.0438808
   -0.191968      0.22792     0.723476     0.376933    -0.493218    -0.198107    -0.173959    -0.148664    0.0768315    -0.114008     0.311732   -0.0116424     0.328494     0.109949     0.090315     0.459129    0.0164323     -0.42836     0.350591    0.0685198     0.207619    -0.468141    -0.165219     0.316621     0.101627     0.255121     0.195228      0.28833     0.360718    0.0170275     0.273498     -0.32088
  -0.0923966     0.451913     0.672829   -0.0845309    -0.154676     0.468788    -0.376794     -0.11191   -0.0107493    -0.588124    -0.250338    -0.145745   -0.0827186     0.611744    -0.430478     0.509227    0.0965746    -0.194236    -0.484008    -0.102264    -0.439919    -0.337858    -0.370418     0.111226    -0.592321     0.178148     0.177579    -0.258527     0.147654    -0.329948    0.0800369   -0.0130947
    0.111987    0.0954671   -0.0823344     0.603933     0.363261    -0.857367     0.250898   -0.0198843    0.0987985     0.425787    -0.152731    -0.122918     0.433074    -0.510298     0.229448     0.134639    0.0268666     0.126443  -0.00873161      0.17446     0.450556     0.153694     0.496627    -0.110413     0.122126     0.457114    0.0135042    -0.105564    0.0312304    -0.100946    -0.245098   -0.0696884
   -0.214454     0.051043    -0.147271    -0.128303    0.0247001    -0.338115   0.00440253     0.103893    -0.177901     0.226328      0.18716      0.21756    -0.205214    -0.163348    -0.269645    0.0651114      0.02496    -0.486634   -0.0792105    -0.199442    0.0348202    -0.251804   -0.0582128     0.209835    -0.374801    -0.182288     -0.35951     0.563258   0.00881978     0.200057     0.170431    -0.198797
    0.389538    -0.127107    -0.666381   -0.0485289     0.268655   -0.0611942     0.250758     0.445652    -0.105645    -0.160748   -0.0515095      -0.1086   -0.0478031      -1.0071   -0.0844988     0.298823    -0.318227     0.648241    -0.600493    -0.261071     0.403813     0.306022     0.180869    -0.175048    -0.213011   -0.0248379   0.00357129    -0.714195     -0.70394    0.0180127   0.00437793     0.392825
   -0.448655     -0.14946    0.0276853    -0.385938    -0.069653    -0.160622   -0.0440215     0.154984    -0.562282     0.320034     0.133614    0.0989446     0.125961   -0.0516348    -0.299178     0.353116     0.224808    -0.251285    0.0635859    -0.380965    -0.212259     0.322184    -0.211962    -0.253562    -0.288419    0.0175788    -0.319287     0.375704    -0.378729     0.139024     0.107621   -0.0646854
   -0.324774    -0.237729     0.394926    -0.120305    0.0114031     0.172969    -0.505756     -0.11231    0.0828803     0.103794    -0.205254     0.110381    -0.363853    -0.363085    -0.194459     0.112269     0.246865   -0.0128296    0.0595191    -0.160566     0.244355     0.183225     0.338625    -0.166057    -0.426966   -0.0536851    -0.143122   -0.0407034    0.0733701    0.0856179    -0.369871     0.116077
   -0.315992    -0.122643     0.187015    -0.138745    -0.176293   -0.0443889   -0.0198591   -0.0291153     0.191944   -0.0959715    -0.273721    -0.239328     0.299303     0.139983     0.057451     0.214759     0.119307   -0.0557031     -0.20648     0.358836      0.18457    -0.326974    0.0284026     0.109939    -0.221002    0.0306156    -0.255831   0.00459854    -0.257679     0.132231   -0.0229727   -0.0557337
   -0.214845    0.0563669     0.488457    -0.017089      -0.2224   -0.0118428     0.288972    0.0260749     0.212572   -0.0813213     0.160684   -0.0634793    0.0630201     0.337531     0.322508    0.0391774   -0.0943917    -0.392926     0.185014     0.136302      0.20998    -0.514097   -0.0187849     0.226222    -0.195233     0.318743    -0.378545     0.346217     0.563632    -0.209883      0.45577    -0.225767
    0.174092   -0.0238696     0.140226    -0.150341     -0.16259    -0.232305    0.0469151     0.308949     0.217422    -0.220848     0.328931    0.0503519   0.00605337      0.14983      0.21292   -0.0758104    0.0984978    -0.188526     0.331781       0.1364   -0.0371031    -0.222246     0.273195   0.00345276    -0.141602     0.294188      0.20251    -0.639912    0.0541371    -0.111368   -0.0298588    -0.159687
   0.0254496      1.11268    -0.575622      0.76562    0.0242939     0.854714      1.13151     0.181409    -0.186308    -0.466431    -0.579205     0.198168    -0.101321     -0.54558     0.563692     0.590917    -0.324693    -0.721788     0.395269    -0.193845    -0.202041  -0.00567485    0.0861249        0.807    0.0332274     0.171712     0.195738    -0.463764    -0.351001    -0.657251     0.381508  -0.00852293
  -0.0280891   -0.0434881    0.0479714    -0.301194      0.49213     0.220385     0.015933     0.195952    -0.177015    0.0508148   -0.0982378     0.133251     0.124842    -0.166708   -0.0181549     0.261549    -0.144644    -0.299168     0.296988    0.0745865    -0.111359     0.215863   -0.0852602     0.232609    -0.222489    -0.133471    -0.336899     0.137956    -0.128162    -0.287027   -0.0474004   -0.0355138
  -0.0413645    -0.190992    -0.271997     0.560338   -0.0372786     0.165266    -0.121458    -0.173461   -0.0551722     0.363386    0.0887423    -0.313216     0.150982     -0.21903     0.164645     0.228697     0.256853     0.111696    -0.235512    -0.178582     0.013145    -0.532709    -0.674143    0.0579592   0.00973819     0.353249    -0.111715    -0.120824    0.0763686     0.133748    -0.205391     0.253991
    0.152598    -0.110989  -0.00337246    0.0955642    -0.109011    -0.224259   -0.0528287     0.254634     0.290434     0.356254    0.0774415     0.229158     0.621245    -0.300648   -0.0392973    -0.338838    0.0548575    -0.195889     0.265069   0.00520642     0.147193    0.0892473     0.197301     0.169078   -0.0701881   -0.0712111    -0.349825     0.136729   -0.0845254     0.461027    -0.198494    -0.173915
  -0.0138165    0.0615618    -0.127034    -0.164846     0.448561    0.0371999     0.205511    0.0652482   -0.0976875     0.037715     0.120252    -0.129904   -0.0502917    -0.157546   0.00640413     0.157107     0.253431     0.194986    -0.197358    -0.117328    0.0431803     0.582781    0.0662785    0.0124623   0.00141901   -0.0213888  -0.00752754    -0.115352     0.113104    -0.242152    -0.312502    -0.173051
    0.379299    0.0601823     0.374295   -0.0312372  -0.00910908     0.351238     0.502166    -0.552751    -0.392065    -0.466888     0.200282    -0.391538    0.0680324     0.317354     0.516557   -0.0663967     -0.17571    0.0564604    0.0246332    -0.469997   -0.0178609    0.0689971     0.262252    -0.105576   -0.0470773    -0.283681     0.282974     0.339862      0.40448    -0.294294     0.325969     0.135211
  -0.0389602    -0.059115   -0.0657248   -0.0608635     0.220237    -0.124181    -0.223188   -0.0784189   -0.0862656   -0.0289615   -0.0812528    0.0382127    0.0603646    0.0277312    -0.104235     0.053646     0.255061    -0.172999     0.164609    0.0810361   -0.0372131     0.187233      0.34683   -0.0293129     0.140827     0.297505    -0.264473   -0.0787855     -0.33448    0.0391705     0.201709    -0.219452
   -0.376264     0.393749       0.3837    -0.101238    0.0256003     0.168819     0.196146   -0.0288171    0.0170531    -0.167553     0.141853   -0.0586253   -0.0329893    0.0932893     0.161277     0.096755     0.192553   0.00614752     0.165686   -0.0010593     0.324103    -0.259338     0.137315      0.34348    0.0122944   -0.0513263     0.078352     -0.20053     0.265762    -0.251945     0.085739    -0.080893
   -0.372659     0.323765     0.174616    -0.234338     0.570159     0.146218    -0.244657     0.458878    0.0915411     0.153768    -0.112088     0.384991    0.0828462    -0.263789     0.177467      0.36314     0.128662    -0.406728    -0.187425    -0.105775   -0.0763319    0.0359311   -0.0738015     0.289231    -0.883938    -0.202521    -0.482802    -0.197019   0.00153664    0.0469046    0.0388404    -0.468675
   0.0726954     0.018665   -0.0363013     -0.23734     0.200224    0.0211823    -0.228537   -0.0392169    0.0737729     0.337095   -0.0825794   0.00297194    0.0518103     0.181358    -0.089803     0.170514    0.0523465     -0.18568   -0.0597412    0.0772088     0.149255    -0.481472     0.112008      0.26521    -0.252778    0.0297136     0.213036    -0.249143   -0.0798554    -0.116716    0.0717515    -0.371401
   -0.132098   -0.0893241     0.118841    -0.232781   0.00767338     0.306467     0.177518      0.23858    -0.343368     0.621574  -0.00919827    0.0455608    -0.125138    -0.400377    -0.258156     0.321211    -0.250817    -0.238585     0.404182     -0.40819    -0.269063    -0.309182    0.0539212    -0.136856    0.0207308    0.0971723   0.00908246    -0.417775    -0.361272     0.113497     0.226241    -0.256923
   -0.313487    -0.461162    0.0556095  -0.00496843     0.215504      -0.9691    -0.149351     0.687314     0.190058     0.329141   -0.0937252   0.00367582    -0.145365   -0.0435835    -0.133901  -0.00385948     0.280702    -0.564755    -0.259416    0.0952187   -0.0466576    -0.434571   -0.0684057     0.685722    -0.700028    -0.378532    -0.229876     0.368561   0.00949952     0.175253    -0.282243    -0.176121
