   0.467894
  0.0519024
   0.488531
  -0.289381
  -0.181524
-0.00429717
  0.0892271
   0.448715
   0.408899
  -0.112462
  -0.326265
   0.144848
  0.0619285
-0.00434644
   0.221881
 -0.0594934
  0.0099878
   0.145744
  0.0995617
   0.148074
   0.142276
  -0.187656
  -0.466977
  -0.321147
 -0.0938904
  -0.272507
  0.0125802
  0.0261648
 -0.0947203
   0.329566
  -0.063024
  -0.377708
  -0.575677
   0.232624
  -0.641961
  -0.592847
  -0.477686
  0.0247087
  -0.157929
   0.145015
   0.076248
   0.484911
  0.0377047
 -0.0242512
    0.12399
 -0.0359318
  -0.542717
   -0.40077
   -0.39008
   0.155138
   0.357102
  -0.248976
  0.0214281
  0.0984215
   0.223101
   0.129588
 -0.0673616
  -0.143051
 -0.0655805
 -0.0730595
 0.00774904
  -0.497634
  -0.154465
  -0.109774
  -0.333167
 -0.0214135
   0.253405
   0.304336
 -0.0490936
  -0.316515
    0.60629
 -0.0895565
  -0.174546
  -0.324346
  0.0823869
  -0.318139
  -0.196539
  0.0442446
  -0.314447
  0.0365636
 -0.0479065
   0.103566
  -0.326442
 -0.0461432
  -0.294234
   0.128007
   -0.15335
   0.794989
  0.0468774
  -0.283582
   0.234022
 -0.0419819
  -0.126111
   0.034472
  -0.369617
   0.422378
  0.0820646
  -0.139771
   0.141083
  -0.149864
  -0.137744
   0.183412
  -0.124944
   0.066734
   -0.20856
 -0.0102835
   0.232236
 -0.0739969
  -0.199116
  0.0202158
    0.23344
  -0.286315
  -0.157017
    0.10544
    0.19911
  -0.389866
  -0.291432
   0.122144
   0.443835
 -0.0531884
 -0.0839405
     0.2748
   0.295188
 -0.0346638
   0.329109
  0.0671682
   0.267953
  -0.136096
