  -0.123303
 -0.0203757
  0.0796767
   0.335169
   -0.35217
   0.140544
  -0.250148
  0.0481372
   0.247078
  0.0756202
   0.160896
 -0.0863963
  -0.137789
   0.208007
    0.17151
 -0.0223077
 -0.0782555
 -0.0777475
   0.242309
   0.210724
   -0.17978
  0.0953636
   0.176247
  -0.001078
  -0.211831
  -0.032971
  0.0147132
  -0.132028
-0.00695953
  0.0498831
 -0.0685947
  0.0307391
 -0.0560422
 -0.0177806
  -0.203771
  -0.204256
  0.0667256
  0.0567745
  0.0916592
   0.184385
  0.0266402
  -0.308511
   0.110643
  -0.129483
  -0.202009
   0.084826
 -0.0729774
  -0.116883
   0.219237
  -0.157867
   0.101987
   0.119899
 -0.0699671
  0.0941143
  0.0293555
  -0.160839
   0.155321
   0.150744
  -0.051345
  -0.020367
 -0.0293103
  -0.145478
  -0.161148
 -0.0170301
 0.00176066
   -0.10644
 -0.0151729
 -0.0287406
 -0.0669164
   0.169075
  0.0674316
  0.0613925
  -0.179086
   0.204247
   0.266264
  0.0868007
  -0.127582
  -0.149771
    0.13026
   0.180065
  0.0350806
  -0.153196
 -0.0465072
    0.34582
   0.280903
 -0.0615562
 -0.0835312
  -0.172162
 -0.0844596
  0.0469391
  -0.141585
 -0.0350496
 -0.0171452
    0.13163
 -0.0698094
   0.183865
  0.0932252
  0.0833042
  -0.267566
  -0.137252
  0.0632655
  0.0394223
  -0.145126
  0.0429283
    0.15867
  0.0621357
 -0.0444522
   0.242228
 -0.0636365
   0.159062
  -0.123751
   0.326847
 -0.0692197
  -0.154858
   0.132623
 -0.0270223
   0.185795
 -0.0496843
 -0.0596121
 -0.0585614
 -0.0440681
  0.0819233
   0.270823
  -0.249707
  0.0304066
  -0.185349
  -0.197375
  0.0448339
