-0.290528
 -0.47323
-0.428478
-0.558162
-0.594279
-0.392165
-0.263202
-0.194356
 -0.30185
-0.447369
-0.708831
-0.424725
-0.353353
-0.496942
-0.609476
-0.337987
-0.358766
-0.623667
-0.301359
 -0.40914
-0.312642
-0.310492
-0.333927
-0.201114
 -0.30415
-0.346185
-0.408267
-0.339044
-0.406726
-0.390875
-0.485019
  -0.2834
-0.604491
-0.398592
-0.494713
-0.334479
-0.469997
-0.451531
-0.395667
-0.286111
-0.620531
-0.394222
-0.447436
-0.473523
-0.514724
-0.372252
-0.513134
-0.372793
-0.311833
-0.503233
-0.559529
-0.348744
-0.334952
 -0.33213
-0.356154
-0.420612
-0.384302
-0.556031
-0.299217
-0.268451
-0.283961
-0.412815
-0.322744
-0.777285
-0.498921
-0.514257
-0.363158
-0.257479
  -0.3485
-0.571437
-0.745295
-0.329127
-0.344235
-0.308639
-0.327206
-0.475418
 -0.44358
-0.274948
 -0.33606
-0.467583
-0.284371
-0.493433
-0.368632
-0.393354
-0.382192
-0.375262
-0.275664
-0.443952
 -0.25273
 -0.39478
   -0.268
-0.324265
-0.774839
-0.271645
-0.230312
-0.338842
-0.365451
-0.452185
-0.436715
-0.368887
-0.261338
-0.357382
-0.437158
-0.416877
-0.394856
-0.530334
-0.436027
-0.244166
-0.434102
-0.464896
-0.395486
-0.408136
-0.420757
-0.399051
-0.337681
-0.305341
-0.561614
-0.307015
-0.546341
-0.594273
-0.304388
-0.217083
-0.508335
-0.523046
-0.340376
-0.423345
-0.443961
-0.290232
