 -0.211069
 -0.132127
0.00441732
  -0.35754
 0.0417349
 -0.564624
 -0.425181
-0.0813868
 -0.298534
 -0.202935
 -0.140767
 -0.325231
  -0.24568
 -0.219864
 -0.224647
 -0.341563
 -0.207545
 -0.655466
 -0.396396
-0.0746992
 -0.223391
 -0.240952
 -0.176826
 -0.151384
 -0.313811
 0.0585528
 -0.245977
-0.0979193
 -0.230727
 -0.219914
   -0.3024
 -0.401418
 -0.622478
 -0.321416
0.00587138
 -0.394282
 -0.622171
 -0.471265
 -0.124387
 -0.195786
 -0.342456
 -0.501773
 -0.115637
-0.0493145
  0.322139
  0.362577
 -0.208692
 -0.344555
 -0.243741
 -0.120402
 -0.035777
   -0.6357
 -0.344415
 -0.279388
 -0.269143
 -0.329409
 -0.496119
 -0.358181
 -0.141223
 -0.394994
 -0.101861
 -0.361999
 -0.336746
-0.0931807
 -0.158397
 -0.197758
  0.176366
 -0.257145
 -0.387586
 -0.148168
 -0.160643
 -0.138049
 -0.271235
 -0.393226
 -0.100045
-0.0804709
-0.0824766
 -0.186468
 -0.313595
 -0.186567
 -0.245718
-0.0486493
 -0.249056
 -0.296055
 -0.430068
 -0.235936
 -0.518567
 -0.702812
 -0.089778
 -0.281319
 -0.362003
 -0.239616
  0.100628
 -0.311347
 -0.254428
-0.0376096
 -0.264281
  -0.29026
 -0.331185
 -0.220828
 -0.338766
-0.0903185
 -0.287333
 -0.345489
 -0.253453
 0.0616811
 -0.183141
-0.0400443
 -0.264614
 -0.155725
 -0.229051
 -0.312497
 -0.283791
 -0.117757
 -0.239297
 -0.305678
 -0.673718
 -0.133252
0.00814974
 -0.233249
 -0.166088
  -0.25007
 -0.216198
 -0.164854
  0.345586
 -0.246478
-0.0887684
-0.0965047
