  -0.392445
   0.747405
   0.105549
  -0.329077
  -0.256729
   0.553042
  -0.825109
   0.665182
   -1.38868
   0.323159
  -0.570083
  -0.480107
    -0.4125
   -0.37732
    1.29282
    -1.0268
   0.543319
   -1.30864
   0.794242
  -0.818953
   0.790453
  -0.581204
-0.00484295
  -0.798709
  -0.694865
  -0.639615
  -0.226751
   -0.43112
  -0.502849
  -0.742743
  -0.146737
 -0.0892422
   0.491616
  0.0776463
   0.562771
   0.428819
 -0.0643537
   -1.00568
  -0.597606
  0.0372019
  -0.651696
 0.00183457
   0.533562
   0.776485
  -0.445305
   -1.61781
  -0.299212
   0.272546
   0.383081
   -0.88445
  -0.240262
  -0.698676
   0.125597
-0.00258388
      0.159
   0.944661
 -0.0372729
    -1.1781
   -1.91807
 -0.0326192
  -0.962368
   -1.13271
  -0.222805
  -0.236649
  -0.420581
  -0.292364
  -0.861214
  -0.157019
  -0.641791
  0.0986308
  -0.825188
 -0.0985743
   -0.28033
   0.569514
  -0.185202
   -1.05427
  -0.108536
  -0.555892
  -0.814334
   0.428636
  -0.978854
   0.184393
  -0.697104
  -0.396067
  -0.979629
  -0.718973
  -0.113476
  -0.235021
   0.934078
  -0.787936
   0.722615
 -0.0512155
  0.0269775
   -1.05973
  -0.786285
   0.190491
   -0.71595
  -0.584379
  0.0941227
  -0.433848
   0.257444
  -0.215477
   -1.34962
  -0.138801
  -0.103713
  -0.645422
  -0.451511
  -0.288242
  -0.144835
  -0.659878
  -0.243861
  -0.224792
  -0.399621
  -0.208251
  -0.255453
   0.872357
  -0.556805
  -0.132656
 -0.0473051
   0.247493
  -0.366114
  -0.129585
    1.57862
  -0.307358
  -0.157418
-0.00615464
   0.451334
  -0.674377
