  -0.872144   -0.340632    0.151198   -0.562104   0.0458564    0.209333    -1.05791    0.148015   -0.338092    0.481004    0.203081    0.362957    0.298883    0.252428   -0.196963    0.378114    0.310045   -0.200144     0.75348      -0.103  -0.0190316   -0.130722    0.430102    0.106623   -0.515186   -0.119864    0.858658   0.0224424    0.722017     0.27922   -0.194022    0.182212
  0.0336731   -0.162021   -0.212025  -0.0970518    0.173149   0.0266211    0.505634   -0.681168   -0.216032    0.478837   -0.221238   0.0762019      0.4675  -0.0164448   -0.387267   -0.150901    0.697522   -0.577598   -0.274553    0.556023    0.413184   0.0787886   -0.254457    0.365834    -0.23284   -0.644586    0.886475  -0.0270734   -0.249599   -0.671374   -0.125246   0.0886534
  -0.444917   -0.408634   -0.150254   0.0278217   -0.196309    0.551668   -0.106213   -0.444484    0.278795   0.0650167   -0.370658   0.0564506     0.86486  -0.0407016   -0.583787    0.243502   -0.529015   -0.686335    0.386093   -0.141011   -0.283919    0.188982    0.408832    0.849141    0.124434    0.756101   -0.654622    0.187366   0.0368232    0.161848   -0.259152   -0.410695
 -0.0424927    0.466534    0.195795   0.0289813   -0.178562   -0.392634   -0.208203   -0.511596   0.0231892    0.671062   -0.556662   -0.928811    0.209782    0.190684    -0.36638    0.285157   -0.500365    0.857738   -0.470749    0.895811   -0.424448   -0.700228  -0.0230846    0.216768   0.0266444    0.186655  -0.0332224    0.413531   -0.363223    0.113384    -0.60642   -0.157441
   0.109875   -0.166203      0.1807  -0.0520104    0.187514   -0.170666    -0.61294    -0.74792    0.220222   0.0163524  0.00606218    0.375365   -0.439312    0.332485    0.220305    0.177835   -0.310814    0.255976   0.0398914   -0.112168    0.177414   -0.290801    0.121482   -0.205758   -0.338737  -0.0177068  -0.0939638   0.0921872    0.554518    0.291032   -0.414033  0.00744648
   0.145434    0.434602   -0.431903    -0.29389    0.378784   0.0354271   -0.410406   -0.344202   -0.214331    0.211215    0.093771   -0.292137     0.14913   0.0916876    0.373834    0.263466   -0.516333     1.10937  -0.0556504   -0.426417    -0.09519   -0.203828    0.230814   -0.573931   -0.659309   -0.244553    0.613203   -0.214288   -0.404168    0.463887   -0.422857  -0.0434591
  0.0848057   -0.138125    0.435648    -0.13148    0.917074   -0.571165  -0.0514781 -0.00458521   -0.413777   -0.250119    0.039093   -0.487324    0.311873 0.000727374    0.167591   -0.556032    0.337297   -0.167782   0.0139174   -0.140799    0.487916     0.42182    0.626444   -0.163825    -0.73266    0.123424     0.32795    0.383779   -0.409351   -0.628685   0.0719406    0.226525
 -0.0522105   -0.339109   -0.358628   -0.670303  -0.0713266   -0.697748    0.170697    0.255424   -0.271197    0.107254  -0.0150558  -0.0639371    0.388884   -0.277964  -0.0571671    0.373517   -0.147471    0.859805    0.203299     0.11479   -0.146824   -0.128757    0.231268    0.303581    0.681655   -0.575612    0.149195   -0.426266   -0.596395    0.599903  -0.0593686   -0.646185
  -0.305901    0.713137   -0.248094  -0.0634508    0.016202   -0.563644    -0.83767   -0.409455   -0.281493    0.246512    0.126169   -0.408711    0.544088   -0.659487      0.3473    0.161994   -0.132082   -0.639835   0.0206689    0.359632  -0.0501623  -0.0292625    0.991527    0.479884    0.206085   -0.508634    0.620574   -0.188809   -0.746585   -0.726311   0.0882849   -0.430319
  -0.730217    0.153521   -0.474928    0.124177   -0.112895    -0.23562   0.0253116   -0.558232   0.0486435   -0.271528   -0.216913   -0.450105    0.176842   -0.217935    0.290626    0.315891  -0.0589886    0.714317   -0.815579    -0.41832   -0.624414    -1.30601    0.410053    0.104422  -0.0679235   -0.374525    0.151365    0.188249   -0.903182   0.0153058   -0.325414    -0.28362
  -0.665162      0.6944    0.486527   -0.336693    0.378984   -0.529023   -0.321104   0.0799746    0.503654   -0.132692   0.0104309    0.362664   -0.241011    0.112742    0.165162   -0.308605    0.917573    0.539234    0.330228    0.477907    0.304505   -0.555116  -0.0224915    0.263706    0.350355  -0.0355259   -0.577132   -0.549044    0.171204    0.598193    0.127619  -0.0356052
  -0.330617   -0.420163   -0.406378   -0.246246   -0.625362    -0.71337    0.175983    0.406825     0.69423    0.882943  -0.0134764   -0.161091   -0.530746    -0.19987   -0.749492   -0.226452   -0.498935    0.286293   -0.355898   0.0105743    0.152894    0.206505    0.525022    0.339858   -0.233601   -0.298989   -0.189804    0.611638   -0.616124   0.0183363   -0.130997  -0.0427695
     0.4156    -0.13579   -0.299979   -0.175624    0.589896   -0.278595   -0.334757   -0.560865  -0.0423815   -0.210943  0.00343474  -0.0944695   -0.217414     0.35499   0.0938332    0.218392   -0.131229    0.486878  -0.0710596    0.314319    0.361469   -0.148316    0.674252    0.815695    0.087822   -0.268157   -0.300112    0.526651    0.175136   -0.589378    0.257224    0.350745
   0.446395   -0.342341    0.762958   -0.146535     0.14962    0.211785    0.294469   -0.135196    0.169522    0.226554    0.233829   0.0474236    -0.49302    0.150534   0.0271689    0.128699   -0.160396     0.21225    0.366738   -0.449152   0.0777407  -0.0852565   -0.469815    0.557332   -0.564464  -0.0401482   -0.598717   -0.359456   -0.637858   -0.234216   0.0197116    0.402327
 -0.0594411    -0.26122   -0.791263   -0.235823   -0.123466      -0.245    -0.48809   0.0262115   -0.785128    0.352496    0.467046 -0.00964629    0.192261   -0.506471    0.249983    0.438686  -0.0729286   -0.551823   -0.308481   -0.168582    0.795555    0.233375   0.0227711    0.286817    -1.19453   -0.128257   -0.281445   -0.357791    0.723764    0.452142    0.130461    -1.08462
   0.267734    0.308516   -0.259925     1.00747  -0.0998895   -0.851064    0.528285    0.279014    0.157736    0.631108  -0.0688625   -0.537125   -0.245682   -0.296673   -0.549394    0.103016    0.137547    0.165675   0.0247388    0.676764   -0.135536    0.562193    0.108983   -0.735059   -0.321551 -0.00326967    0.452673    0.370441   0.0687211    0.351152   -0.210139   -0.205393
 -0.0953908    -1.15208     -0.7775  0.00249736    0.748919   -0.322569   0.0101882    0.344702   -0.196178    0.378574   -0.591991   -0.498879 -0.00899927   -0.486812    0.516835   0.0463782   -0.367849    -0.18387   -0.112914    0.229507 -0.00183431   -0.561659    0.220315   -0.434137   -0.815784     1.01529    0.368407    0.403492   -0.141173    0.215396   -0.264957   -0.517732
  -0.252725   -0.301064   -0.284841    0.428223    0.141875   -0.159643   -0.488989    0.152023    0.747013     0.77963    0.358335  -0.0879085    0.157091   -0.316362   -0.457416    0.153052   0.0789609    0.145856  -0.0646434    -0.06836   -0.333932   -0.108969     0.32485    0.552169   -0.383392    0.753913   -0.149545     0.71926    -0.11545    0.318094   -0.319505   -0.243335
   0.311848   -0.573598   0.0220296    0.379276   -0.683634   0.0908121   -0.856433    0.448065    0.424788    0.450385   -0.131545   -0.375345  -0.0236302   -0.520024   -0.637967   -0.100631    0.164589    0.686565   -0.247343     0.18826   -0.474042   -0.332955  -0.0450853    0.654758   -0.156716   -0.221327   -0.201663    0.117888   -0.692202   0.0148302     0.44276   -0.130951
   -1.47087   -0.186309    -0.71165    0.465902   -0.847794    -1.03475   -0.141303  -0.0499782   -0.990267     1.10395   -0.482743   0.0376386      1.1906   -0.489589     1.02548   -0.576385    0.477809    0.904725    -0.39899   -0.138224    0.556358      1.1895    0.286943   -0.237621   -0.329972   -0.280549   -0.620834   -0.898283    -1.30401   -0.177551   0.0658538   -0.959724
  -0.122108   -0.366108   -0.124886   -0.096835    -0.50093   -0.324827    0.288487   -0.365245    0.107744    0.413907   -0.535642   0.0378749    0.446961   -0.428288   -0.577771    0.166065   -0.649138  -0.0486565    0.333746    0.310356   0.0584429   -0.331975   0.0428854   -0.297849   0.0115154   -0.465369   -0.183735   -0.158909    0.336578  -0.0461725   -0.071417   -0.450915
   -0.57706   0.0128104    0.107855   -0.714437  -0.0133803 -0.00651802   -0.186413    0.214116    0.239179    0.139673    0.782419   -0.210431   -0.385644   -0.645183    0.532073   -0.462672    0.219847    0.139561     0.41917   -0.232563  -0.0253046    0.435403   -0.786124   -0.417975   -0.129235     0.29453    0.845156   0.0210707   -0.161624     0.23125  -0.0649721    0.032143
   -0.25002   -0.918406  -0.0016707    0.129745   -0.199473   -0.263013    0.217364    0.178416   0.0919986  -0.0757109    0.703463    0.586062   -0.191546   -0.270831   -0.366087      -0.183   0.0287552    0.626714    0.176253     0.24212   -0.127854    0.167621   -0.565177   0.0467423  -0.0170596    0.693917    0.490401   -0.155364   -0.675969  -0.0510461    0.698118   -0.303234
   0.393723   -0.224599    0.428961   0.0928076   -0.274207    -0.48131    0.101289   0.0769324  0.00975698   0.0535875   -0.369574   -0.163504   -0.192283     0.10019   0.0509615    0.346435    0.531077  -0.0695062   -0.302891    0.673481   -0.799081    0.622974   -0.690224  -0.0307015    0.495298  -0.0926949    0.188796   0.0337872    0.515418    0.618448     0.69182     0.27435
  -0.389838   -0.299026   -0.377318    0.219502    0.205678    0.167125    0.466811   -0.836335    0.533701   -0.213983   -0.881152  0.00933841    0.642039   -0.524961    0.540657   -0.195815   -0.350618    0.321452    0.189589   0.0281691   -0.165556   0.0747609   -0.230128   0.0526483    0.518959   -0.452894   -0.433821    -0.95878   -0.692559    0.150436    0.601234   -0.151352
   0.227594   -0.109027   -0.347721   -0.427193    0.424174   -0.166987    0.227064   0.0239377   -0.438738    0.217991   0.0502854     0.40295   -0.270778    0.215519  -0.0844052   0.0929175   -0.280429    0.274752    0.701005    0.405149  -0.0541063     0.31512    0.173166  -0.0116215  -0.0935154  -0.0839873     0.16465   -0.604601    0.234698    0.175491   -0.542888  -0.0708838
   0.555809   -0.275829    0.121156    0.246863   -0.597224   -0.651239    0.577999  -0.0733973    -0.19921    0.462029  -0.0832054   -0.267122     0.67546    0.650599   -0.176337    -0.11327     0.34547    0.195391   -0.944897   0.0867455   -0.129353    0.241597    0.206125   -0.222618   0.0273351   -0.249556   0.0606022   -0.209036   -0.605681   -0.149616    0.242481   0.0593474
   -1.11317    -1.17908    0.366624    0.436265    0.306731    0.134658    0.919785     0.53485   -0.251485    0.073533   -0.401271    0.216654    0.118661   -0.467475   -0.117775    0.298467  -0.0888459    0.481689   0.0505272    0.657463    0.151383    0.289161   -0.587496   -0.450464    0.209506  -0.0688839    0.481263  0.00313619   -0.597263   -0.204535  -0.0651339    0.141739
   -0.72004   -0.269017  -0.0895049  -0.0772474   0.0311822   -0.137069   -0.415503   -0.394958   0.0920952    -0.39808        1.11    0.594702    0.221436    0.263067   -0.816881   -0.361043   -0.356082    0.283562  -0.0615723   -0.252674   -0.218248   -0.469348    0.619355    0.763648   -0.163205    0.339646   -0.528818 -0.00192238  -0.0223912    0.146741    0.116272    0.655225
  -0.531807   -0.278776    0.141613    0.312178  -0.0967635   -0.554073   -0.549936   -0.447689    0.438474    0.115842    -0.39297   -0.537262    0.369448    0.478726  -0.0738932    0.177452     0.26975    0.153697    0.155552    0.540558   -0.372642    0.107725    0.129293    0.494541   -0.399058   -0.839697   0.0890701   -0.123344   -0.407986    0.297932    0.383215   -0.075167
  -0.248624    0.191663    0.219531    0.568376   -0.306397   -0.540362    0.316997    0.195837    0.182075   -0.049024   -0.177209  -0.0214286   -0.238293   -0.401195    0.044123  -0.0219084   0.0110901     1.07925    0.421693    0.082546   -0.682133     0.43951    0.199409   -0.146702   -0.253871   -0.404183    0.244995   -0.459686    -1.08976   0.0787285   -0.077942   -0.290231
 -0.0760305    0.277752   -0.164542    0.751843   -0.954963   -0.801168  -0.0649108    0.203415    0.576327     0.13207    -0.15009   -0.300403   0.0614996    0.386498    0.183476   -0.105382   0.0342626    0.153812    0.253657    0.492241   -0.463285 -0.00686508   -0.590044    0.760927    0.245609    0.267464    0.121477   0.0793732    -0.13892  -0.0904335    0.217225    0.410024
