 -0.286275
 -0.232602
 -0.295811
 -0.175974
 -0.131053
 -0.325056
-0.0895885
 -0.234087
 -0.425025
 -0.340895
 -0.141399
 -0.256838
 -0.466721
 -0.655003
 -0.587625
  -0.32769
 -0.629685
 -0.713235
 -0.347149
 -0.156914
 -0.223869
 -0.587091
-0.0746307
 -0.375926
 -0.933118
 -0.407664
   -0.1852
 -0.220481
  -0.51758
 -0.436098
 -0.372715
  -0.46107
-0.0938474
 -0.283344
 -0.297673
 -0.275549
 -0.439674
 -0.258313
 -0.258153
 -0.202472
 -0.194362
 -0.397576
  -0.62903
 -0.297686
 -0.447846
 -0.661228
 -0.323981
  -0.40877
 -0.444262
 -0.399938
0.00622827
 -0.208462
 -0.307579
 -0.264412
 -0.174218
 -0.251286
 -0.287647
 -0.353219
 -0.367467
 -0.227112
 -0.554612
-0.0580235
 -0.398054
 -0.316549
 -0.313159
 -0.475919
  -0.19177
  -0.31665
  -0.53163
 -0.274727
 -0.841747
 -0.509853
 -0.257729
   -0.4048
 -0.230374
 -0.141523
 -0.308292
 -0.355894
 -0.801421
 -0.570691
 -0.101327
 -0.236364
 -0.827543
 -0.471356
 -0.307039
 -0.358163
 -0.490088
  -1.06063
 -0.440463
 -0.246856
 -0.319144
 -0.134697
 -0.486151
 -0.224042
 -0.599202
 -0.550777
 -0.246941
 -0.285436
 -0.662416
 -0.190178
  -0.60405
 -0.405832
 -0.443268
 -0.333964
 -0.366835
 -0.615067
-0.0644343
 -0.594211
 -0.534614
 -0.315965
  -0.46087
 -0.602602
 -0.163845
 -0.304653
 -0.251144
 -0.289592
 -0.290157
 -0.410118
 -0.436541
 -0.462816
 -0.557004
 -0.384841
 -0.352672
  -0.23381
   0.11022
  -0.28205
 -0.453711
 -0.194709
