 -0.235492
 -0.109876
 -0.260565
 -0.128062
-0.0888074
  -0.12554
 -0.228183
 -0.088755
 -0.262872
  -0.12557
 -0.221124
 -0.222139
 -0.251659
 -0.146103
 -0.201601
 -0.313533
-0.0551862
 -0.105209
 -0.264869
-0.0820307
 -0.166306
 -0.116568
 -0.158409
 -0.119307
 -0.177609
 -0.099808
-0.0125768
-0.0838942
 -0.184634
 -0.125299
 -0.430442
 -0.192867
 -0.113996
 -0.200314
-0.0343578
 -0.243279
 -0.133797
 -0.233402
 -0.111713
  -0.17793
 -0.178388
 -0.152126
 -0.218241
   -0.1361
 -0.165309
 -0.225955
 -0.116666
 -0.105098
-0.0964431
 -0.124825
 -0.168884
  -0.12346
 -0.294353
 -0.238587
 -0.121739
 -0.110623
-0.0687188
 -0.249257
 -0.259788
 -0.189976
-0.0399373
 -0.142035
 -0.226462
  -0.13456
 -0.185242
 -0.149629
 -0.235612
 -0.170796
  -0.16939
 -0.383428
 -0.154243
 -0.111101
 -0.200343
 -0.214716
 -0.159563
 -0.163449
-0.0901006
  -0.20083
-0.0635825
-0.0303668
 -0.195092
-0.0913885
  -0.13529
 -0.230041
-0.0837554
 -0.237755
 -0.147278
 -0.124688
 -0.241128
 -0.164957
 -0.101467
 -0.122192
 -0.125753
 -0.141341
 -0.189603
 -0.202452
 -0.461038
-0.0712978
 -0.165734
 -0.155355
 -0.185433
 -0.282575
  -0.21675
-0.0590422
 -0.132744
 -0.083966
-0.0915407
 -0.117101
-0.0947918
  -0.23813
-0.0851325
 -0.122903
 -0.103606
-0.0492621
 -0.171902
 -0.119532
 -0.205898
 -0.171627
 -0.187397
  -0.19995
 -0.106082
  -0.12979
 -0.332455
 -0.115123
 -0.170104
 -0.113554
 -0.146814
 -0.155549
