 -1.18405
  -1.2663
 -1.54545
 -0.89937
-0.886161
-0.943011
 -2.14107
 -2.15791
  -1.1756
 -2.08351
 -1.74617
-0.594946
   -1.265
 -1.34023
 -0.91575
 -1.78468
-0.994846
 -1.13626
-0.884309
 -1.48561
-0.785907
 -1.58019
 -0.41531
 -2.10647
-0.881287
 -1.45855
 -1.54216
 -1.45313
 -1.56782
 -1.58886
 -1.08558
 -2.43659
 -1.09124
 -1.27608
 -2.21385
 -1.66803
-0.580712
 -1.86014
-0.328708
 -1.26211
-0.156038
 -2.04752
 -1.17384
 -1.11287
 -1.83938
 -1.35993
 -1.89454
 -1.24872
 -1.34416
 -1.08242
-0.748779
 -1.69702
-0.390641
-0.426939
-0.817081
 -1.80605
 -1.34985
 -1.12256
 -1.07218
 -1.44672
 -1.14649
  -2.3845
 -1.08016
 -1.54141
 -1.57643
-0.622101
 -1.68499
 -1.24525
 -1.10788
-0.500075
-0.264683
 -1.16392
-0.847585
  -1.4345
-0.619019
 -0.74484
 -1.19712
-0.837835
 -1.12942
-0.957637
-0.831208
 -1.22031
 -1.06979
-0.865901
 -1.17846
 -1.47331
 -1.18377
 -1.27213
-0.804205
-0.657594
 -1.00388
-0.538465
 -1.21957
 -1.14282
 -1.23096
 -1.89302
-0.291715
 -1.90305
 -1.46234
 -1.16567
-0.802261
 -1.29117
 -1.17717
 -1.75028
 -1.40976
 -1.91055
 -1.40835
-0.168272
-0.903396
 -1.75451
-0.432075
-0.838998
 -1.99475
 -1.15517
 -1.16825
 -1.37752
-0.783113
 -0.92019
 -1.40873
-0.808463
 -2.44667
-0.657522
-0.339951
 -1.39156
 -1.80308
 -1.22959
-0.785373
 -1.40804
