-0.0178919
 0.0173474
 -0.518913
 -0.375483
 0.0258021
-0.0842223
  -2.12467
  -0.11868
 -0.115496
 -0.284086
 -0.319039
 -0.296438
  0.133955
 -0.707236
 -0.152309
-0.0705419
 0.0243614
  0.267781
    0.6972
 -0.512958
 -0.226166
  -0.16316
 -0.851091
0.00747009
  0.282201
 -0.363775
-0.0354164
 -0.680906
  0.707095
 -0.342915
 0.0759121
 -0.115865
 0.0123541
  0.881382
 -0.199838
 -0.180472
-0.0424887
  0.105398
  -0.27542
   1.12932
  0.154065
  0.113805
-0.0506906
 -0.241153
   0.15494
-0.0287122
  -1.10948
  0.100704
  0.132408
 -0.450017
 -0.419708
   0.97246
  0.253117
 -0.188492
-0.0451857
 -0.422264
   1.15376
 -0.961748
 -0.114606
 0.0143495
  -1.11532
 -0.428778
  -1.20732
-0.0818712
 -0.597549
 -0.349945
 -0.234856
  0.095248
 -0.580728
  -0.23316
  0.293579
 -0.690415
 0.0329591
  0.132363
 -0.576081
 -0.163079
  -1.04405
  0.772339
 0.0153567
 -0.236786
   1.39025
  0.627238
  -1.21837
 -0.794018
 -0.448751
-0.0825306
  -0.83829
  0.217719
 0.0152304
  0.402955
 -0.780199
  0.130958
 -0.610403
  -1.56389
  0.687615
  -1.22247
 -0.418603
 -0.037822
 -0.204515
 -0.850432
 -0.878292
 -0.426767
  0.927706
  0.088134
 -0.222959
  0.331519
  0.558085
-0.0043459
  -0.31817
  0.140227
  0.248141
 -0.206115
  0.448988
  0.491483
 -0.808569
 -0.639151
  0.134275
  0.265214
 -0.308886
  0.232222
  0.126055
 -0.135565
 -0.428495
 -0.191627
 -0.821884
  0.152131
 -0.329022
 0.0290424
