-0.582471
-0.499859
-0.473452
-0.382499
-0.967872
-0.454151
 -0.34645
-0.617888
 -0.52884
-0.724481
 -0.57933
-0.540928
-0.538011
-0.355789
-0.601329
-0.630298
-0.721786
 -0.57647
-0.585001
 -0.69967
-0.672918
-0.593681
-0.442453
-0.547466
-0.472019
-0.753749
 -0.62931
-0.681982
-0.446286
-0.732703
-0.439866
 -0.96716
-0.398593
-0.671565
-0.818567
  -0.6176
-0.546468
-0.609134
-0.762287
-0.486298
-0.456371
-0.621857
-0.411627
-0.606292
-0.340172
-0.657651
 -1.00175
-0.423337
-0.461395
-0.645273
-0.735259
-0.606704
-0.739403
 -1.17333
-0.236883
-0.735373
-0.503829
 -0.81976
-0.549543
-0.580384
-0.500869
-0.502306
-0.540164
-0.719023
-0.712031
 -0.53579
-0.542821
 -1.06938
-0.492706
-0.443726
-0.518292
-0.393108
  -0.4092
-0.788803
-0.519231
-0.545939
 -0.56536
-0.677827
-0.479297
-0.496055
-0.812209
-0.980895
-0.517551
-0.481969
 -0.49162
-0.560293
-0.403969
-0.676619
-0.603048
-0.484726
-0.395513
 -0.43047
-0.448667
 -0.80773
-0.619473
-0.727604
-0.481132
-0.707136
-0.514629
-0.808489
-0.502556
 -0.45559
-0.499133
-0.864498
-0.594952
-0.636474
-0.604566
-0.727034
-0.337998
-0.567351
-0.243211
-0.544294
-0.521984
-0.612637
 -0.61249
-0.668001
 -1.08663
 -0.38708
-0.896578
-0.453702
  -1.0003
-0.495746
-0.639157
-0.612168
-0.514439
 -0.51657
-0.644702
-0.503628
