 -0.354115
 -0.404408
 -0.187086
 -0.267666
 -0.195421
 -0.331974
 -0.371167
 -0.209831
 -0.228126
-0.0665382
  -0.22756
 -0.322904
 -0.203052
-0.0984616
 -0.153526
 -0.195615
 -0.213987
  -0.34682
-0.0702762
 -0.277373
 -0.209952
 -0.104859
 0.0404894
 -0.165934
 -0.313364
 -0.777749
 -0.244358
 -0.398154
-0.0205394
 -0.171156
 -0.378384
 -0.449428
 -0.658709
 -0.306913
 -0.412875
 -0.552925
 -0.273938
  -0.23075
-0.0420088
 -0.147532
 -0.017361
 -0.450195
 0.0858457
 -0.114761
 -0.335239
-0.0870426
-0.0982956
 -0.299481
  -0.42144
  -0.25638
 -0.292044
 -0.140472
 -0.358726
 -0.266624
 -0.125477
 -0.297198
 -0.138293
 -0.385188
 -0.282886
-0.0425919
 -0.424431
 -0.403277
  -0.37053
  -0.35592
 -0.433486
 -0.183395
 -0.119746
-0.0831595
 -0.193914
 -0.550294
 -0.378451
 -0.308677
 -0.190526
 -0.300005
 -0.372656
  -0.33604
 -0.399719
  -0.67444
 -0.266056
    -0.177
 -0.114882
 -0.176109
-0.0726704
 -0.479501
 -0.432908
 -0.660581
 -0.346893
 -0.261707
 -0.402857
 -0.094367
 -0.437219
 -0.317499
 -0.282721
 -0.337778
 -0.324598
 -0.328472
 -0.454542
 -0.220496
 -0.279693
 -0.492697
 -0.266759
 -0.413037
 -0.539391
  -0.29014
 -0.167493
 -0.280189
 -0.565446
  -0.34628
 -0.401843
 -0.126094
 -0.362378
 -0.356884
 -0.363633
 -0.331781
 -0.161182
 -0.252531
  -0.43507
-0.0424726
 -0.184837
 -0.380515
 -0.357179
 -0.237605
 -0.168464
 -0.229129
 -0.463275
 -0.259623
 -0.198995
 -0.136961
