   0.075882     0.14699    0.835613   0.0040752  0.00908898   -0.397441  -0.0525532    0.510994   -0.747979   -0.482028     0.74152   -0.964012   -0.110189     0.89451   -0.175714    0.273601   -0.553349   -0.265542   0.0024289    0.628076   -0.530021    0.496796  -0.0546139    0.207697  -0.0502999    0.573368     0.87743   -0.294168    0.114079   -0.303324    0.755417   0.0157338
   -2.10572    0.019281     1.52903   -0.269371     1.50449    -1.15732     1.19824    -1.01137   -0.156753    0.832811   -0.215434   -0.612262     1.39839  -0.0847981    0.472585    0.309177     2.01834    0.750265    -1.29846    0.197126  -0.0847018    0.614594    0.221806    0.420026    0.143541     1.06804     1.41518    -1.34926    -1.55201    -3.28123    -1.03752    0.189056
  -0.320148    -0.43402    -0.30423     0.37007    -0.90243   -0.738824   -0.597221   -0.646259   -0.264158   -0.247322    0.232222   -0.103331     0.68463   -0.684766   -0.302865    -1.06378     1.04544    0.559086    0.654414    0.457007   -0.877846    0.977424     1.46925     1.89239    0.119369    -1.27353     1.72107   -0.229324   -0.806366    0.123742     1.39505     1.08424
  -0.240599   -0.364036    -1.01909    0.158205    0.102552     0.11651   -0.619775    0.301945   -0.722249    0.514364    0.222851     1.05258    0.115198  0.00711901    0.415385   -0.536208    0.164037    0.138788    -1.53903   -0.111641   -0.125705   -0.130058    -1.35397     1.77597   -0.585702   0.0851678    0.698576   0.0198093     -1.4622    0.958292     1.38481   -0.686039
    0.72418     0.42147    0.286113   -0.612717    0.778417      -1.059    -2.02521   -0.580727   -0.435029    -1.44394     1.48395     1.75113    -1.37066    0.434146     1.15679    -1.03039    0.909845    0.536966    0.569434     1.40193   -0.369488     0.35955   -0.221447      1.0259   -0.912362   -0.221852    0.240037    0.230157   -0.621055    0.413235     1.86639   -0.912494
  -0.710198   -0.505569   -0.568219   -0.775393     1.67596    0.908193    0.104967     1.86993    0.622228     1.09555    0.288462    0.430955      1.2668    0.198558    0.265849    0.171252    0.589047     0.29071    -1.68066     1.01913   -0.332875   -0.939598   -0.138609    0.181253    -1.42615    0.652259     1.25884    0.644505    -1.42096   -0.626576  -0.0401613   -0.062071
   0.477777  -0.0672802   -0.277371   -0.453495   -0.891664    0.762531    0.182698    -1.33887     0.75829    -1.41551  -0.0246724     1.26597  -0.0839324    -1.08536    0.136026    -0.98926    0.603564     1.35616    0.521447      -1.088   -0.468647      1.1849    -3.22105    0.252186    -1.17424   -0.677456     1.01894   -0.950152   -0.256691     1.19563     2.21531    0.636836
  -0.755767   -0.853834     0.90219   0.0830243   -0.466175    -1.38176   -0.282165   -0.227654    0.465582    0.190905  -0.0602007   -0.644926    0.111593    -1.23819   -0.541008   -0.777871  -0.0914791    -0.83635    0.516067    0.519043   -0.266207     -0.3991     1.56901   -0.575327    -0.51369    -2.17406   -0.333348     1.18402    -0.49853     -1.5054   -0.832891    -1.50917
  -0.954775   -0.842732     1.77908    -1.16118    0.023458   -0.623279   -0.282783    -2.62439      1.3248   0.0644216   -0.614666    -0.37607   0.0380449   -0.512039    0.242893   -0.989039    0.836244      1.2672   -0.488249   -0.167915    -1.09444    0.828655   -0.729988   -0.395593    -0.90523   0.0562859     1.31291   -0.718249   -0.115977     1.10947    0.369715    -1.61594
   -1.95175   -0.170803    -1.09603   -0.388026     1.16409    -1.59286   -0.432119   -0.709292    -1.07428    0.953227     1.41809   -0.860729    0.546416     1.47864    0.129778    -0.46434     1.36358     1.74067    0.604204   -0.750642   -0.332828    0.432333    0.713534   -0.118073   -0.990425    0.974069    0.165344   -0.358485     1.24487    -1.70822   -0.276755    -1.33236
   0.948336     1.17879   -0.419712    0.654197   -0.545276    0.557285     0.21079   -0.187248    0.300166   -0.449787 -0.00834482    0.703386   -0.356261    0.108183   -0.674911   -0.682911    0.186405    0.117572   -0.112117    0.331143    0.842225   -0.420625  -0.0723125    0.559319  0.00575502    0.694811   -0.802276     -1.3881    0.985022    -1.82645    0.480343  -0.0132045
  -0.432745    0.851771    0.428835    0.573096    -1.60488   -0.527419   -0.298231    -1.64461     1.32403    0.251423   -0.414085    0.478109    -1.80193    0.655226    -1.34662   -0.283491    0.111045   -0.104974     1.08723     1.11038     -0.3324   -0.682758     2.63569    0.148906      1.1417  -0.0832869    0.515148     2.10553     1.15591    -2.46026    0.696584    -1.50946
    1.92647    0.742633   -0.404342   -0.165649    0.949896      1.1941    -1.80502    0.443878    -1.64253     1.43679     0.22412   -0.183006      1.3316   -0.850045     1.75915    -1.21182    0.848256   0.0123616    -1.13732    0.269237    0.585452    -1.21085  -0.0220858     0.90455  -0.0497281    0.444607    -1.12041    0.099629    -3.24739    -2.44331    0.010644    0.515453
  -0.353967   -0.295873     1.69843   -0.509273   -0.664903    -0.04602    0.665752    -1.59053    -1.25694    0.916554   -0.390753    -1.79991     0.59844    0.582352   -0.116069   -0.686837     1.50624   -0.168345    -1.45077      0.8866    0.101957   -0.437564     1.89785    0.181343   -0.529502    -1.64526    -1.64064   -0.317093     1.47416    -3.08635    -1.94163   -0.979493
  -0.237889   -0.364292    0.454431  -0.0767845  0.00839022   -0.486967   -0.531906    0.254212    -1.56792     1.38329    0.379419      1.1205   0.0822988    0.511787     1.77051    -1.87456     1.35233     1.58705   -0.402882     0.95537    -0.67858   -0.013133     2.41692    0.968221   0.0316745    -1.04535    0.103237    0.775596    0.441058     1.29552   0.0714873   -0.573796
    1.50478   -0.893507    0.400293    0.144966    0.170975   -0.651806    -1.62577     1.15191    -1.01822   0.0773474     1.16057    -1.20299   -0.830756    -1.10601    0.472721    -1.17967    0.250351    0.590636   -0.844531    -0.37186   -0.512926    -1.37467  -0.0453575   -0.533516   -0.139507     -1.5159    -1.11072   -0.506689    -1.29257    0.621916     1.80799   -0.331065
 -0.0328379    -1.25237    0.882162   -0.578151    0.374478   -0.836682     1.28157   0.0939938    0.395298   0.0303454    0.948597    0.144192   -0.231099     0.35585  -0.0514631    0.145271   -0.615777   -0.144044   -0.432566     1.75678   -0.549459    0.922762    -1.62409    -1.10579   0.0688968   -0.220821     1.62893    -1.16795   -0.376909      2.6963   0.0963605    -0.92431
   -1.03138   -0.257033    0.210507    -1.08078   -0.998448    -1.30016    0.084439   0.0950606    0.526405   -0.864744   -0.936498   -0.462093    -1.18327  -0.0403669    0.975569   -0.590911    0.248415    0.405368   -0.355799   -0.114853   -0.351967   -0.381188     1.35539     1.55099    0.269942    -1.40373     0.87994   -0.329047    -1.11856   -0.786222    0.137457    -2.35473
    1.71305 -0.00265565     1.56811    0.972271   -0.710331    0.169237   -0.907727    -2.16357   -0.348527   -0.805394     1.03388    0.418977   -0.535194   -0.537256     1.03334    -2.56177    -1.05799   -0.292204     1.60301    0.683588    0.209153   -0.153895     2.01763    -0.17254    -0.28594    -1.52604    -0.59001   -0.405159     1.03979    -1.25205    0.824746   -0.220039
   -1.09697   -0.729453     2.39189   -0.946129     0.76337    -1.77279   -0.253348   -0.517543    0.493725     -1.5888    0.431098    0.323525   -0.715474   -0.588119   -0.289525   -0.543333   0.0343264     1.18466     1.74066    0.554995    -0.61563     0.33941   -0.414455   0.0582307    0.318062    -1.22208     1.87219   -0.570446   -0.429101    0.715799     1.24693    0.373699
    1.66212     -1.7949    0.550781   -0.379265    -1.02207   -0.781114    0.302156     2.43865    -2.12133     1.47512   -0.645306    -1.05141     1.14984    0.720355    0.956651    -1.02169    0.580519   0.0787535    -1.88837    0.978905     1.78806    -1.82114      1.3165     1.10596     1.17694   -0.462656    0.403605    -0.77081   -0.881621   -0.377672    -1.39985    0.147104
   -1.93227    0.402106   -0.141564    0.752437    0.726686   -0.306876    0.377278     0.40608   -0.690988    0.138941    0.043563  -0.0357388   0.0801314    0.319402   -0.770193   -0.497422   -0.541949    -0.92393    -2.07615     1.34105   -0.527032    0.614933    -1.31515   -0.916512    0.201483   -0.123536    0.222998     2.00725   -0.287373    0.651116  -0.0267662   -0.649433
   -0.64891     1.06052    -0.10028   -0.824602   0.0645032    -1.07057    0.588952    0.721313    0.277014    0.117011    0.998403   -0.861494     0.02256   -0.780867   -0.679049      -0.314    0.374974    0.743693    0.130399  -0.0142173   -0.899972  -0.0342325     -1.3114   -0.841159    0.409596   -0.128737    0.871178    -1.07706   -0.482821     1.06152     0.79446   -0.162615
   -1.84592    0.661386    0.725911   -0.214275    -1.28702   -0.145447   -0.820655    -3.13038   -0.374746   -0.344457    -1.53027  -0.0316464    -0.17705    0.239323   -0.081347    -1.75531    0.828845    0.166695   -0.299367     1.31874    0.344851  -0.0881384    0.470594    0.553318    -1.52321    -0.14107   -0.672427    0.849795   -0.423274    -1.07679    0.740478    -1.56386
  -0.207307   -0.387512   -0.568595     0.90799    0.132066   -0.357085   -0.587692     -1.2024    -0.15485     -1.9803    0.665373    0.337118   0.0351922    0.473394    0.138927   -0.443717     1.82114     1.26585     2.91648   -0.893399     -0.7516   -0.571509    -1.15958    0.888653    0.454255   -0.843326    0.233747    -0.43684    -1.68599    0.953518     2.88888   -0.308031
   0.359157   -0.787343   -0.188527    0.402038     1.75853    0.654507   -0.158945    0.265475   -0.610532    0.233196      1.3918   -0.726452    0.419629     1.04393   -0.206803   -0.681124     1.66402    0.886349    -1.68119     0.19258    0.426038     0.31361    -1.68901    0.228607    -1.15732    0.151623    0.461439    -1.00813   -0.863428    -0.13884    0.449911    0.218575
  0.0833959   -0.648627    0.083659    0.117168    -0.38131    -0.24083   -0.532369      1.3289    -0.52737    0.412311   -0.360704   -0.963004    0.170034    0.349759    0.543677   -0.442691    0.600373     0.59171   0.0520891    0.615679    0.188411   -0.849338      2.3921    0.657372    -1.42519    0.168376  -0.0595407    0.482833    0.813413   -0.452076  -0.0952322   0.0664102
  -0.595786     1.08672   -0.179634    0.477295    0.236675    -0.80332    0.120834    0.425176   -0.398981    0.571044     1.59721    0.140308   -0.353466      1.3654    0.148261    0.228038   -0.130919     1.28493   -0.574143    0.396008    0.583662   -0.423223   -0.767621    -1.32428    -0.20267    0.471277    0.626789   0.0605736   0.0266828    0.123702    0.801912     0.37125
    1.64333  -0.0691575      1.7546    0.750186   -0.981931   -0.293606      2.4952   -0.871628    0.193257   -0.781847     1.35776   -0.510976   0.0861898   -0.426015   -0.124716    0.229272    0.532098     1.01096    0.956187   -0.338474   -0.392437   -0.936064     -1.6178   -0.240678    0.711133     1.63645  -0.0908163   -0.179011   -0.957974   -0.442463    0.441727    0.452379
   0.223831   -0.560919     1.47059     1.12436  -0.0705754    0.900564   -0.135413   0.0818418   -0.376038   -0.259508    0.359627   -0.780869   -0.560176    -0.39301   -0.370882     -1.6533   -0.694071   -0.472997   -0.806587    0.212018     0.20449    -1.20809    0.840133    -1.33076     0.15125   -0.949542   -0.492295  0.00810969   -0.219614    -1.04216   0.0954025    -1.82082
   0.190156   -0.224875   -0.338306   -0.165771   -0.372276    0.239986   -0.436491    0.410168  -0.0511314    0.469252    0.757873   -0.307601    0.131968   -0.201136    -1.29749    -1.01853    0.760392    0.719425    -1.23051   -0.632553    0.236515   0.0515806   -0.624019   -0.525877   -0.768533    0.499356    0.383412   -0.274158   -0.790828   -0.959203   -0.284706   -0.121313
  -0.132437   -0.829693     2.85949   -0.647987    0.158352    -1.25481   -0.238022   -0.800131    -1.27495    0.702047   -0.477395     1.15881  -0.0118163   0.0338891  0.00762089   -0.681396     1.10293    0.789038    0.027308    0.989799    0.876066    0.199101   -0.207832   -0.500017     1.29634   -0.814509    0.846051   -0.351323    -1.22363   -0.168037   -0.491008   -0.603981
