  -0.189491    0.259178    0.918666    0.695872    0.371948   -0.194225    0.114106    0.801665    0.167404   -0.674035   -0.526976    0.206344    0.715883  0.00380355    -0.31066    0.561823   -0.296046    -1.16459  -0.0214901   -0.308648    0.549431    -0.84131    0.726498   -0.743784   0.0913377    0.264967    0.157369    0.133466   -0.848341     0.59331    0.346081    0.904198
  -0.424269   0.0806856   -0.240462     0.23612    0.651599  -0.0567061   -0.355636    0.530075    0.687506     0.95791    0.361649   -0.510894  -0.0862537   -0.171085    0.424313   -0.125122      -1.057  -0.0591495     0.83556   -0.735195   -0.418226   -0.948505      1.2188   0.0411719    0.839826    -0.44294   -0.364714   -0.416686   -0.105634    0.642213    0.062548    0.802016
 -0.0266776    0.346241    -1.45879    0.567172    0.331875   -0.148053    0.564901    -0.17192    0.411047   -0.369038   -0.549348    0.780499    0.197497    0.311269 -0.00417878   -0.580674    0.510804    0.351059    0.246758    0.125855     0.32709    0.104398    0.578406    -1.18954    0.135564   -0.196569    0.150523    0.268526   -0.900395    0.138688    0.520649    0.378058
 0.00435477   -0.612874     1.04409   -0.999942     1.12452   -0.125567   0.0125554   0.0800656   -0.874477    0.291922  -0.0803921    0.712969      0.8096   -0.372511   -0.162929  -0.0887508   -0.804023    0.458628    0.610653    0.266816    0.908419   -0.167012    -1.45936  0.00280076    0.613082   -0.171148    0.231675    0.352455     1.39089     1.05957  -0.0262448  -0.0648652
   0.187227   -0.248511     0.25918     0.49543    0.360196   -0.360279   -0.249496    0.620094    0.632293    0.333142     -1.0395   -0.308876   -0.650255    0.155455  -0.0849917   -0.698168  -0.0931316    0.388157    0.429712   -0.890736   -0.775386   -0.285016    0.335994  -0.0964611    0.455715    0.174088   -0.626918   -0.037445    0.218098   -0.242395    -1.07502    -0.58594
   -0.20473   -0.524704    0.934788    0.279398    0.379274   -0.494358   -0.663288     0.44737   -0.947722   -0.477252    0.686623    0.398512    0.288968   -0.359396   -0.129474     1.56989    0.219449    0.257981   -0.119597   -0.127314    0.432468   -0.474715    -1.51984   -0.677504   -0.319349     0.56749    0.218641   -0.263567  -0.0931365     1.38092  -0.0476301    0.113218
   0.494709    0.516812   -0.195043  -0.0332971   -0.688334   0.0515138   -0.994567    0.625732    -1.15804  -0.0987146    -1.31315   -0.102759    0.374993    0.360584   0.0516576   -0.353274   -0.602828    0.249349   -0.363246    0.684216   -0.223831    0.761208  0.00273808   -0.321822   -0.289229     1.01825    -1.22867    0.445269   -0.567366     0.20637    0.292778   -0.474681
  -0.719519   -0.714808   0.0223921    0.173171   -0.575236     0.29575      1.0207  -0.0614563    0.588668      1.1625   -0.359455   -0.213231   -0.227689    -1.35909    0.677031    0.424788    0.396038   -0.167619   -0.407727     1.25751     1.17677    0.556305   0.0275576    0.357466   -0.747588     1.80884   -0.116769    0.482994    0.343307   -0.316808    0.616281    -1.12026
  0.0935331   0.0226121   0.0542523    0.155396   -0.911857   -0.122858   -0.011589    0.220574    0.908695   -0.356226  0.00710423     0.35072    0.626058    0.209827 -0.00591306   -0.480221    0.274979   -0.405056    0.392318    0.408702    0.172166   -0.172532    0.109766    0.545635    0.149974    0.964398   -0.270753   0.0647825    0.721054    -1.11962    0.162209   -0.130907
   0.555064  -0.0922436   -0.269129   -0.598012   0.0989448   -0.310937    -0.61743    0.166374   -0.047978     0.57209  -0.0620307    0.687565    0.049172   -0.239321   -0.892828   -0.448048    0.483557     1.14901     0.01993   -0.110513    0.261245   0.0572664    -0.60949   0.0702686    -0.19183   -0.304584   -0.280292    -0.28189   -0.771173   -0.766803    -1.13935    0.028367
 -0.0547982    0.419639   -0.119849   -0.667698   -0.987261  0.00242983   -0.152281   -0.324849     -1.3774    0.167524  -0.0932069   -0.742726     0.27325   -0.348198      1.1249    0.225185   -0.574781  -0.0436417    0.200635  -0.0947626     1.22497    0.954932   -0.312298   -0.153229   -0.596805    0.367351   -0.359255    0.789672   -0.044464   -0.479629    0.200608    0.239532
    -1.3788 -0.00768292  0.00953113    0.384642   -0.473311   -0.679196    -0.17927   -0.363993  -0.0335188    0.484925   -0.868915    0.405423   -0.834761   -0.144096   -0.805356    0.208786   -0.464066   0.0128185   0.0114206    0.148364   -0.625762     1.23109     0.16231    -1.24931    -0.40091   -0.278929    0.705082   -0.512989   -0.846445  -0.0259991   -0.284406   0.0862169
 -0.0710648   -0.810312   -0.235051    0.195576   -0.484256    0.668006   0.0978649     -0.1709    0.163171   -0.346101   -0.326138  -0.0623233   -0.499227   -0.444001    0.108376     1.38305    0.712956     0.45115   -0.265157     1.51404     1.31549  -0.0857908   -0.561232    0.260237   0.0184228     1.31919    0.393236    0.485143   -0.378001     1.32429    0.594931   0.0629004
   0.790565     0.24338    0.245909   -0.646141   -0.102841    -1.07407   -0.659954   0.0139795   -0.390937   -0.163415   -0.131565    0.196961    0.372431    0.222202   -0.277638    0.156184   -0.385097     1.73818   -0.444469   -0.465493    0.349661   0.0250096   -0.950357    0.499132    0.577507   -0.594602    0.151725    0.692904   -0.687466   -0.141223   -0.695383  -0.0350049
  -0.910509   -0.880004  -0.0719414   -0.078012    0.548589    0.744114     1.53987   -0.268976     0.10771    0.829446    0.759517   -0.466059    0.844578  -0.0849947    0.543516    0.400484    0.439151    0.505225   -0.127234    0.507583   -0.271985   -0.105635   -0.142832   0.0539043   -0.112736    0.573698    0.260055   -0.196587     1.47541    0.746883    0.573709    0.184211
  -0.226204     0.17077    0.115853    0.453453   -0.250677   -0.425189   -0.450649   -0.224541   -0.804653   -0.260916     1.47437   0.0108398    0.213805   -0.698344  -0.0326922    0.326358    0.505151   -0.234396    0.536346   -0.133628     1.26318   0.0907377   -0.685657   0.0243695   -0.687563    -0.58119    0.375562   -0.063364     -1.0696    0.199988   -0.770944   -0.439523
    1.34934   -0.343147   -0.186122    -0.09086  -0.0037531    0.557854   -0.481463   0.0638455    0.259795    0.506904   -0.454395    0.262324    0.264531   -0.232487   -0.635539    0.572504   -0.261983    0.116788  0.00198298   -0.445431   0.0660863   -0.403047    0.111866   -0.108732    0.335437    0.315264   -0.260213   0.0440677   -0.741592    0.702871    0.517182   -0.807343
 -0.0779166    0.306546    0.439885    0.738881   -0.371735    0.408653    0.121841 -0.00159557   -0.259536     1.28517    0.480387    -1.11827    0.268032    0.654984   -0.118054      1.0313    0.804605    0.180257   0.0681392    0.492703     -0.7437     0.18854    0.188939    -1.07237  -0.0133357  -0.0806236   -0.644005    0.440816   -0.726449     0.84344    -0.94644   -0.366017
   0.804707    0.347673  -0.0289215   -0.776169    -0.66673    -0.27215    0.092746    0.730324    0.232817     1.27148   -0.444561  -0.0760226   0.0342618   -0.125838    0.405867   -0.146594   -0.318482    0.461069   -0.250122    -1.25785   -0.387564   -0.356525  -0.0720814   -0.858276     0.59642   -0.124059   -0.312064    0.451283   0.0473635   -0.606642    -1.34123   -0.152872
   0.520576  -0.0545257   -0.799205     0.50565    0.834797    0.247248    0.923255    0.146794   -0.441935   -0.767533  -0.0850836   0.0868474   -0.101034   -0.387291    0.561954    -0.50971   -0.136485    0.937256   -0.610022    0.373372    0.112555    0.308721   -0.045664     -0.2402    0.166995   0.0151527    -0.56737   -0.299034    -0.40409  0.00175924   -0.250186   -0.511924
  -0.559051    0.227066    0.333359    0.131939    0.349257   -0.416384    0.195724     0.50448    -0.89741    0.386571   -0.827571    0.419451    0.206632    0.536766    0.850006    0.359781    0.264616    0.767949   -0.424817    0.721362    0.126489    0.243926    0.352886    0.656879   -0.794399     1.59997   -0.473573    -0.44491    0.702818  -0.0630421    0.953836    0.372098
  -0.303075     0.10181  -0.0250277   -0.405519   -0.413867   -0.554828    0.674239   -0.150881   -0.279566    0.147778   -0.411716    0.770067   -0.550233   -0.237435    0.604635    0.230791    0.283706    0.735195   -0.676704    0.830422     1.52168    0.529941   -0.360757    0.351069   -0.277964     1.27302   0.0332144   -0.093405    -0.74551   -0.627418    0.139992  -0.0530422
   0.241982     -1.0707     1.09854  -0.0771591    0.358579      1.1275     0.45366    0.771042 -0.00454692   -0.264202    0.240752   -0.318702     1.52608   -0.230771    0.163266   0.0487795    0.295166    0.272116    0.180318  -0.0179385    0.340403   -0.418552    0.491255  -0.0118731    0.358038   -0.353325    0.171045    0.182894   0.0792462     1.22378   -0.292786  -0.0633691
    0.78212    0.211745    0.153664    -1.24861    0.245744 -0.00962366    0.526646    0.368678   -0.424535   -0.230183  -0.0302186    0.230495    0.142674    0.347619  0.00330089    0.208182   -0.807489   -0.671332    0.436316   0.0559923     0.84184   0.0648073   -0.334807   -0.716283    -0.61981   -0.503991    0.149034    0.564317   -0.513414  -0.0728413     0.11029  -0.0523864
 -0.0341137     0.32357   -0.229766    0.127866   -0.901028   -0.402042    0.424595   -0.978095    0.260274    0.023098   0.0905072    0.495217    0.217662  -0.0421404   -0.114966   -0.509084  -0.0137979  -0.0244964   -0.357793   -0.634258   -0.690307    0.586692   -0.683093  -0.0412834   -0.149522   -0.203901    0.158635   -0.165147    0.588751    -0.90984   -0.375422   -0.112573
  -0.256874    0.651165    0.344252   -0.253126    0.185603    0.451565    0.209136   0.0192047   -0.400302    0.919314    0.120251   -0.430559   -0.690228    0.592069  -0.0100374    0.176255   -0.121918    0.992231    -1.03675   -0.972297    -1.15887    0.346647  -0.0369121  -0.0944534   -0.349821    0.153729   -0.422073    0.181548    0.749287   -0.722203    -1.02759   0.0778934
  -0.388375   -0.196846   -0.520461   -0.336086    0.477227    0.252357    0.774278    0.141671   -0.127033   -0.173603    0.236373    0.114341    0.910754   -0.629419  -0.0507072    -1.64444   -0.323648   -0.464742    0.375825   -0.772217    0.169987    0.477694    0.517766    0.201331    0.506729   -0.271918   -0.442375   -0.708779   -0.520178   -0.737392    0.259866   -0.100598
   0.118204   -0.728992    0.190945   -0.754117   -0.299704  -0.0637734  -0.0733163    0.480841    0.332322   -0.776732     -1.1347    0.572201  -0.0786585   -0.962075   -0.423641   -0.409847    0.373369   -0.262285   -0.458051    0.884124     1.18604    0.719149    0.864949    0.824652    0.607438    0.986189   -0.207514    0.438459  -0.0365111   -0.276201 -0.00790847    0.460902
   0.374385   -0.243611   -0.566231   -0.244707    0.882405   -0.248355    0.369964    0.418683   0.0649058    0.166463 -0.00166337    0.131813     1.10395    0.223358   -0.617448     0.42806   -0.689041    0.908495     0.11459   -0.309219   -0.379367   -0.361248    0.447592    0.163547    0.709961  -0.0780223    -0.19601    0.430813    0.647489    0.560379   -0.761439    0.188192
  -0.915092   -0.230971    -1.22125   -0.260287    0.564085    0.391559     1.33567    0.265509    0.560271     -0.5797  -0.0837545     1.05039     0.20838    -1.00872    0.413651   -0.262424   -0.922808   0.0277683   0.0773686   -0.494582    0.986937   -0.603126    0.859331    0.881526  -0.0832359    0.546047    0.521915   -0.659857    0.862777    0.465651    0.389725   -0.170333
  -0.897823    -0.60248  -0.0103258   -0.627773   -0.768267    0.665193    0.296679   -0.261319    0.337567  -0.0102598     1.59023   -0.502269    0.648824    -1.23051   -0.237018    -0.10754   0.0995711    -0.93199   0.0780236   -0.663137    0.882297    0.304867   -0.832168    0.798048   -0.163598    0.140469  0.00923453    0.235277 -0.00231241    0.159988    0.106869   -0.807575
    1.14568   0.0313411    0.481687    0.280028   0.0212072  -0.0573915    0.378938   0.0990713  -0.0698431    0.258555    0.151643   -0.435655    0.392001    0.448134   0.0147436   -0.632894   -0.263825    0.808139     1.21333   0.0655052   -0.464205   -0.955599    0.106243   -0.755582    0.110211   -0.764599    0.154842   -0.733882    0.263709     1.11777     -1.2016     0.31875
