   -0.248087
  -0.0276026
   -0.453734
   -0.530515
   -0.483505
   -0.253962
   -0.251624
  -0.0953846
     -0.2303
   0.0509976
   0.0568964
   -0.111835
   -0.375715
   -0.169227
  -0.0601504
    -0.29872
   0.0793969
   -0.311724
   -0.368292
   0.0295595
  -0.0439628
   -0.850293
   -0.446445
  -0.0484624
   -0.333712
  -0.0326956
   -0.236044
  -0.0282278
 -0.00976516
   -0.169676
   -0.128531
   -0.343118
   -0.154481
   -0.186284
   -0.138715
   -0.457125
   -0.246943
    0.321843
   -0.312064
   -0.497558
   -0.150088
   -0.342993
   -0.221756
   -0.275747
   -0.421999
   -0.286886
   -0.326011
   -0.512865
    0.115395
   -0.209028
   -0.349748
  -0.0305415
   0.0932397
   0.0066536
  -0.0791819
   -0.275072
   -0.298608
  -0.0147581
   -0.540475
   -0.303604
   -0.033589
   -0.420253
   -0.269763
   -0.206051
   -0.234286
   -0.104663
   -0.576615
   0.0351217
   -0.347925
   -0.379103
   0.0577482
   -0.128255
  -0.0928985
   0.0625803
   -0.240216
     1.06941
   -0.219153
   -0.195008
   -0.362402
    -0.36133
   -0.133318
   -0.365602
   -0.176066
   -0.573494
   -0.370132
   -0.130025
  -0.0722557
   -0.110244
  -0.0980186
   -0.111541
-0.000670321
   -0.522792
   -0.267592
   -0.513342
   -0.167201
   -0.126691
   -0.182253
   -0.052276
   -0.488644
   -0.472869
   -0.217926
   -0.356273
   -0.445684
   -0.211334
   -0.317901
   -0.241586
    -0.56485
   -0.387904
     0.20516
   -0.495168
   -0.154046
    -0.25666
   -0.632271
   -0.642289
   -0.195119
   -0.507257
   -0.392973
   0.0192825
   0.0307419
   -0.153045
   -0.255597
   0.0249534
   -0.281842
  -0.0473805
   -0.102289
   -0.254332
    -0.26776
   -0.556217
