  -0.0775786      0.30599     0.198864    -0.177365     0.163983   -0.0817095   -0.0351506    0.0327497     0.284153   -0.0589985   -0.0749128     0.193787    -0.590894    0.0489343     0.217205   -0.0538986    0.0386681    0.0257945     0.189451    -0.109029    -0.229263      0.25729     0.204564    0.0581723    0.0281022    -0.189291     0.235352   -0.0873935    0.0860396    0.0894836   -0.0542102    0.0739399
 -0.00793644    -0.338003     0.450558    -0.130462    0.0898195     0.195305     0.236611    -0.189109     0.378142    -0.109262    -0.164949     0.128742    -0.294083   -0.0330886   -0.0579551    -0.230265     0.289393    -0.213586    -0.107294     0.479826      0.10673     0.153778     0.113798     0.602518    0.0715584    -0.357039 -0.000807762    0.0229112    -0.190548    -0.138178    -0.129434      -0.1926
  -0.0300947   -0.0371319    0.0120961    -0.154522    0.0712607   -0.0557922     -0.27805     0.822226     0.350484      0.20917    -0.192085     0.116783     -0.31251   -0.0215119     0.161097     0.580811     0.099982     0.155604    0.0998422    -0.223168     0.515953   -0.0479983     0.233618    -0.278679    0.0368204     0.685074     0.636332    -0.511008    -0.872966    -0.335726    -0.176308     0.541346
    0.355229     0.414327   -0.0472121    0.0858007     0.719187      0.38229     -0.43983     0.511195     0.890329     0.122337    -0.113498      0.15652    -0.364558     0.313527     0.195697    -0.230411    -0.241249    -0.478153    -0.397529    -0.057794    -0.196653   -0.0202589   -0.0854312    -0.142797    -0.359495     0.447606     0.258715    -0.445029    -0.203127     0.172895     0.221589     0.302842
    0.531099     0.205226   -0.0410887    -0.190756  -0.00163759    0.0607205     0.448651    0.0797217    -0.398665     -0.06364     0.228932   -0.0388008     -0.70422    0.0613081    0.0293264     0.272681     0.182929    0.0934496      0.13805     0.411772    -0.069634     0.323135    -0.218725    -0.292186     0.180114    -0.202439     0.428388     0.105764    -0.142153   -0.0448123    0.0885789     0.880691
 -0.00820108     0.223883    -0.252534    -0.197691    -0.158354    -0.225827    -0.554489     0.240649    -0.392096    0.0388253     0.162897     0.229963   -0.0179985    -0.275442   0.00743154     0.307685    -0.401306      0.18576   -0.0118997    -0.214943     0.248363     0.229749     0.170812  -0.00191734   -0.0960955     0.396808     0.314057     0.164466    -0.173548     0.290112     0.273297     0.370253
   0.0233517     0.332115    -0.287952    -0.302697    0.0645921    -0.129851    0.0844042    0.0764353   -0.0155496    0.0594344     0.127315     0.422957    -0.115133     0.100155     0.361161     0.185138       0.1677      0.31339    -0.224928     0.180987     0.147168    -0.129597    -0.123333   -0.0312598     0.166511     0.153166     0.012688     0.187581    -0.229849    0.0223595   -0.0262273   -0.0874694
  -0.0206808   -0.0970604     0.439104     0.902165    0.0473397     0.283364   -0.0273016     0.144879     0.449541     0.347564     0.624007     0.526831    -0.160866    -0.108776    -0.341101    -0.510989     0.168751     -0.13344   -0.0286357    -0.282609    -0.438735    0.0767101     0.722983    -0.139328    -0.957464     0.570345    -0.403763     0.586226   -0.0421387    -0.729291    -0.463215    0.0370166
    0.199104    -0.347614    -0.559107    0.0274956    0.0118396    -0.112555     -0.16877   -0.0325131    0.0169217     0.343116     -0.29073     -0.40043     0.190538    0.0131764      0.14916     0.274592    0.0334628     0.125465    -0.372769     0.133961    -0.120871     0.404012     0.505515    -0.124502   0.00777798        0.282     0.335834   -0.0380012   -0.0627968     0.378192     0.139609    -0.188903
    0.442533    -0.163702     0.865953     -0.71761     0.254696    -0.398273      0.44059    -0.435367    -0.261364    -0.779269     0.244779    -0.796982     -0.33519    -0.687493    -0.428427      0.17318    -0.142756     0.219407     0.405273    -0.358596   -0.0634463     -0.10134     0.234367     0.416834     0.813045     0.182023     0.164061     0.162594    -0.355838      0.51243    -0.438056      0.42275
   -0.179503     -0.10063    -0.218736     0.151633    -0.220657     0.593621     0.334643      0.64863     0.303749    -0.284455    0.0906294    -0.067413    -0.618371     0.135462    -0.340602   -0.0380544    -0.555923    -0.440467     0.620481    -0.029744     0.121891     0.290285     0.137884     0.231071    0.0174566     0.374763   -0.0831537     0.522797     0.146503    -0.408364   -0.0724239   -0.0265448
   -0.202364   -0.0774565    -0.121577   0.00148448     0.616758      0.12978     0.277778    -0.105425    -0.343274    -0.309363     0.537354   -0.0762294    -0.420244     0.110532    -0.214095     0.290665     0.170291    -0.163441    0.0816246   -0.0556605     -0.34753    -0.335881    -0.020138      0.30302   -0.0232754    -0.548071   -0.0194842     0.223697     0.317641     0.223686     0.357806     0.217369
   -0.200758    -0.132653  -0.00331015    0.0230194     0.248713     0.112085     0.439439    -0.165423    -0.247303     0.516447     0.539047     -0.29076    -0.406359     0.445837     0.066952     0.717606     0.390409     0.274095     0.413327    0.0845714    0.0959178   -0.0573258    -0.116616     0.332888    -0.162466   -0.0978278       0.8286   -0.0253908   -0.0434547    -0.249761    -0.315353     0.303791
    0.289774    -0.220672    -0.175564     0.329934    -0.123653     0.237079     0.181076    0.0965555      0.17876   -0.0362255     0.323969     -0.14535   -0.0982188    -0.390144     0.206425  -0.00997458     0.091102     0.220221      0.15492     0.207233     0.171474     0.340951     0.429778     0.458653    0.0582092   -0.0839846     0.396878    -0.102276    -0.143656     0.376949     0.247917    0.0201896
   0.0382493    -0.156357    -0.100269    -0.263162     0.605572     0.185496     0.267637     0.660835    -0.218584     0.386423     0.454772   -0.0406524   -0.0476618    -0.100012   -0.0638353     0.644827     0.315954     0.406513     0.119464    -0.195416     -0.17333     0.452053     0.748589   -0.0743703     -0.41121     0.309314     0.767069      0.94394     0.556118    -0.343192     0.819849      0.59967
   -0.467969    -0.194393    0.0321616    -0.284242    -0.138357     0.317125    -0.208236     0.183003    0.0476326   -0.0829208     0.431931    0.0932616    0.0449842    -0.197157    -0.122457     0.112959     0.724864    -0.195583    -0.351462     0.313197     -0.25726      0.49823      0.18484   -0.0336798    -0.993336     0.103642     0.155862     0.227582    -0.161514    -0.331856  -0.00847799     0.210108
  -0.0596238     0.204873     0.186596    -0.294106   -0.0796068    -0.301435    0.0903038     0.517659     0.197116     0.222065    -0.009998   -0.0194645    -0.228916    0.0805293    -0.204139     0.138908     0.207271   -0.0111816     0.262039   0.00327365    0.0921753   0.00109979      0.20058    -0.104965     0.177643    -0.197508     0.203078     0.336524    -0.339167    -0.433492     0.068343     0.257059
   -0.214589      1.16746    -0.058897    -0.112443     0.788988     -0.20879     -1.20059     0.521352      0.27837     0.162288     0.141971     -0.36991     0.690101    -0.659452     0.760504     0.159012     0.375977     -2.00263    -0.291141     -0.93529    0.0518837    -0.277569     0.281545    -0.594787     0.116566    -0.159198    0.0518417     0.623484     0.683187     0.159133    -0.513165     0.660245
    -0.98224     0.391494    -0.742975     0.418784       1.0002     0.502931    -0.307577      1.06699    -0.170807     0.462904     0.189264     0.212804     -1.02106     0.539139     0.468651      1.23663      1.09592    -0.250301     0.704331    -0.119696     0.321228       1.1211     0.347532    -0.103196    -0.128233     0.278599       1.4174       0.3609    -0.460722     -1.07956      1.07664     0.919519
   -0.114693     0.629323     0.771134     0.111964     0.582568      0.23577     0.159276    -0.730968    0.0365028    -0.974928     0.462535    -0.470308    -0.447029     0.240995     0.234026    -0.484313     0.805863    -0.205916     0.234005    -0.353936     0.800007     0.616397    -0.431722     0.468403     0.288144    -0.493087     0.501161     0.938993     0.122365    -0.359574    -0.784407     0.801075
   -0.112281     0.245567    -0.232424    -0.454516     0.212223    -0.116948    -0.493956      0.32409    0.0790664    0.0505217     -0.37419     0.211494    -0.140941    -0.451023     0.156917    0.0360203     0.361258    -0.488325    -0.300085    -0.525222     0.153257     0.438445    0.0502894    -0.322967     0.152963     0.244035     0.517954      0.73676    -0.197778     0.336963     0.334842     0.650095
    0.369973     0.129121  -0.00277521    -0.358845    -0.034137     0.230967    0.0499502   -0.0306864    -0.289055     0.318086     0.315903     -0.18888     0.184797    -0.481982     0.103592    0.0686862     0.134715    -0.318104   -0.0757416   -0.0515788    0.0760768     0.351559    -0.346971     -0.22033  -0.00970488     0.519339     0.477672     0.340743    -0.379994    -0.066488   -0.0738396     0.427276
  -0.0823627    -0.290347    0.0707073     0.221941   -0.0403744    0.0479203     0.139405    -0.630745    0.0721417     0.200121     0.344375    -0.103127    -0.215201     0.251429    -0.320206     0.317544     0.446216     0.275357    -0.434677    -0.257834    -0.135989     0.104558     0.222251     0.279101     0.147138    -0.225949     0.270808    -0.137827    -0.202629    -0.383522    -0.703268   0.00102785
    0.205725    0.0934253    -0.212888     -0.15936      0.11271    -0.381678     0.423151     0.520522    -0.049085     0.825638     0.126517     0.148567     0.267297     0.301737    -0.622675     0.306298   0.00532682    0.0012639      0.69084    0.0718168    -0.290726     0.163872     0.696878    -0.396356    -0.037957   -0.0231795     0.105454    -0.022344     0.223924    -0.387526     0.155664     -0.53979
    0.127634    -0.192108     0.126502    -0.355918     0.310086     0.247797     -0.13589     0.136745      0.17182     0.342328     0.320671    -0.277614   0.00857623   -0.0352936     0.557985     0.110507    0.0879735    -0.323294    -0.345904     0.338135     0.234484     0.522235     0.188658     0.176841    -0.456384     0.302596     0.081619     0.161449    0.0747749   -0.0697072    -0.161998     0.379896
   -0.140319   -0.0943085     0.128989    0.0613537   0.00738651     0.347421     0.153167     0.011773   -0.0556439   -0.0563334   -0.0146748     0.437771   -0.0060788   -0.0414785      0.11241     0.101615     0.406362    0.0350873    -0.159581   -0.0855934     0.206233     0.110882    0.0853442     0.943455     0.269743    0.0316951   0.00100514    -0.345061    -0.172122    -0.111527    -0.240516     0.214157
    0.100189    -0.275937      0.14965    0.0813733    -0.423379     0.161641     0.398417    -0.235649    -0.474318   -0.0271749     0.251405    -0.238103     -0.31039     0.128314      0.54505    -0.201223     0.608273    -0.123848   0.00600027    0.0842389     -0.15066     0.114629     -0.30438     0.664029     0.707222    -0.359439     0.441929     0.565033    -0.185965     0.262564    -0.603975    -0.170477
    0.204206    -0.194693     -0.12998     0.230678    -0.367269    -0.111735      0.08137     0.123343     -0.31052   -0.0506008     0.481395    -0.192833    -0.170698     0.425037     0.122895     0.173657    -0.499316    -0.211715    -0.294255     0.203223   -0.0922433    0.0798638    -0.232881   -0.0097458    -0.168307     0.389109     -0.11498     0.212046     0.488022     0.174955    0.0561743    0.0784411
    0.158852     0.324983    -0.117117     0.252547    -0.218557     0.438201     0.208711    0.0721358    -0.233502    -0.164052   -0.0394352    0.0492604      0.26105    -0.160932    0.0151195     0.179488   -0.0902739     0.547237    0.0538722    0.0109326    0.0891966    -0.145294     0.580484     0.279625    -0.161097     0.649616     0.119838     0.539492   -0.0672945   -0.0272883    0.0635827      0.28194
   -0.113712     0.286384     0.444954     0.187698     0.210772     0.326917     0.101255    0.0404171      0.34593      -0.7734     0.132112   -0.0960508     -0.84578     0.177824    -0.121853    -0.317922    0.0296973    -0.275582    -0.361025    -0.241084      0.16663     0.322031     0.173461     0.319064     0.378973  -0.00523361     0.339221     0.408051   -0.0952849     0.306401   -0.0608854     0.572658
   -0.227086     0.190698     0.451383    -0.176966   -0.0809481    0.0979289   -0.0219942    -0.231568   -0.0216996    -0.229643     0.294055     0.210099    0.0598272     0.262221     0.236838     0.168968    -0.492306      0.38073    0.0521917    -0.320709     0.145351    0.0589753     0.432196     0.164215   -0.0575839   -0.0254111    0.0419058     0.375478     0.400416    -0.235224    -0.303486     0.592009
    0.438693     0.166721   -0.0382475    -0.529399    0.0152143     0.178303     0.329451    -0.353025     0.362706    -0.438133    0.0799865    -0.131145    -0.771346      0.38808    -0.412267     0.259079     0.277591    -0.107315    -0.126012     0.356364    0.0952407      0.81236    -0.483558    -0.249464     0.427668    -0.260301     0.656852     0.390602    -0.156103     0.488027   -0.0218892     0.105964
      0.1628    -0.153068     0.309216     0.374565    -0.377248    -0.206785      0.41176     0.512946    -0.389355    -0.271786    0.0280655     0.434728    -0.160491     0.127944   -0.0657658     0.293915     -0.45526     0.792935    -0.174323 -4.61086e-05     0.343062    -0.261458     0.889705     0.802471   0.00716639     0.264185     0.647564    -0.395669     0.106081    -0.402222    -0.282852     0.194111
    -0.67143     0.195427    -0.798856    -0.194444    -0.275848    -0.176715    -0.392643      -0.3374   -0.0793214   0.00881578    -0.580298    -0.496677     0.579151    -0.918284     0.764355     0.245436    -0.357933     0.127115     0.340679    0.0839839     -1.03082     -0.30491   -0.0120241       -0.713   -0.0240819    -0.356976    -0.902042     0.165989     0.430075   -0.0219068  -0.00116061    0.0395492
    0.050238    -0.166638  -0.00271259    0.0724855     0.106646    0.0923374    0.0220845    0.0126307    -0.269241    -0.412946    -0.143402   -0.0520501   -0.0217668     0.410763   -0.0304999     0.330948    0.0245815     0.130662    0.0395894    -0.330935     0.342507    0.0142376     0.266928    0.0683885     0.125526    -0.190259     0.420517      -0.6796    -0.103051   0.00267004    -0.110546   -0.0587339
   -0.159129    -0.149127    -0.509317    -0.297973     0.226525     0.152202     0.296823      0.14666     -0.46257     0.177056     0.466629    -0.141106   -0.0526191     0.286027   0.00789084     0.827086     -0.44899     0.330669    -0.169542    -0.660178     0.248573    0.0646397     0.194902     0.240066     0.419655   -0.0621369     0.288507    -0.525273    -0.216964     0.233755   -0.0320863     -0.10196
    0.038716      0.40472     0.466387       0.2676    -0.731416     0.885493     0.431603     0.171419      0.82155     0.221663    -0.518601     0.835469    -0.379468    0.0428877     0.178143    -0.303883      -0.3169    -0.652825     0.237657    -0.288941      0.55291     0.244518    -0.307655     0.302924     0.544107    -0.187474   -0.0275409    -0.152314    -0.508655    0.0275086     0.277482    -0.152628
   0.0256139     0.358998    -0.599066     -0.17588     0.212743     0.389777    -0.676616      1.01303     0.104982     0.319734    -0.208995    -0.173098    -0.250998    -0.469776     0.848368     0.586694     0.579043      -0.1175     0.115107     0.185701     0.489795     0.594101    -0.104908     0.653655    -0.702612     0.633241     0.811945     0.776226     0.494039     0.332668     0.476063     0.308569
     0.21792     0.903449    -0.190767    0.0163517     0.524662    -0.128473   -0.0173977    -0.739172     -0.51678    -0.188112     0.342295     -0.82722     0.384475     -1.11824     0.318956     0.262056    -0.382492    -0.991941     0.374591    -0.264452    -0.494812     0.452121    -0.142985    -0.133981     0.104617     0.207883    -0.299146     0.824854     0.778046     0.223986     0.242191   -0.0722156
   -0.336075    -0.170259    -0.157668     0.316794     0.100481    0.0418418     -0.33546    0.0641501     0.237132     0.231306     0.109628    0.0108297     0.656859    -0.163147      0.20494     0.254227     0.088541     0.253716     0.169621    -0.181796   -0.0733012    0.0612573     0.131621    -0.268357     -0.17031     0.241374    -0.325254     0.394156     0.321437   -0.0861799     0.240574   -0.0716805
   -0.613678    -0.615879    -0.404386     0.458724     0.768576   -0.0584226    0.0919593     0.187723    -0.650738     0.218903     0.628861    -0.142052     0.127982     0.114602     0.768511      1.00054     0.145823     0.332572   -0.0296527    -0.590657     0.313385     0.573516   -0.0494705     0.156067     0.201158    -0.318788     0.571437   -0.0995357     0.808619    -0.385834     0.516721     0.333166
    0.311152    -0.045623    -0.323252     0.048681     0.667214     0.188567   -0.0289051     0.108513    -0.177725     -0.33595     0.313862    -0.300528    -0.210682    0.0745187    0.0723617     0.376798     0.481588    -0.258374     0.792876   -0.0105873      0.46371     0.479292     0.200204    -0.124683    -0.356874     0.220381     0.435133     0.442536     0.130475   -0.0780781    -0.206726   -0.0144873
    -2.39768     -0.55072     -1.68545     0.585472      1.23058      1.16552    -0.630462      0.27397    -0.192558      1.24081      1.17079    -0.407755     -1.29619     0.771502      1.54346     0.919542      2.89726      -1.7399     0.901419     -1.53154      0.74109      2.82729     -1.57052     0.186291    -0.171486     -0.11084      2.07282       1.8893      1.18301     -1.12488     0.593942      1.81145
   -0.197648     0.130817     0.169474      -0.6558    0.0717096     0.218876     -0.15445    -0.312645    0.0787841   -0.0272457     0.499986    -0.296672    -0.358947    -0.736039     0.481394   -0.0588087     0.414886     -0.40524    -0.113123    -0.327508     0.116581     0.417854    -0.664319     0.365841     -0.28221      0.43745     0.203613     0.902544     0.248486     0.217805   -0.0333164     0.475859
   -0.102776     0.495323    -0.280242    -0.430284     0.263128     -0.45401    0.0927191     0.352482    -0.387062     0.343529     0.202524    -0.137609   -0.0795033     0.421623    -0.344057   -0.0746681     -0.13962     0.212348 -0.000237815   -0.0804968    -0.277188     0.396333      0.97283    -0.612075     0.590976    -0.175915   -0.0554725      0.12402     0.262008   -0.0232231     0.704675     0.505052
     0.51145     0.113009    -0.127248     0.151573    0.0744175    -0.445747     0.178981      0.55627     0.170179     -0.17789    0.0177558     0.465366     0.117696     -0.12516    -0.384214   -0.0813366    -0.653427     0.453598      0.28136  -0.00232715     0.209401    -0.351713     0.904217       0.0992     0.121548     0.216929    0.0897048    -0.362149   -0.0856181    -0.416371    0.0419221    0.0535667
  -0.0992442    -0.506272     0.161341    -0.223382    -0.265424    -0.486777     -0.10712    -0.362822     -0.33958   -0.0816879      0.06912    -0.190217   -0.0269725  0.000770019     0.208593     0.231098     0.140916     0.340622    -0.427392    -0.122877    0.0684529     0.232305    -0.340991     0.103974    -0.146719     0.117403     0.093211    -0.191101    -0.617924    0.0750777     0.333012      0.11035
   -0.187148    -0.379822    -0.562457   -0.0158358    -0.213972    -0.150995     0.264968    -0.108219    -0.314074     0.590961     0.114738     -0.37161    -0.128371     0.215973      0.26078     0.289067    -0.223613     0.287912    -0.767151    0.0722938    -0.224993     0.654246    0.0490992    0.0959021    0.0173875    0.0043589     0.170195     0.172136      0.25308     0.328997   -0.0490408     0.413399
   -0.131546    -0.627166    -0.183112    -0.101091     0.313276    -0.187986    -0.183898    -0.677504   -0.0243827    -0.217418    -0.451884    -0.522081    0.0217845     0.133134     -0.17615     0.254357     0.121349    0.0735094     0.055085    -0.267962     0.141552     0.662422    -0.644516   -0.0889028      0.20335    -0.053028   -0.0132431     0.201004    -0.326963     0.414235    -0.180274    -0.190749
     -1.2666     0.638164    -0.589558    -0.169529     0.222728      1.14368    -0.633772     0.621706    0.0665694     0.612209     0.893675    -0.251703     -1.84427     0.353731       1.2134      1.12749      2.09447    -0.697461     0.730151     -1.02438      0.36289      2.00217     -1.01308     0.452004   -0.0158738      0.32508     0.552401      1.52369     0.374559     -1.08622      1.01352      1.34815
   -0.221967     0.363407     -0.59633    -0.364454     0.297427   -0.0461109    -0.199501     0.374469    0.0930864     0.295718    -0.220145   -0.0699435     0.246859    0.0108186    -0.195006    0.0655638   -0.0712413    -0.552751    -0.039104     0.517703     -0.40654     0.543858     0.185961     -0.27607   -0.0422985     0.211819     0.167056     0.116647    -0.175096     0.402744     0.796331   -0.0116765
   -0.473643     0.226522     0.359994     0.225833    0.0686057     0.479214    0.0560495    -0.505775    -0.342333    -0.368897    -0.136083     0.146093    -0.189856   -0.0774562      1.07616    0.0599063    -0.321067     0.124411   -0.0992178     0.186962    -0.339782   -0.0711469    -0.293862   -0.0655612    -0.110877   -0.0739425     0.083611    -0.532222    -0.408753      -0.1606     0.595223     0.166512
   0.0223484     0.422245    0.0775247     -0.39157      0.16754    0.0532944   -0.0544303     -0.15912    -0.239036    -0.433467   -0.0233881     0.277198    -0.359826    -0.340532    -0.303987    -0.153236    0.0703414    0.0908679     0.018311    -0.123665    -0.088292    -0.128445     0.238617    0.0418749     0.486757     -0.33396     0.255833   -0.0993227   -0.0902203    0.0953462    0.0365428    0.0953832
   -0.191438      0.94706    -0.532463      0.31645    -0.380682     0.102497     0.162916   -0.0406218    0.0279295    -0.425257     0.180685  -0.00250365    0.0911185    -0.466883    -0.121495    -0.749398      0.31972    -0.606948     0.651643    -0.669855   0.00797877   -0.0991935    -0.341161    -0.344897    -0.135287    -0.104531    -0.336972   0.00458967   -0.0754571     0.508676     0.271756     0.308039
   -0.520103    0.0347324    -0.287083    -0.582388     0.255126    0.0434434    -0.321684     0.178012    -0.382603     0.413344     0.076044    -0.184248     0.160756    0.0884586    0.0869623     0.828566    -0.020538   -0.0602557    0.0189769    -0.431353    -0.140129    0.0404482    -0.418888    -0.248434     0.194216    0.0911141     0.491526     0.524494    -0.224407     0.332679       1.0947     0.210983
   -0.333757   -0.0219668    0.0176637     0.188464     0.724622     0.138341    -0.463714     0.312739     0.388666   -0.0897961       0.2903     -0.37206    -0.159231     0.109345     0.396899     0.559818      0.22952    -0.473248   -0.0181545    -0.236501   -0.0386642     0.176633    0.0868842    -0.167739    -0.102351  -0.00312009     0.671475    -0.374464     0.185968    -0.192232    -0.087644    -0.328354
    0.188476    -0.236111    -0.473288    -0.345656   -0.0819666  -0.00167628   -0.0972633     0.302114    -0.648699     0.526631     0.245241     0.360476    -0.127868     0.396432    -0.216683    -0.225441    -0.138023    0.0161098     0.212734     0.338762    -0.325647      0.40153     0.565441    -0.482607   -0.0401485    0.0710585      0.23053     0.170406    0.0875561     0.275119     0.563544     0.113769
  -0.0109655     0.365421   -0.0315593    -0.388595   -0.0734732     0.378659     0.319789     0.371906    -0.319912    -0.284352     0.225147   -0.0674799   -0.0969662   -0.0342404    -0.381752    -0.455153     0.172052   -0.0542048     0.446824     0.113774     0.515997    -0.270884    0.0737429     0.468888     0.326487   -0.0373445     0.348122    0.0386397     0.193792     0.778085   -0.0407735    0.0984902
     -0.0238    -0.277416     0.224165      0.13295   -0.0568399     0.010847    -0.182794    -0.241476    -0.368616  -0.00293051     0.185864    0.0226991     0.154155     0.272986     0.236523     0.279831    0.0721851     0.172758    -0.478376    -0.114998     0.237405   -0.0736529    -0.274808     0.534028    0.0405479    -0.138734     0.221147    -0.107587   -0.0105803    0.0612233   -0.0252179    0.0881045
   0.0728256    -0.153874       0.3435    -0.168483     0.133695     0.291353    0.0887727    -0.242408    -0.507837    -0.331819    -0.118428     0.216773    0.0759578   -0.0631834     0.273085     0.459064     -1.10825    0.0639044    -0.210769    -0.655614   -0.0834946    -0.507869    -0.389636   -0.0813962     0.712847    -0.490788     0.175797    -0.577875    -0.559749    -0.269019     0.192464    -0.513251
  -0.0671512     0.322722   0.00687413    -0.435045     0.165217    -0.168311    -0.123906     0.115138   0.00348444   -0.0261104     0.280931    -0.349835   -0.0189554    -0.369581    0.0321733    -0.187022  -0.00988938    -0.108581    -0.575056    0.0214742    0.0554599    0.0290273   -0.0407174    -0.263748    0.0149253    -0.162797     0.117358     0.133985     0.230663     0.300887     0.213268    0.0821222
    0.126456     -0.37203     0.551796    -0.226864     0.113695    0.0644463     0.334241    -0.407723    -0.061783    -0.808698   -0.0107519  -0.00223784    -0.367581     0.468419   -0.0103131     0.149063    -0.579891     0.376603     -0.16985    0.0316381     0.267434    -0.109303     0.253508     0.454513     0.191745    0.0574206     0.369949   -0.0143496   -0.0542143  0.000102077    -0.116745     0.259819
   -0.526721     0.155714    -0.694699     0.333489     0.383933     0.468726    -0.240514     0.306467     0.131127      0.51045    0.0415889    -0.178686     0.407402    -0.187521     0.361011     0.143997    -0.326031    -0.097134    0.0835968      0.10384    -0.386785     0.245924     0.202943    -0.157095    -0.109775     0.218709     0.254792     0.280383     0.229302    -0.235305     0.793926    -0.165527
   -0.105462     0.153156    -0.152794    0.0390622    0.0901938    0.0802473    0.0405693   -0.0964151    -0.207041    0.0877324    -0.185604    -0.411754     0.261313    -0.341319     0.440603     0.748963    0.0988229    0.0182773    -0.635696    -0.421538    -0.267129     0.220279    -0.676334     0.276781      0.52864    -0.538263     0.548588   -0.0733104     0.329492     0.403126     0.524878    -0.330049
   0.0199851     0.298365    -0.887957    -0.973352     0.578834     -0.39252    -0.304163     0.085784     -1.40449    -0.377795      0.26831    -0.839554     0.092977     -1.40128      0.27312    -0.419072     0.163146    -0.495957     0.142826     0.395048    -0.570985      1.08513     0.339961    -0.664267     0.449198   -0.0957299    -0.789141     0.799348      1.17721     0.791056      1.36185    -0.334354
    0.722356      1.07825    -0.157391   -0.0349759     0.431373   -0.0742411     0.489599     0.432472     0.105669    -0.280002   -0.0453906     0.955287    -0.922618     0.846889    -0.532871    -0.107253      0.33688     -0.56219   -0.0244477     0.407353    -0.138039    0.0269014     0.221646    -0.403749    -0.121924    -0.338872     0.169865     0.133705  -0.00439399      0.19818     0.119157      0.29288
  -0.0549085    -0.214104    -0.162544    -0.186154    0.0452385     -0.13798    -0.222842     0.191299    -0.113416   -0.0906267    -0.340829    -0.154503     0.471349    -0.292315    0.0664888    0.0153548    0.0967857      0.27005    -0.388961  -0.00814039    -0.126325   -0.0976949    -0.305703    -0.288613     0.134972     0.111295   -0.0853756     0.210506     0.149106     0.151734    0.0398301   -0.0561974
    0.214618   -0.0138571    0.0192847     0.239096    -0.131331    -0.488368     0.488383     0.108159    -0.354767    -0.278089     0.486121     0.136038   -0.0394541    -0.236172     0.297994    -0.166309     0.107725     0.556436    -0.188592    -0.217465     0.174735   -0.0761258     0.227592      0.61218     0.172083   -0.0260632    -0.167805   -0.0949772     0.510081    -0.321701     0.416328     0.206745
   -0.323646     0.519597     0.044704     0.342648     0.063047     0.359641     0.131482    -0.276618    0.0348334    -0.386348    -0.397006     0.583296     0.812718    -0.619212     0.823464     0.366815    -0.214063     0.247217      0.15723    0.0900437    -0.360651    -0.197576    0.0546108      0.56055    -0.341172      0.23021    -0.383654     0.165608     0.380659    -0.694054     0.604804    -0.395858
   -0.405991   -0.0702658    -0.322251    0.0742126    0.0777223     0.177873    0.0881582    -0.432942     0.299099   -0.0557348     0.171747    -0.205673     0.116832    -0.234223      0.32817    0.0527789     0.567566    -0.397838     -0.40981   -0.0291066     0.162767     0.501825    -0.300165    -0.212858     0.105196     -0.42457     0.268229   -0.0185153     0.289182     0.407818    -0.936012    0.0190286
   -0.178001    0.0942409    0.0890776     0.149582     -0.43721   -0.0102742    0.0801868    -0.435536    0.0499269    -0.519262    -0.109095    -0.434857      0.37803     0.350595     0.380769   -0.0138736    0.0452837     0.619721    -0.195489     0.209693      0.11816    -0.465849   -0.0326723     0.293282    -0.514225     0.294899    -0.240325      0.16053   -0.0388914     0.187869  -0.00348112    0.0772562
   -0.119925     0.617472    -0.590651    -0.148211     0.204709    -0.274338    -0.215213     0.252126    -0.345962     0.131493     0.135819   -0.0741723     0.146823   -0.0735594    0.0962156    -0.314595     -0.17029    -0.456416     0.849821   -0.0211381    -0.185172   -0.0532819     0.260004    -0.505214    -0.106871     0.436268    -0.418026     0.263698    -0.447605   -0.0211895     0.132559    -0.464486
    0.121857    0.0748407    -0.550526    -0.290923     0.447272   -0.0502071   -0.0405298    -0.108997     0.287976     0.229802    0.0144753   -0.0821178     0.108752    -0.794455     0.304632   -0.0728154     -0.25704    -0.409613  -0.00962611    0.0401918  0.000656059    0.0324219    -0.326066    -0.316797      0.45937    -0.121831     0.493509     0.354847     0.466312     0.423828    -0.371422    -0.225181
   -0.199026    -0.111792   -0.0336812     0.171113     0.170336     0.338069    -0.427664    -0.202115     0.138413   -0.0683681     -0.43256     0.224861     0.251968    -0.551314     0.172509    -0.075589   -0.0806666     0.293067    -0.264527     0.136725     0.432333    -0.118291      1.14844     0.380906    -0.141145    -0.239626      0.57683    -0.282771   -0.0506842   -0.0119212    0.0363106     0.259535
   -0.527692    -0.488445     0.461497   -0.0702549    -0.530399     0.105993     0.528597   -0.0359353     0.699343    -0.411993     0.131823    -0.243518    -0.332668     0.361257     0.529358    -0.208557     0.299488   -0.0331578    -0.119461     0.410651     0.322062     0.353064    -0.610725     0.313697   0.00957292     0.149039    0.0557889     0.605068    0.0805548    0.0404491    -0.295562     0.205481
   -0.369961   -0.0763591     0.464275   -0.0119448     0.117657     0.561415     0.262376   -0.0548595   -0.0946371      -0.1912     0.323087    -0.283701    -0.473992     0.223822     0.200668     0.371226     0.201079     0.585009    -0.139524    -0.367382     0.376652     0.369524     0.159643   -0.0297766     0.340053     0.106623      0.55875     0.266076      0.12665   -0.0268499 -0.000640739    0.0251279
   -0.201313    0.0175303     0.153273     0.433914   -0.0164979     0.130228   -0.0744982     0.426304     0.326915    -0.337828     -0.24316     0.305535    -0.372193    -0.451237     0.249308      0.49046     0.239916     0.585558    0.0912341    -0.201818     0.178467     0.250364    0.0408332     0.652031    0.0307572    -0.286336     0.868143    -0.304988    -0.411106    0.0671241    0.0165391   -0.0650354
   -0.494621     0.282147   -0.0899938     0.302961     0.465603    0.0976847   -0.0795792    -0.253409     0.137347    -0.346723     0.264146    -0.276532    0.0379881    0.0766564     0.108815     0.167369     0.403944     -0.35091     0.206845    -0.612686    -0.124187   -0.0460623    -0.422314      0.13328     0.270798    -0.952331     0.554052     0.126135     0.413999    -0.582946     0.305378     0.293327
   -0.172861    -0.132407     0.186188    -0.137224    -0.400551    0.0378996   -0.0588034     0.470069    -0.127127     0.304436    0.0076374    -0.135515     0.107483     0.848354     0.764237     0.141356     0.320602     0.277108     0.253131     0.376007    0.0593556    -0.150134    -0.174948   -0.0615896     -0.34667     0.388453     0.181933    -0.123421    -0.503692     0.185527    -0.147878     0.202742
     0.20097   -0.0338312    0.0080108     0.208889     0.404355     0.293293   -0.0846046     0.235764    -0.429323     0.262028    -0.132028     0.252001    -0.454547      1.10671     0.252219    0.0451098    -0.450812     0.332986    -0.211389    -0.225814    0.0531984   -0.0899699     0.316159     0.145931     0.040736    0.0679715      0.45457     -0.50354     0.494368    -0.152423     0.398348     0.421411
  -0.0896613    -0.395423     0.079326     0.267908     -0.03761    -0.103201     0.209226   -0.0616366    -0.164488    0.0369028    0.0411858    -0.632967     0.211473    -0.323879    0.0695538    0.0220036     0.234039    0.0600973     0.639196     -0.16115   -0.0966823     -0.21087    0.0734293     -0.18821   -0.0354836     0.478273    -0.160262     0.260993     0.161927    -0.264821   -0.0706348     0.613483
   0.0621472    -0.374818   -0.0850843    0.0351039   -0.0615235     0.768723    -0.362056     0.105782    0.0952826     0.204052    -0.283244     0.198764   -0.0839593 -0.000606946      0.33051     0.321743    -0.162219    -0.378154   -0.0529189    0.0153336     0.379091     0.600952    -0.750365    0.0527792   -0.0107219     0.248808   -0.0542646    -0.219135   -0.0289871     0.428148     0.292404  -0.00274296
   -0.732751    -0.208121    0.0945374    -0.173096     0.449259      0.29636     0.483403    0.0078198     0.101441    -0.101901     0.280576    -0.860523     -1.08222     0.445151     0.991516     0.353788       1.6236     -0.41452     0.762397    0.0141214     0.682758      1.80244    -0.646223     0.472694    -0.289616     0.659774      0.83597      1.20025    -0.376373     -1.24271     0.195591      0.67632
   -0.664593    -0.267249     0.946334      1.27434     0.797009    -0.242305     0.540411    -0.564965    -0.290414    -0.476701      0.85681    -0.123491    -0.843478    -0.198179     0.652852      1.17207      1.03843     0.606398     -0.31714    -0.558327     0.710672      1.16569      1.27805      1.42872     0.518479     -1.28712      1.42635    -0.361092     0.725234     -1.30421      -0.2103     0.478709
    -0.19451    -0.428244    0.0442267   -0.0106989    0.0632991    -0.101423    -0.101062    -0.259948    -0.358449     0.184043     0.116192   -0.0363149    -0.529275    0.0759226     0.203905     0.268402    0.0552472    -0.273793    0.0126132  0.000953676     0.352995     0.390154     -0.26179    0.0551131    0.0118658    -0.201311     0.596936    -0.590592    -0.275493   -0.0862757     -0.33581     0.714903
   -0.239905    0.0893965     0.161068     0.707119     0.429081   -0.0235889     0.202768    -0.394892     0.339539    -0.258265     0.244363    -0.431956    -0.796056   -0.0752343     0.523931       0.2047     0.517949     -0.24249    -0.120137    -0.013553     0.726495     0.661389   -0.0362365     0.603641    0.0267756    -0.496005      1.03108    -0.098086     0.273807    -0.775001     -0.37144     0.314303
    -1.32072    -0.399261     0.314153     0.124052     0.237064    -0.239371    0.0394245     -0.15119    -0.507867    -0.327384     0.955945    -0.502513     -1.04645     0.301351      1.38425    0.0757878      1.24529     0.418787    -0.404499    -0.604485     0.920019      1.08284     0.403983      0.93299     0.247359     0.125561      1.22227     0.869911      1.05308    -0.418615    -0.295026      1.25151
  -0.0374421      0.61469   -0.0710095    -0.329379   -0.0924611     -0.49613     0.278815    -0.205741   -0.0759974    -0.330777    0.0405798     0.470005     -0.13246     0.144905   -0.0511827    -0.172454  -0.00089854     0.394005    0.0539992   -0.0403004     0.317032     0.219027     0.443261    0.0763222    -0.102753    -0.205971    -0.275465    -0.575834    0.0919876    0.0441714    -0.200182     0.359292
   -0.322892    0.0956953   -0.0162122    0.0986524    -0.140766     0.302905    -0.315894     0.677735     0.197323   -0.0707796    -0.422544   -0.0921063    -0.130021   -0.0105429    0.0197341     0.297249  -0.00243501     0.414917     0.429478    -0.723947    -0.210992    0.0117991     0.351793   -0.0250946     0.225471        0.152    0.0769505    -0.107815    -0.283895   -0.0946901     0.285643    -0.402624
   -0.242672     0.485034    -0.597196     0.117894     0.450361   -0.0402297     0.106175      0.04407   -0.0938877    0.0576336    -0.328452    -0.139944    -0.589453     0.593389    -0.107876     0.240132     0.554014    -0.122599    -0.136417   -0.0955052    -0.156658     0.359408    -0.257808    -0.275447    -0.134374    -0.204161     0.203999     0.568506    -0.647725     0.614939     0.348073     0.683914
    0.242919     0.100613    -0.580793    -0.110912    -0.387328     0.364142     0.360323     -0.34512     0.261899     0.356508    -0.148796    -0.319218  -0.00318392   -0.0545026    0.0304089    -0.458894    0.0227838     0.102128    -0.213865    -0.155278   -0.0633142     0.820721      0.12136   -0.0107887    -0.167388     0.276276      0.23403     0.403133      0.32777     0.116119     0.140186   -0.0456508
    0.119212    -0.423992    -0.141018     0.238446    0.0415201     0.273896     0.204245   -0.0249764    0.0413987    -0.151571   0.00122191     0.176049     0.535781    -0.536877     0.450172     0.302833     0.438829    -0.110097   0.00733269    -0.247891    -0.348839    -0.657003    -0.174529     0.298842   -0.0832129    -0.428583     -0.16218     0.586106     0.601968    -0.030436    0.0515088    -0.356065
   -0.304649   -0.0093411    -0.128834    -0.342413    -0.107113    0.0223402     0.297678  -0.00889354    -0.659081     0.321239     0.105934    -0.235314    0.0827056   -0.0382399     0.190676     0.120412   -0.0351568    -0.242746      0.19777   -0.0592805     0.121773     0.384888   -0.0521735      0.14781     0.197266     0.214955    -0.457646     0.343593     0.333329   -0.0230165     0.143507     0.459218
   0.0510556    -0.384677    -0.333434    -0.332511     0.461953     0.111771     -0.19379     0.638984     0.218117   -0.0229277     0.196943   -0.0802359    -0.347274     0.616706    -0.268938     0.406436    0.0599466     0.381196     0.222513     0.338389     0.492086     0.438877    -0.330021    0.0123914     0.277256     0.324008     0.498481    -0.142966    -0.875632   -0.0676815     0.164282     0.152268
   -0.352859     -0.48945     0.304923     0.495485   -0.0245608    -0.176037    0.0470166   -0.0660977    -0.259197    -0.270374      0.23969    0.0607508    -0.031615      0.62304    0.0576099     0.227566      0.27778     0.133799   0.00159056    -0.558915     0.115279    -0.214885      0.31564    0.0215595     0.521116    -0.497852     0.596494    -0.373148    -0.109927    0.0647634   -0.0685158    0.0802354
    0.254801    -0.396734    0.0458458     0.254764   -0.0915055    0.0473608     0.101617    0.0265839    -0.185876   0.00631683    -0.386041   -0.0614407     -0.55257     0.654264     -0.09843    -0.128255     0.290015     0.475739     0.127245      0.33554     0.391842     0.290048    -0.550104     0.215223    -0.108695    0.0497491     0.486258    -0.792635    -0.702313  -0.00998433    0.0577109     0.285894
   0.0479262    -0.387771    -0.300078     0.496966    -0.328398     0.195123     0.166667    -0.482801    -0.105023  -0.00290951     0.227556    -0.338939    -0.395101     0.376612    -0.216134     0.197072     0.314927      0.12397    -0.209789   -0.0304831    -0.143592     0.110156    -0.591308    -0.130756    -0.401219    -0.324023    0.0714935     0.413829     0.323706     0.157068   -0.0935126     0.319356
   -0.561836    0.0915311    -0.401771    -0.445223    -0.139629   -0.0457944     0.272744      0.25766    -0.745012     0.405127     0.049431     0.160797    0.0751694     0.283945     0.159983     0.800918     0.223886     0.443976    0.0187276    -0.245455    -0.128544     0.295034    -0.109224    -0.228276     0.415337    -0.181472     0.606397    -0.267491    -0.358997    -0.566874     0.561975     0.729824
   0.0832306    -0.590892    -0.203814    -0.136236     0.422719    0.0540316     0.257333     0.385372    -0.704339    0.0756525    0.0530397    0.0390223    -0.238895      1.18984      0.18823     0.879682     0.301281     0.758483   -0.0282619     0.283613     0.100335     0.289362   -0.0631265     0.502579     0.575836    -0.234702      0.74669    -0.478224    -0.391446    -0.235031     0.108897     0.159733
   -0.251673    -0.276228    -0.466403     -0.31806    0.0340136    -0.365335    0.0025709    -0.477272    0.0913819    0.0624463    -0.238625    -0.113815     0.489995    -0.231589      0.60992     0.606747   -0.0275848       0.4874    -0.146162    -0.178832     -0.10035     0.295722     0.160701     -0.19218    0.0115537    -0.210501     0.272336    -0.241361     0.475116  0.000969247     0.163158    -0.155254
   -0.179368     0.415329     -0.59402    -0.578645     0.764391    -0.275632     0.481623     0.522779    -0.967585    -0.817494    -0.197634    -0.395688     -1.04847    -0.394831    -0.231872    -0.501809     -0.14739    -0.907534     0.492499    -0.285601    -0.815403     0.810238     0.474213  -0.00495694      1.39743    -0.996042      0.35138      1.28214     0.562209    -0.102738      1.02649     0.792838
   -0.462885   -0.0243828    0.0921094     0.053958 -0.000844967     0.086984     -0.16046   -0.0991331    -0.222173    0.0499128    0.0774119    -0.485704    -0.522978    -0.219162     0.283299     0.382981    -0.287038    -0.205089     0.338039    -0.439531    -0.100676    -0.195801     -0.44987     -0.28026     0.111713   -0.0316903    -0.684736   0.00276925     0.118436     0.102851      0.46603   -0.0272018
   -0.368862     0.314268    0.0433233    0.0064824     0.184008    -0.414358    -0.179723    -0.057253   -0.0753619     -0.48347    0.0739084     0.162144    -0.153467    0.0747885     0.351843      0.14529     0.549236     0.144098     0.218213    -0.312606    -0.135868   -0.0338242     0.513439    -0.211663     0.285716    -0.365128    0.0597594    0.0445007     0.307647      0.12471      0.65651    0.0815082
   0.0638902     0.266073 -0.000162712    0.0441794   -0.0556518    -0.198276     0.278093    -0.216264     0.109039    -0.197898    -0.180349     0.599774   -0.0834273     0.167921      0.10764     0.167133     0.383441    -0.112185     0.116801     0.181455     0.257665     0.332605    -0.261488     0.222917     -0.11326    -0.278769     0.125562    -0.152908     0.150547     0.202058     0.116151   -0.0812637
   -0.131597     0.700013     0.408999   0.00892885    0.0920759    0.0867412     0.615689    -0.328846    -0.415746    -0.636824     0.263107    -0.197044    -0.177238   -0.0626077      0.52493    -0.098551     0.190977      0.74383     0.189731     0.112707      0.38848    -0.519842     0.220604     0.254342     0.150217  -0.00221648    0.0528232    -0.391372    -0.125944     0.201865    0.0268682     0.466101
 -0.00437367     0.154001     -0.47591    -0.200937   -0.0316701    -0.176596     0.310933     0.432685    0.0283719   -0.0264698     0.243199    -0.179416    -0.411607    -0.116047  0.000862018     0.527284    0.0764588     0.519841     0.244471     0.648749   -0.0712913     0.312876     0.553687     0.110404    -0.149762       0.5802     0.502668    0.0620516    -0.351447     0.147323     0.931347     0.439465
   -0.630542     0.945756    -0.667294    -0.706543      1.09609    -0.257722    -0.544369     0.817874     0.542626      1.14714     0.245887     0.386608     0.251103     -0.61822    -0.389714     0.384231      0.54122     -1.07741      1.32477     0.150084    -0.477819     0.403035      1.16917     -1.65519    -0.193901     0.145679    -0.269979     0.582184     0.251628    -0.885978      1.26814    -0.247792
   -0.276604      0.38175    -0.290792    -0.140526    -0.306425      0.36828     0.265768   -0.0427369     0.016769    -0.434709     0.253404   -0.0989902   -0.0840647    -0.426555    -0.261135    -0.435554     0.209992    -0.167846     0.364901    -0.668517     0.232812    -0.467369    0.0486026   -0.0793618   -0.0388588    -0.045771     0.185434      0.71408   0.00393567       0.4024     0.305985    0.0928624
   -0.241109    0.0115788     0.277012    -0.233764     0.330541    -0.325157     0.373105    -0.218181    -0.102811    -0.233722     0.332139   -0.0242666   -0.0445028    -0.193117    0.0645947      0.16788     0.455492    -0.371681      -0.1789    0.0612111     -0.29054    -0.139918     -0.03866    0.0612316      0.21474    -0.116396     0.224261     0.151428    0.0763077   -0.0726321    -0.371365     0.344846
   -0.433218     0.217845     0.195008    -0.270168     0.499839     0.301407    -0.382283    -0.240504     0.100836     0.113823    0.0602528    -0.020751     0.475374    -0.992411     0.527749    -0.112042   -0.0712735    -0.374136    -0.162128    -0.650716    0.0312179      0.28688     0.389961     0.383784     -0.14845    -0.138034   0.00932095     0.280095     0.538213   -0.0333636     0.106102     0.412588
   -0.498374    0.0355921     -1.14978     0.331379     0.584148     0.267831   -0.0552383     0.811399    -0.645814  0.000795227     0.224877     0.342903    -0.758515     0.270294     0.521574     0.852103     0.569822     0.262299     0.357253    -0.787967     0.366564      1.70536     0.671987     0.650742    -0.161226     0.700053      1.03142     0.780805      1.22904    -0.464299      1.37679     0.728835
   -0.294534      0.45516    -0.791238     0.359682   0.00483772   -0.0409986     0.396779    -0.154525    0.0568366      0.38319     0.457324    0.0901582    -0.490193      0.90144     0.173968     0.402922     0.543454    -0.608055     0.475911      0.33083      -0.5738     0.473556    -0.243897    -0.241118     0.351855    -0.340519    0.0703358     0.531703   -0.0848588    -0.101676   -0.0430715     0.392951
    0.225175    -0.228014    0.0938772   -0.0100495    -0.230976     0.315629    0.0257057     0.293535    -0.218394     0.317379     0.162747    0.0375143    -0.423441     0.299063     -0.21869     0.367169    0.0439573     0.409257      0.16302      0.65394     0.140355     0.266034  -0.00899156     0.241634    -0.241248     0.169952     0.407348   0.00493354    -0.271841     0.161284    0.0140048     0.451771
   0.0395604    0.0290405    -0.248317    0.0327836      0.34329    -0.272242     -0.26682     0.175132     0.362935     0.048243    -0.260047    -0.276059   -0.0949587   -0.0894526    -0.145604     0.455033    -0.397586    -0.385132    -0.165546    0.0673311    0.0434413   -0.0342353    -0.536317     0.172764     0.173723    -0.152097    0.0441745    -0.404892    0.0658922      0.15676     0.101985     0.116386
    -0.27006    -0.372146   -0.0770632      0.23243    -0.292842   -0.0891143     0.327375     -0.30197     0.104093     0.212613  -0.00211073   -0.0830997   -0.0233136   -0.0264356     0.441046    -0.360408   -0.0549577    -0.111168    -0.857221     0.292033     0.276136     0.253171    -0.215317     0.486378    -0.296861      0.15753   0.00206649   -0.0668974    -0.391969     -0.10126    -0.481453     0.605825
   -0.391685     0.663709    -0.622488     0.273552     0.245308    0.0124299    0.0236037   -0.0793786     0.655428     0.175328     0.217128     0.172212    0.0219439    -0.212066    -0.117679    -0.177323    -0.544291     0.213966    -0.269317    -0.469761     0.284435     0.211414     0.297725     -0.13809   -0.0692316     0.349624     -0.20441     0.545691     0.649429     0.649382    -0.100436   -0.0142267
    0.202063    -0.155985     0.359531    -0.424632     0.383943    0.0875397    -0.167439    -0.234878    -0.049941     0.161081     0.451567    -0.424779     0.189196     0.297997     0.126257     0.758041     0.286977    -0.145432     0.108294    -0.175966   -0.0287887     0.407528    -0.256637   -0.0793123   -0.0471766    0.0438324    0.0880016   -0.0281288    -0.189199      0.46706    -0.582527    -0.542188
   -0.126511      0.27581   -0.0231767    0.0514199     0.364344    0.0438895    -0.239452     0.243926     0.246339    -0.652954      0.37506   -0.0896041     0.199033    -0.163697   -0.0903426    0.0578859    -0.219331     0.189503     0.357138     0.149577    -0.177535     0.145341     0.231609     0.191608    -0.103168    0.0809325    -0.335931     0.784117     0.359816     0.268863      0.11136    -0.209745
   -0.376371      0.14053    -0.354648     0.270748    -0.649371     -0.45607     0.545972    -0.329168    -0.315563    0.0639881     0.120084   -0.0862814    0.0894416    -0.354134     0.109675     0.253101   0.00649074     0.319047    -0.279218   -0.0245638     0.107959     0.363493     0.349219     0.365608    0.0280889     0.180265    -0.158627     0.352036     0.323872   -0.0451443     0.330643     0.110742
    -0.33062     0.152837    -0.345913     0.186338   -0.0243483   -0.0765192    -0.456957    0.0723161     0.293623       0.1713     0.388905    -0.215496    -0.271079     -1.02864   -0.0694484    -0.141928     0.162287    -0.064475    -0.213321    0.0695088     0.117973     0.543874   0.00776669     0.376516    -0.304383     0.650546    -0.031822     0.376629    -0.124672     0.152872     0.585562   -0.0280378
   -0.304773     0.470688     -0.36556    0.0325827     0.538316     0.258204   -0.0847057    0.0624441    -0.235476    -0.325764    -0.487658     0.237182    0.0672048   0.00120982     0.508658     0.337314     0.284472    -0.255865   -0.0535612   -0.0504318    0.0559367    -0.207464    -0.484761    0.0751477     0.114973    -0.111558     0.461824     0.485069    -0.171712    0.0101633     0.287413    0.0286546
    0.307293      1.20639    -0.404923     0.708185      0.64607     0.396755    -0.222249     0.655374     0.739834     0.270571    -0.577647    -0.261761     0.244926     -1.02372      0.81229     0.749461      0.62353     -1.49611      1.06666    -0.216472     0.208158  -0.00102069    -0.812305    -0.244708   0.00116942   -0.0689898      0.20527     0.291103     0.710126    -0.439211   -0.0220052    -0.231147
   -0.380975     -0.62634   -0.0416069    -0.395246    -0.151297     0.864885     0.413905    -0.079201     0.777655     0.520959   0.00880748   -0.0666389     -1.69148      1.29011     0.920644     0.375861      1.29491   -0.0621407     0.657162     0.328058     0.723036       2.2351      -1.3088     0.447121     0.196368     0.294542      1.77379     0.936519    -0.461224    -0.859516    0.0198785      1.41912
   -0.105983    -0.548476   -0.0155963    -0.462876    -0.662135    -0.120275       0.1281    -0.210114    0.0365238    -0.451512    -0.565813   -0.0275244    -0.125911     0.483681     0.313793     0.165274    0.0902317     0.403888    -0.378941    0.0753291      -0.2384     0.172881    -0.643977   0.00199554      0.24143     -0.14441     0.290603    -0.611676    -0.698827     0.465959    0.0579519     0.277451
     0.14758    -0.433471     0.104955   0.00773556    0.0307069  -0.00734801     0.239075    -0.216089    -0.266385    -0.673374  -0.00330311    -0.244675    -0.127917    -0.205018   -0.0107967     0.289545      -0.3342     0.604108    -0.142482     -0.39899   0.00214907    -0.536196    0.0287283     0.298314     0.254549    -0.235159      0.33596    -0.152674     0.256808   -0.0896037    -0.110643     -0.06442
   -0.198992    -0.173012    -0.412387     0.425097    -0.197702     0.242506     0.285129    -0.133393    -0.162671     0.345446    -0.112971   0.00723997     0.507595    0.0638754    -0.365816     0.480915    -0.312257     0.573263    -0.154304    0.0825353    -0.642582     0.305193     0.338385    0.0487917     0.109629    0.0755036    -0.115704    -0.210536    0.0650328    0.0289893     0.691727   -0.0809151
    0.266543    -0.165307     -0.18438    -0.688863     0.149527     0.532954   -0.0992963     0.285112     0.193993     0.335492    -0.571742    -0.236637     0.057997     0.272074   -0.0207625     0.699361    0.0512763    -0.568132     0.235459     0.365158     0.119609      0.47866    -0.940161   -0.0726271    -0.346068     0.198743     0.558611    -0.284961   -0.0716045     0.199508     0.182911     0.354332
    0.583078     0.471318    -0.403349     0.119643     0.431134      0.16172     0.142603     0.362917    -0.161104    -0.197806   -0.0410313     0.285679    -0.629937     0.185308    -0.556211     0.263993    -0.163629     0.166766     0.446876    -0.322104   -0.0499775    -0.116423     0.377711    -0.398774     0.650271     0.176466     0.965851     0.125183      0.11024     0.172021     0.358761     0.523635
