  -0.338819
  -0.309042
 -0.0799286
 -0.0146047
 -0.0829461
   0.103539
  -0.076334
 -0.0285465
 -0.0256476
    0.33685
  0.0563972
   0.162581
  0.0105563
  -0.273355
  0.0905324
  0.0502208
  0.0223612
 -0.0186129
   0.188126
 -0.0990031
 -0.0302932
 -0.0951979
   0.107231
   0.111712
    3.25855
  -0.186556
  -0.198182
 -0.0844254
  -0.458306
   0.143005
   0.348658
   0.326456
  0.0699937
   0.334033
  0.0454076
 -0.0676278
  0.0682425
   0.214818
  -0.407903
  0.0556736
 0.00565612
  0.0785384
  0.0666617
   0.132976
   0.295604
 0.00574032
  -0.480956
   0.257264
 -0.0939316
  -0.125337
 -0.0487489
  -0.338115
 -0.0730521
  0.0171312
   0.952352
   0.151146
 -0.0996751
    0.25627
  0.0561009
   0.427521
 -0.0614175
 -0.0255587
   0.710514
    0.17411
   0.160201
  0.0323676
   0.113411
  -0.496205
 -0.0259118
  -0.102058
 -0.0493833
  0.0725334
   -0.22969
   0.289536
  0.0208589
  -0.243676
 -0.0334752
 -0.0166764
 -0.0916154
  -0.190891
 -0.0174471
  -0.495182
 -0.0206959
 -0.0596194
   0.142594
  -0.025636
   0.282363
   0.147654
 -0.0823982
   0.242164
   0.143674
   0.354875
 -0.0872718
  -0.306437
  0.0648429
  -0.105855
   0.129167
   0.479796
 -0.0266133
   0.560665
    0.08489
   0.159711
  -0.399223
    2.71703
   0.120775
     4.4023
  -0.105679
  0.0831777
 -0.0544153
   0.474527
  -0.182474
   0.841625
  -0.090892
  -0.299422
  -0.407919
  -0.181957
    0.91926
-0.00801532
  -0.311003
  0.0490347
    1.63357
  -0.201403
    1.14661
  -0.128533
  -0.239617
  -0.158945
   0.122963
  -0.130594
   0.200861
  0.0501327
  0.0293939
    1.98944
   0.503141
   0.139915
  -0.473186
   0.216307
  0.0621367
  0.0511798
   0.567321
  0.0399723
  0.0861722
  -0.292723
 -0.0990386
   -0.12873
  0.0532323
  0.0274444
  -0.145448
 0.00224484
   0.648691
   0.324832
  0.0610659
   0.104125
    0.19115
  0.0286577
   0.169154
  -0.110429
   0.135677
  -0.147163
  -0.124324
  -0.177352
   0.098733
   0.424626
 -0.0952628
 -0.0561051
-0.00447586
   0.165043
  -0.534596
  0.0851779
  -0.015133
 -0.0369001
   0.105973
   0.149256
 -0.0959044
  -0.498446
 -0.0180935
  0.0212432
   0.324971
    1.28006
  -0.172332
 -0.0420242
 -0.0221155
   0.067856
      2.456
  -0.131697
   0.608114
  0.0294566
  -0.173665
 0.00722713
   0.132405
   0.118234
    0.13132
 -0.0373799
 -0.0596275
  -0.069667
   0.242086
 -0.0637786
 -0.0623123
  0.0554135
   0.163425
    0.15065
 -0.0974898
   0.040801
   0.087227
   0.143935
   0.123367
 0.00550229
 -0.0423869
  0.0119486
  0.0258473
  -0.158811
  0.0959995
  -0.673048
  -0.145711
  0.0389974
   0.192131
 -0.0420216
  0.0380959
  -0.096512
   0.165045
  0.0283762
   0.727878
  0.0620049
  0.0851841
  0.0450978
  0.0575811
   0.110823
  -0.483096
  0.0143784
 -0.0216944
   0.108117
  0.0398959
   0.187152
 -0.0507642
  0.0668115
  -0.146163
  0.0518226
-0.00127179
 -0.0202669
  -0.111754
  -0.178619
  -0.160441
  -0.177458
  -0.068363
  -0.141723
  -0.120929
  -0.194243
  -0.179572
 -0.0710566
   -0.13076
  -0.138672
  -0.100686
   -0.23871
  -0.111498
  -0.209222
  -0.108122
 -0.0950459
  -0.181903
  -0.145716
  -0.146535
  -0.144403
  -0.163869
  -0.181815
  -0.145421
   -0.18942
  -0.154163
 -0.0802476
  -0.177336
  -0.070582
  -0.121667
  -0.208154
   -0.13077
  -0.160254
  -0.190853
   -0.17973
  -0.144995
  -0.089173
  -0.114685
  -0.215099
  -0.155613
  -0.180065
  -0.193357
  -0.123318
  -0.103892
   -0.15409
  -0.109312
  -0.180946
  -0.195697
  -0.134524
  -0.181029
  -0.142696
  -0.186202
  -0.170219
  -0.132179
  -0.141928
  -0.155514
  -0.167369
  -0.116919
 -0.0589332
 -0.0886825
  -0.175955
  -0.155625
   -0.14716
  -0.175312
  -0.154858
  -0.157655
  -0.112538
  -0.191677
  -0.153707
  -0.175437
  -0.169857
  -0.189089
  -0.156876
  -0.144822
  -0.163486
  -0.149977
  -0.158985
  -0.148054
   -0.13885
  -0.194123
  -0.162007
  -0.109693
  -0.113602
  -0.127705
  -0.235742
   -0.19723
  -0.171171
  -0.187288
   -0.11311
  -0.127053
  -0.204763
  -0.128969
 -0.0920891
  -0.113169
  -0.150821
  -0.113211
  -0.137564
  -0.217283
  -0.140969
  -0.134113
   -0.19239
   -0.19337
  -0.163021
  -0.104602
  -0.102164
   -0.13356
  -0.127759
    -0.1281
  -0.199555
  -0.150536
  -0.107598
  -0.225236
  -0.116542
  -0.115202
  -0.109764
  -0.187265
  -0.164698
  -0.170648
  -0.154313
  -0.111226
  -0.195112
  -0.149515
  -0.149074
  -0.148413
  -0.147946
  -0.201495
  -0.142451
  -0.179739
  -0.189174
  -0.171945
  -0.169699
  -0.255578
  -0.114999
 -0.0848228
  -0.137284
  -0.199307
  -0.177245
  -0.123567
  -0.121012
  -0.151368
  -0.147754
  -0.191886
 -0.0835749
  -0.194064
  -0.198701
  -0.170795
  -0.132042
 -0.0879909
  -0.162383
  -0.167759
  -0.159908
  -0.117488
 -0.0787645
   -0.11171
 -0.0805258
  -0.152903
  -0.114937
 -0.0960308
  -0.197132
  -0.223099
  -0.132517
  -0.105604
  -0.159738
  -0.146014
  -0.191019
  -0.149951
  -0.151049
  -0.134761
  -0.125128
  -0.144351
  -0.134018
  -0.149997
  -0.108861
  -0.247798
  -0.244068
  -0.104295
  -0.230741
  -0.163957
  -0.198795
