-0.0157487
   2.17753
 -0.380022
   -1.2154
-0.0693664
   -1.2215
 0.0183916
 -0.227669
 -0.769819
 -0.112543
 -0.879338
 -0.249673
   0.51818
 -0.463128
 -0.286417
    1.0183
 -0.418743
  -0.51093
   2.30177
   0.92301
  -1.37464
 -0.971907
  -2.31132
  -1.46267
  0.478805
   -1.5832
   1.01543
   2.32646
  -1.44447
  0.136707
   1.82264
   1.39345
  0.134103
  -0.40706
   1.55435
 -0.551902
 -0.231115
  0.103422
  0.841752
   1.89561
 -0.560988
  0.574378
   1.23827
 -0.080847
 -0.192986
 -0.163285
 -0.969171
  0.291117
  -1.84779
  -1.46347
   1.14439
  -1.75169
   1.68456
 -0.916237
  0.313665
 0.0395854
  0.223959
  0.825825
 -0.239126
   0.72211
 -0.139214
   0.27265
  0.909454
  0.623749
 -0.748079
 -0.218424
  -0.40546
  0.146342
  -1.14177
  0.121827
     -1.22
    1.2592
  -1.27879
 -0.187457
  -1.42828
  0.636607
  0.721962
   1.29656
 0.0258529
  0.858256
   1.76053
    2.2174
  0.208286
  -0.30323
   1.08619
 -0.230984
-0.0827016
 -0.697513
 0.0140727
 -0.393154
  0.412541
   1.39853
  0.402961
   0.13771
  -2.92517
  -1.04117
  0.813946
 -0.873997
 -0.066992
   1.47381
  -1.60738
 -0.528428
  0.243247
  -1.32175
 -0.100449
  0.526929
 0.0574865
  0.155697
  0.107018
 -0.190587
  -1.75547
 -0.430809
  0.360403
 -0.220027
   0.72339
 0.0588656
  -0.81765
  -1.59483
  0.402173
 -0.758431
   1.79148
 -0.858534
  0.108044
  -1.75239
   1.02311
  0.309497
  -1.31249
  0.168283
