  -0.0961187    -0.137708    0.0221542     0.178076     0.317079   -0.0408527    0.0865363    -0.361147     0.126062     0.165378      0.13392    0.0692217    -0.186321    0.0423142    -0.393599     0.216101    0.0184768    -0.132901     0.454615    0.0460942     0.043958    -0.198587     0.400272     0.164658    -0.134378   -0.0732081    0.0734443     0.106378     0.128338     0.168729    0.0907182    -0.312326
    0.110507    -0.164668   -0.0196765     0.217045     0.194219     -0.13227     0.114813    -0.167704   -0.0996062    -0.172165     0.012815     0.253032     0.071002    -0.282605    -0.288892     0.266064     0.103406    -0.257707     0.246422     0.293273     0.137738    -0.339763   0.00554669     0.206161    -0.392852     -0.59057  -0.00514991    -0.351288    -0.238751     0.465478    -0.261854   -0.0670368
   -0.235535    -0.347021     0.445849     0.127161     0.333926     0.100133    0.0758492     -0.63847     0.442263    0.0586273   -0.0364194    0.0946286     0.128774     0.144954    -0.103894      0.09168    -0.504004     0.316136    -0.165901     0.312915 -0.000921875    0.0139048    0.0659039     0.188802     0.268551    -0.107934     0.112211   -0.0918248      0.51033     0.153957     0.329607     0.191142
  -0.0103379    -0.104277    -0.318525     -0.14038   -0.0846972     0.198171     0.496966     0.420223     -0.28307   -0.0229163     -0.56395   -0.0305642    -0.469315     0.176369    -0.236389     0.192083    -0.281203  -0.00385427     0.527898    -0.391424     0.611672     0.622352     0.157047    -0.578543   -0.0536447    -0.354345   -0.0704313    0.0812118   -0.0123687     0.576505    -0.514743     -0.14113
  -0.0937706    0.0673144    0.0153019     0.742871    -0.070274     0.434726    -0.020863    -0.405687    0.0186942    -0.216124     -0.31085    -0.273992    -0.047543    -0.145817    0.0730933    0.0399848    -0.112363    -0.059284    -0.433037     0.112365    -0.045555     0.323874    -0.258251     0.225174     0.722274    0.0726558    -0.231589    -0.158888    0.0305422      0.29676     0.244178     0.333626
  -0.0445766    -0.161062     0.565268    -0.257255    -0.132967   -0.0957457     0.101382     0.420659     0.125097   -0.0929924     -0.25202     0.270893     0.332026    -0.136414   -0.0684087     0.353578       0.1714     0.329124    0.0164282   -0.0549803    0.0143986    -0.350173    -0.374774    -0.169902    -0.163151     0.236288    -0.391503     0.037585    0.0394809   -0.0905466   -0.0723247    -0.233348
   0.0179321    -0.503606    0.0115662   -0.0487561    0.0424608   -0.0342709    -0.247152    -0.545277   0.00629975     0.331046     0.190552     0.171517      0.14858    -0.365023   -0.0107463     0.264241    -0.228938   -0.0315972      0.18248     0.198105    -0.196368     0.156454    -0.233253    0.0310971    0.0735915     0.328858     0.195552    0.0057146     0.189681      0.03445    -0.270399   -0.0158395
    0.148309    -0.237008      0.44191    -0.482791     0.484692    0.0824442    -0.193297     0.291164   -0.0329383     0.216943    -0.174513   -0.0170231      0.24401    -0.169769    0.0842062    0.0218736    -0.326197    -0.328094     0.105692    -0.513432    -0.484137    -0.165893    -0.364326     0.171313    -0.169198    0.0644195  -0.00653243    -0.205069     0.313754     0.194597     0.418755     0.163447
   -0.478157    -0.178855     -0.68897   -0.0923601     0.118509     0.149683     0.212886     0.353542     0.388227    -0.221606     0.259771     0.285781     0.219741   -0.0681788     0.330825     0.288071     0.105575    -0.340616     0.425567   0.00504424    -0.526254    -0.176004    -0.141709    0.0652054   -0.0898186    -0.271628   -0.0994468    -0.049652     0.321379   -0.0287691    -0.453881    0.0897686
    0.372803     0.746259    -0.189493     -1.19795     0.468762    -0.701958    -0.540029      1.03753    -0.175365    -0.227456     -0.13152     0.429776     0.129643    0.0399981       1.1434     0.169329   -0.0740024    -0.174331    -0.187137    -0.101134    0.0138161     0.882076    -0.545571     0.111601    -0.238004     0.285714    -0.197861     0.378613   -0.0601726   -0.0679435   -0.0612618     0.270786
  -0.0637821    -0.466428      0.33247     0.271468    0.0305997     -0.47466     -0.26233    -0.654078    -0.339491   -0.0135211     0.452373   -0.0838611    -0.591094     0.470123    -0.410171     0.324555   -0.0385066    -0.118427     0.129605    -0.341522    -0.257812   -0.0468324   -0.0921041     0.350757    -0.177162    -0.107313     0.354784    0.0771711    -0.270055   0.00294264    -0.166637    -0.294842
   -0.133231    0.0164791    -0.235713     0.141155   -0.0551374   -0.0121463     0.280167   -0.0913912   -0.0130855   -0.0531451     0.141204     0.305844     0.204668   -0.0897172   -0.0384523     0.234256     0.468726    0.0399701    0.0924195   -0.0208245    -0.333106   0.00393987     0.199995    -0.071403    -0.141668    -0.201901    -0.203176    -0.395271  -0.00889183     0.725775    -0.135326    -0.389835
   -0.313635   0.00248264     0.392459      0.17462   0.00147541    -0.152453    -0.110227    -0.236077    0.0891995    0.0846597     0.296741    -0.284349     0.249516     -0.12845    -0.204227    -0.218231    0.0891744     0.417929    -0.249935     0.395548   -0.0334462   -0.0482833     0.109953    -0.097791     0.326076    -0.181822     0.102369    0.0850291    -0.300465     0.243598   -0.0128264     0.284743
    0.248846     0.319599    0.0128311    -0.392759     0.227599    -0.105956     0.229496    -0.329369     0.279879    -0.334561   -0.0853528    -0.219541     0.138431    -0.215557    0.0515075     0.199978      0.20074    -0.731725     0.118648     0.193334    0.0154934    -0.396984    -0.153939     0.263231     -0.22081    -0.297637    -0.714057     0.192956     0.716181    -0.285198    0.0587665    -0.425462
   -0.547806     0.291655   -0.0398803     0.528656    0.0615844    0.0971897     0.332725     0.277681     0.286123    -0.391548     0.544997    -0.408763    -0.291733    -0.126449    -0.211144      0.75437     0.211954   -0.0741468     0.324334     0.452612    0.0369547    -0.106067     0.895293      0.10996    -0.396631     -0.33971    -0.158851    -0.066112     0.424926    0.0410335   -0.0622392   -0.0577565
    0.235756    0.0231232    -0.279917     0.192705    -0.876112    -0.121778    -0.424968     -0.14306    -0.203212   -0.0832008    -0.737915   -0.0502927     0.141909    -0.240337    -0.455332    -0.177984   -0.0893739     0.245977   -0.0762723    -0.229156    -0.455949    -0.379862      0.39901    -0.236962     -0.04423    0.0307695     0.276853    -0.214209    -0.114849     0.183614   -0.0360785   -0.0463494
    0.143772    -0.151153    0.0839016   -0.0419408     0.246489    -0.216392     0.465095     0.123183     0.100057    -0.236982   -0.0642852     0.319673      0.30373   -0.0389363     0.158544     0.210593     0.189057    -0.422291     0.281899    0.0307236    0.0247493  0.000515364   -0.0648216     0.102588    -0.247677   -0.0214454    -0.168288    0.0650427   -0.0971233     0.135191      0.15595     0.418284
   -0.623299    -0.511665     0.284019     0.526926     0.141012     0.166624     0.253339    -0.362107   -0.0419172    -0.480598     0.328983     0.410516    -0.606681   0.00572942    -0.222977     0.129439     -1.09642   -0.0049764     0.417623   -0.0558156    -0.193007     0.771936      1.24488     0.266374    -0.185213    -0.724387    -0.155341     0.218269    -0.170234     0.988843     0.977705    -0.796991
     1.22921     0.435743   -0.0396847    -0.171269     0.132937    -0.828515    -0.566248     -1.08576    -0.457189     0.423787    -0.275756     0.355425    0.0108254     0.443746    -0.219829    -0.587838     0.133584     0.457116     0.125942     -1.02601    -0.232246     0.252919     0.239839    -0.183593    -0.308495    -0.360303     0.567785     0.166722    -0.411294   -0.0233923     0.326196     0.665323
   -0.103115     0.220216     0.490867    -0.188274     0.363789     0.161622     0.436112     0.375237    0.0212859     0.103216    -0.171921    -0.306029      0.24582     0.290247    0.0757478     0.534096    -0.345431   -0.0829126     0.320609  -0.00954555     0.212092    -0.335893     0.321126     0.050113    -0.531113    -0.235296    -0.289224    -0.332344     0.389374     0.100388     0.515516     0.313706
   -0.681833    -0.234141     0.178239     0.521253     0.531633     0.156425    0.0369867   -0.0281347     0.464516    -0.132702     0.665262     0.399492      0.16908    0.0683826    -0.227135     -0.42914    -0.463403     0.261407     0.431634     0.391179    -0.182802     0.301278    -0.299589     0.556776    -0.107057     -0.16442     0.186162     0.153335   -0.0470616   -0.0661479    -0.322864    -0.321919
     0.29306     0.227433   -0.0970161     -1.15624    -0.155759     0.139102     0.822811      1.42222     0.111949   -0.0288612    -0.319783     0.697334      1.06869     0.169779      1.24854    0.0250029    0.0062511     0.134722     0.509105    -0.104356    -0.504823    -0.445902    0.0785482     -1.00209     0.428464     0.917863   0.00342181     0.533116     0.261457     -1.27666    -0.816388     -0.22599
   -0.456655     0.410407     0.323288    -0.261291    -0.213727    -0.426091     0.496191   -0.0891045    -0.259539     0.253824    -0.102959    -0.155047     0.098234    -0.385124     0.143283     0.334643    -0.168333    -0.154446   0.00315901      0.11087     0.113489   -0.0368757     0.231225      0.21469     -0.48027    -0.239945    -0.218882     0.171635     0.460205     0.467656     0.221869    0.0414495
   -0.178929     0.375794     0.170412     0.663876    0.0125872     0.082226    -0.359987    -0.715243     0.176912   0.00341574     0.214675    -0.552323    -0.157529    -0.397849   -0.0937567      0.27365    -0.211769  -0.00461727    -0.597919     0.270583   -0.0159473     0.145258     0.220512   -0.0649841     0.875869     0.238408   -0.0994652   -0.0810386     0.411835      0.51445     0.432423    0.0319353
 -0.00141247     0.173499    -0.176151    -0.087965     0.144218     0.207885    0.0996211    -0.066738     -0.10393   -0.0357895   -0.0697568   -0.0982708     0.109318    -0.223632     0.226807    -0.250424    0.0120499     0.338295     0.064224   -0.0349544    -0.378547     0.207646     0.467321   -0.0995768    0.0776758    -0.411474    -0.287298     0.428788     0.195879   -0.0635655     0.433815    -0.138529
   -0.111951    -0.100734     0.711796     0.141367    0.0163882    -0.193103     0.136287     0.138715     0.398999    -0.350595     0.288687      0.11428     0.582678    0.0512803     0.284293     0.110026   0.00175219     0.330184    -0.129545   -0.0208967     0.364438    0.0121026     0.137152    -0.268521    0.0867035     0.351027       0.1016    0.0886982    -0.386457     -0.12053    -0.507889     0.102089
    0.370095    -0.489921   0.00587886   -0.0705481    -0.166093   0.00469916     0.400131     0.059432     0.263685    0.0848764     -0.23945     0.109775     -0.12318    -0.269371    -0.444767    0.0176845    -0.179226     0.110429     0.731576    0.0672053    -0.304283     0.193648   -0.0801666     0.294204     0.176721    -0.479391    -0.189304    -0.265375    -0.378204    -0.162206     -0.71441    -0.129263
   -0.341459    -0.245951    0.0327325     0.376134    -0.166544     -0.29921    -0.122659    -0.560203    -0.206705     0.188206     0.109711    0.0435966     0.394725   -0.0101363    0.0978868    -0.112594    0.0862442   -0.0654572     0.258693    0.0407925     0.314145    -0.338066     0.512227    -0.302321   -0.0255108     -0.20129     0.112216   -0.0169597    -0.108559     0.732817    -0.088657    -0.203733
   0.0707496     0.220495     0.174463    0.0330544    -0.192692    -0.231085    -0.532714   -0.0192583    -0.160884    -0.191366      0.54963   -0.0791563    -0.712864    0.0538118     0.122716    -0.116044     0.426269    -0.110583    0.0130317    -0.338214    -0.171807    -0.320907     0.142257    -0.138881   0.00603569     0.151647    -0.196196    0.0124808    -0.196715    -0.249941      0.53938     0.640262
   -0.596149     0.215964     0.245505     0.337859      0.16536    -0.179883     0.187411    -0.202579   -0.0332651    -0.246508    -0.108147    0.0429078     0.264917    -0.639038   -0.0850024     0.323023     0.390039    -0.385815     0.220876     0.447965      -0.4421    -0.419188    -0.180684     0.415765     -0.26221    -0.618304    -0.312259     0.259016    0.0983453     0.212411    -0.305364     0.105776
    0.230872    -0.406261    -0.040364    -0.155883   -0.0344047     0.182524    -0.423111    -0.208587     0.628683     0.164482    -0.131679    0.0422909    -0.165083     0.437101     0.017895    -0.212965    0.0839867    0.0726942     0.110094     0.562575    -0.350813    -0.211319    -0.256181    -0.273674     0.412606    -0.503416     0.150892    -0.349538     0.122757    0.0625012    -0.296609    0.0113458
   -0.228891    -0.473215    -0.691238     0.169561    -0.367309  -0.00652866      0.45003    -0.286406    -0.368655    -0.111765   -0.0769477     0.186237     0.231983   0.00526797     0.208133     0.220122     0.366998    -0.210798     0.222226   -0.0929009    -0.204372    -0.986919     0.145306    0.0980788    -0.537131   -0.0888735    -0.420845     -0.45713     0.624459    0.0694658     0.614914    -0.502292
  -0.0699053    -0.169074     0.126025     -0.11841  0.000793475    -0.702218     -0.13551    -0.427513    -0.117475     0.021752    -0.169897     0.431822    -0.172717     0.240229     0.327479   0.00957183     0.214975     0.200534     0.443087     0.285523     0.144408     0.195467   -0.0984022     0.468737    -0.103623    -0.203887    -0.413886     0.578505     0.136578    -0.598881      0.61278    0.0669971
   -0.395376    0.0896798    -0.143085    0.0578487    -0.077921     0.253531    -0.182608    -0.647685   -0.0948602   -0.0999432     0.591046    -0.545846    -0.540013    -0.241027    -0.417808    -0.105975   -0.0791608    -0.088339   -0.0884022     0.141742    0.0482042  0.000259025   -0.0882012     0.043987     0.210332    -0.125144     0.101818     0.228605     0.208616     0.463524    0.0582243   -0.0100902
   -0.405587    0.0459211    -0.107196     0.249578    -0.370809    -0.166187   0.00322735    -0.111351    0.0168106    0.0932671     0.179898      0.29821    -0.114499     0.204297    0.0488605     0.387488    -0.113493     0.270335    0.0305209      0.27805    -0.307225   -0.0630686    0.0264836     0.293689    0.0645845    -0.472942     0.241822    0.0828691    0.0227663     0.476579    -0.158137    -0.318561
     0.15708     0.598995       0.1826     -0.34787    0.0608241    -0.202863    -0.217318     0.236368     0.161705     0.554525     0.252687    -0.327698     0.154548     0.201465     0.310852    -0.348483    -0.519937    -0.088878    -0.287719   -0.0331301     0.097803    -0.276837     -0.39099     0.140307     0.249872    0.0809264    -0.119436    -0.196194    -0.239398    -0.914654    -0.792244     0.188287
    0.234115    -0.569234    0.0893845     0.445643     0.040011      -0.5179     0.222026   -0.0911675    -0.251688    -0.205651   -0.0871071   -0.0853204     0.218283    0.0775881    -0.242257    -0.178145    -0.033938     0.587444   -0.0596723   -0.0870091     0.304365   0.00128753    -0.137146     0.210565    -0.195878    -0.315845     0.210429    0.0969872     0.135965     0.182017     0.152081    -0.024617
    -0.16339     0.358794     0.274556     -0.33837    0.0618479    -0.213591   0.00718151    -0.266657   -0.0819996     0.231307   -0.0590102    0.0351116     0.128794   -0.0388947    -0.563303     0.154364    0.0814721     0.257099    0.0343725   -0.0304682     0.545587   -0.0667169    0.0559018    -0.184732    -0.315781     0.171631   -0.0943441     0.163421    -0.117935    -0.147344   -0.0321409     0.330368
   -0.358747    0.0846536     0.466754    -0.350383  -0.00998413     0.113208     0.327105   0.00991639     0.657869     0.336589    -0.158467     0.246951    -0.676473    -0.491365     0.369114     0.380703   -0.0176172   -0.0498173    -0.226817     0.393235    -0.301594    -0.262716   -0.0111803     0.362038     0.186649    -0.433084    -0.153079    -0.172849    -0.108644    -0.548216    -0.377198    -0.279592
    -0.46293     0.629527    -0.063758     0.287154     -0.19097    -0.540454    -0.144609     -0.16217    0.0285395   -0.0697706     -0.44108     -0.45107     -0.11749   -0.0224021    -0.676841     0.162521     0.269089   -0.0434688    -0.637494    0.0128011    -0.238929    -0.121687     0.105239    -0.246914    -0.242476    -0.253632     -0.07329    0.0417161    0.0815336   -0.0240129     0.397045     0.114817
    0.209818     0.019203      0.23215      0.52067    -0.322409    0.0861699     0.201442    -0.237816    -0.119446    -0.129754      0.63516    -0.753746    -0.145664    -0.316707    -0.812582     0.684894    -0.163758    -0.245472     0.142593    -0.317473   -0.0271383    -0.480461     0.139375    -0.127984     0.490274    0.0795789     -0.65645   -0.0906782   -0.0852851  -0.00190318    -0.244808    0.0243119
   0.0575292     0.214167    0.0393058   -0.0585178   -0.0751611    -0.307261    0.0977127    -0.216304   -0.0472591     0.074595    0.0204705    0.0788959    0.0303484     0.140628    0.0548462    -0.526201     0.118014     0.140722      0.20899    -0.197477    -0.099401    -0.705743    -0.128449     0.105873    -0.121443    -0.161225    0.0655874   -0.0564376     0.121939   -0.0034755     0.211738    0.0016329
  -0.0380823    0.0257054    -0.254492    -0.110603    -0.298031   -0.0819984    0.0288146    0.0683266   -0.0891117   -0.0193735    -0.184642     0.148964     0.331007     0.219219     0.465556    -0.261864    -0.046256     0.132519   -0.0907333    -0.070536     0.130434    0.0379994    0.0308852   -0.0613036    -0.312382    0.0158877     0.023424     0.206622     0.191377     0.362241    -0.110683     0.156434
   -0.135828    -0.312664     -0.14812      -0.5761    0.0941151    -0.148461     0.380105     0.515424     0.082252     0.212434   -0.0384716      0.39743    -0.141286     0.396316    -0.402174   -0.0744279    -0.248274   -0.0578414     0.183506   -0.0149362     0.220843    -0.400168     -0.21654     0.153578     0.281625     0.233252     0.345122    -0.463701    -0.404713     0.118563    -0.397785    0.0703655
   -0.260887    -0.070974    -0.339587    -0.349633     0.148135    -0.333025    -0.014598       0.2195    0.0850169     0.106252    0.0132238    -0.151497     0.174332    -0.273142   -0.0579302     0.174955    -0.891288   -0.0567055   -0.0890031   -0.0515211   -0.0258019    -0.601252     0.484563    0.0990607    -0.190156    -0.382043    -0.242694    0.0967251     0.187301     0.286497    -0.597062    0.0934908
   0.0542672    -0.139197     0.156248      0.32986    -0.429648     0.347793    -0.259276   -0.0996715   -0.0403639   -0.0689997      0.32641     0.260157     0.151707    -0.232581     0.310603     0.167226    0.0493802    -0.308152    -0.122438     0.147373    -0.402692    -0.591072     0.156888     0.128426    0.0888116    -0.355887    -0.256804    0.0659685    0.0967961     0.659186    -0.131239    -0.290916
   -0.284919    -0.507076     0.679186    -0.055869    -0.180383     0.912788   -0.0430411    -0.284064    0.0880645   -0.0684022     0.295834     0.226452   -0.0987663    -0.276004    -0.557917      0.46304    -0.426688    -0.416133     0.156268      0.47492    -0.206389     0.394648    -0.384665     0.155444    -0.127144     0.287176    -0.258496     0.145427     0.137403     0.346864   0.00984136   -0.0545862
    0.656416    -0.260019    -0.231432    -0.255677     0.126139    0.0569252    -0.097549    -0.545009     0.166896     0.466879    -0.345136     0.221632     0.661522    -0.137741   -0.0903898    -0.398145    -0.401847     0.389367     0.423832     -0.74699     -1.08441    -0.215775     -0.27848    -0.551164   -0.0175733   -0.0212501     0.241239   -0.0116953     0.467793    -0.410203     0.111741     0.315766
   -0.465786      0.71368    0.0941061     0.537102    0.0681208   -0.0200723     0.588998    -0.428278    -0.390632     0.396866    -0.268832    0.0536793    -0.249164     0.234508    -0.415143     0.367606    -0.321319     0.215727   0.00250384     0.011997   -0.0350361    -0.165318    0.0486623     -0.12735     0.156839    -0.111288    -0.489712     0.318951    -0.197485    -0.515522     0.102124   -0.0665514
    0.196903     0.362954    -0.145421     0.480615  -0.00266867     0.040762     0.179723     0.279265    -0.143428   -0.0571945     0.054644     0.282357    0.0222071    -0.243486     0.239584     0.095597   -0.0595011   -0.0198468    -0.373134    0.0508898     0.137858    0.0403078   -0.0537994     0.128462    -0.288687   -0.0642491    -0.265299  0.000738649   -0.0632521    0.0134604     0.368238   -0.0879097
   -0.431617     0.135888    0.0749741     0.250986      0.54684     0.247475     0.482734    -0.361588     0.288447    -0.430723    -0.282671     0.307206    -0.490317    -0.471059     0.213059   -0.0891511    -0.932176     0.203796      0.40398    -0.104727    -0.171317     0.277701     0.245576     0.589961     0.608492    -0.747589   -0.0251349    -0.318743     0.610068     0.347814    -0.456711    -0.305253
   -0.207606     0.325604   -0.0277971     0.566849     0.203693   -0.0365585     0.819184     0.017694    -0.316522    -0.149777    -0.569375    -0.101315    -0.173863     -0.12767    -0.348477    -0.196619    -0.390541    0.0537931     0.196692   0.00643806      0.13079     0.161228    -0.289974     0.354189     0.492155    -0.423883    -0.137123     0.018694     0.100364   -0.0462924    0.0218863     0.229028
  0.00741771     -0.23063    -0.165842    -0.128983   -0.0960067     0.248545     0.294384    0.0529436   -0.0190112    0.0107878     0.134968     0.553773    0.0113991     0.170498     0.222745    0.0667743     0.112708    0.0444148     0.320717     0.385393  -0.00327081    -0.451537    -0.377029    -0.292114    -0.259443 -0.000517976    -0.455361     0.037368    0.0314105    0.0894253    -0.212107    0.0673913
   -0.187095    -0.256307      0.81513     0.396399   -0.0735173     0.385796     0.102593    -0.375203    0.0825169     0.133629     -0.10483    -0.111959    -0.517556     -0.46912      -0.5774     0.640914   -0.0504516    -0.440949     0.369875     0.335041    -0.686436   -0.0675427    -0.152996     0.454603    -0.181522    0.0952562    -0.822732    -0.407092     0.182886     0.325845     0.490376    -0.109215
    0.170274    -0.318979    -0.347237    0.0554189    0.0435436   -0.0900408     0.372945    0.0945584     0.164963    -0.233288      0.16585    -0.169471    0.0117291    -0.169093     0.261752    0.0452219    -0.508359    -0.643632     0.120598    0.0397623   0.00757879    -0.112253     0.409113    -0.231074  -0.00989689     0.235609    -0.340274   -0.0825148     0.178651    -0.115337     0.124152     0.256374
    0.150307    -0.110041    -0.437972     0.237917    -0.529346     0.425395     0.268865    -0.539465     0.306771     0.309364    -0.267981     0.162628    -0.218629    -0.101264    -0.032176    -0.279481   -0.0777273     0.221246     0.228648    -0.315518     0.193605    0.0266075    -0.404272    -0.331929   -0.0748242   -0.0689882     -0.29411   -0.0598743    0.0378586   -0.0344329    -0.277322   -0.0118878
   -0.325089    -0.030194    0.0661496     0.500063    -0.197888     0.677754    -0.179508     0.258377     0.194695    -0.358467     0.826611    -0.419164    -0.248519    -0.360475    -0.211638     0.570334    0.0600566    -0.110492     0.276952     0.164456   -0.0913448    -0.256651     0.296767     0.407648   -0.0643154    -0.385213     -0.43638    -0.505835     0.559619     0.669234    -0.733821    -0.334855
   -0.230714    -0.302672   -0.0950073    -0.413148     -0.21358    0.0777646  -0.00295797     0.323378    0.0905028    -0.110589   -0.0947045     0.113518   -0.0226554    0.0530738     0.402656     0.165578     0.153157    -0.106168     0.192691    -0.122794 -0.000702246     0.280367    -0.295103    -0.259669     0.329519     0.265668   -0.0115302    0.0247533    0.0116628     0.131584     0.146488    -0.240238
    0.357981    -0.234326    -0.210514   -0.0265061    -0.364058    0.0371266    -0.166023    -0.580081     -0.15663     0.257112     0.161605    -0.476838     -1.16165      0.32643    -0.923849    -0.700923     0.181457     0.313674    -0.110395    -0.361966     0.291098     0.593206   -0.0193619      -0.2785    -0.151675    -0.334703     0.124688     0.477535    -0.209141    -0.202478    -0.353051      0.34877
    0.307119     0.307858     0.149021    -0.167403    -0.576088    -0.642178     0.140195     0.349778   -0.0521291     0.345773   -0.0631364      0.56672   -0.0839982       0.3993     0.205154    -0.307468    0.0805324    -0.213554    -0.268135      0.01088     0.707936     0.399054    0.0758814    -0.250681      0.97698     0.141106   -0.0393057     0.321738     0.260348    -0.387168     0.108875    0.0216851
   -0.521633     0.189542    0.0386273     0.340749     0.284054      0.10936    -0.494264    -0.415423    -0.124497    -0.429898    -0.404521   -0.0277696    0.0405979   -0.0498244    -0.106247     0.137231    -0.246789    -0.178789     -0.26232    -0.236261     0.208461     0.228335     0.255462     0.256838     0.177942  -0.00552833  -0.00646809   -0.0795838     0.331882      0.43968      0.19893    -0.374208
  -0.0886898    -0.335197    -0.378974      -1.1723     0.247986    -0.162832     0.574792     0.907376    0.0122199    -0.514204  -0.00981118     0.390603     0.974787     0.222869     0.700743    0.0784104     0.274577    0.0324568     0.667457      0.49836     -0.37947    -0.867415    -0.458691   -0.0879255    -0.553545    -0.125713     0.163312     0.842008    0.0498585    -0.366853    -0.222827    -0.129118
   0.0149283     0.486359    -0.407383   0.00438393    -0.124023   -0.0400663    -0.234679     -0.37846    0.0661787   -0.0448304    -0.207896    -0.420375     -0.23689     -0.30262     0.103389    0.0706668     0.321147    -0.517566     0.300477    0.0738633     0.161902    -0.151425    0.0144503     0.134988    -0.336483    -0.326382    -0.508197    0.0408582     0.333864     -0.19662    -0.142657     0.379481
   -0.542824     0.570726     0.835108      1.08217      -0.6115     0.764391    -0.656922    -0.199152      0.21205    -0.349467   -0.0474916    -0.613529    -0.840383    -0.281678    0.0412153     0.263374    -0.104502     -0.75639     0.202981     0.377046    -0.160825     0.222828     0.702233    0.0110933     0.517586     0.249082    -0.534433    -0.389847     0.090689       1.0225     0.435723    -0.260575
    0.248302    -0.570248     0.393049    -0.597138     0.354822     0.591368    -0.162393     -0.49486     0.207371    -0.246272    -0.455335     0.343302    -0.245521    -0.169495    0.0380562     0.381356    -0.616165    -0.644513    -0.115864   0.00711132   -0.0415602    -0.223739      0.45749     0.199663   -0.0976716    -0.345855    -0.267753    -0.342728      0.18624    0.0697894     -0.37222    -0.106596
   -0.279913    -0.288046     0.253766     0.079802     0.413661     0.607586   0.00273105    0.0661381     0.234552   -0.0655541    -0.188706     0.211039   -0.0996166   -0.0611015    -0.169952    -0.444721     0.144061    0.0445022   -0.0486046    -0.423369    -0.271775    -0.243891 -0.000704696     0.254681    -0.170564    -0.571906   -0.0757915   -0.0397862     0.206506     0.283648    -0.421426     0.229931
    0.472885     0.299556    0.0791351     0.282763    -0.203376   -0.0400714   -0.0552461    -0.116017     -0.25642      0.18555   -0.0615352    0.0417922     0.369963     0.263065     0.363538   -0.0885196     0.454859     0.231677    -0.535852    -0.461096    0.0583436   -0.0452848     0.278414    -0.629945     0.265369    -0.297289      0.15238     0.210948    -0.219317    -0.267825     0.752976     0.216602
    0.441406    -0.726464     0.191187     0.436089    -0.175363     0.492738    -0.555398     -0.60386     -0.27205    0.0136412     0.314833    0.0198031    -0.541311    -0.115582    -0.408915    -0.101822    -0.313791    0.0100719     0.240629    -0.216978     -0.37871   -0.0777756     0.330633    -0.641402     0.125359    -0.170752    0.0407077    -0.191284     0.113792    -0.350805    0.0961285     0.233653
   -0.207205     0.278868     0.014418    -0.173802   -0.0491955    -0.403961    -0.447503     0.380816   -0.0207366    -0.405297    -0.320697     -0.28852     0.449631    -0.296369     0.157131    0.0762704    -0.198318     0.162069    -0.374689     -0.30607   -0.0523446     0.177916     0.341797   -0.0939654    0.0183985     0.393765     0.140059   -0.0630087    0.0273093     0.011886    0.0268485  -0.00253962
  -0.0217892     0.287492     0.461117     0.105006     0.186751     0.422256    -0.428346    0.0188446   -0.0204582     0.180471     0.214011    -0.484919    -0.453941   -0.0551223    -0.382499      0.13031     0.257402    -0.150585     0.243505     0.128994    -0.525397     0.665881    -0.517592     0.428882   -0.0953342   -0.0780029   -0.0936163     -0.39964    0.0727652    -0.498276     0.305682   -0.0518589
   -0.295074     0.243607     0.228328    -0.433938     0.436522     0.135879     0.257861    -0.345911     0.225056    -0.379838     0.310053     0.115643    -0.747316    -0.217368    0.0339069   -0.0901044    -0.554253     0.239256  0.000757528    -0.606876     0.248291     0.278884     -0.43127     0.602833    -0.245064     0.112705    0.0750258    -0.275102   -0.0624428     0.459262     -0.25669    -0.104417
    0.424082     0.434749     -0.21492     0.331758    -0.119622    0.0628188   -0.0855301    0.0385192   -0.0376086   0.00145203    -0.393267   -0.0664869     0.580678   -0.0657249    -0.318476     0.371796      0.15754   -0.0827411    -0.450882    -0.193268    -0.165107    -0.188404     0.476392     0.169769    -0.230557    -0.269375   -0.0552023     0.256069     0.382172   0.00453114     0.660276    0.0428685
   0.0706052   -0.0763374     0.634811     0.439697   -0.0966784     0.354054     0.198651    -0.206738   -0.0306264    0.0242932    0.0823985     0.305905   -0.0299168    0.0247883    -0.057892     0.196973    -0.284923     0.409338     0.065648     0.129912    -0.168144     0.686132    -0.563521     0.277681    -0.137526     0.330342    -0.072214     0.317723    -0.268751    0.0482392     0.586926   -0.0296252
   -0.303808   -0.0259041     0.269018     0.130424    -0.211719     0.448354     0.198527      0.18809    -0.344991   -0.0439956   -0.0909194     0.298222     0.381885     0.102565     -0.31407     0.133549    0.0624869   0.00771134  -0.00775255    -0.287876    0.0840442    0.0210636     0.931058    -0.024972     0.456163    -0.209852    -0.214443    -0.602844   -0.0733636     0.299897     0.272901    -0.354734
   -0.129323     0.130023   -0.0223282   -0.0743436    -0.234875    -0.235871     -0.14617    0.0334562    -0.136567   -0.0734261     0.288442    0.0852537    0.0525952     0.265733    -0.125789    -0.139828      0.47319    0.0735679    0.0441322    0.0995599     0.975836    -0.121018   -0.0996241     -0.41441    -0.257719     0.291378     0.204314    -0.177573     0.368543     0.304598    -0.125399     0.109541
    -0.14813     0.264047    -0.409311    0.0308194    0.0640292    -0.127961    -0.486939     0.261458    -0.182969    -0.153583     0.139761      0.18841    -0.129017   -0.0888257     0.556406     0.246008     0.622024   -0.0594001   -0.0739508     0.120511     0.040403    0.0490615   0.00298656     0.108171    -0.315772   0.00554374    -0.585106     0.538329     0.328552    -0.525481     0.618501     0.141441
   -0.492024    -0.251036    -0.360187    -0.133547   -0.0868012      0.37564     0.229203   0.00130702     0.131532    -0.504043     0.153276     0.400774     0.445743    -0.398036    0.0999945   -0.0614016     0.211764     0.167574     0.379906     0.388085      0.26954    -0.280204    -0.322853   -0.0356787    0.0959354     -0.92721   -0.0295768     0.464979    0.0429732     0.341224    -0.217264    -0.423003
   0.0528898      0.11583     0.257076   -0.0170963    0.0142452     0.404566      0.40282     0.210032   -0.0291708    -0.035155    -0.127699    0.0984175     0.232969    -0.351685    0.0425909     0.332386    -0.369365    0.0858476    -0.207807    -0.260089    -0.119325     0.315462    -0.541581    0.0296603     0.164263   -0.0610706   -0.0994281    -0.167196    -0.220366     0.029682     0.172858    -0.199316
    -0.10445     0.337477     0.476406     0.265816       0.3678   -0.0888153    -0.235215      0.51607    -0.324611    -0.199206    -0.136679     0.467806     0.323965    -0.141149    -0.474255    0.0922708     0.133472    0.0658672     0.119401    0.0936388     0.213883     0.343037   -0.0108286    0.0765724    0.0364312     0.406293     0.288092    -0.257764    -0.373878     0.717522    0.0502155     0.382262
   -0.353071      0.16392    -0.349466    -0.606556     0.218566     0.152195     0.144354     0.496821    -0.277594     -0.39423    -0.405445    0.0564732      0.72827    0.0175099     0.490001     0.254486    -0.190734     0.151031      0.14185     0.418487    0.0996977     0.172844    -0.201316   -0.0700604     0.025206    -0.168481    -0.119757     0.542235    -0.344093    0.0126812    -0.786785    -0.105766
  -0.0660656     0.637092     0.254637     0.116198    -0.696605     0.174447    -0.198938     -0.54653    -0.265096     0.224161    -0.385623    -0.500048    -0.421181    0.0760194    -0.400404    0.0877397     0.562894     0.243198    -0.783414    -0.478183     0.260347     0.296202    -0.155909    -0.154853    -0.149955     0.123293     0.298935     0.104618    -0.489009    0.0488938     0.489096     0.490406
    0.169558     0.329012     0.281962    -0.337107    0.0863292    0.0265965    -0.263136     0.580583      0.30056    -0.153397   -0.0518907   -0.0526049   -0.0800204   -0.0584162   -0.0760456    -0.365282    -0.476047    -0.561055    -0.144675     0.224944   -0.0164368   0.00759514    -0.241904    -0.157146    0.0476766    -0.109345    -0.122758     0.567949    -0.138724    -0.435233    -0.397235    -0.057057
    0.163896    0.0961177     0.292215    -0.174616    -0.119748   -0.0952883   -0.0684739    0.0909754    -0.111281      0.33391     0.333874    -0.150032    0.0781955    -0.185702   -0.0192679   -0.0493817    0.0342796     0.118238   -0.0330623    -0.226617     0.124699    -0.130823     0.287651    0.0123376    -0.252918  -0.00502905   -0.0203371     0.107278     0.118545    0.0108931    0.0222582      0.21859
   -0.343413     0.268721   -0.0544798     0.172896     0.203246     0.194966   -0.0170353     0.577518   -0.0983558     0.662971    0.0223466   -0.0431778   -0.0317084   -0.0369587     0.575527     0.096058     0.357274     0.137986     -1.03131  -0.00256696       1.0383     0.717397    -0.325497    0.0578629    0.0310294     0.408053     0.479577    -0.730524    -0.038448    -0.256927    0.0515992     0.331604
    0.460928     0.422909    0.0840336     0.246152     0.202136     0.372775    -0.415629    -0.512362    0.0630561     0.351379     0.257906    -0.770015    -0.338677     0.229606    -0.711898    -0.318375    0.0522751    -0.128087    -0.369038    -0.460415      0.20853     0.197914    0.0836615     0.164875     0.388884    0.0948771    0.0930363   -0.0470977   -0.0425986    0.0870001    -0.299339   -0.0434931
  -0.0973829     0.510748     0.141539     0.101347   -0.0537575    -0.927316    0.0207483    -0.239579    -0.402506     0.297982   -0.0697565    -0.625523    -0.175376    -0.490538     0.384724    -0.282642      0.46524   -0.0436597     0.419738     0.141078    -0.168429     0.519359    -0.296079  -0.00442745    -0.108806    -0.179196    -0.131246    -0.294329    -0.452372    -0.585042    0.0877184     0.480922
    0.150855     0.277033     0.552364    0.0838688    -0.248397     0.016505    -0.518306    -0.489433    -0.338121    0.0561279     0.246944    -0.456567     -1.04899    -0.214957     -0.78875     0.227066    -0.321887    -0.264796    -0.292551     0.257968    -0.195954   0.00258843     0.057482    -0.132544     0.750589     0.427858    -0.404351     0.163477   -0.0870094     0.414875     0.582925     0.233983
    0.269024   -0.0713936    -0.183829     -0.45659    0.0159468   -0.0143897    -0.421185     0.342428    -0.450453    -0.231683     0.325633     -0.56987    -0.283427     0.567121    -0.265402     0.331948     0.433386    -0.315184    -0.535452    -0.183123    -0.242151      -0.1735     0.170726    0.0827568    -0.198103     -0.56671   -0.0944723     0.139405    -0.364698     0.746127     0.846185    -0.116651
    0.228202     0.451479     0.534202     0.212966     0.217565   -0.0500887    -0.224775    -0.272161   -0.0311874     0.498655  -0.00661591   -0.0637739     0.095291     0.277516    -0.533448     0.385591     0.172706    -0.339489     -0.10106   -0.0707573     0.173302     0.591017     -0.51932     0.285277   -0.0681482     0.310674    0.0303816     0.180151     0.189647   -0.0968715    0.0822192      0.14737
   0.0880791     0.423998     0.782083        1.259    -0.125139     0.173278      0.32749     -0.16157    -0.652733     0.358184    -0.164267      -1.0428    -0.289652   -0.0789377    -0.331358    -0.313445     -0.12265  0.000266141    -0.581973    -0.402578     0.305734    -0.916757    0.0131687    -0.646102     0.165969     0.288776    -0.126233  0.000467872    0.0809119     0.357184     0.344897    0.0941182
   0.0478484     0.372068   -0.0540907    -0.302605     0.121207    -0.218368    -0.424409     0.378026    0.0234224     0.292606    -0.375561     0.309373    0.0665495     0.203525    -0.123684     -0.36148   -0.0600563     0.586191    -0.103371    -0.356731     0.115806     0.130025   -0.0358853   -0.0523837     0.136787     0.172856     0.271516     0.342306    -0.168447    0.0788504     0.030828     0.022559
    0.416496   -0.0102914    -0.373096    -0.238922     0.361358     0.273531     0.847797     0.153162    -0.136138   -0.0436193    -0.180042    0.0104725     0.458049     0.293221     0.800329    -0.539594   -0.0127063     0.290171    0.0314805     -0.45056    -0.202359     0.182989    -0.232933    -0.113555    0.0346847   -0.0723523    -0.223384     0.188829    -0.473649    -0.505111    -0.294922     0.789101
    0.261232    -0.669582     0.100116   -0.0168849   -0.0501799     0.290536     0.140167    -0.522648    0.0873602     0.120454     0.167846     0.273155   -0.0208587     0.249774      -0.1868     0.102171     -0.15867     0.343328    -0.331459    0.0316947    -0.368385    -0.332016    -0.266341    -0.127783     0.177815     0.312641    0.0777872    -0.044611    -0.479263   -0.0906531  0.000587665   -0.0453462
   0.0195933   -0.0654514    0.0086254     0.122709    -0.054013    -0.318415     0.210651   -0.0229774     0.277045    0.0825176    -0.253612    -0.177743    -0.053491    -0.377845      0.65457   -0.0126869   0.00229682    -0.259715     0.269936    -0.156128    -0.245095     -0.29723    -0.387403     0.301955     0.106184   -0.0420622    -0.499446     -0.22478      0.19336    0.0177132   -0.0232884     0.193455
    0.206575     0.762168   0.00859605     0.426868    -0.195406    -0.504398     0.292142    -0.197624    -0.172179     0.269555    0.0639287    -0.371297    -0.163906 -6.21893e-06    -0.249073    -0.338784    0.0782963     0.319636    -0.103318    -0.301045     0.443055    0.0807328   -0.0211164   -0.0148854      0.13368     0.250029     0.163819   -0.0522924   -0.0884953      0.20275    -0.475167     0.738544
   -0.201319    -0.341104   -0.0185321     0.271148   -0.0412696     0.330023     0.112129    -0.247976     0.176317    0.0522678   0.00156714     0.363008      0.50157     0.371325    -0.593259    -0.297745    -0.173845     0.374589    0.0763249   0.00107755     0.329319     0.209606     0.443671     -0.29239      0.13971    -0.220248     0.604207    -0.038389    0.0689174     0.539219     0.131786     0.154388
   0.0879109    0.0107247    -0.071389     0.690782    -0.316208     -0.29923    -0.126782    -0.675355    -0.178748     0.523316     0.107954    -0.265911    -0.208909     0.351747    -0.532993     -0.11353     0.333973     0.143894    -0.367313     -0.24547   -0.0563977      0.11765      0.25908    -0.422195     0.257941   -0.0496198     0.384926     0.127186     0.105742    0.0673665   -0.0467548     0.412544
    0.220133    -0.487025    -0.447983    -0.595361     0.410686     0.433825     0.300625     0.332954    -0.269238    -0.165125    -0.311745      0.54779      1.02514     0.288934   -0.0856743    -0.800161    0.0750049    -0.316153   -0.0363039    -0.374214    -0.577769     0.111545    0.0664812     0.560787   -0.0941261     0.076188     0.221984    -0.108371    -0.380454    -0.160535     0.370847     0.159467
   -0.255953    -0.724505     0.419867     0.357069     0.602011    0.0909058     0.110865    -0.676265     0.477831     -1.03355     0.407666    -0.713353    -0.647785    -0.104523    -0.728668    0.0652412    -0.204236     -1.06243   -0.0860824      0.50816     -1.22117    0.0501798     0.549495     0.284377     0.422007     0.213307    -0.894454     0.152602     0.238307    -0.285908    -0.420838    -0.320652
  -0.0969932     0.111687    -0.156705     0.226885    -0.308254       0.1074    -0.122255    -0.204837   0.00377384   -0.0324095    -0.089801    -0.304535     0.155348   -0.0888016    -0.303746     0.126709    -0.166769     0.241336   0.00734653   -0.0571753     0.252047     0.144836    0.0483897   -0.0471346   -0.0474598    0.0494539     0.105985   -0.0898935   -0.0215866     -0.24824     0.337038    -0.256887
   -0.420158     0.371111    -0.453315    -0.467665    -0.106985     0.128063    -0.211374    -0.254205     0.034075    -0.106274   -0.0660171     0.371617    -0.502447    -0.322108    -0.278963     0.348686    -0.616393     -0.28139     0.273982     -0.19139   -0.0146549     0.338855    -0.186288    -0.178739     0.184907    -0.298811   -0.0231016     0.203418   -0.0642695    -0.289449    -0.214356     -0.21067
   -0.155738     0.160958    -0.272192    -0.270946  -0.00875638     0.121339    -0.349892     0.165322      0.18612    -0.445612    -0.228091    0.0525445    -0.341015    -0.033036   -0.0526641   0.00834425    -0.104413     -0.30337    -0.106489   -0.0142234    0.0784313     0.150828     0.130736     0.237853  -0.00836401     0.372237    -0.199428   0.00237664      0.20159     0.200829    -0.329266     -0.16982
    0.583504      -0.1088      0.15269    -0.302099    -0.208936    -0.225463     0.185466    0.0265796     0.397856     0.157578   -0.0498947 -0.000870774     0.569057     0.168097    -0.446912    -0.148944     0.483271     0.016025   -0.0386743    0.0500574      0.33366    -0.162187   -0.0295169    -0.294684   -0.0930699    0.0364437     0.265673     0.128854     -0.44293    0.0668255     0.649078     0.588722
    0.199843    -0.221615    0.0167828    -0.328712      0.18925     0.055456   -0.0745255     0.123626   0.00101491   -0.0846913    0.0306444     0.174507     0.216991      -0.0167     0.108831     0.325828   -0.0446581     0.152053     0.323774   -0.0883537   -0.0296884     0.124894     -0.21219     0.100814    -0.231775    -0.138796     0.237676    0.0776631   -0.0860221     0.202056    -0.327075     0.225648
   -0.249299    -0.409308     0.193715     0.479563     0.159819     0.416782    -0.267115    -0.350033    -0.151307    -0.140066     0.106095     0.611047     0.237201     0.142616    -0.699111      0.34673    0.0890391     0.141264    -0.158295   -0.0407344     0.385587    0.0323059   -0.0720728    -0.183332    0.0228981    -0.455142     0.538744    -0.146107    -0.367895     0.189315      0.60091     0.410781
    0.400267     0.104582    -0.165578    0.0391195     0.387512    0.0363657    -0.107566    -0.116746    -0.375854   -0.0133796      0.16816   -0.0649491    -0.173521     0.598229    -0.353178    -0.219355    0.0510349     0.292123    -0.332132    -0.585463    0.0803395    -0.352159     0.303668     0.296732    -0.344998    -0.170261     0.524248     0.103785    -0.273653    0.0690218    -0.418564    -0.117885
    0.274596     0.592105    0.0574933     0.262651    -0.457242   -0.0509973    -0.219299    -0.896018    -0.128146    -0.440147     0.739552    -0.251127    -0.656924     0.113291     0.357497      1.22279     0.248948     -0.39145    -0.246996     0.418819    -0.193555   -0.0124402    -0.584862    -0.522702    0.0694457    -0.282468    -0.267059    -0.617544     0.615803    0.0432666    -0.325233    -0.258169
    0.242092   -0.0248953    -0.121127    -0.451144    0.0722558    0.0510662     0.185849     0.237442    -0.087038     0.231575   0.00727324     0.271656   0.00452299   -0.0661755   -0.0827998    -0.103548   -0.0535813     0.305279    -0.251858    -0.173567   -0.0235975     0.115823    -0.419267    -0.309333    -0.218632   0.00204213     0.107786      0.23241    -0.564829     0.298484     0.309666     0.236442
   -0.233573    0.0286547    -0.352678      0.65009    -0.287731    0.0566986   -0.0276735    -0.234842    -0.290393   -0.0964002    -0.185583    -0.558215    0.0197744    -0.464684    -0.257269    -0.224751    -0.109657    -0.139843     0.233588       -0.548    -0.181062   -0.0440301     0.665687    0.0456505     0.107427     -0.37521    0.0232195    -0.111547     0.145477     0.263419     0.776126    -0.255372
    0.629199     0.574516     0.338814    -0.696946     0.102194    -0.231109    -0.117034       1.2527    -0.346902     0.371204    -0.034081     0.343852     0.561366    -0.365837     0.744102    -0.486235    -0.229257     0.311711   -0.0002878   -0.0864085    0.0445427       0.6907    -0.419892    -0.260798     0.230503      1.00379      0.03021     0.194781   -0.0162692    -0.748785     0.030575     0.427435
    0.120841     0.397176   -0.0635616     0.132158    -0.619098    -0.197074    -0.680362   -0.0618178    -0.158757     0.470422    0.0168393    -0.353588     0.141301     0.427307    -0.577046    -0.110396    -0.283381     0.141074    -0.114335   -0.0281597     0.651543     0.273195     0.154301    -0.242319     0.255052   -0.0670661    -0.132353    -0.221415     -0.39676    -0.650977     0.276139     0.364194
    0.111978      -0.8166     0.142965    -0.392522   -0.0705643     0.200495     0.351225     0.045329     0.185097     0.290257     0.153973     0.673345     0.446047  -0.00390521     0.650561    -0.281437    -0.372862     0.755838     0.255316     0.256263    0.0957519    -0.393662    -0.243589    -0.465853    -0.161911    -0.225075     0.304862      0.54096    -0.116247    -0.820287     0.181867    -0.193731
   -0.130389    -0.361949     0.623552    -0.546811    0.0516199   0.00342619   -0.0881575   -0.0288924    0.0616191    -0.251121     0.315751    -0.523432     0.363723    -0.612167     0.045524     0.206048    -0.132841    -0.313651   -0.0201172    0.0288606    -0.512843    -0.111341    -0.212124      0.42289    -0.298548    0.0826081    -0.505514    0.0170296    -0.115669     0.209692    0.0680311     0.291442
   0.0343996     0.112423   -0.0548473     0.361493     0.201348     0.127453    0.0379264    -0.270501      0.36225    -0.471567     -0.21115     0.294234     0.471213    -0.273122     0.101685     0.161556     -0.28882    -0.125395    -0.301178    -0.183769    -0.107412     0.340209   -0.0420381     0.181484   -0.0214337    -0.106053     0.205584    -0.259665     0.242234      0.42886    -0.079134     -0.26795
   -0.271805    0.0749889    -0.473489    -0.663957     0.306061     0.224697     0.669293     0.363691   -0.0114085   -0.0992907    0.0878378     0.120838     0.813573    -0.578556    -0.300708     0.426114     0.337991     0.269359    -0.119006     0.176381    -0.524486    -0.576395    -0.228168     -0.29134    -0.707387    0.0804414     0.122742    0.0979225    -0.143806     0.132916     -0.19733     -0.24444
   -0.256928    -0.130293      -0.2612     0.479791    -0.249998     0.628163  -0.00192573   -0.0362983    0.0880851    -0.303099   -0.0366989     -0.19276    -0.362189    -0.358062     0.210291   -0.0188015     0.059029    -0.307793     0.101611    -0.281372    -0.280833   -0.0886021    -0.154819    0.0655733   -0.0404148    -0.558483    -0.798859   -0.0135737      0.35073    -0.234929    0.0443785    0.0163361
   -0.111415    -0.504628     -0.38876     0.431939    -0.144213    -0.294709    -0.333717    -0.330098     0.189699      0.31783     0.117709     0.510616    0.0782918     0.175133     0.568241     0.134865     0.186127    -0.242022    -0.217031     0.405543     0.672826     -0.78785    0.0833906     0.675791    -0.147643     -0.46249    -0.213464     0.402705      0.22704    0.0400643    -0.298899     0.542117
   -0.366711     0.605376    -0.670599     0.463686     0.232241     0.179964     0.202975    -0.337927    0.0995009    -0.103779     0.262882    0.0933302    -0.253083    -0.718709     0.378603     0.435562    0.0616758    -0.356652      0.35837     0.391229    -0.247819    -0.254541   -0.0305906    0.0278569    -0.407531    -0.353805    -0.844934    -0.255265       0.4027    0.0851059   -0.0124098    -0.282039
   0.0586656   -0.0465855     0.146117     -0.11057   -0.0984494    -0.204862      -0.2614    -0.219071   -0.0701149    0.0401057    -0.255493     0.281449    -0.136367    0.0303585     0.338947    -0.464009    0.0781338     0.208946     0.138741    -0.275646     0.479288     0.197793     0.225765     0.369142     0.280618    -0.190173     0.347583    0.0824806    0.0374604  -0.00569706    -0.114321    0.0140463
   -0.168518    -0.240392    0.0942865    -0.095095   -0.0886116    -0.166157     0.232134    0.0678864     0.180379     0.170991     0.335884    0.0968045     -0.78315    0.0470976     0.185078     0.342216    0.0345053    -0.180343      0.17066    -0.249171    -0.233594     0.458154    -0.150503    0.0359752     0.484308    0.0409122    0.0240974     0.314419    -0.107452    0.0920813     0.485422     0.131021
   -0.156056    -0.320406    -0.188633    -0.343716   -0.0792232     0.274288     0.654836    -0.420714    -0.245645    -0.651229    -0.335768     0.379552     0.736134    -0.333139    -0.150937    0.0494426     0.207887    -0.252069     0.224769    -0.097899   -0.0301716   -0.0715604   -0.0035188   -0.0167031    -0.485477    -0.727621    -0.155568     0.424052    -0.299133     0.474944    0.0753358    -0.496859
    -0.78298     0.149257    -0.409596      1.42892    0.0473447    -0.308913     0.926019    -0.168079    -0.242598     -0.14101     0.400108    -0.146836     0.840056    -0.546436    -0.448334    0.0891924    -0.464609    -0.599924    -0.469548    0.0010792    -0.109023   -0.0107758     0.208356      0.17261   -0.0820703     0.535356    -0.821086     0.508475    -0.144704     0.501788      1.24933    -0.589502
   -0.509592    -0.132936     0.149103    -0.414495    -0.506924     0.599681     0.720554    0.0506219    0.0237423    -0.109413    -0.102424    -0.160279     -0.27177  -0.00819719   -0.0593293    -0.118143    -0.222664    -0.226796    0.0508706   -0.0943856     0.240749    -0.298341     0.197353    -0.203286     0.232376     -0.39902    0.0446934   -0.0933228    -0.178266    -0.247517     0.265675    -0.304835
    0.252668    -0.280889    -0.508869   0.00233696   -0.0514789     0.181668     0.781943    -0.152116    -0.110507    -0.285084    0.0700399    -0.141835     0.836474    -0.159359    -0.359583    -0.467869     0.345632    -0.042652     0.661372    -0.504827    -0.590795    -0.811507     0.208947    -0.196626   -0.0831421   -0.0464315   -0.0463879    -0.944994    -0.388198     0.700947    -0.891419    -0.192838
   -0.174964      0.15304   -0.0341926    -0.395857    0.0721212     -0.37482    -0.104314    -0.175698    -0.117683    -0.322688     0.464624     -0.16961    -0.308312     0.361058    -0.235017    -0.329845     0.314983    -0.321661     0.284059     0.262538     0.643342     0.361887    0.0221145    -0.277528    -0.297411   -0.0941458    -0.130878     0.424438    -0.129071   -0.0954455    -0.612847     0.228155
   -0.264749     0.663851     0.315591     0.542843    -0.208303     -0.10371    -0.420265     0.216062    -0.109565     0.221182     0.106382    -0.128411    -0.399195     0.350937    -0.430375    0.0868921    -0.151193     -0.11765    0.0191702   -0.0410684     0.678769     0.152944     0.204654    -0.340999     0.317517       0.2433     0.107144     -0.16812      0.16483      0.34294    -0.187699     -0.22716
  -0.0604381     0.580919     0.213514     -1.09474    -0.454979    -0.325147     0.184929     0.978665    -0.324934   -0.0514975    -0.717387   -0.0302528     0.213389   -0.0677489     0.896136    -0.384011     0.179566    0.0190477     0.364381    -0.053697    -0.606846     0.254702      0.37281    -0.324587    0.0682675   -0.0263019      0.02983      0.33701    -0.128873    -0.281218    -0.214592    -0.252677
    0.899271   0.00908304    -0.335607    -0.329376    -0.377414   -0.0875282     0.367537    0.0702172    -0.244711     0.462647     0.249113    -0.307689     0.453265     0.517924    0.0227511    0.0438357    0.0778747     0.202447    0.0884524    -0.623142   -0.0810461    -0.152414     0.313536    -0.196713     0.396348     0.425571    -0.397568      0.29057    0.0474502    -0.565461    -0.117855     0.628398
