   0.140322
  -0.279327
  -0.590422
   -0.40167
  -0.159967
  -0.490968
   -0.26159
  -0.466375
  -0.266554
  -0.503205
  -0.154549
   -0.17605
  -0.266185
  -0.580318
  -0.246404
  -0.223861
  -0.278909
  -0.215218
  -0.562285
  -0.239209
  -0.536478
  -0.929094
  -0.098108
  -0.184966
  -0.230648
  -0.571013
  -0.519374
  -0.335588
  -0.754183
  -0.404971
  -0.287988
  -0.443691
  -0.264924
  -0.169728
    -0.2353
  -0.553847
  -0.317062
  -0.516244
  -0.252692
  -0.582775
   -0.31611
  -0.408378
  -0.459041
  -0.280532
  -0.321859
  -0.100546
   -0.18914
  -0.217826
  -0.174985
  -0.316509
  -0.513157
  -0.100306
  -0.468593
  -0.187852
  -0.504732
-0.00101924
  -0.354731
   0.188454
  -0.507944
   -0.62693
   0.072929
  -0.693819
  -0.478679
   0.307044
  -0.342081
  -0.127457
  -0.137509
   -0.21923
  -0.490922
  -0.747702
 -0.0355322
  -0.322126
    0.15834
  0.0747554
  -0.573092
  -0.217024
  -0.549598
    0.44631
  -0.614121
  -0.577004
    1.25656
  -0.327554
  -0.184165
 0.00152395
  -0.370611
  -0.215008
  -0.335973
  -0.325848
  -0.361019
  0.0135729
  -0.182166
  -0.206503
   -0.63705
  -0.489547
  -0.425225
  -0.209887
  -0.198204
  -0.441332
  -0.104562
  -0.182571
 -0.0113383
  -0.132682
   -0.30519
  -0.140874
  -0.161332
  -0.271703
   -0.31969
  -0.400735
   0.330861
  -0.391645
   -1.00931
 -0.0992339
  -0.265119
    0.12557
  -0.073798
   0.539775
   0.199094
  -0.724384
  -0.568284
 -0.0057167
  -0.262592
  -0.685101
  -0.303707
   -0.18306
  -0.498554
  -0.215627
   -0.32112
   -0.13048
