    -0.36559   -0.0288004    -0.537156     0.127367   0.00213315    0.0627529    -0.405398    -0.660271    -0.187012    -0.261087     0.377268    0.0920006    -0.276869    -0.501736     0.374812    -0.444805    -0.197003    -0.219576     0.824124    -0.105696    -0.549077     0.232622    -0.579684     0.952465      1.00257     0.451898     0.397968      0.39988    -0.310089     -0.58071     0.010608     0.265992
    0.439397    -0.424835      0.54563    -0.208808    -0.368596   -0.0890905      0.69686     0.390573     0.490007     0.131336   -0.0460474   -0.0806377     0.158234    -0.404754    0.0542579     0.574176    -0.250522    0.0372014    -0.687313    -0.274798    0.0322384    0.0516184    -0.586152   0.00277759    -0.424831    0.0996053     0.477214     -0.13407     -0.45733      0.61245     0.157642    -0.485807
   0.0162134     0.309819     0.406244    -0.482268    -0.564595     0.052274    -0.994296     0.469207     0.314529    -0.269961    -0.113808    -0.529269    -0.378937     -0.45895     0.622681     0.641451    -0.407669    -0.290144   0.00822119    -0.350106    0.0763318   -0.0975763     0.263797     0.483046     0.626888     0.510723     0.129823     0.441089      1.05979      1.07372     0.208775      -0.4278
    0.670688      0.19331     0.251197    -0.144966     0.476186     0.122686     0.281191     0.636437     0.499601     0.214608    -0.551546    -0.256233    0.0798633    -0.105735    -0.417397     0.955242     -0.56787     0.036328     -1.16345     -1.10112      1.41026     0.483385     0.016131     0.393351    0.0174011     0.827637    -0.738854   -0.0679958    -0.445944     0.148317    -0.670278    -0.451702
    0.361305   -0.0474683     0.247479     0.729417   -0.0876958    -0.430238     0.348258    -0.182984    -0.395375   -0.0406166    0.0437785    0.0222673      1.67066     0.353149     0.724017     0.217782    -0.127775     0.158718     -0.47137     0.574957      0.78823    -0.150641     -0.14302    -0.139361    -0.175868     0.280379      0.17109    -0.782574    -0.127973    -0.167664     0.311726     0.255274
   -0.270958    -0.355594    -0.161601    0.0570779    0.0181775   -0.0828615    0.0806548     0.386566    -0.389336     0.206876   0.00880021    -0.847342     0.151921   -0.0237512    -0.562722    -0.479888    -0.199564     0.161359    -0.139467    -0.128487     0.575876     0.397458     0.419013     -0.57799   -0.0240924     0.005606   -0.0544757    -0.409993    -0.485278     0.125796    -0.396447     0.648871
    0.052618     -0.55003     0.230601     0.132064    -0.108737     0.247366    0.0643405     0.326332    -0.728122    -0.216979    -0.291207    -0.253037     0.940408    0.0175611     0.552132    -0.162497    -0.355476     0.487814    -0.584493     0.403355     0.376742    0.0870902    -0.332707     0.221553    0.0679858    -0.012377    -0.453744     0.270458    0.0299987   -0.0937861    -0.519559    0.0725855
   0.0562512     0.251298   -0.0217126      1.10332     0.223763   -0.0495189    -0.559768      0.44261    -0.768563    -0.353483     0.583777     0.322337     0.180048    0.0587819    -0.205058    -0.239544     0.652977    -0.155569    0.0537996     0.435052     0.434007     0.134764    -0.531865   -0.0374663     0.630382    -0.158452    -0.223517    -0.299036     0.278891    -0.129943     0.933208     0.841091
   -0.194962    -0.544746     0.121544     0.803505  -0.00436045    -0.772946    -0.502245    -0.247106    -0.177728     0.769043    0.0949584    -0.383368   -0.0963266   -0.0947596     0.621495    -0.853341     0.356837     0.301292      -0.1622     0.433891    -0.105986     -1.02389     0.248473     0.229527     0.210269    -0.466035     0.137297    -0.685273    -0.350483    -0.814051     0.379685     0.624084
    0.125806    -0.073147    -0.304688    -0.216609    -0.114636    -0.150808    -0.371065     0.019897    0.0760256    -0.146449   -0.0192251    -0.392402     0.526529     0.236913    -0.496106     0.063261    -0.601589   0.00758993    -0.265298    -0.133986     0.424942     0.316375    -0.117726    -0.724647    0.0466363     0.318358    -0.401348    -0.464413    0.0391858     0.765804    -0.774876    0.0440947
   -0.131261    -0.151069      0.12613     0.286481     0.580323     -0.55789     0.199318     -0.31417    -0.195526     0.429913     0.127644    -0.209311    -0.333382    -0.568559    -0.326722    0.0151735    -0.382684     0.563913    0.0887671    -0.178762     0.193462        0.201    -0.542298      0.25699    0.0945002     0.200253    -0.169807  -0.00609841    -0.335168    -0.507737   -0.0252559     0.049154
    0.348549   -0.0727592    0.0653764    -0.547158    -0.502075   -0.0674991   -0.0769006    -0.377337     0.730425     0.134649    -0.332267    0.0769337   -0.0241924    -0.377997     0.326777     0.512116    -0.618443     -0.24878       0.4609    0.0890751    0.0935985    -0.397596    -0.369698    0.0591408    -0.143913     -0.34535     0.628885    -0.578148     0.221889     0.100462      0.93065    -0.398251
    0.909015    -0.681845     0.752756     0.335016    -0.444377    -0.427281     0.439794     0.125792     -0.30678     0.718233     -0.08055     0.263651     0.542653     0.640076    -0.597357     0.353973     0.151883    -0.252933     0.514244    -0.191168     0.287875    -0.134645     0.863528    -0.444008     0.679922    -0.605032     0.169769     -1.16299    -0.228262      0.80473    0.0113351     0.764415
    0.707082    -0.495732   -0.0841983    0.0503417     0.558841      0.25102   -0.0867734     0.115431    -0.522711     0.413002     0.172798    -0.109748       0.6849     0.065707     0.297896     0.246255    -0.554893    -0.491848     0.621021   -0.0889767     0.829602     0.175328     0.101652    -0.134693     0.702596     0.586101     0.285896    -0.217627     0.140017     0.659351    -0.104531   -0.0176913
    0.839262    -0.261813   -0.0889963    -0.324967     -0.74666     0.199871    0.0307411     0.719676   -0.0238641    -0.324233    -0.144575     0.539915    -0.373101     -1.05236     0.641021     0.196466    0.0895318    -0.236001    -0.192158   0.00116391   -0.0188429     -0.10265     0.140707     0.138468     0.187879    -0.498474    -0.201561     0.343181   -0.0354015      0.11548     0.079417     0.681747
    0.610571    -0.677464     0.509755    -0.043201     0.180215    -0.537414    0.0513504     0.106508    -0.413872     0.574248    -0.511792      1.12775    -0.244635    -0.559828     0.558245     0.417194     0.889931    -0.446159    -0.147437      0.48053    -0.870591     0.128778     0.201063    -0.329777     0.733677    -0.219068       0.3544    -0.240537     0.215891     0.267716   -0.0484077    -0.418672
    0.784411    -0.552806     0.161266    -0.282423   -0.0115533     -0.23012    -0.665677    0.0275672    0.0157341    -0.367476     0.320557     0.306864    -0.201144     0.507262    -0.456335    -0.485009    -0.134275      0.38391     0.518511     0.521713     0.614179     -0.27226    -0.620922    -0.452258    -0.198428    -0.246688   -0.0327683    -0.334371    -0.547473     0.720387     0.683849      0.13687
    0.167801      -0.1205    -0.995477     0.153548   -0.0594463     0.612928     0.411206    -0.060697    -0.374305    0.0570179    -0.553401    0.0985843     0.113917    -0.379677    -0.352047     0.679411    -0.343616    -0.146766     0.382302    -0.231916    -0.190417    0.0543598     0.299452    -0.339156    -0.942077   -0.0311916     -0.46619     0.526325     0.259325    0.0860061    -0.237542     0.563395
   -0.304288    -0.228133    -0.574752    0.0916803    -0.354353    0.0463511      -1.2699    -0.473019     -1.49095    0.0330546     0.517922     0.342905    -0.132261     -0.38642     0.411842    -0.726982    0.0150207    0.0553404    -0.357834      1.15369     -1.40742    -0.275225    0.0806738     0.709387     -1.20689    -0.649792    0.0451007     0.634308    -0.241823     0.162787     0.863602     0.131536
    0.879201    -0.165704    -0.864675    0.0965589    -0.376713      0.73132    -0.211885    -0.710319    -0.149465     0.285881     0.512731   -0.0233317    0.0709065     0.189168     0.489556    0.0699476    0.0324279     -0.12855   -0.0267072     -0.65078     0.101422     0.337702      0.34199    0.0189296    -0.466764     0.228228    -0.356894     0.571933    -0.274383     0.713744     0.714827     0.122575
    0.333802   -0.0577417     0.497949    -0.651322     0.641217    -0.251277     0.289159     0.726622    -0.047295     0.555871     0.404355   -0.0291615     -1.07818    -0.525229     0.455043     0.372076   0.00938262     0.149703    -0.292518     0.279448    -0.745517    -0.250527    -0.125071     0.269843    -0.219293     0.335569    -0.457811     0.354468   -0.0535825     0.807741     0.502948    -0.348313
   -0.217376     0.351656    -0.372526     0.271343     0.157545     0.285385    -0.342661    -0.439393     0.396715     0.413878    0.0654762     0.720186    -0.307814    -0.500187     0.225699    -0.431615    -0.168944    -0.384066   -0.0586815    -0.166903     0.058714    -0.515018      0.54035     0.165718      0.22504     0.396676   -0.0996647   -0.0463188    0.0787206     0.179389   0.00867557    -0.291329
    0.308232    -0.603098    0.0303015     0.243784     0.234543   -0.0912924    -0.923234     0.287097    -0.895597     0.356986     0.392956    -0.412899     0.636464      0.74715      0.29485    -0.749548     0.479862    -0.247088   -0.0843026     0.934926    0.0924648    -0.244901    0.0364834   -0.0422487    -0.479941   -0.0320284     0.126095     -0.15937    -0.428006     0.426914     0.759511     0.299309
    0.315993    -0.407331    0.0589023    -0.192023    -0.390872     0.196161     0.188823    -0.243909     0.174011      0.30604     0.487893    -0.270827    0.0240046    0.0707226    -0.037276     0.424179     0.372462     0.356384      0.67131     0.339714     0.415886     0.465918     0.322589     0.357721    0.0323931   -0.0178101    -0.595888    0.0339784   -0.0388614     0.381565    0.0785901     0.239722
   -0.299757    -0.558279     0.641837    -0.152285     0.739053    -0.114213    -0.369689     0.311801    -0.629857     0.151334    -0.131496     0.687967     -0.22595    -0.568766     -0.17077    -0.111092     -1.20161     0.174345    -0.333573   -0.0735572     0.689528     0.236964    -0.237316    0.0319461     -1.04562    -0.643946    -0.449187     0.307012    -0.430218  -0.00118066      0.75938    0.0905276
   -0.183094    0.0985714     0.267602    -0.309605   -0.0515644     0.418287    -0.731593    -0.209042      0.35758    -0.402902    -0.276038    0.0818921   -0.0386976     0.569894      0.12469     0.239692     0.361552     0.445763     0.209047     0.220621    0.0797925     0.214288    -0.214145    0.0467714     0.152552   -0.0190868    -0.105475    -0.274247     0.215106    0.0255177    0.0209924    -0.198908
   -0.191264    0.0364988    0.0186014     0.208884     0.274576     0.311786    0.0992307    -0.561475    -0.934311     -1.26731    -0.726206    -0.537088     0.242624     0.339072    0.0928999     0.526133    -0.116916     0.198026    -0.202249     0.741825   -0.0502563     0.114038      0.64401     0.394807    -0.522444     0.387723    0.0530972    0.0601206   -0.0920986     0.383366    -0.258332  -0.00732215
    0.195136   -0.0462534     -0.11552     0.135757     0.229772    0.0753245    -0.467242    -0.158621    -0.568148     0.449529     0.104808    -0.135331     0.175487    0.0535297     0.242769     -0.40991    -0.274173   -0.0249381     0.517378      0.56362   -0.0874906     0.151077     0.529342     0.424606    -0.247849     -0.10102     0.695002  -0.00713005    -0.749855     0.190943     0.246308   -0.0212359
   -0.365474    -0.539162     0.324113   -0.0902813     0.629671    -0.298423    -0.479884     0.497484     0.477711     0.681951    -0.216322     0.461992   -0.0897456    0.0152991    0.0838273     0.364881    -0.489307     0.703159    -0.384206     0.956118     -1.72806    0.0743302     -1.17614    -0.300542    -0.243419    -0.428291     0.433209     0.145621     0.672531     0.222099     0.608674    -0.651896
   0.0930152    -0.615174     0.552603    0.0261447     0.718847    -0.304346   -0.0236496     0.431171     0.071607    -0.957195     0.296105     0.332057    0.0387046     0.136425   -0.0105698     -0.35432     0.723393    0.0961761    -0.330915      0.36293     0.268977      0.48275     0.859188    0.0992691     0.168558    0.0486563    -0.084247    0.0503494    0.0625948    -0.444974     0.120882    -0.118618
   -0.213966    0.0394949   -0.0914232     0.305305     0.199752        0.152    0.0959061   -0.0195979    -0.386571    -0.361909   -0.0690957      0.84592     0.128033     0.322707    0.0663683    -0.256637   -0.0484882      1.50375     -1.18526    0.0520552    -0.494996      1.13995   -0.0873433     0.503475     0.106357      -0.5865     0.063052     0.206117     -0.25435      0.19153      0.20095   -0.0939664
  -0.0843558     0.303803    -0.142845     0.519853    -0.140473    0.0392431    -0.286267     0.143483    -0.311902    -0.064267    -0.179739     0.198791    -0.176598    -0.330665     0.138159   -0.0340981    0.0241208     0.203858    -0.589359    -0.630551    0.0405325     0.240588     -0.14391     0.593297     0.696027     0.801626     0.345803     0.831287    0.0801021    -0.227277      0.19259    -0.242275
   -0.765407     0.367456    -0.156016     -1.14654     -0.10395     0.197685     0.618456     0.808165    -0.721143     -0.31372    0.0731907      1.83771    -0.160406     0.171867    0.0861909     0.523658    0.0247673     0.219697     -0.80723     0.121574    -0.633438     0.183837    -0.921211     0.188098     0.639543     0.283548    -0.326359    0.0554344    -0.355374     0.212755    -0.442732    -0.585745
    0.198834     0.356774     0.301407    -0.347666     0.221557     -0.11119     0.338466     -1.10038     0.304805    -0.834787     0.186628    -0.872546    -0.340024    -0.289596    -0.228693    -0.468297    -0.285312    0.0341623     0.245206     0.361199     0.363234     0.307918     0.465262    -0.545502    -0.181111    -0.187003     0.168248     0.173784     0.737021    -0.669705     0.314176    -0.162327
    0.159825    -0.543284     0.684659     0.863416     0.270074    -0.261142      0.49685    0.0855623     0.494074     0.643278    -0.455859    -0.274655     0.646067    -0.213547    -0.487029     0.457055    0.0746812    -0.604918    -0.396455   -0.0691795     0.728167    -0.293839    -0.664105     0.320813     0.537812    0.0449344     0.823081     0.580705     0.642245    -0.351979     0.638369     0.470802
    0.607779    -0.601996     0.467926    -0.517437    0.0227121    -0.142277     -0.81998     0.222255    -0.331693   -0.0211734     0.418098      0.26869    -0.509491      0.17896     0.555611     0.471996     0.834457     0.734424    -0.496999     0.518172    -0.658357     0.660536     0.520955    -0.246445     0.114363    -0.859103    -0.553031    -0.584461    -0.491088     0.523144     0.474398    -0.334959
     0.15618     0.358324       0.1642     0.144186    -0.462127    -0.246764     0.222749    -0.095335    -0.499072    -0.290056     0.282288     0.582653    0.0530388   -0.0712477    -0.116488    -0.303938     0.603715     0.204548    -0.135613    -0.465183     -0.26732     0.125437   0.00596184     0.533887    -0.376218     0.141332    -0.194016     0.054613    -0.519283   -0.0789355     0.162943     0.071321
  -0.0792554     0.310765    0.0981048     0.183533     0.345799    -0.175999    -0.255217   -0.0672791      0.64832   -0.0966191     0.404514    -0.273146      0.58455    -0.280548     0.324975    -0.134523     0.513354     0.161703     0.047088      0.15087     0.022322     0.291712    -0.159862    -0.116303     -0.38324     0.269061     0.545447    0.0683998     0.392863     -0.29485    -0.330125     0.481642
     0.44177    -0.542889     0.343873  -0.00178476    -0.324899    0.0790599     0.459314    -0.509357    -0.141079     0.167939     0.343955     0.131058    -0.458399     0.426299     0.458756    0.0296192       0.3203   0.00848038     0.340741    -0.469137     0.440708     0.217585      1.09653     -0.41365      -0.7731    -0.609069    -0.356029    -0.467088     0.377074     -1.15205     0.315259     0.104218
   0.0819687   0.00466469     0.962562   -0.0771465     0.147594   -0.0744992     0.526516    -0.282025     0.023368   -0.0879632   -0.0253336    -0.494004   -0.0687401    -0.213138    -0.370438   -0.0356006    -0.436815       -1.077    -0.504822    -0.179729  -0.00337876     0.183166      0.15405    -0.182898     0.321462     0.799184    -0.766904     0.433556    -0.172275     0.496943    -0.629544     0.339097
    0.146557     -0.63451     0.568293    -0.984738   -0.0745456     0.144397    -0.286361    -0.802275    -0.377166   -0.0214159     0.396369    -0.207764     -0.26199     0.564002      1.28284    -0.306116     0.567281     0.530558    -0.305885      1.36771    -0.403433     -0.30951    -0.591131   -0.0305196     0.188248   -0.0984581     0.524388     0.144249   -0.0812153     0.258947    0.0501234    -0.863874
    0.307125     0.478847    -0.133828    0.0979089     0.600798    -0.510199     0.235776     0.805814    -0.914604      1.21205     0.353192   -0.0576784     0.591234    -0.600853     0.204038     0.213387    -0.735157     0.298107    -0.337024    -0.123988    -0.166273    -0.159269      0.41747     0.220683    -0.655034     0.675571      0.27479     0.158293    -0.243302    -0.225605     0.159951    -0.426431
   -0.558248   -0.0193807     0.259712    0.0229103      0.40085    -0.489389    -0.102577    0.0558055      0.42962     0.048073     0.335565   -0.0910406   -0.0388513    -0.131067    -0.106703    -0.745306   -0.0865283     0.430904    -0.245206     0.241295     0.530094    -0.430113     0.505675      0.39982    -0.522357    -0.308901     0.137769   -0.0871905     -0.45498    -0.285613     0.284436    -0.328235
   0.0693802     -0.76943     0.235865   -0.0775128    -0.163977    -0.745325     0.269814    -0.283859    -0.212922    -0.182076     0.369327    0.0670616    0.0810128      0.32803    -0.508947   -0.0323438     0.278306    -0.106781     0.239988    0.0484466    0.0233509    -0.265187     0.568757      0.12778     0.295817     0.103813     0.085546   -0.0875057     0.379169    0.0179063     0.269856     0.203729
   0.0520478   -0.0146389    0.0497832    -0.272206    -0.436683    -0.179834     0.368547     0.765489   -0.0291275     0.986101   -0.0581892    0.0748225     -0.44858    -0.663266   -0.0653562   -0.0324742    0.0846558    0.0569479     0.462919   -0.0882317   -0.0410508    -0.299163     0.251076     0.241041      1.17911   0.00932805    0.0219813    -0.185793    0.0450762     0.926577    -0.290843    -0.565641
    -0.32768    -0.510839    -0.441431     0.666402    -0.293466     0.467318    -0.873691     -0.89399    -0.441344      0.58731      0.54227     0.244836     0.052481    -0.273885     0.461915     -1.02876    0.0486838     0.780119    -0.285837    -0.391895    -0.891775    0.0307233      0.85278     0.427302   -0.0748302    -0.415074    -0.337692       1.0176    -0.290371    -0.168545     0.739368     0.014427
   -0.762653     -0.34365     0.330427    -0.161697    0.0521849    -0.428985   -0.0291249     -0.91669    -0.356628   0.00921778    -0.493268    -0.149909    -0.206036    -0.472002      1.03913     -0.46363     0.305805   -0.0977613      0.28016     0.381764    -0.511126    -0.158273     0.221556     0.376262    -0.462524    -0.789766      0.61871     0.113058    -0.410437    -0.340149     0.379991   -0.0502115
    0.615184   -0.0776609    -0.527846    -0.769406    -0.973282    -0.447587    -0.183387      0.45773     -1.11424     0.472764     0.712965      1.24347     0.102936   -0.0829394     0.595751  -0.00568533      1.01545     0.477014     0.157461      1.18766     -1.10289    0.0569551      1.29288      1.48906     0.930142    -0.414919     0.130243    -0.263313     0.721833     0.331691    -0.116558   -0.0968465
    0.830537    -0.217842     0.538823     0.124181     -0.47242    0.0458105     0.787031    0.0526435     -0.19411     0.176456     0.697974    -0.545013    -0.201799     0.470798     -0.14224    -0.402174     0.269164     -0.13638     0.193599     0.143548     0.305081    -0.234967    -0.124433    -0.313607     0.816695     0.337849    -0.299495    0.0443639    -0.533917    -0.925749      0.22944    -0.303732
    0.306143    -0.126828     0.295066   -0.0450269    -0.131012    -0.329394    -0.522989     0.248467    -0.153196     0.266123     -0.19396     0.706361     0.121914   -0.0219012    0.0154178   -0.0249727   -0.0830178     0.192434    0.0634278    0.0880541    -0.441034     0.207654    -0.237094     0.557639   -0.0433484    -0.100556     0.515347    -0.134402    -0.165941     0.479533      0.14012   -0.0437353
    0.367892   -0.0741582      -0.4506     0.190434    -0.590057     0.308421    -0.037668   -0.0307923    -0.149038     0.564854   -0.0703415    0.0660661     0.669059    -0.143676     0.122054   -0.0677353    -0.295443    -0.319346    -0.451105   -0.0315299     0.282491    -0.354154    -0.621863    0.0922105     -1.04254    -0.351072    -0.250493    -0.256011    -0.267383     0.443923    -0.440902     0.771112
   0.0151037     0.191755    -0.652974    -0.579684     0.123404    0.0933084     0.398793    -0.104228    -0.602262     -0.90045    -0.241193   -0.0620951     -0.48275    -0.533537     0.706881    -0.193732     0.324478    -0.277235   -0.0582102    -0.283155    0.0800035     0.140992     0.199419    -0.389953     0.172909     0.405763    -0.397654     0.182081     0.234273     0.443941     0.506297    -0.487764
    0.248244    -0.173151    0.0990661    -0.132995      0.11522     0.252167     0.530748    -0.405878   -0.0788264      0.31751     0.326643     0.476774    -0.087102    -0.420493     0.261528     0.198741      -0.5606    -0.473439    -0.591414     0.186366     0.623635     0.100105    -0.634702     0.210955     0.968721     0.749228     0.283181    -0.232993    -0.489189   -0.0826416    -0.229889     0.164157
    0.239059    -0.569636   -0.0262265    -0.715042    -0.365103     0.181778    -0.757762     0.356398    -0.209638    0.0262527    0.0287253    0.0294265    -0.733683     -0.16812     0.534255   -0.0843498     0.118145     0.223932    -0.315788   -0.0784255      0.91304     0.340047    -0.463665  -0.00598384     0.133341     0.702371    -0.400417      0.14165   -0.0543056     0.821438    -0.693982    -0.424191
   -0.161127    0.0505597    -0.419181     0.175961    -0.320159      0.21897    0.0538853     0.516778     -0.25905     0.284156     0.537714     0.333218     0.748388      -0.1848    -0.240936     0.147049    -0.095893     0.233987   -0.0208332     -0.31012    -0.181869    -0.266665      0.10284     0.183332    -0.265109     0.204618    0.0236717    0.0282784     0.748267    0.0601588  -0.00843468    -0.264569
    0.636817     0.448371    -0.599195    -0.114456    0.0981284    0.0896799     0.611041    0.0136308    -0.133047    -0.488138    -0.259402    0.0623988     0.156286   -0.0576379    -0.268167     0.449559    -0.337901    -0.022887     0.406727    -0.989031    -0.272894    -0.143972    -0.452735  -0.00180282     0.252052     0.152264    -0.324099      0.31082     0.189204     0.417292    -0.130381    -0.359133
     1.20061    -0.182519    -0.114916      1.10134     0.217091    -0.260819    -0.631374    -0.551455      1.17116      0.53059     0.538532    -0.513181    -0.438969   -0.0130743      0.48031    -0.135953     0.148706    0.0988463      0.49526    -0.585697    -0.534289     0.482725     -1.62811    -0.453247      1.03987     0.130958     0.807548    -0.953797    0.0956449    -0.217834       1.2221    -0.405021
   -0.393039   -0.0357209     0.492223    -0.200796    -0.312087     0.153714    -0.050858    -0.286361    -0.557395    -0.235179    0.0340251    -0.158321     0.697371   0.00445598     0.104613    -0.360896   -0.0523774    -0.100931     0.138945     0.531327     0.375584   -0.0021215     0.193457    0.0279902    -0.339006     0.455745     0.100899   -0.0578349    -0.290376    -0.278743    -0.027548    0.0230708
     0.60445    -0.804219     0.303815     0.093146     0.432113     0.381352    -0.423792    -0.469261    -0.751341    -0.510028     0.433732     0.260703    -0.415068    -0.177577    -0.931345     0.306506    -0.160611   -0.0860358    -0.131964     0.643673   -0.0999805     0.486943     0.453335    -0.169432    -0.934442    -0.187218    -0.288335    -0.214963     0.503381   -0.0949763    -0.364941      1.03173
   0.0773155     0.770815     -0.52998    -0.586122    -0.443765    0.0955714    -0.679721    -0.106852    -0.135736     -1.06882     0.138335     0.951532  0.000813351   -0.0493167     0.294526    -0.664178     0.192806     0.509569     0.255915    -0.469935    -0.249146     0.335341    -0.154737    0.0252104    -0.363177     0.163038     0.227988     0.434879     0.100555     0.523748    -0.200975    -0.215793
   -0.682739    -0.318027     0.308339    -0.223114     0.123935    -0.165151     0.248677     0.203623     0.228247    -0.190189     0.172671     0.917972     0.130067     0.390081     0.743198     0.504517     0.603579     0.292165   -0.0625358     0.203192    -0.290242    -0.371064    -0.211363     0.412728     0.323977     0.023999   -0.0577162    -0.637744     0.225146     0.373711    -0.440716    -0.273958
   -0.307212       0.2485    -0.280418    -0.446741     0.199948    -0.111222    -0.689485     0.607652    -0.238172     0.274943     -0.33961     0.606871     0.324345   0.00643401    0.0144589     0.787251    -0.602822    -0.122671    -0.118906     0.198919    0.0357421    -0.351846     0.431963      0.16943     -0.52032     0.207448    -0.270479    -0.142204    -0.286215     0.796545    -0.224941     0.241027
   -0.799455     0.170413    -0.439391     0.259204     0.826668     -0.34961    -0.569065    -0.385027  -0.00206647     0.373467   -0.0768082     0.119795     0.396797    -0.332693     0.207619    0.0771238    -0.392576      0.34326    -0.524735     0.274031    -0.286079     0.879136    -0.300796     0.430245    -0.784461    0.0478867     0.854628    0.0961082     -0.35001     0.214163   -0.0378426   -0.0202146
    0.172994     -1.16089     0.543225     0.653401     0.968901     0.402897     -0.12533      0.72164    -0.342191     0.993903   -0.0572263    -0.109952      1.16075     0.058982    -0.178924    -0.209045    -0.322573   0.00441903     -1.05052   -0.0839551     0.469846     0.219105    -0.765835    -0.664369      0.30896    0.0634353    0.0202683    -0.338414    -0.360237     0.205728     0.554509     0.458244
   -0.154849    -0.200775     0.544903    0.0975061     -0.23348   -0.0893166    -0.136234     0.621569    -0.457281       0.4712    -0.303411    0.0849603     0.489618    -0.101951     0.152705    -0.440621     0.223331     0.271244   -0.0836701     0.486196    -0.128159    0.0789269    0.0586924     0.413241     0.238986    0.0924399     0.200425    -0.197229     0.118683     0.102176     0.310959    -0.302331
   -0.210549     0.101381     0.468573    -0.207549     0.422021   -0.0298794    -0.160237     0.146902    -0.521816     0.226645     0.316536     0.618148    -0.314223     0.483178     0.234783    -0.163581    0.0339113     0.638883  -0.00421653    -0.364122    -0.196934    -0.618349    -0.202326     0.330692    -0.180027     0.150407    -0.214337  -0.00824321     0.431968     0.471053     0.305181    -0.339433
   -0.724444    -0.228077    -0.055848     0.464071     0.663645    -0.307173     0.503996    -0.313287     0.937752    -0.353786    -0.368345    -0.181573      0.15238    -0.447499    -0.496453     0.614739    -0.240065    -0.202422   -0.0524324    -0.550358     0.563806     0.265413    0.0545533  -0.00788518    -0.243585     0.127454     0.147187     0.213195     0.775547      0.44332    -0.753122     0.465409
     1.23702    -0.337845    -0.311029     0.124259    -0.185226     0.167712    -0.763489    0.0266221    -0.245572     -1.07991    -0.490891     0.396321    0.0369665    -0.334243    0.0921432    -0.316372    -0.299948     0.741451    -0.121553     0.171464    -0.111849     0.083192     -1.11377     0.576795    -0.913552    0.0641911    -0.368876     0.352094    -0.720421   -0.0889744     0.515841     0.811989
    0.484086    -0.702749     0.208963     0.281472    -0.221449     0.394523    -0.122892     0.404203   -0.0541567     0.458947    -0.246118    -0.479493     0.618514    -0.173041    -0.157112   -0.0710331    -0.211773    0.0783675    -0.340322    -0.230438     0.682897    -0.521781     0.442453     0.116746     0.181759   -0.0358203    -0.783638   0.00426278     0.430033    -0.160217     0.240139     -0.56153
   -0.415493     0.311107    -0.377515     0.548148     0.306144    -0.134445     0.273807     -0.10743   -0.0039722    -0.464346     0.126373     0.342679   -0.0257976   -0.0421114     -1.00592    -0.416627     0.234307     0.486481    -0.143791  -0.00027461     0.240995    -0.507835    -0.145161    0.0980062    -0.380975      0.39171   -0.0860839    -0.655673    -0.589831    -0.537373    0.0354456       1.0078
     0.62784   -0.0583233    -0.170907    -0.426853     -0.72561     0.178399    -0.277692    -0.484541    -0.565277     0.277374    -0.301389      0.43306     0.487902     0.156106     0.504294    0.0860236     0.821112    -0.680595     -0.13442    0.0245278    -0.352957    -0.518446     0.552387     0.400894    -0.127808   -0.0333926  -0.00281038     0.157782    -0.610275     0.113324    -0.279889    -0.308434
   -0.436605     0.342347     0.588608    -0.369017    -0.205136    -0.140772     0.558273  -0.00251089      -0.2141     0.211064    -0.207119    -0.456419    -0.197661    -0.741922     0.300703    0.0154066    -0.218232    -0.429117    -0.131997    -0.190813    -0.534369   -0.0239022    -0.517902     0.251132    -0.216495    -0.156557     0.210641     0.349132    0.0368795      0.51948    -0.169749      0.16299
    0.354019    -0.193675    -0.320107    -0.146175     0.422083     0.383314     -0.10955     0.308018    -0.560629     0.245548     0.074905    -0.102023     0.153347   -0.0304656  -0.00490385     0.509056    -0.588991     0.019938    -0.134191     0.173322     0.131993     0.467048     0.132795     0.394269    -0.122578     0.100141    -0.239292    -0.390327     0.147497     0.184439    -0.621575     0.494844
  -0.0963621  -0.00829076   -0.0832835   -0.0149325     0.208305    0.0664953    -0.324072    -0.591061     0.360189    -0.249462    -0.194586    -0.271791    -0.384656    -0.392358    -0.125293    -0.135154    -0.371309    -0.109994    -0.447823    -0.530363    -0.278025     0.894187      -0.1618   -0.0997338    -0.173842    0.0539074    -0.122686     0.680352     0.380628    -0.252673    -0.559778     0.195501
    -0.54473    0.0234155    -0.846868    -0.073392      0.28457    -0.316954     0.153832   -0.0848548     0.228456     0.316435     0.250603     0.122952     -1.04578    -0.516365     0.257247     -0.51628    0.0675955     0.457546     0.187526    0.0180942    -0.748039     0.454926    -0.562972       0.3161      1.01007     0.565049     0.552477     0.597972      0.27011   -0.0577831    0.0498737    -0.969322
   0.0466313   -0.0239808    -0.749147    0.0869173    -0.307614     0.209472    -0.191435   -0.0128508     0.486727     0.201034     -0.38413    -0.547109    -0.409894     0.320791     0.244951    -0.181162     0.399286     -0.60888     0.233574     0.344314       0.5685    -0.264429     0.496958    -0.580197    -0.429039     0.126506   -0.0473267     0.304568     0.217002    -0.310561      0.10806     0.374122
    0.259708    -0.193075    -0.433142    -0.335337    -0.122917   -0.0656504    -0.607129     -0.55279     -0.35507    -0.477768     -0.46308     0.647384    -0.141297     -0.36024     0.309842    -0.395398    -0.176039    -0.315635     0.539925     0.818675    -0.218712    -0.500984    -0.162879     0.301984     0.382846    -0.703702     -0.61666    -0.186702    -0.273601     0.244811     0.810237    -0.626228
   -0.411124    0.0750684     0.380832     0.200184     0.518487    -0.101541     0.287657    -0.603965     0.484663     0.107068    -0.392802    -0.226645     0.510665    0.0946156    -0.232526    0.0638971    -0.918219    0.0577462    -0.849717    -0.145469     0.288268   -0.0049587     0.570322   -0.0935434    -0.431089   0.00559753     0.229856     0.295398     0.374698    -0.364717     0.156337     0.605523
   -0.289371     0.388839   -0.0381357    -0.136229    -0.268194    -0.141163    -0.224601     0.127273    -0.571322    -0.388914    -0.243687    0.0380768    -0.573432     0.205307    0.0489924    -0.208852   -0.0280083     0.133505     0.525129    0.0362103     0.131914    -0.111537    -0.259686     0.434989     0.391535    -0.264031     0.180487     0.566619   -0.0826999     0.226132      0.61424     -0.41318
    0.218253     0.514625    0.0171944     0.260871     0.765108    -0.105864    -0.465161    -0.248917     0.528886    -0.223023    -0.359822     0.142823    0.0470157    -0.214608   -0.0313453    -0.420337    -0.357219     0.746828     0.374239     -0.60351    -0.245606   -0.0642404     0.532461     0.293277    -0.288267    -0.272844  -0.00732429     0.408718     0.630696     0.166044  -0.00460067    -0.198389
      1.2722   -0.0267052     0.543724    -0.382916     -0.51633     0.276508   -0.0727984    -0.643412     0.138531     0.189778     0.625469     0.160573    -0.206587     0.298209     0.431109   -0.0569397      1.01082    0.0401494    -0.710157    -0.233143    -0.374818    -0.263821     -1.14817    -0.763533     0.431946      1.14856    -0.155791      1.30858    -0.125666     0.629736     0.249026    -0.400141
   -0.623296    -0.575957    0.0477467    0.0324644     0.501456      0.35406     -1.05437     0.491491    -0.299545     0.289764    0.0443857    0.0411608    -0.498705     0.611476     0.556576    -0.868436    -0.278298      0.37198     0.424371    -0.157763     0.155507     0.694431     0.420206    -0.347606     0.522698    -0.315996   -0.0504183    -0.158957  -0.00365625     0.866508     0.496068     -0.18982
   0.0900532    -0.111859     -0.27653    -0.290443    -0.131142    -0.166666   -0.0567703    -0.149279    -0.315075   -0.0914959     0.125127   -0.0808204    0.0114313    0.0655822     0.298819   -0.0022385    -0.143277   0.00920276    0.0915331    0.0652702   0.00443219     0.119364     0.311196    -0.417869     0.250863     0.056183   -0.0847288     0.171264  -0.00770487   -0.0528526     0.685739   -0.0120805
    0.382349     0.411899    -0.325587    -0.622574     0.335156     0.341235    -0.212755    -0.690038    -0.145024    -0.143704   -0.0862654   -0.0252721   -0.0526208   -0.0821567    -0.446128    0.0916663    0.0629518    -0.721513     0.387778      0.11899    -0.276366     0.317246    -0.784984      0.49707     0.382612    -0.850497      0.10692      1.30114      -0.5117     -1.09715     0.132142    -0.575265
   -0.308841   -0.0496726     0.374199     0.943095      1.16231    -0.423881     0.305934    -0.467749     0.777692     0.193393     0.680637    -0.209569    -0.161129     0.400088    -0.196278   -0.0543891     0.208778     0.511888    -0.617137    -0.518759    -0.254197     0.611584    0.0353787    -0.140459    -0.229073     0.485463     0.325497     0.203355     0.351037    -0.501592    -0.300741      -0.0954
   -0.215178     0.211735     0.380561     0.238379    0.0820027   -0.0862923      0.52385     0.359878    -0.452869     0.290684    -0.309908     0.396418     0.555774    -0.292523     -0.47912    -0.485047   -0.0799679     0.163268    -0.192936     -0.31309     0.941973    0.0351426    -0.670369     -0.56679     0.486781     0.128515    -0.318679    -0.297475     0.435011     0.293019     0.220629     0.695758
   -0.389752     -0.25589     0.824245     0.113664     0.938964   -0.0968182     0.437332   -0.0793211    -0.228681     0.268437     0.445522   -0.0191714     0.723607     0.737627     0.610552    -0.643844     0.238901    -0.127155    -0.210217     0.458275    -0.230665    0.0593772     0.798681   -0.0664552     -1.79925    -0.164862     0.647055     0.273814     0.544045    -0.310824     0.588669  -0.00590333
   -0.378737    -0.209879    -0.346139    -0.764924    -0.547284     0.131207    0.0394382    -0.282915      -0.1483    -0.631912    -0.233611    -0.160801   -0.0940036    -0.438394    -0.374383     -1.01396    -0.158935   -0.0571048   -0.0540031     0.318041    -0.280023     0.233718     0.295788    -0.159671    -0.275359    -0.238811     -0.39499     0.857168      0.53854    -0.307119   -0.0338157    0.0770536
  -0.0754354    -0.257167     0.287603    0.0964403   -0.0371716    0.0797143    0.0783876    -0.347339     0.387379    -0.267887    -0.230686     0.433461    0.0215072   0.00945406    -0.101194   -0.0119674    0.0252545    -0.420722    -0.293819    -0.141418    -0.302781    -0.289052     0.276585     0.626472      2.00076      0.23564     0.119375      0.10165    -0.152667     0.272386     0.391226     0.369793
  -0.0936093     -1.07901      0.82738     0.643055    -0.142897    -0.584571     0.347663     0.623427    -0.662533    -0.104659     0.220127    -0.277274     0.331487    0.0795287    -0.346686     0.140795   -0.0231439     0.753788     0.610106   -0.0576998    -0.134897     0.377049      1.14966      0.11905      0.34952    -0.711971     0.889501    -0.438415     0.572895    -0.143413    0.0540981     0.677919
    0.511376    -0.229825     0.059188    -0.642331    -0.466134    -0.665908   -0.0587666     0.428118    -0.099815    -0.332715    -0.138301     0.262819    -0.136346    -0.732534    0.0452472   -0.0286171     0.813379     0.106148      0.15768     0.310706   -0.0695813    -0.123632      0.57969     0.633692     0.781018    -0.273997    -0.371203       0.7143    -0.315118  -0.00355951    -0.318817    -0.370857
    0.256407    -0.117871     -0.17412  -0.00925242    -0.432519     0.122981    -0.408577    -0.138851     0.669721     0.229716     0.599867     0.286114    -0.503301   -0.0148187      1.16134    -0.289621     0.601312     0.564793    0.0564421    -0.160571    -0.293899     0.153528    -0.156051    -0.190256     0.217164     0.215909    -0.307082    -0.450402     0.219618     0.486211  -0.00894171    -0.496197
    0.299011    -0.474135    0.0416378    0.0183236     0.222261     0.137445   -0.0340181     0.229787    -0.287116     0.466993     0.215978    -0.403006    -0.591451     0.628045    0.0578878   -0.0433504   -0.0687119    -0.156243    -0.354969     0.722688    -0.102276     0.413046    -0.537065     -0.50319    -0.414676      0.40748     0.106681    -0.309813    -0.682009     0.124753    -0.509405    0.0518978
  -0.0679184     -1.01196     0.734546    -0.275154    -0.220116    -0.494299      0.59877     0.314735    0.0970099     0.339221     -0.19602    -0.886948    -0.439686    0.0673655    -0.683875     0.316073    0.0373331     0.132747     0.837283    -0.296169     -0.51321   -0.0272869    -0.482916    -0.841221     0.842429    -0.588808    -0.278145    -0.672012   -0.0631395     0.299668     0.561769    -0.395387
     0.13276     0.337239     0.354607      1.93433      0.86883     0.413035    -0.997468     -0.37302     0.443687     0.557128      0.24885       0.5552     0.825794     -1.56352   -0.0828322    -0.347392  0.000174485     0.479206     0.443213     0.214055     0.109159     0.536513     0.355221      0.84035     0.636324      0.52723    -0.284109      1.81626     0.407237    -0.404557    -0.525402     0.657881
   -0.495967    -0.484735     0.304141    -0.680444    0.0918205    0.0762467    0.0735601      0.24192    -0.199254   -0.0197213     0.389977    -0.104805    -0.592913   -0.0751097    -0.622286     0.779254     0.194298      0.17873     0.626635     -0.20721    -0.647056     0.299851    -0.293808     0.505512     0.615355     0.145016     0.921462    -0.544741     -0.12008    -0.703571     0.673421    -0.974142
    0.544638    -0.293782    -0.636119    -0.323037     0.159785     0.560111    -0.603416    0.0674047     0.068702     0.309616    -0.331627     0.258904    -0.560396     0.188778      0.85342     0.580898     0.233193    0.0528489    0.0059151     0.176025     -0.57279    -0.622404     0.453655     -0.03957    -0.124892    -0.334394    -0.651509     0.255519     -0.18052     0.294495       0.0187    -0.144019
   -0.750239   -0.0541737     0.467967    -0.323275    -0.377108     -0.68751    -0.207341     -1.30753       1.2004     -1.03795     0.356863     -1.33694    -0.106146    -0.513549    -0.169714    -0.839023      1.12655     0.684443     0.265495   -0.0653679    -0.266698    0.0370185    -0.290661  -0.00789578     0.549713    -0.505521   -0.0440371    -0.440882     0.385573     -0.02139     0.172092   -0.0671895
  -0.0151501    -0.095801     0.609386    -0.847627    -0.148087    0.0903486    -0.101165   -0.0248199    -0.395588     0.347642   0.00547178    -0.159419    -0.947998    0.0539577     0.208765   -0.0168223    0.0659585   -0.0601442     0.276086   0.00210127    -0.528861     0.380706   -0.0474716    -0.307427    -0.385862    -0.354889     0.266428     0.150449     0.205642     0.776228     0.182906    -0.824771
    0.160595     0.178778     0.584269       0.6162      -0.1535   -0.0462001     0.175332   -0.0558305      0.17455     0.124315   0.00506593    -0.509538     0.283362     0.070727     0.316677    -0.237036    -0.229559     -0.12022    0.0777789     0.208168     0.802898     -0.34501     0.429494   -0.0308583   -0.0544279    0.0374813     0.410795    -0.196225     0.435982    -0.446551    0.0826934     0.222751
    0.324637     0.161767      0.23936     0.129748    -0.331818    0.0615337    -0.594306    -0.204412     0.213668    -0.186608    0.0937731    -0.361268    -0.349376     0.578553    -0.371754     0.221685     0.177823    0.0574223    -0.313925     -0.47648     0.178086    -0.669999     0.210693    -0.173387    -0.075736     0.372088    -0.178082    -0.023257   -0.0323917      0.24464     -0.12136    -0.316328
    0.204757    -0.134885   -0.0635387    -0.379861   -0.0606553     0.187291     0.256185    -0.189514  -0.00765998     0.340292    -0.469888     0.233666    0.0543815    -0.534931     -0.32146     0.233846    0.0941968    0.0505422     0.356463     0.518691    -0.500405    -0.257934    -0.309292    0.0345342      0.27096    0.0915976     -0.14457     0.229882     0.341813   -0.0843085      0.32122     -0.66368
    0.867677      0.21406     0.111173     0.162191     0.498094     0.430213    -0.561582     0.421186    -0.560926     0.241268     0.427311     0.680905   -0.0928667    -0.201722    -0.350479    -0.135705     -0.17173     0.335162    -0.252581     0.105297    -0.282698    -0.201931    -0.654927     0.393285    -0.324087    -0.102342    -0.299948      1.16944     0.224508     0.752895    -0.365772    -0.104188
    -0.13902    -0.545628     0.446366    -0.167044     0.220142    -0.337396     -0.14148    -0.321102    -0.269856   0.00606221    0.0747385     0.108944     0.771291    -0.150404     0.145102    -0.310944    -0.247443     0.153441     0.222822     0.271794 -0.000928988     0.184133     -0.11966    -0.153729     0.109367     0.273464   -0.0334765    -0.475211    -0.375692   -0.0734752 -0.000572441     0.132764
    0.781231      0.28174    -0.815799    0.0307897  -0.00132182     0.321505    0.0831032    -0.433582     0.437686    -0.168702     0.632687    -0.178747    -0.249616     0.235099     0.521091      0.84211      0.70021     0.102998       0.6748     -0.77941    -0.898268    -0.028137   -0.0645688    -0.275837     0.185168    -0.378165    -0.493329     0.286317     0.441254     0.343416    -0.049549     0.692317
   -0.060352  -0.00955825     0.144317    0.0903857    -0.273058     0.188928     0.423574    -0.302553    -0.360183    -0.342225     0.525816     0.526862    -0.209513    -0.290893     0.142289    -0.753146     0.164069     0.406462     0.288803     0.522241    -0.253169    0.0569353     0.303696     0.412856    0.0558122     -1.01752     0.274217     0.175716    -0.176324    -0.361611     0.121609     0.165638
    -0.59398     0.333509      1.11621     -1.65469    -0.223217     -1.40277    -0.300704    -0.724626    -0.706915     -1.33012    -0.673984    -0.736723     0.276819      1.15789      1.37577     -2.44867      1.63807    -0.352222     0.010302      1.08924     0.632319     0.322166      1.40095    -0.357126    -0.695978    -0.107093     0.755597     0.214332    -0.885676    -0.386349    -0.217173     -1.75181
   -0.355422   -0.0304991    -0.258937    0.0505944    0.0941344    -0.399275     0.501698    -0.803102     0.300023    -0.144936     0.192265    -0.625303    0.0480383    -0.351746     -0.40084    -0.147113    -0.246208    0.0133899      0.56719    -0.246494     0.248726   -0.0522189     0.530873    -0.686084    -0.955263    -0.405301    -0.145773    -0.396226    -0.213196    -0.137731   -0.0450255     0.107287
    0.204793    -0.928595    -0.339948     0.441442     0.485064     0.234716    -0.421797     0.578998    -0.511876     0.359392     0.625811     0.445607     0.806347     0.886957     0.662194     0.908124     0.243629      0.26069    0.0349078    -0.430436     0.372055   -0.0206032     0.305939    -0.482246      1.04467      1.19489    -0.293769     0.477335     0.511296     0.753292     0.227625      0.40294
    -0.15479     -0.47274    0.0719494    0.0989191     0.203132    0.0125144      -1.0139    -0.480337    -0.513851    -0.389633    -0.114125    -0.132751     0.139941     0.469218      0.04556    -0.451185     0.186091     0.316493     0.390953     0.381728    0.0722343     0.381912   -0.0354625     0.170567    -0.680297     0.468976    -0.267813    -0.434684     0.913927     0.752799    -0.110002    -0.163624
    0.189294    -0.106898    -0.157152    -0.208192    -0.199092    -0.308259    -0.487828     0.333793    -0.142878  -0.00399815    0.0199283     0.210482   -0.0655519   -0.0440078    0.0419866     0.229116     0.063474  0.000966355    -0.465428    0.0788881     0.412882     0.195917    -0.361448    -0.112164    -0.299326     0.280331     0.528821    -0.275634    -0.578997     0.140033    0.0622965    -0.135227
    0.187725     -1.08974    -0.563638      0.37391     0.395675    -0.285109      1.30947     0.180042    -0.163256     0.128882    -0.267166    -0.171418      1.61173     0.091577    -0.264191    -0.947501      0.24582    -0.439813    -0.235411     0.910902      1.14905     0.718624      1.17989    -0.217447     -1.38362     0.178057      -0.2713     -1.49469     -1.04146    -0.819795    -0.569393     0.713677
    0.267083    0.0354615   -0.0811067      0.17688    -0.525841    -0.418351     0.244163     0.415174    -0.437654     0.159377    -0.234461    0.0481031    0.0458165    -0.277851    -0.603846     0.320598    0.0661784     0.342597    -0.704605     0.560338    -0.177484   -0.0757472     0.015148     0.101159    -0.081875    -0.115421     0.327595     0.491522    -0.251489      0.13753     0.109596     0.499001
  -0.0726217    -0.869609     0.403552   -0.0505329     0.367577    -0.483427     -0.13525    -0.240885     0.159847    -0.188489     0.476969    -0.230621     0.340708    -0.139113     0.643861    -0.372551     0.336787     0.112343   -0.0178904      0.63449     0.572293   0.00845207     0.885424    -0.372811   -0.0272087    -0.146988     0.756015    -0.350533    -0.405348    -0.865494     0.403702     0.174966
  -0.0677436      1.05781    -0.370898      0.11917    -0.711312   -0.0888765     -0.23732    -0.609758    -0.257129     0.196997     0.485247      1.09277    -0.506709    -0.396723    0.0123079    -0.286544    -0.078353     0.418133     0.167375    -0.499722    -0.115532     0.142815     -1.09467      0.02147     0.399419     0.484033     0.230637     0.755851   -0.0436472    -0.166316     0.151144    -0.689672
   -0.111233     0.621851    -0.237982    -0.301364    -0.202419    0.0835639    0.0403342   -0.0318415   -0.0895122     0.404762     0.692914     0.100712    -0.263422    -0.302455     0.387903   -0.0559094    -0.220264   -0.0668755     -0.06808    -0.463499    -0.252788    0.0216312    0.0153438     0.670682     0.466315     0.362691    0.0483233     0.354731     0.347181    -0.267862    -0.224306    -0.342965
  -0.0368712     0.141436     0.240884     0.741764     0.294814    -0.147204     0.132032     0.413608     0.705531    -0.116602     0.480362    -0.345155     0.501563   0.00532528    -0.893823    0.0789087     0.529456     0.491599    -0.355255    -0.331204     0.326749    0.0918194     -0.36859     0.125349     0.100635      0.39104      0.24406   -0.0617393   -0.0179299    -0.893902     0.250571     0.605978
   -0.447363    -0.364531      0.22616     0.157604     0.293792    -0.173287    -0.247049     0.156798    -0.057746    -0.257582   -0.0938778     0.345915   -0.0755863    -0.340956    -0.497122    -0.156409     0.621071     0.108916   -0.0837845      0.23864  -0.00840993     0.026628     0.441973     0.472842    -0.425596    -0.793128   -0.0935205    0.0474746   -0.0691473     0.540127     0.154027     0.389463
    0.508217    -0.345864     0.660408    -0.591347    -0.274344     0.190188   -0.0287191    -0.160055    -0.287653     0.204423    -0.353699      1.53011    -0.439762    -0.482112     0.232005   -0.0156037   -0.0305838     0.568545    -0.832927     0.381388     -0.35657     0.103702    -0.395629     0.981582    -0.161837     0.341544    0.0666152    -0.165139    -0.779387     0.230176    -0.697084    -0.364131
    -0.23882    -0.159277     0.775276    -0.161148    0.0806846    0.0595679    -0.546827     0.855291    -0.736678      1.07897     0.171199     -0.26143     0.687734     0.428042     0.394086    -0.583701     -0.23352    -0.133366    -0.922288     0.593327     0.548291     0.329974    -0.373074    -0.255535    -0.835292    -0.319133    -0.175629     0.521151   -0.0744694    -0.258876    0.0290184     0.217946
   -0.266307     0.115562     0.278103    0.0371852     0.552541     0.253793     0.755657    -0.848249      1.20857    -0.239501    -0.668324     0.306727    -0.567929    -0.267086    -0.379156     0.741143     0.461307     0.202559     0.567869     0.083249     0.372239     0.388736     0.149319   -0.0660704    -0.191384     -0.91251    -0.677102      1.04063     0.627671    -0.153311   0.00432617     0.346284
   0.0912175    0.0335113     0.128741     0.132391    -0.583957    0.0778043    -0.422654    0.0574314     0.289513     0.195887     0.296328    0.0522438     0.126446  0.000405831    -0.286106     0.138212   -0.0421032     0.376456    -0.261723    -0.467246     0.121134    -0.222827   -0.0492885    -0.727852     0.677215     0.328083     -0.18387     0.254486    -0.132959     0.180484     0.534395   -0.0485996
    0.522759    0.0979982   -0.0710544     0.133373    -0.466793    -0.170606    -0.201707   -0.0744499    -0.392484     0.291018    -0.318669    -0.520397    0.0834497    0.0217112     0.249269     0.130909     0.348411    -0.175501     0.104406      0.12269    -0.119538     0.188215    -0.541257    -0.302093    -0.545486   -0.0185256    -0.102855    0.0328281     0.489389    0.0502034    -0.153362    0.0914238
    0.662799    -0.505331     -0.69682     0.818075  -0.00710766     0.662093    -0.216854    -0.690845    -0.394145     0.544798     -0.31578     0.192535    -0.294795    -0.281405    -0.374787     0.720348    -0.454753    -0.644357    -0.349877    -0.744645     0.196768     0.173899    0.0928283    -0.492658     0.411749      0.21328     -1.22814     -0.39937    -0.816453    -0.103092    -0.668102     0.310756
    0.647853    -0.978758     0.237314    0.0798644     0.254345    -0.214636     0.393477      1.51242    0.0224962    -0.246318     0.364952     0.210355     0.520473    -0.283459     -0.87404     0.479182   -0.0436349    -0.497584     -1.39562    -0.494209      1.39138    -0.332703     0.827997     -0.59302     0.637221    0.0730195      -1.0033     -0.68064    -0.341638     0.426419      1.11529      1.00256
     1.31201    -0.290614    0.0490472    0.0352497     -1.18859    0.0347189     0.180562    -0.650115     0.487055      1.04337     0.252507     0.299752     0.462663     0.134769     0.682895    0.0468799    -0.220964    -0.357231    0.0350024      0.24908     0.299162     -1.12732     0.322396     0.648688     0.251046   -0.0275606    0.0830937    -0.975422    0.0673199     0.557978     0.570844     0.367987
    0.981845    -0.023071    -0.477139    -0.447019     0.723434     0.296198    -0.503722      -1.0361     0.708734    -0.758226     0.340741    -0.650286    -0.333943     -0.36547   -0.0583662     0.229132     0.242922  3.71206e-05      1.10471     -0.39208    -0.371714     -1.00008    -0.588223    -0.225707     0.337952    -0.127322    -0.202325     0.594807     0.228879     0.468486     0.445046    -0.388315
    -0.11971   -0.0236257    -0.300438     0.179428    -0.283605     0.148924    -0.196358     0.539334    -0.889712     0.479519   -0.0457055     0.910556     0.345914    -0.401259    0.0934961     0.406302    -0.107184     0.466331     0.201313     0.878666    -0.624173     -0.39026     0.382245     0.645644    0.0192192    -0.293894    0.0212034    -0.537286    -0.715473     0.792566     0.571236    -0.197157
