  -0.0295477    0.0101672    -0.276507  0.000590119     0.229222     0.205066    -0.404637   -0.0377161    -0.320628     0.129709    -0.152199    -0.216831    -0.601154     0.464232     0.624846     0.238265    -0.183949    0.0411325     0.694704    -0.256287     0.315724     0.320415     0.758933   -0.0309915     -0.32746   -0.0576719   -0.0174415    -0.456353    -0.198894    -0.294156    -0.163387     0.105084
  -0.0320498   -0.0193474     0.328449     0.145696     0.317598     0.635151     0.174797     0.443849     0.355688    -0.139689   -0.0303324   0.00971186    -0.487662     0.106964   -0.0122413     0.293439    0.0935971     0.349019    -0.169143    -0.198277    -0.374878    -0.335773    -0.161388    0.0263921   0.00110324   -0.0878303     0.259596     0.218082   -0.0339052    -0.186937     0.204405    -0.331895
   -0.448826    -0.324624     0.728975     0.229884      -0.7388    -0.749571     0.683718     -0.55595     0.670601     0.301968     -1.06634     0.342121      1.34423    -0.570669     0.184158     0.439853    -0.568212     -1.01225     -1.53725    -0.178629    -0.227491    -0.420536     0.772202   -0.0997787     0.284168    -0.067373     0.238102      0.44487     0.998252     0.345658   -0.0435266       0.9687
    0.333335    -0.303451  -0.00306171     -0.24407     0.335245     -1.25876     0.442711     0.791566     0.291493    -0.338547    -0.728587      1.11254    0.0252253     0.202918     0.776288    -0.260129     -1.75616     -0.70723     0.479105   -0.0212684    -0.178501    -0.459997      1.57679    -0.237478    0.0663514     0.456907     0.359632    -0.601763    -0.756855   -0.0528863    -0.804086     0.408062
    0.606065     0.494675     0.275266     0.443931     0.144431    0.0167335     0.156664     0.146618    -0.304379     0.309284     0.323089    -0.294738     0.241227    -0.294088    -0.284638    -0.726634     0.149663     0.300785     0.136758     0.139259    0.0418979    -0.156777    -0.749298    -0.516048   -0.0377535      0.45207     0.272889     0.393888     0.689788     0.688197    -0.287037    -0.117962
   -0.234367    -0.500046     0.560653    -0.562868   -0.0621402     -0.36377     0.509713     0.289601     0.407816    -0.575533     0.379169    -0.652967     0.871156    -0.390178    0.0539884     0.189162    -0.646809      1.13016   -0.0736834     0.548985    0.0352829    -0.415745     0.511162     0.884697    -0.558353   -0.0670036     0.206396    -0.354017     0.295754    -0.360488     0.402426    -0.467241
  -0.0176005    -0.373412    -0.297731    -0.159655     0.864132     0.199466    -0.374362    -0.181264     0.814418    -0.274501    -0.660719     0.388039      0.43472     0.394527     -0.34663     0.495385     0.408091     0.375439    -0.353671   -0.0937136    -0.397651     0.232362     0.476611     0.139108     0.506762      0.67631    -0.163133     -0.26806     -1.00579     0.161548     0.549309     0.421784
   0.0706238     0.291307   0.00964988     0.354889   -0.0322444    -0.408158    -0.063785    -0.639475 -9.15782e-05     0.119423    0.0154784     0.317649    -0.176157    -0.621294    -0.424982    -0.293621  -0.00314845    -0.208469    -0.255255   -0.0159014     0.260844     0.469825     0.123789    -0.161212     0.116626     0.177947    -0.237188    0.0915143     -0.37091    0.0349794    0.0669501     0.169483
   -0.666442     0.270131    -0.111549    -0.561044     0.367224     0.466172     0.429887     0.831828     -0.26598    0.0555659    0.0107229      0.33029    -0.614831   -0.0760415     0.640399    -0.261827    -0.644969    -0.907907  -0.00359956      0.40395    0.0650369     0.284074     0.198341    -0.252546    -0.389128     0.340094     0.236017    -0.227013    -0.473095     0.254327    -0.224012     0.798381
    -0.36198       0.3793    -0.678415     0.128028     0.769764     0.199632     0.124277     0.206571     0.174143    -0.574319    0.0457044     0.576773     -0.13981    -0.482711     -0.54026     0.198412   -0.0457199     0.279541    -0.042624    0.0627005     0.109649    -0.246582    0.0474724    -0.397025    0.0901133    -0.216918     0.186904     0.173505    -0.670287     0.954858     0.425761     0.946644
   -0.201934     0.371024    -0.689285     -1.18817    0.0592371    -0.942788   -0.0591825   -0.0969976    -0.528211    -0.579111    -0.323488  -0.00258494   -0.0280581     -0.80854     0.286828    0.0041325      -1.1974     0.232703     0.813166   -0.0321823      0.54465    -0.852232     0.109351    -0.132087    -0.483279    -0.484042    -0.434429     -0.26045     0.219265    -0.134856     0.488971     0.274013
  -0.0708661    -0.253747    0.0303894     -0.14757    -0.118756    -0.583253     0.408566    -0.144598    -0.177863     0.454769     0.153706    -0.642987     0.478708    -0.319604     0.435249     0.161572    -0.158505   -0.0294908       0.5379     0.192509     0.481508     0.398516     0.831944    0.0739666     0.336321    -0.590523    -0.276563    0.0176388     0.340646    -0.465412      0.53457      0.12875
  -0.0166051    0.0508464     0.789114     0.729789   -0.0357321   -0.0867984     0.217119    -0.427229     0.474844     0.629216      0.11206     0.128139     0.418255   -0.0507417     0.916368     0.520706     0.457846    -0.736739     -1.18708    -0.313944    0.0066213     0.395977     0.425162     0.467045      0.21145    -0.588548     -0.62308     0.379928    -0.132778    -0.693726    -0.552052     0.206544
   0.0676338      0.53927     0.457658     0.166066    -0.212797     0.546295    -0.315517      0.51866    -0.146028    -0.106065     0.433065    0.0451755      0.47895     0.334569    -0.671977    -0.495154    -0.660376    -0.368017    -0.523041   -0.0913965    -0.459299     0.287608    -0.349356    0.0427525   -0.0494565     0.629464    -0.243302     0.287402    0.0333771    -0.169493   0.00375278    -0.265806
    0.112165    -0.587466     0.470149    -0.123003    0.0598815     0.479954    -0.094882     0.487677     0.224511    -0.118995    0.0176633     0.560522     0.174291     0.154223    -0.840621    -0.679299      -0.1706   -0.0871141    -0.224218    -0.205814    -0.474676 -0.000323428    -0.718617     0.258778     0.461403     0.746724     0.379299     0.559699   -0.0818873     0.625381   -0.0286544    0.0546833
    0.216011     0.602729    -0.564568    -0.448708    -0.431103     0.263718    0.0510441    0.0178535    -0.047291    0.0244438    -0.170915     0.158609   -0.0837326    -0.162112    -0.457238    -0.875996     -1.03016    -0.119899     0.534074    -0.460686      0.41286    -0.155435    -0.680432    -0.395586    -0.496535     0.468005    -0.590419     0.179859      1.06854    0.0886983    -0.529446     0.136092
    0.391554    -0.360432     0.870263     0.222247    -0.700837    -0.458459     0.192404     -0.40045     0.112366     0.374354    0.0854646    -0.038206     0.462218     0.101511     0.289279        0.116      0.35095    -0.202316     -0.55746    -0.455975    -0.129573    -0.392578    -0.250259     0.178498    -0.123131    -0.596537     0.552288     0.507968     0.435789    -0.210034    -0.614512    -0.374132
  0.00274329    -0.595348   -0.0469714     0.952259    -0.591215    -0.556435     0.855131     0.307675     -0.32498    -0.516144     0.246859     0.394696     -1.17421    -0.820606    0.0716479    -0.111462     0.409764    -0.203174     0.086706    -0.452966    -0.237649    -0.164299    -0.185503    -0.012868     0.164398     -1.03324     0.464187    -0.236073    -0.273125   -0.0473769    -0.301946    -0.169134
   -0.542562     0.694462    -0.801932    -0.719872     0.283653     0.843646     0.279232    -0.288898     0.478643    -0.244984    -0.218473     0.285276   -0.0921928     0.105185    -0.061019     0.155092      0.17443     0.271192     0.236872    -0.296348   -0.0424535     0.114657    -0.177487    -0.291841   -0.0624427    -0.203482    -0.860902    -0.226951    -0.166821     0.538217     0.351687     0.276122
   0.0090968     0.365518     0.365055     -0.30981    -0.213792    0.0638145     0.204165    -0.268517    -0.354303     0.620832      0.53861     -1.14435     0.155865     0.169347   -0.0530986     0.165841     0.457838     0.876041     0.796287     0.294438     0.962702     0.192698    -0.305792    0.0372509    -0.280768     0.542098    -0.543216   -0.0544417     0.887739    -0.170379     0.392298    -0.246766
    0.287771    -0.784285    0.0392546     0.126216    -0.187914     -0.50896    -0.288639   -0.0649056    -0.369033     0.404401    -0.136799    -0.388078      0.57977    -0.111207     0.325518    -0.190344    -0.119122    -0.415296    0.0276544    -0.394303    -0.107095  -0.00482782      0.55557    0.0418765      0.41258    -0.162058     0.025989     0.166585      0.38453    -0.314122    0.0190542    -0.190416
    0.392432     0.327351    -0.842097    -0.557053    0.0200852    0.0556139      0.34434     0.646768    -0.302753    -0.228725    -0.615477     0.590691   -0.0720443     0.367636     0.071738    -0.092154    -0.835453   0.00367326     0.305559    -0.172861    0.0526033    -0.240441     0.239097    -0.358298     0.193923     0.499648     0.389698    -0.148539   -0.0240026    0.0533377    -0.183212     0.749462
    0.573584     0.312194    -0.404886     0.150778     0.390199     0.099413    -0.416738     -0.12466     0.990342      0.56979    -0.195592    0.0841585      1.26108    -0.332931    -0.669295   -0.0991725     0.522861     0.226373    0.0642114     0.295309      0.22413     0.431993    0.0377127     0.235176     0.732699     0.484679    -0.788979    -0.124979    -0.228416    -0.137119     0.489555      0.30037
  -0.0895291     0.316807    0.0302768    0.0386823     0.169933     0.251678     0.286618     0.182509     0.093086    0.0154885     0.428586   -0.0463956    -0.374785    -0.647742     0.047736   -0.0928032    -0.164922     0.511077    0.0874986    -0.314642    -0.116093    0.0987328   -0.0294347    0.0436458   0.00880148     0.260446    0.0105217    -0.278525     0.300997    0.0508123    -0.056421    -0.312965
    0.208457    -0.921037     0.256595     0.408157     0.465517    -0.513267    -0.194418     0.850749     0.521718    -0.131175  0.000787027     0.392259   -0.0281158    -0.047861    -0.280465    -0.323943    -0.112832    -0.101981     0.253384     0.176702    -0.241213    0.0132457    -0.386906     0.528316     0.213363      0.29859     0.784622    -0.616618    -0.133573    -0.245045    -0.567893     0.127464
    -0.48503    -0.190086     0.529101     0.216258   -0.0156225     -1.10116     0.807515    -0.239267   -0.0184238    -0.196523    -0.535851     0.207807    0.0848202     -0.63795    -0.156526     0.133146  -0.00736574     0.356023     0.169142      0.46124     0.485131    -0.684465    -0.501194    -0.145452    -0.625742   -0.0303703     0.775027     0.196008     0.726426     0.159067    -0.415625     0.360573
     0.27082     0.882908    0.0247911   -0.0758851    -0.896819    -0.304009   -0.0282201    -0.550347    -0.707393     0.149801   -0.0939338    -0.527493      0.28129     0.163098    -0.441053    -0.193015     -1.12821     0.277528     0.370043      0.28179     0.378642     0.228233    -0.317419     0.180078    -0.520254     0.639487   0.00263274    -0.150807     0.638581     0.170323    -0.384823     0.232663
    0.249872   -0.0407764      1.05089     0.165599     0.334553     -1.04782    0.0927037    -0.724019   -0.0740264     0.324251     0.728718     -1.29295     0.269993    -0.532437     0.161871     0.184395   -0.0672056      1.01614     0.122663     0.368314     0.465056    0.0392404    0.0904287     0.260424    -0.394608    -0.169379   -0.0116345     0.338939     0.471814    -0.726548     0.228295    -0.627755
   -0.372985    -0.157961      0.15938     -0.79697   -0.0500169    -0.552145     0.335144     0.647634    -0.750128    -0.224955    -0.408658    -0.630225   -0.0885479    -0.332568     0.224363     0.308951    -0.480716     0.124767     0.941397    -0.149445     0.271406     -0.89968    -0.686211     0.074275    -0.190114     -1.20622   0.00584964   -0.0889538     0.713469   -0.0903127     0.251165    0.0845465
    0.159385     0.171435    -0.350141     0.199011      0.34598    -0.362652    0.0512941    -0.473109     0.184069      0.42379    -0.212623   -0.0866434     0.632952    -0.276943     -0.12436     0.103561    -0.174954     0.489972     0.224722    -0.175911     0.462116   -0.0237228    -0.517322    -0.256639   -0.0693426     0.110019    -0.264109     0.199982      0.41948     0.593934    -0.280781     0.371184
   -0.422601     0.380545    -0.420513    -0.499559    -0.360825     0.628683     0.893536     0.781719     0.303263     0.118427    -0.149302     -0.45393     0.163733    -0.243466    -0.362572   -0.0492332    -0.261821     0.307345      0.53616     0.235503      1.26125    -0.310219    -0.568135    -0.368702    -0.654831   -0.0470228     0.104835     -0.48394     0.693002     0.355589    -0.446043     0.281982
  -0.0872198    -0.146928     0.148552     0.542336    -0.501933    0.0136542      0.12687     0.223409     0.327321     -0.23941   -0.0402474    -0.167477     0.574177    -0.441531    -0.415685    -0.177821     0.331127     0.219056     -0.36872    0.0686062    -0.077108   -0.0758682    -0.596373    0.0748334    -0.192087     0.250164   -0.0203565     0.580409     0.637354    -0.205907      0.15197    -0.405983
