  -0.898575   -0.278258    -3.65154     -1.1893    0.396571      3.0031    0.574192   -0.301797    -1.07515     1.97045    -1.31776     1.99031   -0.333144   -0.495497   -0.406855    -1.47908     2.26696   -0.846091  -0.0454621   -0.908128   -0.398547     1.11074     -1.7509     -0.3681   -0.498839    0.692436   -0.439825    0.652888    0.342856    0.714227     -1.5471   -0.637477
  -0.871914     0.13795     -1.5406    0.335703     0.44616     1.17043   -0.250313    0.851092     1.08045   -0.387977    0.662193    0.652922    0.758164    0.365773    0.294973    -1.52361   0.0223896    0.182858    -1.40076     1.15981     1.86882    -1.15473     0.62208    0.448669     2.12432   -0.442564   -0.787698   0.0278517     1.18939    -1.90603    -1.02807   -0.136174
    1.20416   -0.480364   -0.304071   -0.386653    0.457227    0.686271  -0.0253656   -0.140724    0.476218   -0.230075    0.380558    0.158942   -0.339615    -0.29646   -0.132422   -0.982462   0.0958428    0.500578   -0.560433    0.532085    0.077951   -0.312649   0.0130655    0.509846   0.0648715   -0.253908    0.383582    0.211599   -0.162044    0.400081    0.735111   -0.478104
   -1.53487   0.0586899   -0.795058    0.065726    0.288963    0.398786   -0.418685     1.36674    0.234078   -0.960916    0.721671    0.139164    0.420877   -0.833205    0.351863    -1.03498     1.65612   -0.228797   0.0305084   -0.805051    0.559921    0.668806    0.423373   -0.233539     0.35157   -0.351404  -0.0705068   -0.556488    0.144008   -0.434612   -0.369806    0.133364
  -0.470295    -1.41158    0.162093   -0.169732     -2.1362    -1.13165    0.596558   -0.449302     1.40441    0.814984   -0.358707   -0.997245    -0.44582     -0.8828    0.135062   -0.592377    -2.00971   -0.731579   -0.896956     1.52825    0.752403   -0.483511    0.516145    0.382392  -0.0517667   -0.583357   -0.263208    0.237408   -0.270855    -1.76414  -0.0127349    -0.40735
   0.326444   -0.811114   0.0907035    -1.09317   -0.276541   -0.191766     1.01039    0.454803    0.338259   -0.907784 -0.00793813    0.366144    -1.07741    0.102239    0.561584   -0.143156     1.78941     -1.8078   0.0677545     -0.1397    -1.00243     1.25583   -0.932823    0.774739   0.0676839    0.982527     0.14021   -0.349974    -1.39834    0.646172   -0.349969  -0.0815242
   -0.96269   0.0474861   -0.438893    0.870369   -0.793617     1.52398      0.2605    -2.16611   -0.665548   0.0544645   -0.526744     1.12116    -1.00334   -0.377175    0.926477    -1.89942    -1.67861   -0.705519   -0.714422  0.00831574    -1.36101    0.515287   -0.447504    0.489711    -1.08248    0.092287   -0.936095    0.761201    -1.53205     0.57769    0.935713    -0.10685
   0.583291    0.841037   -0.222185       1.499   -0.174706    0.717841   -0.430781    0.274404   -0.561074   -0.769542    0.832964    0.340199    0.187603   -0.366691   -0.317459   -0.716912   0.0295109   -0.177833     0.53091   -0.186547    0.277982   -0.761255   -0.105416   -0.129338    0.100685   -0.193624   -0.112976   -0.122305     0.88751   -0.354833   -0.800265    -0.82743
  0.0505177    0.969872   -0.229468     1.48321    0.486399     0.17122    0.680813     -1.1778  -0.0904016    0.340694    -1.13717     1.10087   -0.858927    -1.33783    -1.02364    0.531717    -1.07706    -1.43218   -0.340362    0.185723   -0.493111    0.244847    -2.20522    0.523829    -0.17573   -0.873353   -0.418101     -1.1072   -0.695554   -0.309438     0.55415    0.474856
  -0.504342   -0.913229    -1.62677   -0.756527    0.281971     0.46882    0.144401    0.470337    0.329424    0.402198  -9.192e-06   -0.794823    0.425283    -0.53578    0.727482    -1.06373 -0.00592022    0.948833   -0.889858    0.160105    0.841324   -0.899359    0.346862    0.718845  -0.0544556   -0.184469   -0.182248   0.0859729    0.486648    0.244546  -0.0667234   -0.604757
   0.270977    0.209597    0.195316   -0.395274    0.116649    0.395954    0.164855    -1.98558    0.280435    0.179587    -1.00599   -0.333874   -0.321106   -0.253973      0.4249      1.1077    0.198826   -0.669708   -0.684146    0.365478   -0.109614   -0.748342   -0.752316  -0.0448543    0.542896     1.03087   -0.744191   -0.405875    -1.17344    -1.18047   -0.626518   -0.926397
  -0.389492    -0.30199    0.575109     -1.3626   -0.771429    0.874869   -0.662101   -0.324474   -0.847327    0.710366   -0.281045   -0.226533   -0.102535  -0.0668814   0.0408312   -0.201963   -0.492689   0.0284498   -0.054386   -0.253209    0.267981  -0.0164638    0.657937   0.0276308   0.0676397   -0.756748  -0.0703186   -0.373982    0.366496    0.662758  -0.0509515   -0.204055
  -0.126528   0.0196838    -1.14719   0.0738199    0.485212    0.784213   -0.239041  -0.0347149    0.978967 -0.00404627    -0.22994     0.51029   -0.114678   -0.520437   -0.907504   -0.236539    0.553687    -1.37599  -0.0531756    0.103619    0.245747   -0.387664    -1.21317    0.313785     0.62714    0.273083    -1.14805   -0.976323   0.0539255    -0.14961    0.401369   -0.501062
 -0.0526496   -0.165627    -1.71383   0.0195967   -0.162272      0.6523   -0.314513    -1.01601    0.456145     1.55563   -0.787942   -0.286304   -0.561675   -0.165432   -0.516936   -0.399398    0.341325   -0.207448  -0.0142616     1.15501   0.0619505     -1.1299   -0.508634    0.730659    0.579618     1.00456   -0.724398     0.40774    0.443861     1.39353  -0.0648249      1.0334
   0.601954    0.147095   -0.822744    -1.77574   -0.228325    -1.11712     0.91657    0.187806    -1.03364    -0.13268   0.0871722   -0.195427   -0.357766    0.158627   -0.847708    -1.03537     1.29821    0.306177    0.981801    0.331803   -0.641076   -0.660112   0.0116866   -0.344539   -0.212427     0.94488    0.130642   -0.476825    0.371079    0.189696     1.38204   -0.142749
  -0.337894    0.534102    0.467813   -0.798743    0.432139     0.20971   0.0656644     0.32606    0.385534    0.289492     0.39892   -0.562612   -0.280445    0.200835    0.345803   -0.466852    0.103096   -0.202918    0.105406    0.158588  -0.0576148   -0.808618    0.689404    0.892017   -0.276651    0.682129   -0.343681    0.228442    0.376448   -0.374478   0.0673841    -0.27894
  -0.281716    0.958199    0.945114  0.00216253    0.185202   -0.308502    0.665028   -0.193378   0.0211523    -1.24301   0.0192236   -0.263925    -0.84563    -0.10824    0.817519    0.157153   -0.120949    -1.08478   -0.536422   -0.936606   -0.052051    0.317567    0.365103  -0.0979525   -0.369445    0.818886   -0.406318   -0.659321   -0.304667    -0.67645 -0.00122725   -0.549582
  -0.108592   0.0817333   0.0915228    0.441461  -0.0384169   -0.180673    0.507687    0.217634    0.488485   -0.070497   -0.971309   -0.457456    -1.34924   -0.935526  -0.0817605   -0.718368    0.229085   -0.366575    -0.45002   -0.234485  -0.0582541    0.149956   -0.422866    0.823924    0.353575    -0.11642    0.381782    0.225462    0.438206    0.361641   -0.262082 -0.00657249
   -1.21307    -1.23049    -0.97543    0.395005    0.641197  -0.0124587   -0.146274     1.33006    0.675126    0.188577 -0.00416305    0.512772   -0.870599  -0.0644954   -0.806768    -1.05675    0.947227  -0.0515047    -0.32483     0.66671   -0.127796   -0.312989   -0.417519    0.471004 -0.00625767   -0.796737   -0.568932   -0.539344    0.476707   -0.594893   -0.745834   -0.876011
  -0.634664     0.39737  -0.0572884   -0.504336   -0.536725    0.093521    0.156187    0.373034    0.257173   -0.361176   -0.472741    0.150128    0.142007    0.154994   -0.267976   -0.538232   -0.022523     0.36492   -0.780773   -0.342302    0.813193   -0.312175    0.683376    0.761152    0.746001    0.617278   0.0178357    -1.00225   -0.163782    0.529199     0.48565   0.0462775
   0.594541   -0.943041   0.0390309    -1.23984   -0.409165    0.902844    0.204819    0.538966    -0.23835   -0.540588    0.785389   -0.911666   -0.378789  -0.0417805   0.0448394    -1.69102   -0.829415    0.198806   -0.424538     0.43748    0.746345  -0.0259548    0.187505   -0.353435    0.319349   -0.194114    0.529208     0.58906   -0.671277    0.142877   -0.332163   -0.515084
  -0.873748    -1.17488   -0.217956   -0.719522    -1.11282      2.8222   -0.948261    0.228061      1.0981      1.2143    0.882041    0.666108   -0.399735    0.684916    0.738409    -1.43496    0.657407    0.615937   -0.265684   -0.521027   0.0977855    -0.80211   -0.991414    0.406064     2.03663   -0.519074   -0.693146    0.858938   -0.789446   -0.708182   -0.528254  0.00922691
   0.894654     0.38725     1.24171    0.487235    0.183345   -0.200077    0.481703     0.57042   -0.192466   -0.363101    0.933672    0.142819     0.31837   -0.310595   -0.435876    -1.05144    -2.03505    0.687821   -0.634123     1.14446    0.704995    -1.30105     1.54817    0.266394  -0.0861117   -0.203556    -0.14489    0.289083   -0.622694    0.371064    0.763828     -0.5725
  -0.583884   -0.420067    0.115543   -0.371121   -0.114913    0.211171    0.124549   -0.563175    0.775813     1.81629   -0.214411    -1.20105   -0.843444    -1.11515    0.176346   -0.944556     -1.1287   -0.767668    -1.86421    -1.02123     1.14499    0.425982    -0.47479     0.40077   -0.134079   -0.563344    -1.24257   -0.777694    0.683557    0.638082    0.284334     2.24871
  -0.203037    0.974322   -0.582869   -0.598647   -0.450011  0.00852894   -0.238782    0.593306    -1.03251   -0.656922   -0.272609    -1.32305     1.13713    0.547287   -0.589618   0.0564961   -0.422267    0.482552   -0.175229   -0.981568    0.630235   -0.116808     1.01313   -0.364118     1.08154    0.688486   -0.314605   -0.197002   -0.239449  -0.0146323     1.59979   -0.649379
  0.0495284  -0.0434735   -0.528301   -0.596653   -0.779547    0.454611    0.158371    0.496744    0.557763    0.489737    0.155657   -0.528513     -1.2141  -0.0506591    0.749351   -0.976158    0.399887   -0.523267   0.0377164   -0.285819   -0.491906    0.257509    0.257884   0.0961844     1.36567   -0.147699   -0.165277   -0.650954     1.11018   -0.880044    -0.82452    -0.51631
  -0.107368    0.404253    0.158368   -0.395301    0.676597  -0.0058851   -0.411928    0.247317    -0.11814     1.10323    0.471216   -0.172678   -0.506981   -0.243544   -0.387734    0.234532  -0.0791186  -0.0978485    0.349859   -0.343303     1.03981   -0.303018   -0.517159    0.632731    -1.18525    0.709559     1.06316    -1.06726    0.183984    0.967475    0.224155    0.882323
  0.0116459   0.0683565    0.302703   -0.518844    0.216148   -0.091013   -0.495733   -0.809429    0.983529     -0.3186   -0.584423   -0.456033   -0.930721    0.643717   -0.231183   -0.589122   -0.974301   -0.664621   -0.912765     1.64375   -0.223235    -0.29628    0.118687   -0.291818  -0.0498165    0.466903    0.143026   -0.202791    -1.10855  -0.0944764   -0.659182  -0.0347264
   -0.25406  0.00819447  -0.0594066   -0.731258   -0.965274    0.259916   -0.301243    0.565977    0.539904    0.626234   -0.545033  -0.0449018    0.177696    0.285501   -0.188192  -0.0663438   -0.210263   -0.555849   -0.326678    0.490811   -0.473263   -0.500995     1.17524  -0.0970119  -0.0193729  -0.0411821  -0.0806453   -0.436323    -1.07188   -0.146999   0.0917975    0.797543
   0.161168    -0.43015   -0.471626   -0.423936    0.251598    0.156535   0.0724918  -0.0999753   -0.945698   -0.448977   -0.546427    0.191127   -0.154795     -0.6864   -0.395338    -1.07534    0.285778    0.152043   -0.420472   0.0825413   -0.222234    0.405869   0.0822094    0.444628    0.566651   -0.539727  -0.0791286    0.414715    0.419995   -0.236759   -0.344196   -0.555508
   -1.07896   -0.573551    0.143226    0.470481    0.542837   0.0698903   -0.433476     1.19821   0.0919142  -0.0466864   -0.319306    0.230133   -0.246781   -0.608218     0.34357   -0.312986     -1.2757     0.27025    0.525131   -0.369165    0.387641     1.13494    0.787768    0.244248   0.0990235   -0.138773    0.574887    0.361533    -0.40787    0.188758   -0.506599  -0.0648774
   0.347777   -0.798981    0.406893   -0.694974   -0.124834    -0.24254   0.0612193    0.376767    0.251875      1.0279     1.06747  -0.0348525  -0.0256233    -0.32552   0.0616343     1.21677    0.785042  -0.0130795   -0.868512    -2.16759   -0.233037     1.16476     0.34456     1.33913     1.06776    0.244315   -0.377865   -0.283076   0.0510165    0.378961     1.11823   -0.476025
