    0.626325    -0.422024     0.252586     0.373147    -0.199778    -0.631247   -0.0356935     0.408239    -0.697349     0.588967     0.209736    -0.520978    -0.353065     0.218287     0.244609     0.435708     0.331831    -0.413248     0.621633    -0.575421     -0.10117    -0.184791    -0.214565     0.231062    -0.487363    -0.541588     0.188693     0.112346     0.812155     0.329811     0.259653     0.123171
   -0.263543   -0.0877062    -0.561621    -0.365191    -0.148072     0.181245   -0.0496346    -0.185335     0.186676    -0.195632    0.0667807    -0.677181   -0.0754819      0.49561     0.883556     0.252193    -0.496795   -0.0839316    -0.120244     0.316572    -0.257538     0.246143    0.0291687      0.18829      1.07675    -0.516571     -0.35332     -0.11876    -0.435572    -0.134512     0.342402     0.085374
   -0.787661   -0.0718924     0.342764   -0.0914398    0.0889569     0.310194     -0.46286    -0.480108     0.477904    0.0927887    -0.167529     0.273564    -0.393046   -0.0957283    -0.308401    -0.126519     0.435025    -0.560911   -0.0177613     0.450399     0.598574    0.0190822    0.0165306    -0.521716     0.684889    -0.505493    -0.330233    -0.120191   -0.0733396      0.43053     0.346965    -0.253937
   -0.600986    -0.278093     0.918354    -0.669538     -0.32048      0.18193    0.0337192    -0.168294     0.249056    -0.270232    -0.659893    -0.764548    -0.266293    -0.180682    -0.303518     0.614882    -0.318202      -0.2455     0.442898   -0.0613457   0.00472026    -0.355564     0.122089   -0.0715086     0.352566    -0.744191     0.257462     0.237807     0.168009    -0.281635     0.583332     0.601335
    0.392903     0.209115     0.607899    -0.486205     0.318003    -0.135471     0.842362    -0.218407     0.770877     0.675827     0.437019     0.023292     -0.12703    -0.103087     0.533835    -0.647578    0.0463691   -0.0467376    0.0257382     0.560675    0.0523281   0.00347308    -0.145846     0.238307     0.456948     0.182168    -0.166468    -0.751738    -0.563001    -0.376293     0.227704     0.375716
   -0.742245     0.471599   -0.0907533    0.0237655     0.423483    -0.546603     0.424267     0.854545    -0.126321    -0.230114      0.13971    -0.510064    -0.255584     0.617009     0.142379    -0.192011    -0.711877    -0.187075     0.614834   -0.0319777     0.170217    -0.297739    -0.210521    -0.158888   -0.0863973      0.10094   0.00817295    0.0308123     0.221756     0.321917     0.400361    0.0114407
  -0.0831845    -0.179504     0.280286    -0.197834     0.105735     0.380503    -0.303069     0.177173     0.151383     0.117192    0.0640112   -0.0725711     0.154119     -0.12131     0.292584     0.229639     0.295569     0.292432     0.405264     0.527519    -0.322001     -0.17675     0.692075    -0.414213    0.0214787     -0.27517    -0.564898   -0.0854632    -0.314435    -0.309188     0.176851     0.290644
   -0.206834     0.166207     0.389482   -0.0531091     0.232339    0.0740246    -0.477986    0.0924632    -0.445764    0.0845238    -0.224928    -0.132088     0.136058    -0.155782    -0.162868     0.200433     -0.10211    0.0631394    -0.201753     0.109157     0.683349    0.0195072   -0.0278275   -0.0261196     0.495887     0.123252   -0.0514638    -0.112606     0.428202     0.794818     0.160604     0.195922
    0.211117    0.0456891     0.724689     0.254364    -0.105362     0.211593     0.585184     0.143168    -0.500328     -0.21972   -0.0621167   -0.0998859   -0.0439582     0.148902    -0.170382    0.0269285    -0.152296    -0.213845    -0.387957    -0.114393     0.472158     0.161646   -0.0428869     0.283747    -0.504321    -0.585675     0.117273    -0.344979     0.120435    -0.217201     0.561978     0.568846
    0.207131     0.267007    0.0856165     0.594758     0.248122    -0.377475   -0.0248735    0.0481623    -0.531033    -0.298412    -0.380385     0.120135     0.139368     0.480673    -0.204642    -0.134744    -0.125915    0.0588839    -0.105151     0.374745     0.179524     0.133098     0.536212     0.117869     -0.26872    -0.132633    -0.373507     0.294263     0.503769    -0.458561     0.218852    -0.878686
     0.55612     0.131002    -0.900342     0.184414     0.087061    -0.288374     0.236102     0.140707    -0.146416    -0.258461    -0.436177     0.404161     0.273529     0.822902   -0.0887373     0.656608     0.397976     0.306995   -0.0067311     0.258766   -0.0113497    -0.179404    -0.191184    -0.619023     0.386743    -0.746041     0.171141    -0.235195    -0.116009    -0.226257    0.0962252    0.0289298
   0.0215443   0.00185096    -0.343921     0.150605    0.0727753     0.385361   -0.0050433     0.204008   -0.0673267     -0.13576     0.116995    -0.236757     0.268305     0.186238     0.444934    -0.241155   -0.0517216    -0.240214     0.086067    -0.459983     0.291331    -0.285121      0.13995     0.260242   -0.0789516    -0.721369    -0.101481       -0.148    -0.497292    -0.189997     -0.46314    -0.247947
   -0.220644    -0.627636    -0.695658     0.269507     0.182208    -0.269691    0.0327703     0.397544     -0.03633     0.392605     0.564336    0.0572965    -0.200166     0.743416    0.0409214   0.00465036    -0.289763     0.253965      0.26313     0.671608   -0.0152161    -0.461617    -0.178704     0.353869    -0.154372    -0.321916     0.169399   -0.0936444     0.313247     0.241145      0.74019     0.367597
   -0.584362    -0.845043    -0.298589     0.314104    0.0775608   -0.0714415     0.251548       0.4551    -0.303681     0.218334     0.346027     0.319483    0.0847469     0.370707      0.52739    -0.219055     0.942788    -0.337778     0.495472    -0.620217    0.0708145    -0.332668    -0.259313     0.314483     0.203412     0.373585      0.46179      1.56494    0.0152678     0.192593    -0.420244    0.0370879
   -0.158972   -0.0399446     0.305585    -0.114255     0.565103     0.300331     0.173472     0.132972     0.732044   -0.0558862   -0.0185055    0.0112097    -0.421654   -0.0151266     0.763082    0.0504217      1.03905      0.10857    -0.232813    -0.354251     0.213577    -0.551632     0.345249      0.61094     0.504954    0.0725355    -0.247847   -0.0305724    -0.709696     0.167654    -0.108026      0.66012
    0.854641    -0.389367    -0.556068   -0.0193154   -0.0382425     0.756355     0.672877    -0.318093     0.340245     0.168513     0.447841    -0.713463     0.634752     0.423597    -0.404111     0.129362    0.0345611      0.37847     0.700932    -0.484513     0.241262    -0.506181    -0.193313   -0.0264634    -0.389812    -0.187453   -0.0158458    -0.419949    0.0153494    -0.137758      0.78429    -0.219053
  -0.0868103    -0.301365    -0.417578    0.0417204     0.189111     0.429552      0.41435     0.288328    -0.113665    -0.286384    -0.116581     0.137338    -0.596667     0.197379     0.528239    -0.045845     0.444997    -0.495718    0.0463614     0.422201     0.318048    -0.617602     -0.16603   0.00685382    -0.336609    -0.532222    -0.749512      0.25552     0.170833    0.0365649     0.935712    -0.515913
   -0.015741     0.431917    -0.135884    -0.895011     0.142423    -0.319532    -0.020446    -0.159244   0.00834812    -0.199226     0.485045    -0.520299     0.297066   -0.0970914    -0.238739     0.341477     0.150671     0.485014     0.291129    -0.198826    -0.324169     -0.12193     0.368248    -0.134102     0.364869     0.406585    -0.229367    -0.728112     -0.43276    -0.305275   -0.0157813    -0.687424
    0.775454    -0.849586     0.214628    -0.130573      0.34236    -0.480534    -0.118417    -0.170112    -0.603514    -0.646232     0.689681     0.928094     0.249517     0.297145    -0.345234   -0.0303819   0.00121288    -0.265334    -0.122342     0.507118    -0.146582    -0.443551   -0.0494684     0.297493    -0.344232    0.0677964  -0.00245346   -0.0446663      0.38394    -0.399019    0.0598773     0.126641
   -0.109849    0.0546093   -0.0159196     0.398561    -0.218397    -0.146378     0.202911     0.419821    -0.866452    -0.909892     0.658196     0.969365    -0.514614     0.139711     0.481228     0.548627    0.0379159     0.883724    -0.293941    -0.114548    -0.502854    -0.830966     0.850058    -0.163422     0.114612    -0.590329     0.133051     -0.26986    -0.282835     0.308695    0.0362167    0.0783889
   -0.347206    -0.147592    -0.264627     -0.21808     0.712317     0.256516    -0.772983     0.618685     0.448889      0.28774    -0.341067     0.122071     0.376628   -0.0660739     0.224768   -0.0596373     0.253261    -0.380829    -0.736705     0.356026    -0.413746  -0.00879621     0.373327   -0.0680396     0.101273    -0.276045    -0.249707    -0.052879     -0.12895    -0.478896    0.0218724     0.441863
    0.912493    -0.155585    -0.021206     0.280144     0.424618    -0.850434      1.03559     0.673213     0.645321    -0.694193     0.282223    -0.413953      -1.4308    -0.179953     0.308344    -0.545586    -0.261194     0.825045     0.180899     0.302529     0.849564    -0.807151    -0.120577     0.171478    -0.743825     0.248056    -0.470422     -1.02432    -0.410296     -1.32914    -0.237602    -0.770997
   -0.351263     0.803834     0.166243    -0.305823     0.114139    0.0357929     0.659464     0.401202     0.630476      0.24344     0.114675     -0.19668    -0.755889    0.0769269     0.367034     -0.58995     0.298764   -0.0929183    -0.647674     -0.33016     -0.13741    -0.106401     0.864264    -0.475599     0.262523    -0.094241     0.232235    -0.256166    -0.190417    -0.606523     0.164706    -0.687659
   -0.712064     0.289832    -0.655848    -0.204234    -0.501331   -0.0147695    0.0401975    -0.887992     0.259958    -0.399733   -0.0663243   0.00377552     0.363884     0.722949    -0.490305      0.15918    -0.520721     0.127783    -0.452734     0.472302    -0.574364    -0.788828     0.426591   -0.0184351     0.395526     0.378488     0.207381    0.0560004      1.00013    -0.207096    -0.358604    -0.290656
   0.0851213   -0.0639461     0.442708     0.332958     0.315038     0.302233     0.235494     0.187702    -0.337851    -0.857786   -0.0185886    -0.564296    -0.137138    -0.424517    -0.311821    -0.464693     0.161942    -0.536957     0.433149     0.251816     0.359416     0.509615     0.373238     0.406148      0.42444     0.229187   -0.0399219     0.436615       0.3096    0.0812652     0.216357    -0.269124
   -0.513192   -0.0486194     0.305656    0.0268616     0.485589      0.36775     0.141444    -0.236319    -0.136434  -0.00156611    -0.201121     0.378372    -0.191905    -0.135477     0.639349       0.1504    -0.375353     0.170702     0.208546     0.216787     0.154527    -0.184504    -0.837841   -0.0872363     0.269508      0.26994    -0.136575    -0.625655     0.111477  -0.00514854     0.208962      -0.3147
    0.172051    -0.112876    -0.533508     0.217156     0.227899     0.130485    0.0610811    -0.396777    -0.624877   -0.0575864     0.046717    -0.815297     0.236642     0.634526   -0.0893738     0.272466    -0.043594    -0.275567    -0.191105    -0.345345    0.0629912     0.146241    -0.304238     0.443095    -0.255391    -0.438936    -0.500447    -0.124715     0.322165   -0.0935381     0.130209    0.0226097
    0.726293      -1.0034     0.267948     0.400349    -0.102115     0.344149    0.0925328     0.352656    -0.214041     0.175346   -0.0111471     0.337366      0.35521     0.105901    -0.108349    0.0755935    0.0526944    -0.482923     -0.38473    0.0952201     0.610875      0.26805     0.206769     0.223875     0.316492     0.220937    -0.114922    -0.330221    0.0293736   -0.0291883    -0.195785    0.0964814
   -0.438873    -0.164852     0.302834     0.665045   -0.0800559      0.33362     0.584954    -0.376136     -0.22239    0.0434648     0.903214      0.43677     0.697029      1.16344     0.930181     0.406142   -0.0815189    -0.306635    -0.229205    -0.438119    -0.592072     0.306282    -0.541287     0.716156     0.258467    -0.679086    -0.957786    -0.214573     0.857654   -0.0845008      1.01881    -0.127242
   -0.260347   -0.0341707    -0.260638     -0.18691   -0.0332789    -0.520744    -0.499062    -0.250613     0.561285    -0.953425    -0.188854   -0.0400184     0.419102    -0.193731     0.126366     0.492125    0.0970728     0.288264     0.734241     0.320619     0.520545     0.219837    0.0801914    -0.158538   -0.0629145     0.139669     0.112676    0.0550347     0.048817    0.0801233    -0.035857    0.0525866
   -0.197759   -0.0770708   -0.0706135    0.0383126     0.964291    0.0921641    -0.110867    -0.288742    -0.321115     0.456764     0.492964    -0.191903     0.212688     0.427854     0.334149     0.190947     0.050937     -0.71124     0.739204    -0.480773     0.302163      0.34842      0.35151     0.400692     0.759797     0.223855     -0.51194    -0.160167    -0.290464   -0.0260926    -0.616566   -0.0295147
   -0.239384    -0.359066     0.105199   0.00570738    0.0959726    -0.969806      1.13864     0.213272     0.360656     -0.19533     0.249339    -0.679885     -1.06336    -0.335918     0.600735    -0.781311     0.635587       0.4487     0.555511    0.0491969    -0.393655    -0.285518   -0.0874127  -0.00679214    0.0195842     0.410293    -0.252662    -0.398739    -0.693334    -0.542014     0.186628     0.613162
   -0.292426    -0.165399     0.262693    -0.464636     0.600074     0.448229  -0.00450829    0.0385017      0.40854    0.0113588     0.325237     0.444996   -0.0615994   -0.0454714    -0.136328   -0.0122264   -0.0195996     0.252993    -0.419989    -0.358697     0.621482     -0.37832     0.445063    0.0495564     0.414958     0.114765    -0.117436    -0.387682    -0.564145     0.190755     0.197723    -0.254163
   -0.664781     0.230587    -0.173086     0.220777     0.780413   -0.0865901     0.217334     0.381049      0.25057     0.288314   -0.0738305      0.56061     0.366627  -0.00535509    -0.320706    -0.508834     0.842605    -0.518368     0.482157     0.535071    -0.056939  -0.00369764     0.484716   -0.0254191     0.260639    -0.163072    -0.993473    0.0188787    -0.408118    -0.349306    -0.382739     0.724495
   -0.460278    -0.389999   -0.0714439   -0.0255336    0.0829134     0.662327   -0.0332496   -0.0260531     0.118505    -0.185675     0.455071   -0.0218879    -0.321682    -0.349292    -0.319974    -0.250096     0.215846    -0.260129     0.145242    -0.695737    0.0336711     0.453479     0.590273     0.106704      0.36917     0.215429    0.0387318     0.375321    -0.554892    -0.341774     -0.13042   -0.0926608
    0.142037    -0.119901     0.150733    -0.259352      0.26592    -0.268075     0.295063    0.0880812     0.212813    -0.215743     0.480785     0.549857     0.260993     0.128554    -0.659733     0.175134     -0.59602     0.533067    -0.620458     0.311176     0.105295    -0.976582     0.787746     0.384104     0.439363     0.515804    -0.381359    -0.369182     0.369381    -0.440826    -0.018545   -0.0885262
    0.105391     0.776472     0.424374    -0.146306     0.307712    -0.818999    0.0291679     0.162329     0.174426    -0.300486     0.531694    -0.798002    -0.480911     0.605039     0.930154     0.397841    -0.154166   -0.0580296     0.143098    0.0866845     -0.49582     0.114332   0.00831196     0.654812   -0.0535971    0.0944452    -0.877009    -0.771534    -0.399852    -0.694701     0.662237    -0.377623
    -1.60532    -0.450468     0.866914     0.500626     0.176833      1.00225     0.205835     0.406756    -0.799742     -1.21751     0.156748     -1.12234    -0.433737      2.39278       1.3797    -0.409961    -0.543048    -0.573575    -0.485318    -0.420513    -0.679481     0.127101    -0.240947     0.950556     0.290498    -0.778725    -0.768983    0.0164122      1.57693    -0.291422      2.04148    -0.148593
    0.162399    -0.655964     0.207531     -0.55565   -0.0696963     0.515927   -0.0385294    -0.205981    -0.027024     -0.28756    -0.558175    -0.805017     0.341155     0.334629    -0.147436    -0.138375    0.0752949     0.417305     0.122285    -0.123806     0.014276    0.0907607     0.192465     0.572508    -0.191278    -0.143596    -0.471127    -0.407923  -0.00640053     0.760415    -0.145813      0.75659
    0.351612     0.619106    -0.208414    0.0841389     0.187248    -0.249833     0.232847    -0.118711     0.441726    -0.138843   -0.0911342     -1.18379    -0.509916      1.01687     0.397357     0.157037    -0.329435      1.26342     0.312446     -0.24373    -0.261773   -0.0522115      0.75536     0.372745     0.537762      0.17066    -0.618025    -0.253021    -0.969146    -0.203438     0.191138    0.0361699
    0.346163    -0.640387    0.0391632    -0.331684      0.19378    -0.249459     0.883604    -0.483102     0.806333    -0.108755    -0.647206    -0.100369    0.0994669   -0.0801456    -0.227114    -0.491543    -0.439836     0.378659     0.500117   0.00968523   -0.0378026     -0.25988    -0.291718    -0.224213     0.170519    -0.374823    -0.206013    -0.774369     0.383102    -0.477618   -0.0711488      0.44832
   -0.156656     0.150177     0.115853     0.364551    -0.137827    -0.291141    0.0886298   -0.0955857     0.106277   -0.0129283     -0.21354     0.118419     0.346868   -0.0461359    0.0347729  -0.00603948     0.231166    -0.189994   -0.0105799    -0.075498      0.23803    -0.228093    -0.266847    -0.184724     0.221412    -0.224567  -0.00502064     0.697274     0.231561     0.254006    -0.369193    -0.580085
    0.069676    -0.157098   -0.0501183    -0.450627     0.199407    -0.134741    -0.120319   -0.0624638     0.439854    -0.318971    -0.691632    0.0113829     0.530398     0.118825    -0.155038    -0.408049    -0.291443   -0.0428725     -0.37751   -0.0322035    -0.125548     0.315527     0.315889     -0.47986     0.118713    -0.571055     -0.24447     0.503891     0.187284    -0.511277     -0.22122     0.383916
    0.559507    -0.538081     0.409322     0.507931       0.9055     0.398644      0.11083    -0.478206    -0.123547    -0.310684     0.841158     -0.04875    -0.252976     0.192924    -0.158477    -0.199737    -0.709293     0.394676     0.288371     0.311339    0.0784307    -0.532747      0.10529     -0.13657    0.0651953    -0.255002     0.207053    -0.413755     0.565723    -0.360126     0.699944    -0.232543
  -0.0497785     0.364285    -0.257991    -0.110671     0.399423     0.139117     0.322614     0.233024     0.406167   -0.0740267     0.607927   -0.0295094     -0.48445     0.364275     0.815659    -0.509035   -0.0356066     0.500602    0.0814569     0.394694   -0.0623176    -0.104921    -0.571749   -0.0452441    0.0725842    -0.365286    -0.167867    -0.750907    0.0894288    -0.275701     -0.31674     0.119285
   -0.299092     0.273295    -0.652951     0.676121   -0.0987163    -0.181001     0.319142     0.261458    -0.382929    -0.464832    0.0766368    -0.624264    -0.534713     0.650796   -0.0939797    0.0425747    -0.478049     0.243074     0.348294     0.109309    -0.154979       0.1768    -0.126101      0.52453     0.319894     0.439236    -0.561098    -0.237359    0.0941296      1.12221    -0.284289    -0.798644
   -0.246817     0.208037     0.377781    -0.392877    -0.236804    -0.700162     0.667397   -0.0553673     0.686736     0.303882    -0.106295    -0.897071    -0.850196     0.431867     0.520349    -0.200469     0.392102     0.431992     0.881625  -0.00858628    -0.520551    -0.425947     0.855824     0.344416     0.153764     0.795889    -0.096182     0.286993    -0.548356    -0.176113      1.01532    -0.119389
    -1.26594     0.543933    0.0134304     0.326095   0.00275905    0.0867207    -0.299977    -0.263413     0.351678    -0.163375     0.113932     0.120767     0.595077   -0.0185253    -0.406829   -0.0212689     0.100066     0.899951     0.546735    -0.384219    0.0263026     0.159107     0.266915    0.0914412   -0.0995488    -0.410306   -0.0629682   -0.0249624     0.170352    0.0920233     0.455072     -0.35098
   -0.631961     -0.18666     0.647783     0.292962     0.649069     0.385868    0.0417415    -0.473178    0.0262888    -0.434878    0.0634935     -1.16477    -0.134751      0.80308     0.224184    -0.139558    0.0817416    -0.169006     0.148322    -0.701998      1.04214    -0.291323     -0.10973      1.41701    0.0682475    -0.037853    -0.961123    -0.112988    0.0645608   -0.0738363      1.00884   -0.0920539
   -0.250128     0.150637     0.264803     0.163524    -0.350349    -0.119928     0.214028    -0.172496    -0.150409    0.0650085      1.20586     -1.72043   -0.0515614     0.523617     0.546546     0.292803     0.293093     0.684891     0.355509    -0.479735    -0.341469    -0.273092   -0.0044288     0.200742    -0.502771     -1.02971    -0.165931    -0.612474   -0.0774695    -0.517381      1.04935    -0.588159
   -0.710431    -0.253854     0.222591    0.0881152     0.438314      0.26801     0.364703     0.326329     0.495648    -0.389319     0.401925     0.456536    -0.670597    -0.179856     0.755309    -0.187697     0.279128    0.0749198     0.241654    -0.442779  -0.00152734    -0.334896    0.0407681      0.11591   0.00359726      -0.1434   -0.0694653     0.157083    -0.296372     0.173213     0.231726     0.153439
  -0.0815837     0.191943     0.211156    0.0997402       0.5775    -0.333343     0.503641    -0.180561    -0.389387    -0.717848      0.23793     0.527068     0.124842    -0.199094     0.177088     0.320265   0.00316783    -0.380266     0.169595     0.439814   -0.0297004    -0.755093    -0.188744    -0.235584    -0.401317     0.517767    -0.185096     -0.70594      1.02494    -0.352506     0.202418   -0.0275404
    0.179839   -0.0125357    -0.199777     -0.54264     0.573424     0.331143    0.0491852     0.582798   -0.0655814    -0.121509    -0.458035     -0.67787    0.0211285     0.236012    -0.443635     0.584109    -0.322685     0.169196     0.877685   0.00529278     0.313339    0.0555213   -0.0205074     0.432287    0.0747879     0.172047    -0.191475     0.170518    0.0811259    -0.551878     0.713167     0.370451
   -0.342012    -0.924601   -0.0846287    -0.170753   0.00180046    0.0914667     0.740998      0.41492   -0.0256485    -0.195592     0.306037    -0.414748     0.471861    0.0390651   -0.0731465    -0.182339      0.34781    -0.364736    -0.293251     0.514956    -0.318917    -0.689558     0.287555     0.423103   -0.0328896     0.289847     0.101764     0.887381     0.456755     0.303567      0.23492   -0.0187722
    0.342667    -0.205643     0.322758    0.0843793   0.00742784     0.314717    0.0711601   -0.0276319     0.558578    -0.949051     0.235564     0.238658   -0.0470814     0.288268     0.173132    -0.358463    -0.077545     0.274121    0.0540217     0.189178     0.463682     -0.84383     0.479808     0.885529     0.289811    0.0652729     -0.40682    -0.466709     0.588092     0.356223     0.534108    0.0741444
   0.0845026    -0.264065    -0.845125     0.767568   -0.0906524    -0.309345     0.529265     0.421389     0.276883    -0.478318     0.168731    -0.177139    0.0403255    0.0976558     0.147116     0.329456    0.0609961     0.713235    -0.198993     0.289041    -0.075169   -0.0782054    -0.284417     0.379226    -0.406826    -0.394171     0.187837    -0.321875    0.0373651    -0.503212     0.442035    -0.182081
  -0.0290347     -0.63444      0.41332   -0.0789512     0.551621    -0.477129   -0.0610206    -0.383512    0.0266629    -0.576801     0.743235   -0.0034652     0.257522  -0.00910491     0.364081    -0.097092     0.270225    0.0416333    -0.189755     0.387533    -0.122007     0.319059     -0.12146     0.372571    -0.252443    -0.157764    -0.338033    0.0981528    0.0235282    0.0819588     0.355964      0.39541
   -0.429183     -0.38268    0.0125879    -0.297175      0.22666    -0.221789    -0.650001   -0.0944299    -0.243587     0.264565     0.131419     0.241469      0.24924     0.519672    -0.603532    -0.498113    0.0204687    -0.247413     0.111705    -0.240215    -0.225047     0.236632     0.755523   -0.0786159    -0.349805    -0.375581     0.221269     0.741955    -0.418278   -0.0900499     0.253396     0.202722
    0.107237     -1.14278     0.565542    -0.630358    -0.240858     0.536638    -0.520548    -0.128472    -0.413767     0.374919     0.388485     0.404976     0.316654   -0.0549962    -0.246969     0.223357     0.158805     -0.66038     0.205788     0.195758     0.522781      0.41267   -0.0253716     0.950122    -0.107263    -0.137925     0.415158     0.593022     0.180011     0.445471    -0.677311     0.134265
    0.207077    -0.624173      1.00973    0.0531249     0.604811    -0.211087    -0.711031     0.346776    -0.146375    0.0856235      0.14352    -0.329619    -0.102761    -0.316406    -0.312108     0.166905    -0.406458    -0.108972    0.0830437    -0.342001    -0.679164    -0.712675    -0.256894    -0.217711    -0.493975    -0.164158    -0.221518   -0.0494731  -0.00947703   -0.0369672     0.679444     0.608157
    0.419333    -0.117976    -0.297223    0.0880891     0.574678     0.665889    -0.503367    -0.202433     -1.19542     0.318127    -0.362414    -0.531715     0.579618     0.298734     -0.23279     0.229696     0.439968    -0.155369    -0.143332    -0.764858    -0.152726     0.100538    -0.433721    0.0248655     0.133207    -0.816525     -0.22947    0.0729181    -0.357329    -0.143093    0.0896832     0.400206
    0.290412     -1.07688   -0.0746311     0.100563    -0.445352      0.63034    -0.107498     0.245677     0.509187     0.142638    -0.327472     0.363061     0.561712    -0.336963   -0.0984376     0.129319     -0.19579    -0.764171      0.88872   -0.0174222      0.26293   -0.0434191     0.708752     0.192384     0.149642     0.430478   0.00458535     0.783534     0.177703      0.10285      0.13797      1.15308
    0.714378    -0.366091     0.180841  -0.00171985     0.199616      0.33539    -0.211467     0.291651    -0.135624    -0.313214   -0.0654409    -0.977257       0.3097     0.383823   -0.0803393    -0.459343    -0.163753    -0.526226    0.0888104      0.13145     0.135782     0.179454    -0.109278    0.0980306   -0.0692326    -0.720622     0.562124     0.393555    0.0787049    -0.844084    -0.292388    -0.389674
    0.141455      0.60728    -0.200565   -0.0150458     0.425079     0.347263    -0.291192    0.0743991     0.589117    -0.695712    -0.273723    -0.495553    -0.166939     0.356141    -0.527594    -0.106785   -0.0749207     0.625422     0.220371    -0.361085     0.214043   0.00800512    0.0468525      0.31764     0.458951    -0.292359    -0.065867    -0.574581    0.0152788    -0.474761    -0.664076    -0.532173
    0.464222    0.0764939    0.0834357     0.268676     0.612416     0.114569    -0.213546     0.277017    -0.622861     -0.55969      0.14034    -0.373374    -0.594457   -0.0484329   -0.0110443    -0.554945      0.58288     0.245376    -0.328696    -0.153632    -0.380283    -0.123909     0.614605      1.13568    0.0139198     0.341101    -0.424881    -0.753211     -1.25145     -0.22674     0.373728    -0.237441
    0.641852  -0.00858125     0.206639     0.835583     0.926654     0.250049    -0.186468     0.469818    -0.309391     0.533683     -1.03034    -0.223067     0.788184     0.225147    -0.192646      0.19762     0.140913    0.0425449    -0.312182    -0.911775     0.622512    -0.998899    -0.246087    0.0945546    -0.187106    -0.593739    -0.326413    0.0961397   -0.0894826     -0.43124      1.15548      0.19201
    0.114501    -0.122692     0.536461     -0.11831    -0.137076     0.364366    -0.534265     0.659503     0.468353     0.320329      0.49599      -0.5398      1.17171    0.0859005     0.507799    0.0948858      0.21087    0.0119711      1.04341    -0.328715     0.601756     0.175285     0.243881     0.472906     0.170008     0.193498    -0.263912       0.2911     0.699433   -0.0749124    -0.557384       0.4642
   -0.417024    -0.122263     0.495477     0.372265    0.0476103     0.803042      -0.2335    0.0382472    -0.549418     0.180639    0.0738521    -0.579871     0.840804    -0.232963    -0.296168    -0.256747     0.193048    -0.172224     0.412876     -1.08502       0.1047     0.308631    -0.303206   -0.0622231    -0.376495     0.167949     0.102433     0.768782     0.101538    -0.246455    -0.208767     0.676082
    0.160766    -0.709593    -0.546741    -0.369224    -0.350321    -0.355595     0.973759    -0.171984    -0.389115    -0.531844     0.159873    -0.275329    -0.844271   -0.0212398    -0.313171    -0.226482     0.102492    -0.289575     0.128307      0.11364   -0.0417716     0.510774    -0.373173     0.121687     0.476437    -0.454194    0.0847562      -0.2461   0.00461236    -0.148184     0.104116    -0.168101
    0.254209     0.602904    -0.279557     0.785171    -0.680569     0.259744     0.276331    0.0190707    -0.888584    0.0149401     -0.18018    -0.168153    -0.190779     0.527248    0.0466671     0.180755    -0.342616     0.550777    -0.122341     0.365301     0.129354     0.149316    -0.454124     0.282943    -0.931487   -0.0611518     0.887893    -0.847927     0.838446    -0.203712     0.338538    0.0667704
   -0.228409   -0.0453508     0.742931    -0.121854    -0.217009     0.365222     0.127484     0.123298     0.453681   -0.0961862     0.218028     0.476516    -0.239481     0.308201     0.031055     0.480019    -0.285988   -0.0686401    -0.231627    0.0299542    0.0417834    -0.291565     0.580953    -0.244237     0.352432    -0.381824   -0.0203949    0.0233836     0.013416    -0.610866     0.304285    0.0503998
 -0.00476723      1.18889   -0.0613626    -0.581295   -0.0317948    -0.223836     0.092401     0.382995    -0.323911    0.0633026    -0.116325     0.208451    -0.835647    0.0612719      1.09991     0.282718     0.410952     -0.73872     0.137343     0.104989       0.7252    -0.386583     0.352417    0.0952808    -0.110774   -0.0106897     -0.26756     -1.49147     0.756902    -0.780893   0.00393105    0.0260262
   -0.462626    -0.818762    0.0777461      0.35767    -0.402118    -0.100367    0.0659858    -0.648964     0.114682    -0.319332    -0.238215     -0.60351     -0.35616     0.335104     0.548475     0.259682     0.494797      0.18923     0.349423    -0.217516    0.0469442     0.539015    -0.327609    -0.312783     0.212579    -0.120099   -0.0298438   -0.0470952    -0.114345    -0.180506     0.212347    -0.523595
     1.33106    -0.332268    -0.936325    -0.699229   -0.0493923    -0.191831     0.210348     0.388286     0.609813     0.235151     0.878452     0.758746    -0.273389      1.44145      0.20534    0.0411821    -0.827795      0.44923     0.527372      1.03343    -0.210659       -1.419      0.29774     0.520873    -0.684006    -0.102755     0.251452    -0.794519    -0.544336    -0.106382     0.945957     0.123087
    0.556244    -0.719819     0.413455    -0.982112     0.263789    -0.180813    -0.259701     0.385209     0.875961     0.186124     -0.26917     0.320673    0.0615121    0.0627845    0.0267614      0.32539    -0.349966     0.222641     0.705383    -0.112018    0.0835062     -1.01362      1.02302    -0.320363      0.22549     0.326659   -0.0508253    -0.462927      0.15543    0.0604349     0.380541   -0.0485478
  -0.0347978    -0.206823     0.132781    -0.245796    -0.144836     -0.41881      0.16387   -0.0812262    0.0202443    -0.350515     0.417629     0.234242    -0.550261    -0.031006     0.198353    0.0390675       -0.039     0.224375   -0.0975536    -0.287456    -0.112657     0.442269   -0.0460699    -0.260991     0.480286     0.374655    -0.256959     0.177599     0.800991     -0.11453   -0.0878496    0.0955658
  0.00355472     0.241434     0.100674     0.217559    -0.352813    -0.421787    -0.204761     0.520895    -0.338077    -0.177173   -0.0035449     0.828101    -0.567199   -0.0474102    0.0183865    -0.188399 -0.000964145     0.318371    -0.013868    -0.126169    -0.100362    -0.283782    -0.159351      0.16358    -0.203037     0.071301    -0.394749    -0.415247     0.261781    0.0118948    -0.220584    0.0273512
     1.08656    -0.848202    -0.323196     0.463593     0.504587     0.387687     0.948707    -0.279383     0.247997     0.322888      1.15701    -0.181638      -0.1671    -0.382271    -0.264561     0.203061     0.146053    -0.422216    -0.116607     0.422871      0.38225    -0.126292    -0.224994   -0.0566021   -0.0777427     -0.78967    -0.182438     0.189338   -0.0946452    0.0598232     0.322312   -0.0896792
  -0.0952649    -0.227718     -0.94587    -0.457363     0.179227    -0.294925    -0.177674    0.0796676   0.00857875    0.0545483      0.67434    -0.098885     -0.89248     0.390925    -0.320715      0.48705     0.110755   -0.0996658     0.677738    -0.826439    -0.437421    -0.530977     0.417762     -0.45167    -0.225251     -0.50185     0.199163     0.197324     0.462993   -0.0644687     0.433549    -0.666497
    0.343238     0.525312    -0.091873    -0.325172    0.0581212    0.0702549  -0.00249119     0.532695     -0.20742    -0.566661     0.108674     0.481775    -0.151193   -0.0815805   -0.0797673    -0.130853      0.28473     0.683214     0.611107     0.541661    -0.227754    0.0518521    -0.125144     0.231278    -0.455059     0.276435    -0.413844    -0.269846    -0.350995     0.199005     -0.19789     0.838054
    0.533964     0.652768    -0.404872   -0.0134793     0.170483     0.732445     0.292551   -0.0553886     0.626452    -0.182942     0.963017     0.261762     0.600739     0.637227     0.581153    -0.423419    -0.761186    -0.393482    0.0386559     0.108928     0.642286     0.420094    0.0818077      1.15784       0.1813    -0.680687    -0.543716    -0.035756  0.000350974    -0.387114     0.432625    0.0597954
    0.304841     -0.29182    -0.150871    -0.172087    -0.228558    0.0206619    -0.665163    -0.170841     0.377093     0.105806     0.665996     0.569713     0.120088    -0.444787     0.908461     0.592205     0.282249    -0.761897     0.113312      0.25156    -0.111592     0.353012    -0.367222      0.07453     0.658222    -0.194329    -0.832436     0.464652    -0.246517     -0.17745    -0.339545     0.622355
   0.0569044      0.26933    -0.552969    0.0210362     0.132513    -0.466242     0.376365     0.408615   -0.0241468    -0.810597     0.723446     0.110535   -0.0819153      0.25168   -0.0911813    -0.269096    0.0789949     0.419113     0.636521     0.221567    -0.112687     0.204111    -0.020912     0.435129      0.82982     0.198985    -0.307602    -0.703571   0.00485627    -0.134765   -0.0196982     0.175662
  -0.0162344    -0.539381     0.726756     0.147213    0.0290109    -0.188396    -0.188873     0.213173    -0.128456     0.171972   -0.0702246    -0.166465     0.670902     0.403182     0.488372    -0.506719     0.300663   -0.0490235    -0.197032    -0.599048   -0.0555576    -0.520488     0.129567     0.371929     0.224517    0.0234156    -0.142899     0.263585    -0.279133    -0.190069    -0.307151    -0.437207
   -0.162994    -0.523394     0.399488    -0.951076   0.00448446     0.218272     0.331354     0.205527     0.180981     0.025457     0.725688    -0.345688    -0.628704     0.587273    0.0867901     0.229932   -0.0681178    -0.786609     0.459034      0.40037     0.418065    -0.196492     0.522696     0.979355     0.137886     0.272444   -0.0952585    -0.425297     0.570392     0.276286     0.771767     0.132595
    0.310508    -0.220019    -0.438396    -0.892808      1.44151    -0.363387   -0.0798388   -0.0308655     0.544738   -0.0782756     0.295129      -0.8471    -0.257127    -0.741351    -0.582689     0.260967    -0.557214    -0.412694    -0.327365     0.667252     0.361981    -0.780234     0.371245     0.417398     0.753662     0.376587    -0.777947   -0.0950997    -0.252085    -0.690995   -0.0537653     -1.10882
   -0.605894    -0.201597    -0.320647    -0.107963    -0.369031     0.193323    0.0555169     0.803622    -0.643914     0.133317     0.415071     0.600319    -0.961614      0.33873    0.0671024     0.770445    0.0936588    -0.185607   -0.0757696     0.974266    -0.678515    -0.461248     0.413729    -0.108983     0.350989    -0.474827     0.358697     -0.29994     0.257089     0.136645     0.805989     0.187706
   0.0412764    -0.389397    -0.476409    -0.927742    -0.306894    0.0878651   -0.0533027     0.851251     0.567418    -0.356477    -0.320609     0.692456    -0.233202     0.134406      1.46849    0.0355504    -0.348315     0.220711    -0.474606     0.195297    -0.341043    -0.216796     0.382826    -0.518392     0.482756     0.103454      0.42588     0.181259    -0.249886    0.0725704  -0.00794401      0.37198
   -0.448404   -0.0714424    -0.594061     0.306139     0.278608     0.768884      0.83594    -0.225002     0.432751    -0.952506       1.1133     0.312941    -0.230675    -0.535443     0.296617   -0.0163223    -0.532108     0.139514      0.29348     0.790865      0.75821    -0.358918    -0.123598     0.089372    -0.348871    0.0451141      0.20587    -0.483061     0.530902     0.147919    -0.286702    -0.334619
    0.390154    -0.579887      0.44954    -0.126644     0.318947     0.257535    0.0251024   -0.0506465    0.0269252    -0.366521    -0.234241     0.492857    -0.527857     0.863246    -0.171926    -0.269104    -0.398172     0.522222    -0.432103    -0.191379    -0.184775    -0.136519     0.253762    0.0967255    0.0349775   -0.0667291     0.220782    -0.174442    -0.152841     0.226704    0.0739345     0.250062
   -0.355844    -0.508732       0.2316     0.316558    -0.044105    -0.717717    -0.113506    -0.270961    -0.577123    0.0408105     0.221201     0.412715     0.852635     0.755467    -0.210193    -0.248221    -0.808482     0.231302    0.0374094  -0.00195996    -0.209315    -0.347079     0.265961      0.74226    -0.258416     0.195028   0.00802033     0.361106     0.105721    -0.334947     0.460176     0.582506
   -0.271425     0.325413     0.236509    -0.648029    -0.138799     -1.14438     0.552086      0.73001    0.0683442     0.720766     0.172499    -0.703849    -0.256911   -0.0684128     0.128309     0.136323     0.383529     0.470991     0.819036     0.604185    -0.862041     0.816198     -0.26356       0.5698     0.880025     0.848134     0.414295     -1.56553     0.846788     -1.23808     0.271684    0.0564245
    0.293427    -0.448036     0.100379     0.415611     0.328516      0.12726       0.7522     0.286663    -0.614139    -0.206728    -0.575249      0.40713    -0.456711     0.463858   -0.0592424     0.210368  -0.00934561     0.513745    0.0552188     0.833687     0.157396    -0.229491     0.180369     0.634474     0.202364    0.0760004     0.312388    -0.788477    0.0932929     0.695624     0.391788    -0.387527
    -0.26584    -0.198941     0.512932     0.360433    -0.334351    -0.113944      0.43854       0.4538     0.514666     0.197377    -0.982848    -0.484603    -0.927724     0.399532    -0.138435    -0.167594     0.715345     0.465971     0.717375     0.393355    -0.208991    -0.253669    -0.599407    -0.187093    -0.548427    -0.551607    0.0922495     0.068745     0.285715     -0.10751    -0.141211     0.271631
    0.294494     0.108515    -0.471332    0.0672537     0.706339    -0.619886    -0.664974   0.00858337   -0.0565223    -0.227023     0.287816     0.162105     0.353489       0.3985     0.120471     0.307125    -0.346238     0.548525     -0.21177    -0.102664   -0.0539671     0.171871    -0.138266     0.313763    -0.613959   -0.0101641    -0.100628     0.023406    0.0462769    -0.208826    0.0519512     0.850267
    0.479405    0.0498997    0.0279448    -0.628626     0.141758    -0.760175      0.16551     0.416494     0.329256     0.276816     0.218265     -1.08982    -0.341125      1.11911     0.555356     0.269615     0.670125    0.0413623    0.0738656     0.224554    0.0820921     0.297819   0.00657596     0.414649      1.20064     0.592419     0.170446    -0.911915    0.0586333    -0.918446    -0.256326    -0.366373
     0.15581    -0.223996   -0.0292631     0.399264     0.691468    -0.690971   -0.0310736    -0.136102    -0.844256     0.115028    -0.893613     0.196529    0.0300184     -0.36238   -0.0673252    0.0515016     0.594718     0.469246     0.051391   0.00728361    -0.110534     0.251984    -0.127565    -0.133254    -0.236847    -0.410427    -0.181248    -0.696593    -0.233986    -0.284528     -0.60725     0.479136
   -0.356348     0.123774     0.152788    -0.467987     0.101921     0.283772   -0.0332205     0.294874     0.304814     0.530814    -0.331133     0.537687    -0.262815   0.00757515     0.315915    0.0506207   -0.0960779     0.221668    -0.218055    0.0192181    0.0734731     0.203185    -0.069145    -0.203887     0.736071   -0.0670011   0.00183739     0.251181     0.153199     -0.69085   -0.0643198     0.403627
  -0.0837829     0.162471    0.0862453     0.154428     0.455318     0.165332     0.502359    -0.213133    -0.156524    -0.440539     0.464794    0.0987324     0.207849    -0.528759     0.155141     0.175643     0.119037     0.365302     0.068192     0.168615    0.0793205     0.154896     0.593452     0.272434     0.519007    0.0174285    -0.350072     0.417606     0.485164     0.264862    -0.428115    -0.335747
   -0.269048    -0.610077    -0.607108      1.16957     0.631315     0.649493     0.428857    -0.146019   -0.0360963   -0.0483295    -0.532101    -0.190991     -0.75546    -0.657354    -0.267118     0.223052      0.21827     -0.53813  -0.00378927    -0.358182     0.062355    -0.338395    -0.120444    -0.222825   -0.0239666     0.399545    -0.184038    -0.183869     0.551322     0.577592    -0.223804    -0.129005
    0.447709    -0.513485    -0.697146       0.2212     0.265344      0.91276    -0.166543     0.429095    -0.259796    0.0665618     0.706936    -0.275448    -0.607709   -0.0180702     0.251317     0.457863     0.613899    -0.169562     0.443987    -0.307688     0.725705     0.282617    0.0334368     0.650469    -0.556328   0.00341145   -0.0570058    -0.529181    0.0906708    -0.456082     0.709743   -0.0453258
   -0.372654   -0.0456468     0.611262    -0.281698     0.217635     0.363433     -0.48355     0.350633     0.573354    -0.421282    -0.325924    -0.267795     0.230575    -0.114871     0.251116     -1.12106    -0.101922     0.250381 -0.000536742    -0.293574        0.268    0.0761231     0.260642     0.143493     0.736988    0.0478591    -0.123273     0.348474     0.303344    -0.581347     0.507077     0.755757
   -0.609638     0.240033    -0.305476      0.25836    -0.324543    -0.269471     0.291223    -0.705493    -0.325236     0.026098    -0.840734   -0.0922744   -0.0315595   -0.0911947   -0.0166381     0.320847     0.325375      -0.9799    -0.615158     0.655528    -0.342828    -0.232029     0.121033      0.93044     0.504431     -0.54316   -0.0126879    0.0882877     0.192275     0.414759     0.177263   -0.0672907
    -0.69991     0.129382     0.117253    -0.226798     0.717268    -0.132401     0.364988     0.324894    -0.199384    -0.299691     -0.87795     -0.46727     0.145064     0.160958     0.617741    -0.400087   0.00711299     0.377146    -0.787203     0.880103    -0.297187    -0.491347    -0.293149    -0.338135    -0.210126    -0.337458    -0.255137    -0.616171     0.372741    -0.346841    -0.158299     0.997088
   -0.729482     -1.01283    -0.335784     0.257963     -0.44945     0.415583  -0.00594366     0.562863     0.493148    -0.135089   -0.0258993    -0.947341    -0.506529     0.199867     0.747873     0.156431     0.185334     0.125809     0.415476    -0.595954    -0.272797   -0.0578319     -1.28794   -0.0933304    -0.547115    0.0147176      -0.9307     -1.04186      0.37132     -0.77302       1.0199   -0.0362747
    0.464488    -0.480278    0.0359945     0.171075     0.520602    -0.263839     0.544493    -0.322099    -0.334416    -0.130072   0.00124716    0.0532054    0.0580018     0.344465   -0.0455661     0.186815    -0.167342     0.125717    -0.542324     0.348616    -0.632643    -0.211005     0.155707     0.404985     0.350715     0.453673    -0.569769    -0.964473     0.123764   -0.0322298   -0.0640161     0.299103
   -0.224839    -0.568458     0.802897    -0.134605     0.594508   -0.0275461      0.34613     0.357052    -0.271438     0.719648     0.346127    0.0658743    0.0170499    -0.159275    0.0429623   0.00974537    -0.160351     0.392482    0.0998676     0.717528     0.502355     0.416168     0.105961    0.0209933     0.702525     0.242605    0.0241323    -0.250949    0.0798341     0.352725   -0.0406462    -0.139465
   -0.268337    -0.908507    -0.373588     0.271417     0.314801    -0.125759    -0.235087     -0.21513    -0.689659     0.530659    0.0102004     0.443504     0.217382     0.390319     0.115485    -0.152163    -0.327937   -0.0126049   -0.0428878     0.130084     0.253829    -0.551525    0.0333396    -0.133685     0.590126    -0.305935    -0.297214   -0.0347464    -0.103769    -0.435794    0.0263541    -0.295411
   -0.151305   -0.0906913    -0.272978     0.294816      -0.2953    -0.638686     0.165494      0.57742   -0.0813398    -0.349337     0.433694    -0.543039    -0.086055     0.268494     0.276144    0.0768313    0.0669768     0.291697   -0.0317168     0.366778    -0.613236    0.0224098     0.028023      0.67844     0.328776     -0.21676    0.0350744    -0.219573    -0.090302    -0.497837      0.43442    -0.239415
    0.176166    0.0521184   -0.0910934    -0.424813    0.0717352   -0.0989758     0.159754     0.364366    -0.154469    -0.297758     0.440839     0.471376    -0.480232     0.575863     0.406152     0.338048    0.0668957     0.522812    0.0613232   -0.0821938     -0.75703     0.114411   -0.0952307    0.0546969     0.192138    -0.178969     0.206949     -0.96249  -0.00241563    -0.167445     0.463287     0.156213
     -0.8539     -1.01238    0.0467686     0.530366   -0.0304592     0.118339    -0.200167    -0.326773     -0.39617    0.0772218     0.267823    0.0405895      0.95356   0.00844626     0.290283    -0.446154    -0.339994    -0.130658     0.449123     0.694224   -0.0428748     0.183867   -0.0762208      0.16493     0.399232    -0.323053    -0.207455      0.23866     0.740076     0.746939    -0.195978    -0.376884
   -0.791638    0.0712432    -0.491565   -0.0228979    -0.113742    0.0544635   0.00518075     0.236569    0.0245211    -0.112703    -0.467319    -0.103306     0.442285    0.0951749     0.156286    -0.116685    -0.216095    -0.227582     0.325813     0.458394    -0.130126     0.199192     0.360728     0.411218    -0.235772    0.0798581    -0.174025     0.159962      0.26148    -0.422265     0.834164  -0.00700587
     0.56715   -0.0754055    -0.241344     0.369972     0.470267  -0.00440606     0.443053     0.858132   -0.0274705     0.472603     0.059628    -0.230209      -0.6846     0.405221    -0.149434   -0.0748353     0.230063     0.918436     0.452953    -0.464134     0.420874      0.16456     0.146525    -0.446009     0.215464   -0.0685698    -0.310596   -0.0948301    -0.590179    -0.187034     0.242405    -0.357769
    0.338982    -0.644113     0.770683     0.746103      1.12725     0.319977     0.106756     0.382821    -0.461236    -0.421781    0.0883794    -0.995384     0.261755    -0.498309      0.35915     -1.22889    0.0470761    -0.526074    -0.842383    -0.342213     0.723166     0.701904     0.841003    -0.102603    -0.395448    -0.475365    -0.871552     0.858853     0.427255    -0.357355    -0.300253  -0.00116891
    0.678287    -0.599032    -0.432027     -0.23635     0.194333     0.507345     0.571478     0.369137     0.181709    -0.288464      0.58667      1.42426   0.00207516     0.865876     0.091519    -0.112031     0.462637     0.539132      0.59147     0.107985    0.0927167    -0.360609    0.0753165      1.11946     0.179163    -0.118471    -0.592344    -0.159125     -0.38262    0.0776689    -0.388067      0.81389
   -0.062924     0.545086    0.0301347     0.458021   -0.0808801    -0.420811     0.355625      0.10478     0.138339     0.764664    -0.439141     0.418066     0.513526     0.238537     0.281734    -0.278964    -0.323598     0.356165     0.361763   -0.0154254     0.303097    -0.588755    0.0894616   0.00112194    -0.230057    -0.544583    -0.468875   -0.0579686     -0.16686   -0.0504056     0.231027    -0.568144
   -0.475744     -0.35967    -0.380431   -0.0746189    0.0367913     0.217602    -0.661654      0.27506     -0.23432    -0.441246    -0.475549    -0.642231     0.129028     0.364978       1.2621     0.107086     0.102399     0.181804     0.047518     0.321868   -0.0272118   -0.0236929   -0.0562006     0.712298   -0.0261368    -0.161395     0.504168   -0.0962888   -0.0366669    0.0139116    0.0333117    -0.259471
    0.348646    -0.366311    0.0576103    -0.198116    0.0990239    -0.081216    -0.131513    -0.286046     0.684427    -0.202249    0.0267182     0.599329    -0.601598     0.384646     0.127499     0.166446      0.04967    -0.357421    -0.162742     0.779168    -0.113177    -0.393217    -0.173644     -0.42494   -0.0841273    -0.402027    -0.681586     0.172631     0.760051     0.669302     0.265732     0.381129
   -0.294155    -0.502133    -0.742857    -0.298675    -0.756495    -0.376731     0.131747     0.252402    -0.193858   -0.0858369    0.0902198     0.444932    0.0478634    -0.111546    -0.730421      0.65146     0.600885     0.216188    -0.269953     0.292609    -0.605866    0.0738467     0.743487    0.0862041     0.127845     0.543703     -0.85918    -0.266863    -0.295258     0.865701     0.128494    -0.107387
   -0.167276    -0.506261     -0.14864     0.319384     0.352692     0.288854    -0.227482    -0.028695   -0.0577538    -0.313183     0.174943     0.714447    -0.167947    -0.137189    -0.215706   -0.0140249    0.0294839    -0.273839    0.0849714    0.0276085      0.24204    -0.209399    -0.160216     0.567388    -0.278673  -0.00754642    -0.396049    -0.414281     0.431663  -0.00405831  -0.00748153   -0.0164324
    0.358017     0.895816    -0.150575   -0.0453437     0.333228     0.403758     0.285209     0.385499    0.0143194     0.252004     0.885198     0.474075    -0.825483   -0.0235015    0.0612018    -0.543929     0.335095      0.97304     0.311347     0.185661    -0.207698    -0.279037   -0.0247943    -0.281984   -0.0633718      0.52338      0.64974    -0.574535     -1.30938    -0.653745    -0.657402   -0.0603303
    0.431013     0.546733    -0.305146     0.288473    -0.111041    -0.515359    0.0827279   -0.0207421     0.115091    0.0256412     0.115091    -0.369488     0.311592    -0.291176     0.301538     0.320533    -0.156873    0.0899897     0.434887     0.667541     -0.22638    -0.315894    -0.358263     0.228676     -0.43123    -0.456974    -0.165436    -0.471989     -0.49685     0.139296    -0.243302    0.0920181
     0.28817     0.504128     0.548902     0.681339     0.403873    0.0758216    -0.785474    -0.810736     0.140078   -0.0417251     0.230544     0.374316    0.0745883     0.107059    -0.181382   0.00791558    -0.513896    -0.423185   -0.0106985    -0.764724    0.0531446    -0.267646     0.278467      1.02633     0.578022  -0.00601157     0.387427   0.00778664    -0.144927   -0.0510887    -0.753973     0.938709
   -0.640926     0.823337    -0.328404    -0.145041     0.166154    -0.394169     0.092626     -0.22257    -0.289146     0.116376   -0.0517387    0.0920298      0.23983   -0.0250831     0.140443     0.294082    -0.020908     -0.13777    0.0661312     0.247436    -0.801284      1.01166     0.492543     0.368681    0.0610152    -0.291832     0.145253     0.351253    -0.106358     0.298947   -0.0150361    -0.337868
  -0.0734875    0.0283597    -0.563101    -0.223454     0.718348     0.370155     0.508361  0.000633833     0.163828    -0.800319     0.870908    0.0480371     0.213976      0.15283     0.831284    -0.166608     0.144998    -0.342866    -0.153867     0.349011    -0.129454    -0.168682    -0.730624   -0.0901725     0.654887    -0.244032    -0.205263    -0.551014     0.327079    -0.504078    0.0532929    -0.029141
   -0.199607    -0.440199     0.275238      0.17946     0.573316    0.0525766   -0.0644341     -1.32218     -1.01811    -0.456489    -0.882904    -0.989687     0.225555    -0.108608    0.0474283    -0.917698    -0.108077    0.0392486     0.159634      0.24683      0.17926     -0.59439    -0.299363    -0.186029    -0.143671     0.112759    -0.314674   -0.0605555     0.925472    0.0310149      1.01296    -0.800491
    0.108786     0.403006    -0.047069     0.533631     0.787308     0.354799     0.539235    0.0253918    -0.262238     0.530437     0.368154    0.0526327     0.223783     0.473414    -0.422671    -0.651757     0.185592     0.709913     0.616646    -0.630038     0.158576    -0.186531     0.055152     0.397996    -0.164259     0.153911    0.0732617   -0.0168132    -0.297396    -0.265371    -0.907269     0.328116
     0.69572     0.236889     -1.05194     0.133629      1.29681     0.391735    -0.254113     0.700057     0.568764    -0.164032    -0.656937    -0.678985    -0.165584    -0.083816     -0.51852    -0.061587     0.427423      1.06573     0.164507    -0.833554    0.0565289     -0.82739     0.299491    -0.455246    -0.383497     -1.01462    -0.439451    -0.172056    -0.321083     -1.64843    -0.576716     0.299281
