     0.73755    -0.306013     0.778177    0.0854778     0.193564    -0.328421    -0.519623     0.629303    -0.252273    -0.530172  -0.00179739    0.0549273    -0.229132   0.00107808    -0.437657     0.798129     0.614529      0.12682   -0.0250034     -0.63652     -1.74021    -0.154502    -0.320061     0.817546     0.347705     0.709316    -0.270373    0.0878388     0.607628    -0.670802    -0.138627     -1.91519
   -0.122533    -0.364582   -0.0790314    -0.101692     0.225779    -0.394585      0.21349     0.167666    -0.169404     0.490014    -0.174901    -0.527574   0.00274589   -0.0960056     0.215831     0.413995     0.309511    -0.350468    0.0635545    -0.167973     0.413295     0.337051    0.0905703     0.259009  -0.00143058    -0.438586   -0.0566358    -0.190375    -0.666213    -0.401617     0.188477   -0.0599087
    0.589404      -1.1422      0.20113     -1.13141     0.186823     0.787835      1.03634    -0.696837     0.637724     0.691491      1.16595     0.210268     0.740843    -0.249559    -0.191372    -0.393399      0.35397    -0.200781     0.576365    -0.801073     -1.63716    -0.952949     0.281106     0.388971     0.179403     0.300281     0.424677    -0.391294      0.11791    -0.670998     0.327856    -0.339134
   -0.420642     0.673411    -0.436657    -0.427411    0.0195337     0.136752   -0.0710924    -0.940467    -0.427916     -0.18474    -0.605803    -0.162986    -0.195381    -0.565676    -0.317705     0.843501    -0.758608     0.357392      1.06399     0.661496     0.542163      1.11059    -0.789136    -0.691206    -0.397329     0.631708    -0.462032    -0.463039    -0.331513    -0.418421     0.722418     -1.73043
   -0.404556     0.380559     0.602558   -0.0141228    -0.188278     0.266263     0.414628    -0.206143    0.0590306    0.0146688    -0.402048   -0.0517998    -0.113452    -0.115817    -0.392576   -0.0423541    -0.320408     0.409546      0.31688    -0.347642      1.05225     0.404323    -0.310615    0.0882779     0.316194    -0.471574     0.111816  -0.00294183    -0.698962     -0.31788   -0.0499341     0.657733
   -0.297812     0.678982    -0.133326    -0.391488    -0.129869    0.0877818    -0.453659     0.255973    -0.368843    -0.318432     0.511939     0.483739     -1.20082      0.38478     -0.21801    -0.595123    0.0738849    -0.893056    -0.748303     0.102552     0.242003    -0.558958     0.634009    0.0245492     0.105645    -0.362485    -0.173338   -0.0350541     0.285528   -0.0482238      0.35933      1.01842
     0.14191    -0.229914 -0.000363671    -0.123254   -0.0335085    0.0585491     0.307529   -0.0999952   -0.0286971     -0.01703      0.13335    -0.177896    0.0172151    -0.032152  -0.00178492     0.232123     -0.25863   -0.0410303     0.148839    0.0328116    -0.185238     0.162885    -0.188301     0.403572    -0.352818  -0.00941416    -0.036062     0.138153     -0.13153     0.058078    -0.228351     -0.36483
   -0.152382     0.103031     0.194261    0.0323897     0.142935    -0.438489    -0.423579    -0.124232    -0.236131    -0.148063     0.133126     0.163217    -0.407691     0.589463    0.0812853   -0.0174237     0.184049    -0.140733     0.581924    0.0214706    -0.791896    -0.242041    -0.775333      0.55623    0.0984353    -0.503797   -0.0558698   -0.0280429     0.410019   -0.0275484    -0.342978     0.104921
   -0.257014      0.53622     -0.36403    -0.394039     0.182977    -0.141559     0.444494    0.0461355    -0.164383   -0.0107676     0.145447    0.0404205     0.121859    -0.409938    -0.294396     0.486388    -0.263761    -0.306955    -0.219932     0.113126       1.8232     0.805533    -0.641892    -0.489157    -0.201209    -0.226754     0.299057   -0.0574208    -0.746339    -0.117753     0.411204      1.35136
   -0.239423      0.35119    -0.770661   -0.0434791   -0.0705987    0.0107196      0.35735    -0.161682    -0.453183     0.419698    0.0670993    -0.270406    -0.381562  -0.00318265     0.428139    -0.212181    0.0687125    0.0417349    -0.407146    0.0253781      1.31349     0.403441    0.0961615    -0.249412     0.329848    -0.408568    0.0204893    0.0236829    -0.298784   -0.0489838      0.42092     0.916616
   -0.361021     0.146653    -0.803022     0.111429     0.202205    -0.324266    -0.221745      1.05063     -1.00418    -0.799847    -0.231381    -0.393789    -0.611426    0.0516597     0.638563    -0.504339     -0.33952    -0.957157    -0.763747     0.610932      1.60975    -0.210017     0.419647    -0.470838    -0.258812   -0.0109523     0.548972    -0.112306     0.138186     0.116011     0.012382      1.07359
   -0.291547     0.273453    -0.100549     0.172936     0.238337    0.0918667    -0.135716    -0.655687    -0.350833    -0.276346   0.00388863    0.0652498     0.245044     0.465005    0.0467236      0.13974    -0.712247    -0.498862     0.736886     0.197699   -0.0664217       0.2151     0.801368    -0.192604    -0.152819    -0.295531    -0.214085     0.350193    -0.186866     0.582163    -0.418686     0.887823
    0.198507     0.358716    -0.608846   -0.0754453     0.143623  -0.00914047   0.00418253     0.164767     0.520825     0.324621    -0.332669     0.321194     0.864382     0.061166   -0.0806919    -0.486826    0.0194949    0.0737837     0.570865    -0.365207     0.983925     0.434188   0.00290961    -0.221298   -0.0355471    -0.355188     0.263568     0.325745    0.0495534   -0.0012359   -0.0895432     0.598978
    0.251156    -0.111445    0.0872773    -0.379383     0.292222     0.122654   -0.0528913    -0.317175     0.475144    -0.230927      0.24132     0.245385     0.368208     0.109612     0.401331     -1.03146     0.915219       -0.052     0.477507    -0.322853     -0.77651    -0.547475    0.0948024    0.0180979     0.308246   -0.0922334     0.217294    0.0688773      0.45995    -0.282686    -0.504689    0.0714334
     0.23045    0.0640297    -0.141049      0.41315     0.764073     0.137163     0.204032    0.0801277    0.0470978     0.288647    -0.917656     0.473961    -0.352459    -0.119107    0.0222853   -0.0597691     0.542393     0.370537   -0.0346904    -0.225718     -0.88916    -0.352706     -0.14237      0.16532    -0.579327     -0.12698     0.716163    -0.762944     0.207319     0.125341   -0.0885431    -0.124238
    0.112635    -0.157687     0.292717     0.268399   -0.0698248     -0.64766    -0.277538    -0.307352    -0.407798    0.0630452     0.893448    0.0591751     0.341141      0.14687    -0.249962      1.28054    0.0945879    -0.464343      0.35837    -0.263509    -0.412087     0.682589    -0.952925    -0.100819     0.155505     0.551593       -0.622    -0.152707    -0.441696    0.0351402     0.391007     -1.05068
   -0.237476    -0.118649    -0.167438     0.214031   -0.0881379    -0.305207    -0.245659     -0.42979 -0.000233095     0.195783   -0.0309835     0.214128    -0.587382      0.44044    0.0263867     0.300978   -0.0529832     -0.22411    -0.118318    -0.356982     0.184658      0.16829   -0.0882595     0.759032    -0.160388    -0.596454    -0.259542    -0.429355    -0.339422     0.309041     0.464858     0.163653
   0.0516801    -0.281202     0.241111     0.446379     0.976336    -0.143282     0.410374     0.365152     0.266201     0.268222     -1.38384     0.267444   -0.0231911     0.187924     0.380535    -0.456327     0.303662     0.272546     -0.22201    -0.585427      -1.2335     -1.35412   -0.0939502    -0.164652     0.238017    -0.372905     0.557505    -0.505769     0.128984      0.22098    -0.418457    -0.625815
  -0.0886537    -0.293828    -0.278608   -0.0582258    -0.207294     -0.15908     0.116793    0.0483086     0.139127     0.548181   -0.0449905    -0.397621    -0.228894    -0.247502     0.305817     0.322177     0.485292     0.662247    0.0894861    -0.143382     0.549558     0.454252    -0.433305     0.221009      0.21364     -0.11931    0.0961761    -0.167892    -0.120242    0.0904641     0.509687     0.531029
    0.737408   -0.0177801    0.0964874    -0.737793    0.0605131    0.0604097     0.691648     -1.12407    0.0921539     0.626884     0.506746    -0.705826   -0.0159639    -0.234298    -0.553564   -0.0312587     0.184615    -0.355483    -0.262569    -0.644024     -1.04138     0.715025   -0.0340045     0.509279    -0.305445     0.468893    -0.133054     -0.37894    0.0287308     0.267668      1.01079       0.2046
   -0.576067    -0.831431   -0.0678566   -0.0690842    -0.870556    -0.115267      0.43508     0.149939     0.364943     0.232403      0.21776    -0.637595     0.107927    -0.185143  -0.00513697     0.346057     0.129611     0.290743     0.374805    0.0133096      0.53952     0.541141    -0.509381     0.219457     0.593165    -0.484402     0.135078     0.178045   -0.0109925   -0.0360688    -0.452398     0.340709
   0.0369754     0.533902    -0.681171     0.316184    -0.606246      0.30354   -0.0473768    0.0619657    -0.340719   0.00535943    0.0309382     0.239829   -0.0536004     0.448255     0.273535    -0.172106    -0.359323    -0.405803    -0.429267     0.584137     0.012109     0.273888     0.276129    -0.420501     0.284664  -0.00535807    0.0416471     0.358888    -0.103932     0.201038    -0.427827      1.14329
    0.277364     -0.15235    -0.216258    0.0740467     0.263995     0.185358     0.161105    -0.151722    -0.372453    -0.101407   -0.0348832    -0.325985    -0.191405    -0.777506     0.241306     0.817206   -0.0920468     0.508442     0.448885   -0.0655459     -0.98376     0.353013    -0.527255    -0.098137     -0.46865     0.600215    -0.413203    -0.720809   -0.0140648    -0.289175     0.333268     -1.04731
    0.137503    -0.179849     0.192246     0.945364       0.6267     0.671587     0.215911    -0.295913      0.42978     -0.15896    -0.186847   -0.0531016    -0.911852     0.319238    -0.573939    -0.978307    -0.232111  -4.9892e-05    0.0718654    -0.314114    -0.783491     0.350123    -0.175684     0.993833     0.279167    -0.792901      0.40391     0.364861      0.30748    -0.206775     0.193793    -0.381231
     0.50684     0.470435    -0.153277     0.159135     0.529891   -0.0820176     0.504928    -0.442176    0.0905524     -0.17043     0.366515    -0.205367     0.268934    -0.607896     0.148704     0.228721    -0.208985    0.0837164     0.182673    -0.145867       1.4073       0.5314    -0.593818    -0.594786    -0.272076     0.608052    0.0294691    0.0215301    -0.425621     0.470241     0.591479     0.542442
   -0.145604   -0.0181473     0.133071   -0.0856376    -0.108844     0.123439    -0.128333    0.0166978    0.0630452    -0.109028    0.0861803    -0.222706     0.386365    -0.121213      0.29595    -0.349124    0.0683778    -0.209159    -0.164893   -0.0451006     0.169104     0.298166     0.286778   -0.0139862    -0.112354     0.316695    -0.192475     0.286506    0.0700379   -0.0531852     0.202807     0.139747
   -0.181476    0.0106329    -0.290398    -0.373425    -0.680777     0.348464     0.398246     0.209509    -0.305536     0.288059     0.550788    -0.627434     0.162042    -0.555734    -0.378298     0.629256     0.463892   -0.0547653    0.0681841     0.356998      1.39467      1.26992     0.113733    -0.104964     0.115688     0.377154    -0.178153     0.527642    -0.202437     0.307546     0.111648     0.914783
     0.65452    -0.290981     0.729765    0.0546526  -0.00568329     0.208568    -0.385712     0.030053     0.236192     0.315691   -0.0137395     0.495148    -0.578559      0.25941    -0.477918     0.390152     0.269702     0.472328     -0.38046    0.0982763     -2.25894    0.0371152    0.0943138      0.82222   -0.0746907      0.23574     0.119373    0.0641004     0.355867    0.0485996    -0.375058     -1.52668
   0.0228258     0.146575   -0.0963975    -0.154808    0.0888949    0.0632505    -0.119403  -0.00722869    0.0379831     0.344175    -0.216696    0.0610399   -0.0444534     0.464612     0.312651    -0.642492     0.302661     0.253123    -0.117823    -0.126557     0.488029    -0.119106    0.0606365    0.0474995     0.272544    -0.295915    0.0970167     0.163416    0.0937919     0.154668  -0.00390839    -0.314191
   0.0587916   -0.0854216    -0.257313     0.089553    -0.194619    -0.131108     0.223197    -0.317683       0.3143    -0.284805     0.350148    -0.110455    -0.227219     0.308507     0.134057    -0.388406  -0.00105345     0.032726    -0.231441   -0.0266723      1.02396     0.643472     0.181162    -0.160351    0.0757669  3.13317e-05   -0.0945002     0.116475     0.338455  0.000690759     0.534384     0.956476
   -0.254876    -0.210029    -0.309823    -0.117715    -0.357054     0.033701     0.971234   -0.0868925    -0.043332    0.0848252    -0.171143    -0.693697     0.301433    0.0731971    -0.286328   -0.0665959     0.294915    -0.356687    -0.252536    -0.175414     0.294546     0.217193     0.516658    -0.477509   -0.0799907    -0.251137    -0.109681    -0.199299    -0.374011    -0.119426    -0.306941     0.833201
     0.35428    -0.164554     -0.41434    -0.341138    -0.194779    -0.399612     0.443616    -0.334716     0.187155    -0.447725    -0.441815    -0.141556     0.586715     0.209906    0.0806351   -0.0701082     0.527303    -0.344785     0.174676    -0.288804    -0.518067  -0.00734947     0.461952     0.431437    0.0276835    -0.239067    -0.201717   -0.0548018   -0.0728567      0.09931   -0.0800866     0.107322
    -0.45379     0.126202    -0.193115    0.0187139     0.229505    -0.308305     0.171375    -0.020764   -0.0363739    -0.568946     0.120117    0.0664027     0.421059     0.185195    -0.334488   -0.0361065    -0.294154   -0.0718591    0.0337533     0.557325      1.32828      0.54384     0.419198   -0.0357766     0.531086    -0.643672    0.0919762    -0.113004     -0.45046     0.445492    0.0436207      1.50548
    0.711917    -0.496609     0.699786    -0.388614       0.1794    -0.193125    -0.198499    -0.247468    -0.183082     0.377202     0.561615     0.136712    0.0271633    -0.444592    -0.656629     0.442825    -0.327059   -0.0560877     0.198504     0.156739     -2.73387     0.233314    -0.343468     0.939962    -0.387157       1.3934    -0.294854    -0.433331     0.581277    -0.522524    -0.083092      -2.6631
    0.215609     0.462134    -0.245682    0.0980975    -0.386827    -0.150248    -0.186002    -0.204068    -0.290514     0.255901 -0.000742255    0.0105141    -0.420108     0.372667     0.457072   -0.0196789     0.275653   -0.0501175     0.263462     0.445286    -0.454536      0.13927     0.143579   -0.0660898   -0.0315703      0.19359    -0.277615     0.573772    -0.105511    -0.102696    0.0348492    -0.012593
  -0.0470376     0.478753     0.449078     0.488749    0.0125765   -0.0570008    0.0637916     0.148446    -0.135459    -0.264356    -0.640737   0.00753849     0.163006     0.244699     0.580668     -1.01813     0.584922     0.311257     0.238108    -0.265016     0.207164    -0.162309     0.623437    0.0480331    0.0975206    -0.639227   -0.0139164     0.216012     0.405981    -0.175218     0.127656     0.401612
    0.519244     0.211119     0.516597    -0.852361    -0.684002    -0.089072     -0.21995    -0.595181    -0.315904    -0.549446   -0.0103559     0.189939    -0.118449     0.441023    -0.303116     0.654576     0.392761    -0.134741     0.501436      0.75429      -0.9461     0.143538    -0.517423    -0.294671    -0.248029     0.346388    -0.316025     0.133256     0.465269    -0.849363    -0.246807     -1.53946
   -0.819746     0.102771     0.128092     0.376644     0.249347     0.307123     0.556968     0.635094     0.742589    -0.187186     -0.63131     0.372352    -0.217906    -0.191287     0.180424    -0.157332   -0.0497823     0.327426    -0.320381    -0.203256     0.572091    -0.407319    -0.293946    0.0756396     0.406981    0.0996858   -0.0944173    -0.174702    0.0508615    -0.238972    -0.365451      0.44607
   -0.300495     0.116456     0.136152     0.471781     0.796947     0.501431    -0.941501    -0.187343    -0.458061    -0.226765    -0.390612      0.71099    -0.877577      0.32739    0.0942196    -0.351013     -1.34731     0.253197    0.0841338    0.0292718    -0.377574     -0.74766     0.579758     0.137226    -0.482874    -0.246803      -0.4148     0.303814    -0.146878    0.0209079      0.23414   -0.0391331
   -0.522152     0.683407    0.0454476    -0.181637    -0.213788     -0.68136     0.145091     0.289511    0.0364242     0.114946    0.0487425    -0.229793     0.157232     0.151848      0.21029     0.973813    -0.705453     0.161884     0.242955     0.278424      1.66988     0.540957     -1.06616    -0.552073     0.147076     0.725601     0.383393     0.356827    -0.558193     -0.55299    0.0377577    -0.167377
   0.0891889     -0.30119    0.0109607    -0.190937     0.342519    0.0448918    -0.155907    -0.072945     0.351057    0.0923423    -0.201073     0.375066    -0.406731     0.213413    0.0143443   -0.0543223     0.250753    -0.157882    -0.106235    -0.137427    -0.186695    -0.355024    -0.265428     0.297581   -0.0779452    0.0433562     0.141107    -0.484504       0.4765    -0.310148    0.0398226    -0.277785
    0.191798     0.203371      0.26783   -0.0812039    0.0631654    -0.119258    -0.370676    0.0534635    -0.195707    -0.392995   -0.0829376     0.060627    -0.225278     0.250868    -0.139584     0.582833    -0.201297    0.0178148   -0.0801899     0.264339    -0.897566    -0.348645    -0.327399     0.185943    -0.081017     0.672609    -0.595676   -0.0331864    0.0434688     0.223011     0.206733    -0.706079
   -0.257091   -0.0872342   0.00406143      0.02144    0.0262031     0.133495     0.208689    -0.115347     0.354572     0.445597     -0.24455    -0.309457    -0.061006  0.000376283    0.0960376    0.0927238    -0.103757     0.194765   -0.0693336     0.137468   -0.0275353     0.221181    0.0371098   -0.0252101   -0.0495042     0.274071    -0.136873    -0.128705    -0.327814   -0.0147787   -0.0441387     0.175377
  -0.0746968     -0.14222     0.426519     -0.18867  -0.00398525    -0.595091    -0.485517     0.633443   -0.0359589    -0.541715    -0.258723     0.242152    -0.508402    -0.225334     0.134419    -0.256819     0.341484     0.138198     0.208834   -0.0681763     -1.01997    -0.467696     0.149184    -0.159636    -0.370667    -0.124538     0.012526     0.360398     0.434086    -0.206546    -0.231407    -0.360993
     0.80898     0.181785     0.684342    -0.167781   -0.0374175     0.594877      0.32244    -0.108645     0.287623    -0.229261    -0.288524     0.157243   -0.0113541     0.390409    -0.324568     0.275289     0.291893    -0.291713    -0.490204    -0.375664    -0.528527    -0.251895     0.270105     0.348017      -0.1679       0.3601    -0.385878      0.32419    -0.585759    -0.100587    -0.100658     -0.22273
    0.467647    -0.981628     -0.10222     0.140409     0.385862    -0.195228    -0.545539    -0.266986     -0.16517   -0.0316561      1.35929      1.20023     0.242682    -0.327571    -0.361118     0.538747    -0.967842    -0.530215   -0.0698635    -0.173686    -0.880719     0.439369    0.0110513     0.277536     0.305277   0.00319181     0.645731    -0.348906     0.523799    -0.130285    -0.388476    -0.393786
  -0.0657897    -0.279904    -0.411404     0.197345     0.166604    0.0136721    -0.183532   0.00152066    -0.230911    0.0789967     0.223175      0.24331    -0.591815     0.138462    0.0151533    -0.113876   -0.0121053     0.177561    -0.781825   -0.0347823     0.743964     0.769087     0.249869     0.237274     0.282836    -0.157894     0.221153     0.285562    -0.079843     0.580906    -0.074876     0.429612
    0.514796    -0.601269    -0.555108    -0.383519     0.157273    -0.220678     0.185461     -0.27498    -0.260765     0.333501      1.19987    -0.349664    -0.209237    -0.495887     -0.61792      1.07748    -0.149112    0.0882775   -0.0848129    -0.469138    0.0398758       1.2673    -0.493207    0.0493244    -0.365559    -0.164652    -0.283508     -1.06261     0.150109    -0.317118     0.168631    -0.281033
    0.207458   -0.0405021    -0.532586     0.665339   -0.0878655     0.222617     0.183708     0.419326    -0.800375    0.0761135       0.3292    -0.348223    0.0683585     0.202322    -0.158911    -0.118673    -0.560732    -0.376964    -0.526991    -0.243666      1.07464     0.930909     0.208171     0.259959    -0.085995    -0.518566    -0.432934    -0.547201    -0.704276     0.426816    -0.190137      1.24128
    0.433229    -0.657055     0.418823    -0.720019    -0.307867     0.390972     0.389162   -0.0918211    -0.393472     0.635659      0.34164    -0.145138     0.602598    -0.382159   -0.0836292    -0.107246   -0.0613024   -0.0573934     0.106103     0.177351     -2.51949    -0.423803    -0.192467   -0.0470926   -0.0992694     0.598411     0.169196    -0.332161      0.12256     -0.48087    -0.242945      -1.3454
   -0.355429    0.0516089   -0.0980266    -0.325007     0.102105     0.863025     0.402167     0.535121     0.346426      0.34359     -1.11581    -0.470771    -0.675558    -0.158309    -0.215791    -0.440291    -0.262259     0.454276     0.233308   0.00509512     0.224155    -0.136672     0.168699     -0.12345    -0.309439    -0.341676     0.605993   -0.0378353     0.627675    -0.560023     0.181862    -0.258662
    -0.67804     0.454598     0.202409     0.321349    -0.152583    -0.209833     0.478315    0.0502771      0.31465    0.0226055    -0.152682     0.204841     0.292931    -0.083882     0.320046    -0.233848     0.267438     0.128608    -0.520348     0.275975     0.188403     -0.23828     0.192698      -0.2472     0.614777    -0.498898     0.123909     0.267251   -0.0684884     0.931625    -0.253172      1.19472
   -0.606465    -0.237515    -0.785813  -0.00422679    -0.489653    -0.322752    -0.156929     0.468692   -0.0463488    -0.420515     0.153197     -0.27157 -0.000174529    -0.110257     0.249837     -0.80855    -0.441835     0.163765    -0.568572    -0.625888      1.05479    -0.553578     0.362973      0.17988     0.218755    -0.587805     0.398843    -0.320415    0.0803698     0.483755    -0.317899      1.13188
   -0.109947      1.05153     0.709501    -0.462245    -0.143446    -0.772288    -0.159684      -0.3087    -0.336173     0.203769     -0.39471     0.330943    -0.211019    0.0508058    -0.214554     0.566165     0.148188    -0.157462      0.63892     0.157586   -0.0101396    -0.575269     0.337032    -0.419138    -0.408892     0.386106    -0.559435     0.141378     0.347787     0.213491    0.0196874    -0.394246
    -0.12078   -0.0249456   -0.0291604     0.412391    -0.295223    -0.127267    -0.155185    0.0513797     0.477068    -0.331376    -0.341572    0.0224593     0.141995     0.455764   -0.0744507     0.100162     0.165933     0.352171     0.252067     -0.18148     0.299473    -0.373898      0.36247   -0.0247983    -0.427246    -0.533032     -0.12901     0.239331   -0.0381492    -0.033422    -0.171734     0.210877
    0.108726     0.170244    -0.403098    0.0239039    -0.186572   -0.0892427    0.0249967     0.294877    -0.274218    -0.126927     0.210018     0.129661   -0.0769871     0.040793     0.339611    -0.198751    -0.167987    0.0823708     0.165899   -0.0751969     0.580283     0.388271     0.392039    -0.306035   -0.0811803    -0.196745    -0.216516     0.209293    -0.125233      0.43531     -0.21663     0.470749
     0.37888     0.391391       1.1591     0.127133     0.197581    -0.359708    -0.531088     0.415761    0.0118659      -0.8163     -1.48699     0.284269    -0.301004   -0.0871609     0.337857     0.479868    -0.403849   -0.0376122     0.235588     0.701734    -0.617618    -0.798778     0.202545   -0.0331146    -0.485244   -0.0433089    -0.110044     0.223025     0.382106    -0.433485    -0.556764    -0.848366
   -0.500307       0.2999     0.628097    0.0966311    -0.139056     0.161318   -0.0733511     0.253601     0.443563     0.227577     0.185562    -0.078568   -0.0678676   -0.0544333     0.257235     0.134834    -0.205006    0.0238057     0.227737    -0.442567     0.586604    -0.222797     0.141402   -0.0298332   -0.0454544    -0.193018    0.0341986   0.00956865   -0.0354125    -0.327039     0.390199    0.0943629
    0.212355   -0.0189503     0.376161     0.299048    0.0701633    -0.288481   -0.0375425    0.0263031    -0.471685     0.283981    -0.324973    -0.214027    -0.498694    -0.211669   -0.0960921   -0.0176385      -0.4769      0.22106     -0.23014    -0.476342    -0.386907    0.0961154    -0.262306   -0.0266264    -0.127983     0.475607    0.0313706     0.170097     0.267157    -0.496962    0.0746585    -0.783421
  0.00735161     0.181579    -0.162223      0.31321     0.234227     0.316566      0.47656   0.00571903   -0.0450877     0.303381     0.256794     0.357466    -0.111367   -0.0795609      0.15332    -0.826272     0.410772    -0.188719    -0.495744    -0.301928     0.758322    -0.300086    0.0799355    0.0981587   -0.0711913    -0.267462      0.15865    -0.360959    -0.344793     0.424965     0.070704     0.695355
    0.241635     0.133091     0.108131     -0.75084       0.3693    -0.438837     0.159401    -0.219977     -0.21686     0.439743    0.0605651    -0.428151    -0.653869     0.376864   -0.0895833    -0.166818     0.297856    -0.268154     0.292182    -0.629661     0.646208     0.437484     0.370123     0.171014    0.0418754    -0.536916   -0.0753825    0.0495767    -0.358683    -0.787445     0.129013     -0.43601
   -0.791977     0.522404    -0.500053     0.362951    0.0260007     -0.71336    -0.572762     0.940114    -0.177748     -1.30176    -0.721005    -0.216898    -0.734235     0.451428     0.805913    -0.683551     0.569977    -0.260895      0.19119     0.519882     0.567951    -0.707205     0.530885    -0.135845     0.429593    -0.722563    -0.161859     0.188914     0.224305    -0.181233    -0.883348     0.102886
     0.75885    -0.201461      0.54076    -0.334616    -0.359595      0.37492    -0.159162    -0.365762    -0.194751     0.278937    -0.122584   -0.0182646   -0.0259695    -0.110613    -0.348041     0.773081     0.471562     0.298436     0.342721     0.375631     -2.33397    -0.262915     -0.45183     0.475447    -0.377126      1.27019    -0.038879     -0.16075     0.558126    -0.795535    0.0900501     -2.11457
   -0.451913   -0.0428969     0.550736     0.309788      0.17405    0.0277592     -0.36561     0.216962   -0.0346686    -0.268366    -0.558136    0.0580501      0.11664     0.197137     0.379185    -0.242111     0.627328   -0.0888271    -0.499366   -0.0587167    -0.264417     -0.40876   0.00165297    -0.288807    0.0932238    -0.241783     -0.23146   -0.0110803    -0.053415    0.0379671    -0.206727     -0.15312
   -0.348642    -0.255577    -0.377683     0.323024    0.0779056    0.0653401    0.0595052    -0.257679     0.313539    -0.231992    0.0798282   -0.0418236    -0.267083   -0.0893416     0.171676    -0.216961     0.280798    -0.331197    -0.452504  0.000863342      1.15004     0.132702     0.775863     0.489334   -0.0374307    -0.315865      0.18767     0.207446    -0.270782    0.0548532     0.176152     0.565623
    0.427909     0.370496     0.269523    -0.512268    -0.298923    0.0440101    0.0387992      -0.9049     0.266157     0.467793      0.10477      0.19894     0.645782     0.495659    -0.197731    -0.186286    -0.232449   -0.0227736     0.450763     -0.13726    -0.457798    -0.265727    0.0395959    -0.276899    -0.645729     0.330328   0.00989298   -0.0408598   -0.0080262    -0.485242     0.257177    -0.247393
    -0.39472     0.224625     0.455061     0.386353     0.272356    -0.455868     -0.53364   0.00920381    -0.296431    -0.374038     0.259242    -0.148772    -0.336048     0.245403    0.0712603    -0.216541    0.0780888    -0.197573   -0.0500094   -0.0534924   -0.0906528    0.0804278     0.362298    -0.216678     0.209901    0.0971663   -0.0550593     0.504964    0.0396907    -0.124329     0.192097    -0.327108
   -0.068265   -0.0371676   -0.0365853    -0.229586    0.0141356    -0.745754    -0.306492    -0.123191    -0.175293    -0.698747     -1.07926     0.604073     -1.28438    -0.694306   -0.0666935      1.07752    -0.771089     0.127241     0.228023     0.718898    -0.708559   -0.0239019     0.181099     0.390928    -0.677747      0.38718    -0.180121   -0.0555753     0.283138     0.271088     0.214104    -0.622012
    0.348884    -0.417104    -0.197471     0.153444    -0.200905   -0.0192116     0.134047    -0.439789    -0.319964     -0.11955    -0.458967    -0.229742   -0.0491348     0.122039    -0.449581     0.572356    -0.124181    -0.104976     0.302782    -0.290539     0.249638     0.519199    -0.648756    -0.508073    -0.147783     0.327887     -0.51123    0.0763134    -0.517667    -0.228119    0.0767231    -0.378682
    -0.04091     0.609695     -1.09896     0.127789    0.0865184    -0.023577    -0.154761    0.0708125     -1.08354    -0.198808     0.418039    -0.484973    -0.507891    -0.463382  -0.00761066    -0.101372   -0.0744745    -0.576591    -0.342236     0.476119      1.78216     0.870615    0.0566705    -0.379089    -0.213388    -0.858622     0.174868    -0.133302     -0.24714    0.0285319     0.954973      1.39008
    -0.41806     0.474109     0.283564     0.525321    -0.324641     0.163335     0.138984   -0.0190549     0.148982     0.265543      -1.2644   -0.0817327    -0.202541    -0.434941     0.599872   -0.0964433    0.0770389      0.22202    -0.135951    0.0562717    -0.457272    -0.776508     0.269614     0.371231   -0.0851657   -0.0245211   -0.0149368     0.717212      0.53374     0.192316     0.161069     0.492277
  -0.0747059     0.444822     0.325689   -0.0498631    -0.109255     0.712219    -0.246143    -0.445393    -0.289648    -0.359501     0.175315    0.0154718    0.0310594     0.443438     0.059997   -0.0825262     0.334874    -0.247503     0.250923     0.424077     -1.05524    -0.809776     0.945646    -0.292276   -0.0886604    -0.464036     0.350417   -0.0893228     0.623115   -0.0697886    -0.320575    -0.585798
   -0.495198     0.433242    -0.424617    0.0782235     0.276005    -0.504134     -0.50016     0.994618    -0.480724    -0.268727    -0.602965   -0.0767352     0.139752    -0.303746    -0.152713   -0.0788983    -0.515948     -1.07964      0.63974    -0.102914     0.721154    -0.195083    -0.130097     0.624739     0.136139    -0.579831    -0.820843    -0.305006     0.736331   0.00829116    -0.315723     0.142222
    -0.24396      1.22532     0.299502     -0.29169    0.0788046    0.0291352    0.0409778     0.175947    -0.313317    -0.103567    -0.516308  -0.00126825     0.433113     0.155476     0.251178    -0.538945    -0.112544     0.178502     0.390749     0.719568      1.80416    -0.506253     0.211888    -0.693528    -0.262092    -0.802082    -0.416744     0.600217     0.579095     0.258934     0.284383     0.698855
   -0.140463     0.299898     0.306736    0.0173203   -0.0316894     0.538785     0.445926    -0.454974   -0.0565901    -0.155127    -0.270684    -0.357046    -0.204472     -0.34897     0.122536     -0.31516    -0.945352   -0.0844187    -0.147384     0.384513    -0.313305      0.12412     0.435178   -0.0889012      -0.4924   -0.0231981    -0.146724     0.356617     0.533966     0.157892     0.132571     0.370402
   -0.233443     0.156578     0.115833    0.0638944   -0.0962668     0.112043     0.643646     0.139883     -0.19594    -0.275241     0.475171     0.239687     0.556425    0.0118697    -0.124297    -0.469716     0.331223    0.0247459    -0.216246    -0.258506     0.829233     0.735443     0.116081    -0.172242     0.258455    -0.428258     0.149216    -0.132762    -0.168249     -0.17217     0.468803     0.655934
   -0.333982     0.252052    0.0768713   -0.0193477    -0.199961    0.0190725    0.0710227     0.337891    -0.287947   -0.0434792     0.382294     0.447997    -0.124387    0.0761105    -0.178298    -0.417165     0.478669    -0.393998    -0.682491     0.171538     0.759214     0.377574    -0.149355   -0.0699752     -0.14596    -0.418123     0.269244     0.462318      0.33751   -0.0558556     -0.19685     0.235518
   -0.747922     0.183922    -0.502035     0.760619     0.320392    -0.273707    -0.248026     0.961627    -0.598058   -0.0187109      0.32365    -0.366758    -0.470615    -0.458533     0.617243    -0.158571    -0.404977    -0.312384    -0.215262     0.112941      1.58155     0.290638     0.614259    -0.450348     0.176396      -0.3496      0.47044     -0.58443    -0.125401    -0.238671     0.379396     0.989647
   -0.324295     0.625253     -0.87405     0.268649    -0.435445     0.449224    -0.147519     0.081304    0.0849587    0.0980265     0.669206    -0.144643     0.174373   0.00337586     0.241925    -0.975788    -0.319565     -0.33469     0.375245    -0.239084      1.82349     0.462834     0.948896    -0.543656     0.173256     -1.12391     0.252069     0.190847    -0.187385     0.571912     0.450707       1.8112
 -0.00984479    0.0544255    -0.164624    0.0151735      0.29897      0.24252      0.16052    -0.269364     -0.16835     0.042537    -0.402967    -0.137183   -0.0866672     0.257565    0.0926908     -0.41486     0.398937    0.0758803     -0.48679    -0.233303    0.0973463       0.1484    0.0349356    0.0931704    0.0263174     0.139226     0.198534    0.0435704   -0.0154054    0.0864892    0.0710502     0.196589
    0.543709    -0.731668   -0.0641926    -0.052955     0.279909     0.463504    0.0658034     0.251408    0.0869992    0.0389735    -0.343836     0.315951     0.284514     0.371872    0.0654299    -0.620818     0.606512     0.403439      0.37788    0.0347378    -0.647203    -0.475911     0.698109     0.365713   0.00211242    -0.192872     0.279468     0.515809    0.0184531    0.0345465   -0.0430215     0.399536
  -0.0556651   -0.0200613    -0.441769    0.0113153    -0.128084    -0.129798    -0.471448     0.124846    -0.734798   -0.0769615    -0.181471     0.237779    0.0577592     0.654445    -0.108685    -0.100659     0.587508   -0.0525622    -0.339162     0.441349     0.374156     0.413626    -0.204564   -0.0175445     0.654928    -0.553786     0.439977    -0.477317     0.286366     0.188365   -0.0896292     0.277611
    0.396683    -0.341709     0.407559    -0.554582     0.650085    -0.113976     -0.73232    -0.186545    -0.918059    -0.354164     0.841015     0.779539    -0.845564     0.506637    -0.399677    -0.288144     0.296786    -0.473762    -0.128374    -0.243821     -1.12164    -0.461926     0.493378     0.476621     0.409869    -0.373416     0.416279     0.476581     0.698721    -0.121819    -0.106052    -0.935473
    0.525527    0.0141895    -0.573657    -0.455614     -0.60132   -0.0957427     0.299434    -0.336297    -0.156778     0.221096    0.0646272    -0.365679     0.113256    -0.366952     0.334717    -0.146594   -0.0680248   -0.0641721     0.281951    -0.157132      1.06021     0.425808     0.585877    -0.423991    0.0421227    -0.514133    -0.246682     0.263207     0.172088   0.00289038   -0.0169652     0.485029
    0.396805      0.83592     0.562744   -0.0593243     0.392461    -0.326371    -0.571336     0.179121    -0.365304     0.297425    -0.237924     0.569622    0.0150907   -0.0196846    0.0374496    -0.169209     -0.37812   -0.0617371    0.0393437     0.511366    -0.293345    -0.105468   -0.0342867    -0.354836    -0.185449     0.184561    -0.359042    0.0101957     0.224444     0.500314    -0.175198   -0.0376666
    0.382345     0.279989     0.250652     0.488621     0.153133     0.344656     -0.11959    0.0804785    -0.149675     0.702169     0.290928   0.00909019     0.456003   -0.0548266    -0.821352     0.208248     0.495221     0.629598    -0.268823    -0.426337    -0.309799   -0.0258669    -0.848393     0.392668     0.348521     -0.13529     0.823965    -0.506957   -0.0385934    0.0677535     0.156789    -0.313761
   -0.226541     -0.40825   -0.0592627    0.0637776    0.0487336     0.120817    0.0527492    -0.405251    -0.144125      0.11573     0.115366   -0.0219711     0.270305    0.0724894    -0.088122   -0.0522485     0.339161     0.481796    -0.131131    -0.163973    -0.136556     0.157607    -0.448621   -0.0628787    0.0990873    -0.254502    -0.130487    -0.212893    -0.140101    -0.270593     0.271593   -0.0220878
    0.300903    -0.572466     0.332455    -0.236923     0.251966    0.0305391     0.506193     0.102689    -0.633202     0.107707     0.309223   -0.0817835     0.349856   -0.0366266   -0.0372735       1.1693     0.232678     0.425267    -0.763979    -0.333956     0.123654     0.347568    -0.572555     0.288067  -0.00703291      0.23224   -0.0344853    -0.289224    -0.103164   -0.0262915   -0.0234283    -0.509533
   0.0220578    -0.231043    0.0679729    0.0255272     -0.11809    -0.170162    0.0473991    -0.229504    -0.172127    0.0637697   -0.0816251   -0.0430709     0.297755     0.421521    -0.209889    0.0574132    0.0531118     0.132297    -0.112754    -0.323894      1.01791     0.332715    -0.320541    -0.210954      0.50035     0.119445    -0.172167     0.280005    -0.449437     0.380276   -0.0147017     0.531931
    0.250877     0.105882     0.472467    -0.335284     0.350566   -0.0174246    -0.783207     0.001288     0.131718    -0.144515    -0.417089     0.223987     0.156897    -0.118103    0.0107348     -0.55734    -0.555435    -0.178618    0.0167134    -0.410318    -0.489804    -0.562719     0.123809     0.108082    -0.784093    0.0770715    0.0307366   -0.0602555   -0.0153463    -0.393312     0.010228     -0.65655
   -0.108418      0.77917     0.528358    0.0417259     0.202457    0.0365845    -0.342457     0.135736    -0.207392   -0.0654624    -0.261511    0.0198495    -0.810441     0.283593    -0.427086     0.855917    0.0133801    0.0713821     0.437448     0.305655    -0.607488    -0.202586    -0.208555     0.486347  -0.00158011    0.0990708   -0.0690594    0.0480105    -0.182611    -0.631565     0.204719    -0.660646
  -0.0534386     0.199477     0.267705     0.111761    0.0441587    -0.209601    -0.738963     0.164131    0.0642516    0.0363273    -0.774769     0.165991    -0.364191    0.0171577     0.292266     0.471187     0.474826     0.122553      0.35118     0.470339     -1.56935     -0.22118    -0.522356     0.247052    -0.274586     0.783764     0.225079   -0.0758214   -0.0966497    -0.520213    -0.167519     -2.58038
   0.0381368    -0.506384    -0.173242    -0.210806    -0.149271   -0.0362103  -0.00245561     0.156294     0.277704    -0.204376     0.458475     -0.19472    -0.026984    0.0911037     -0.30819    0.0409012     0.327644    -0.493568    -0.508299     0.240693     0.415575    -0.364971     0.401781    -0.383738    -0.262088   0.00105237   -0.0999706     0.212507    -0.477339    -0.233993    -0.497175    0.0180951
    0.146578    -0.314065     0.041955    -0.378272     0.295277     0.150539     0.102236    -0.354076     0.190357     0.123719     0.137446     0.244267      0.94611     0.163904    -0.057775    -0.131709    -0.206999    0.0855169   -0.0647318      0.31523    -0.278955    -0.196322    -0.297784     0.130192    -0.387123   -0.0696206     0.187594    -0.100073     0.205212   -0.0866288    -0.259115     -0.48026
    0.266046    -0.654874    -0.890853    -0.216781    -0.490384     0.591447     0.654023     0.167051   -0.0554102     0.386611     0.911506     -0.55343    -0.131804    -0.378483    -0.293952    0.0903379     0.192712    -0.784769    0.0817405    -0.305147    0.0945538      1.03965     0.181511      1.33382     0.463256    -0.200635    -0.471353   -0.0914131     0.282036   -0.0313391    -0.241087     0.584634
    0.641142     0.231739   -0.0312393   -0.0889761   -0.0981161    0.0428454     -0.32585    -0.738023     0.392824    -0.113653    -0.178099     0.680149     -0.26128     0.461719     0.047592    -0.302385    -0.539333     0.267234     0.322903     0.246006     -1.35232    -0.488509      0.85154     0.431356    -0.291505     0.309619    -0.239314    -0.247418     0.514946   0.00485681     0.404935    -0.867794
   -0.537694      0.26297    -0.113703   -0.0229839      0.32911    -0.271819   -0.0956003    -0.407829    -0.153341     0.029973     0.381467     0.056248     0.167238     0.610144      0.15516      0.31394    0.0622311   -0.0692583     0.737696    0.0230907       1.1887     0.202302    -0.269193     -0.39182     0.122813    0.0825835     -0.71507     0.284328    -0.365223       0.0962     0.193817     0.802331
    0.404492    0.0274085      0.25508     0.242259     0.409945     0.062967    -0.138933    0.0118412    -0.119268  -0.00788281    0.0122234     0.103511    -0.894615    -0.123306    -0.215183     0.593535   0.00533403     0.226218   -0.0262746     0.568257     -1.23595    -0.998212     0.037572    0.0219711    -0.735341       0.7495    -0.398584    0.0724856      0.17382    0.0513729    -0.396426    -0.815215
   -0.060369     0.526048    -0.275192     0.104985    -0.141116    -0.266936     -0.15627     0.404371     0.286888    -0.302066    -0.196382     0.316978    -0.268416      0.44325    0.0937492     0.237415    -0.817838    -0.420419    -0.241794    -0.253653    -0.253814      0.29888     0.504144  -0.00372535     0.245963    -0.297097    -0.400524   -0.0980904    -0.245274     0.766243    -0.567495     0.586814
    0.593312    -0.336767    -0.359901   -0.0745407     0.284593    -0.110509     0.234458   -0.0613662    -0.623608     0.333926      1.47557      0.19359    -0.286443     0.201894    -0.371708    -0.314514      -0.4826    -0.967194    -0.850548    -0.363075    -0.307404     0.248733     0.859726     0.389683     0.215571   -0.0420352      0.11126     0.372836     0.265064     0.155425    0.0412335     -0.11995
   0.0435578   -0.0978582     0.864344    -0.225442    -0.751916    -0.771752    -0.137541    -0.618479     0.805562   -0.0287567        0.382     0.377247     0.618055     0.493463    -0.206899     0.734977     -0.47956   -0.0252204      0.60491     -0.56839    -0.298111    -0.635914     -1.22553    -0.611606     0.230584     0.408729     0.489607     0.494584     0.476698    -0.272665     -0.65163     -0.79527
  -0.0145918     0.245712   -0.0411068    -0.234949   -0.0540706    -0.389725    -0.140023    0.0593565     0.302435     0.117517    -0.370009    0.0989233   -0.0624991     0.169842     0.144887   -0.0781721      0.15482     0.159803    0.0214989     0.254266     0.320982     0.295962   -0.0281206    -0.326129    -0.060007     0.447658    -0.146002    0.0662597  -0.00792922     0.142205    0.0546583    -0.252042
    0.220286    -0.165332    -0.928225    -0.167671    -0.752338    -0.877704      0.38901   -0.0177807     0.302913     0.146034    -0.231533     0.873863      0.21119    -0.152973    -0.379419     0.373577     0.717062     0.562544    -0.272672    -0.784848     -0.38368     0.878537    -0.274516     0.355074     0.306192    0.0603825    -0.122495    -0.416207    -0.231693      1.31739    0.0921735     0.359439
   -0.815839    -0.236722    -0.123293     0.572411     0.481295     0.274075    -0.810583     0.367078     0.293078    -0.277891     0.171005     0.322056     -0.71816   -0.0759365    -0.108869   -0.0107277    -0.714566    -0.328513     0.147641    -0.173475     0.389397   -0.0837832    -0.222654     0.431635     0.443683     0.252789     0.121759     0.120254     0.472701     -0.30493    -0.555864    -0.288214
    0.743334    -0.661125      0.51372     -0.30945    -0.386171      0.87572     0.501041    -0.240138     0.297414    -0.044277      0.40802    -0.441418     0.494502    0.0935577    -0.194708    0.0337566    -0.389903   -0.0572042     0.454984     0.424131    -0.232356    -0.164009    0.0652285     0.219677    -0.785582     0.625636    -0.383679     0.103102    -0.406373    -0.180198    0.0359718    -0.132519
   -0.191913    -0.514112    -0.365621     0.465811     0.140322      1.44104     0.347562     0.465452     0.194535      0.38703    -0.227994    -0.898873     0.522384     -1.28562     0.307527     -0.34431    -0.950482    0.0943084     0.295806      -0.5144       1.0396    0.0231138    -0.133353    -0.049339    -0.241627    0.0190897    0.0708953    -0.272375    -0.339998    -0.492613    0.0472846     0.538961
    0.243696    -0.165882     0.103268    0.0215444     0.203394     0.254798     0.387996     0.113149    -0.154702     0.434435     0.421953      0.07038     0.422429    -0.303919     0.189265    -0.305605     0.252576    -0.328616     0.163324    -0.423514    -0.220208     0.256177    0.0469024    0.0863595    -0.035379    -0.261403   -0.0307819    -0.242284   -0.0987834     0.400984     0.135666    -0.235886
    0.429787    -0.546255     0.575829    -0.847014     0.904271     0.239588    -0.464953    -0.364798    -0.422035    0.0220636     0.499806     0.325197    -0.140197    -0.134648    -0.454052    -0.213822    -0.411656    -0.339039     0.124802    0.0603735     -1.22328   -0.0215499    -0.349056     0.218481    -0.182022     0.602576    -0.161796     0.176372     0.612619    -0.676239     0.577851     -1.25144
     0.04536    -0.118561    -0.622177    -0.270917     0.140889     0.221462    0.0828561     0.160085     0.136747     0.154956      0.11134     0.244182     0.199073     0.325517    -0.058928   -0.0836034     0.432878    -0.235107    0.0930796    -0.479622     0.245813     0.299901    0.0467985     0.454106     0.393627    -0.469072    0.0548416   -0.0648342     0.329517   -0.0712194    -0.241313     0.389071
   -0.624807    -0.110753    -0.286782   -0.0704437    -0.413886   -0.0651667    -0.406028     0.476117     0.457894    -0.160049     -1.34929    -0.543841    -0.252951    0.0407317     0.401639    -0.497664     0.636292      0.88004    -0.096729    -0.389454     0.139048    -0.392923    -0.894259    0.0341758    -0.245286    -0.324126     0.495512    -0.210019    -0.295361    -0.324208    -0.757153   -0.0964769
  -0.0773252    -0.286946   -0.0309767     0.208301    -0.620807     0.354054    -0.678018      -0.3217   -0.0340779     -0.36635    -0.305405     0.129521    -0.463343     0.125001    -0.167546     0.808982    -0.644391     0.256636   -0.0174568     0.199793     0.197095    -0.101297   -0.0089191     0.250912    -0.467304      0.63346    -0.296567     0.248411    -0.663581     0.298709    0.0714511     0.194947
    0.173161    -0.434812    -0.284949     -0.02156    -0.146653   -0.0913026    -0.148505    -0.103227    -0.146835   -0.0444015     0.299215     0.142524     -0.11737    -0.151576    -0.250371    0.0494358    0.0639224    -0.280846    -0.196972     -0.19309    0.0526558     0.268686    -0.372275     0.253354     0.309347   -0.0401065  -0.00302701    0.0381189    -0.116071     -0.17094     0.424453    0.0703596
   -0.684599    -0.292361   -0.0236437     0.357023  -0.00553471     -0.30289    0.0833879     0.289299     0.362323     0.571655   -0.0640236    0.0814455    -0.329715    -0.885327    -0.436791     0.157453    -0.124136     0.218848     0.485898    -0.507435     0.655045    0.0112149  -0.00352777    -0.378572    -0.316617    -0.129831    -0.152398    -0.740112    -0.102123    -0.230607     0.287947     0.300233
   0.0931267     0.138939    0.0974779   0.00153294    -0.153079     -0.14891   -0.0836935     0.374894     0.120314    0.0364066   -0.0111026     0.534585    -0.078131    0.0716599   -0.0965518     0.368833    -0.591073    -0.197033    0.0997047      -0.2995     -0.29027      0.14358    -0.342486     0.220175     0.675243     0.219639   -0.0929612   -0.0516759     0.257754     0.117562   -0.0522288    -0.626776
  -0.0285437    -0.798963    -0.470646    -0.372371   -0.0102701     0.182684     0.898625     0.184923     0.562393    -0.187717     0.111278     0.198476    0.0647396    -0.163394    0.0583871      0.21762      0.77815   0.00834674     0.201355   0.00621602    -0.436836    -0.220085    -0.425441     0.230387    -0.188675   -0.0168303   -0.0739163   -0.0543917     0.308445    0.0819506    -0.189888    -0.392039
   -0.025593     0.264088    0.0918236     0.292265    0.0736049    -0.462384    -0.276058    0.0534829     0.170205    0.0536017    -0.638218     -0.52526    -0.199985     0.306039     -0.25167     0.309798     0.156983      0.52598   -0.0864487    -0.378336    0.0747697   -0.0768557    -0.268071     0.450234     0.439108     0.145727   -0.0798778    -0.146534    -0.849632     0.224258    -0.415585    -0.244272
   -0.132749    -0.262304      1.53774    -0.868284    -0.355248    -0.309945     -1.12285    -0.151425    -0.189646     -0.73961     0.196897      1.38209    -0.155896     0.506684     -0.53395      1.18818     0.383531     0.322338     0.537207     0.545591    -0.466732     -0.33986    -0.152557     -1.10199     0.117814     0.547967    -0.134144      0.33186     0.953639    -0.608354   -0.0452949     -1.80301
   -0.196433    -0.749759     0.431205     0.230433    0.0694604     0.087735     0.560057     -0.10422     0.185922    0.0593599     0.314337      0.24088    -0.391972    -0.125641     0.134282      0.20983    0.0694675     0.277008    -0.232659     0.218413    -0.397327    0.0875349    -0.170939     0.529882    0.0773881    -0.036055    -0.080405   -0.0382106    -0.151095    0.0950344    0.0592778     -0.40424
    0.203349     -0.32686    0.0498933     0.368516     0.176567   -0.0222297    -0.110401   -0.0618699     -0.20199     0.231832     -0.33201   -0.0669573     -0.21914    -0.131343     0.402531     0.148204    -0.167764    0.0960198     0.190405     0.321863     0.173712     0.271241     0.717235    -0.156039      0.20121    -0.171565    0.0334126    -0.123437   -0.0423044   0.00708345     0.457726     0.146507
  0.00272057    -0.971782    -0.347947   -0.0441638    -0.171042    -0.825661    0.0509746    -0.496648    -0.373455    -0.223687     0.706353     0.216352    0.0844932     0.343874    -0.901434      1.18304   -0.0103502    -0.532037    -0.929913     -0.30571     0.111234     0.546714    -0.415731     0.632777     0.500172     0.435714    0.0554669    0.0911572   -0.0711131    -0.236841    -0.402235     -0.98772
     0.24678     0.264076     -0.18642   0.00197165     0.389663    -0.250628      0.40591     0.571233   -0.0242475      -0.4008    -0.683863     0.405388    -0.469521   -0.0675581    -0.333979    -0.497147    0.0981415    0.0822388    -0.329489   -0.0210326     0.190244    -0.360548     0.193399     0.244089    0.0734145    -0.506013     0.456604    -0.290267     0.154185      0.23887    -0.119628     0.889855
   -0.173462     -0.51679    -0.120221     0.246367    0.0689061    -0.501046     0.407659     0.294588     -0.17283    0.0666131    -0.674497    -0.349642     0.499891   -0.0558795    0.0893846      0.15962   -0.0800641     0.104614    -0.328359    -0.391048     0.620998     0.133307     0.200704    -0.250926     0.152271     -0.42823     0.034089     0.198333     -0.59983     0.552525    -0.249175     0.179856
   -0.260625    -0.150688     0.145333    -0.504864    -0.070514    0.0649297    -0.302621    -0.282584     0.308441    -0.188377     0.514483     0.308838   -0.0114524     0.160487    -0.146563     0.187226    -0.263824    -0.616669     0.186278    -0.355797     0.609966  -0.00920817    -0.549447     0.123237   -0.0421457     0.295515     0.156807    -0.136368     0.182613    -0.627179    -0.368451   -0.0492072
   -0.131333     0.213294    -0.235483    -0.154308     0.312186    -0.162094    -0.288092   -0.0628529    0.0807177     0.304667   -0.0230751     0.362447    0.0430821     0.221508    0.0376157     -0.35815   -0.0120875   -0.0624153    -0.145649     0.257612    -0.765095    -0.263078    -0.107461     0.124332     0.312892    -0.145161     0.217028    -0.108709     0.723758   -0.0753463     0.434419    -0.379243
    0.378568     0.529817    0.0219118    -0.375968    -0.675487     0.261198    -0.653702     0.364327    0.0666003    -0.319499    -0.409429     0.175437    -0.622539     0.715066    -0.297435     0.327046    -0.393445    -0.279676    0.0183543     0.648665     -1.53777    -0.209488    0.0775686     0.206884     0.121397    0.0560154    0.0273446    0.0223279     0.370995     -1.02016   -0.0220479     -1.03748
   -0.446007    -0.639644    -0.317198    -0.299187     -0.14354    -0.303279   -0.0380876    -0.250904     0.356393    0.0939982     0.392261      0.13189    0.0586391    0.0475228    -0.482085 -0.000764405    -0.104743     0.108132    -0.344076   -0.0252672     0.529691     0.324849    0.0455012    -0.270419     0.468571    -0.151745   -0.0736262     0.195874    0.0610562     0.321414     0.228381     0.148406
   -0.222247    0.0132772   -0.0136357    -0.386603    -0.056982     0.250563     0.246363     0.304854    -0.322891   -0.0656504     0.131037    -0.111055   -0.0636526    -0.628765     0.103482     0.524048      0.20997    -0.319738     0.125827     0.320832     0.306491     0.633218    -0.146752     0.390831     0.322332    -0.670005    -0.263294    -0.458939    -0.301087    -0.545242    -0.195223     0.449721
   -0.061431     0.107166     0.613221     0.167875    -0.165868    -0.611384    -0.107447    0.0652801     0.401926    -0.063956    -0.731244     0.140349    -0.263521     0.182993     0.234275    0.0318948     0.150435     0.279779     0.287896    -0.315885     -2.21286     -1.15787     0.381667     0.473706      0.25443     0.316355     0.249939    -0.375778    0.0124125     0.021728    -0.245766     -1.16657
