    0.218818    -0.388538    -0.127679     0.374646   -0.0726327     0.738171    -0.137762    -0.032312     0.406496    -0.575368    -0.275305    -0.154597    -0.283143    0.0881008      0.33713     0.058885    -0.178588     -0.10549     0.313345     0.752037    -0.234269   -0.0333965    -0.531983     0.179323     0.326305   -0.0523512    0.0298206    -0.604146    -0.327104     0.354166   -0.0916326    -0.297723
     1.04563    -0.368169    0.0339873    -0.814802     0.281113    -0.217095    -0.246253    -0.519751    -0.415463    -0.788372    -0.270465    -0.110769     0.591879    -0.457314     0.775596   -0.0615177     0.400607    -0.265491    -0.395938     0.338338     -1.38562    -0.134458     0.172258    0.0089906      1.53934     -0.23153    -0.775423    -0.577334     0.318243     0.472994     0.269259    -0.266782
    -0.05437     0.161365      0.25343    -0.735643     0.565266    -0.216391     0.954016   -0.0627458    0.0036536      1.29224     0.259626     0.189481    -0.705881    -0.381825     0.478518    0.0553035    0.0859625     0.435444    -0.384707  -0.00990795    -0.117681   -0.0984067    -0.162247      0.51358    -0.681734     0.451584     -1.15779     -0.15243    -0.315766    -0.167032    -0.711133     -0.35429
     0.71438   -0.0732838    -0.669333     0.117355     -1.11543     0.368437     0.750683    -0.399355    -0.568719   -0.0749177     0.185206     0.852115     0.563466     0.392085     0.799022     0.461119     0.189916     0.584314     0.201875     0.282083    -0.662396     0.871084     0.180987    -0.274599     0.954667    -0.423696     0.767861     0.542268    -0.154027     0.984891     0.119147    -0.778345
   -0.618848    -0.617949    0.0459668     0.712982     0.454781     -1.29086     -1.17367       1.4225      1.00481    -0.615908     -0.16417     -1.51539     -1.82527    -0.751717     0.681942     0.383837     0.697225     -1.08538     0.208017     0.469858    -0.222246     0.858638    -0.216238    -0.695028     0.651239      -1.0682     -0.46874    -0.585737    -0.211928      0.92167    -0.499902     0.799368
   -0.326102     0.444806      1.08798     0.499189     -0.27635     0.318392     0.293906    -0.379525    -0.265441    -0.464701    -0.419284    -0.716804     0.972351     0.376547     -2.22928     -1.22353    -0.481227     0.459232    -0.328047    -0.912697     0.873704    -0.461441     0.895207   -0.0478366     0.354225     -0.35477    -0.204459    -0.810429     -0.83838    -0.302314     -1.13009    -0.933584
   -0.803234     -0.23782     0.950751      1.24103   -0.0770616     -1.15254     -1.08588    -0.151182    -0.404379     -1.08917     -0.36451    -0.479371     -1.46998    0.0330939    -0.621808      0.79395     0.961336     0.454032    -0.330435      1.13991     0.623219    -0.868165    0.0812644     0.620222    -0.943362     0.201056    -0.918523     0.359082    -0.591981     -2.27646    0.0488015    -0.593843
   -0.133051    0.0109931    -0.753698     0.253513    -0.818363    -0.181482    0.0957048    -0.267854   -0.0219184    0.0691026     0.258866     0.992144    -0.047695     0.886728    -0.191571    -0.534393     0.322337  -0.00539984     0.623428    -0.115813     0.127214    -0.270872       1.0816     0.135399   -0.0528029     0.647818    -0.572758    -0.652514    -0.170815    -0.163785    -0.339449     -0.18206
  -0.0832494    0.0941684    -0.280353    -0.250774    0.0499589     0.444222   -0.0229928     0.435269      1.12894   -0.0561087   0.00866673    -0.320804    -0.824282     -0.86401    -0.223292    -0.206525     0.230231   -0.0401831      0.71372    0.0497411    -0.466102     0.272644    -0.322377    -0.183746     0.609192    -0.593192    -0.476305   -0.0372412   -0.0667983     0.307269     0.103981     -1.08715
    -1.08596     0.725267     0.287632      0.85878    -0.228158   -0.0832627     -1.02946     0.531997    -0.315636     -1.16906     0.190816     -2.00748    -0.389949    -0.951319    -0.943905    -0.390497      1.44947     0.195514      0.28962     -1.42009     0.877797     0.734186     0.414419    -0.733407     0.827806      0.31217    -0.666988   -0.0427938     -1.26652    -0.259014      1.06437     0.405181
  -0.0617924      0.13363   -0.0930102    0.0901962    -0.201489    -0.218401     0.376399    -0.442998    0.0338949     -0.38589     -0.25881    -0.197454    -0.133479    0.0545213    0.0109229    0.0279844     0.175628     0.369439    -0.375624     -0.22966    -0.534508    -0.218103    -0.114488    -0.138406     -0.22956    -0.173982   -0.0831208    -0.626702    -0.100668     0.172864   -0.0643164   -0.0271313
    0.639288    -0.505691    -0.267768    -0.201337     0.096215     0.399658    -0.517513      -0.3425    0.0477293    -0.603535    -0.781047    -0.605604    -0.958179     0.126332    -0.136873    -0.221856    -0.520532    -0.157182     0.149419    -0.280627     -0.24975    -0.214453     -1.28698     0.391082    0.0752114     -0.48988     0.682399     0.366432    -0.969816    -0.415146    0.0203643     0.541556
  -0.0923604   -0.0660526    0.0651971     -0.39937    0.0381916      0.28123     0.332148   -0.0362377    0.0677458     0.361121     0.039845    -0.160633     0.574374     0.229532   0.00782723    -0.600191     0.043528     0.362908    0.0990218    -0.593587     -0.08372   -0.0237646    -0.461313     0.203149     -0.45107     0.361456     0.070522     0.138389     0.375504    -0.304936    -0.304545    -0.330962
   -0.147451    0.0762152    0.0791103     0.391337    -0.258377     0.506424    -0.185703    -0.278365      0.45934    -0.119432     0.968021    -0.182327    -0.765257     0.236561    -0.408102    -0.455184    -0.625795    0.0973899    0.0804063    0.0907226     0.634157    -0.569853    -0.701071   -0.0532083     0.158007    -0.111465    0.0951247     0.294093    -0.103978    -0.311591      0.69666     0.579308
    0.572318    -0.577436    -0.618363     0.531449     0.845743    -0.390571    -0.353475    -0.195874     -0.15532   -0.0490084     0.450368    0.0712243    -0.588822     0.441824     0.857023     0.345593    -0.511074    -0.301221    0.0472811     0.371645    -0.120959    -0.636543    -0.310454    -0.383637     -0.57505    0.0237591     0.366658      1.04977     0.136992    -0.692989     0.215176    -0.308055
  -0.0330028      0.62375     0.203593    0.0383566     0.590989     0.117057     0.783628    0.0374525     0.226749    -0.102719   -0.0289459    0.0238903     0.135108    -0.208757   -0.0402554   -0.0784537     0.239971     0.351568    -0.651914    -0.636093     0.215189    -0.242535    -0.515344     0.265846    -0.427199   -0.0803635     0.155394    -0.182444   -0.0958802    -0.102223     -0.69132     -0.94501
   -0.446864 -0.000116915     0.234594    -0.198291     0.386594   0.00772889    -0.275061    -0.107127    -0.278413    -0.231975    -0.323586    -0.399157     0.719083    -0.343958    -0.111457    -0.396615    -0.282839    -0.592097     0.422529     0.217283    -0.249209    -0.349347     0.858215     0.053291     0.278144    -0.173138     0.300526     -1.03605   -0.0581128     0.915836     0.537986     0.526126
   -0.138182    -0.637527    -0.914396    -0.546108   -0.0741164      0.44182     0.153541    -0.491297    0.0581952     0.357484      0.13875     0.186252   0.00344238     0.196451    0.0827697    -0.363901    -0.498646    -0.614851     0.353928    -0.139392    -0.268556     0.436694   -0.0965933   -0.0494085   -0.0817315    -0.095496    0.0450124    -0.246296   0.00161376    -0.293352     -0.37748   -0.0671052
   -0.397652   -0.0568061     0.320162     -0.27601     0.421213   0.00105414    -0.268332     0.738581    -0.733988     0.616888   -0.0413514     0.312388       1.1767    -0.486651    -0.775751     0.175174    -0.312292     0.325747    -0.462809    -0.913384    0.0892329     0.044888      1.06757    -0.635878    -0.423785   -0.0618933    -0.266763      1.15508     0.212645    -0.158613    -0.228088    -0.767312
 -0.00633031     0.100944    -0.540162     -1.17917    0.0416066     0.504566     0.914941    -0.217529     0.222467    0.0548897   -0.0840148      1.06314     -0.10123     0.485954     0.473131     0.489779     0.319637    0.0382692    -0.131274    0.0770607    -0.853585      0.46874    -0.492956     0.475256    -0.161057    -0.473308    0.0641746     -0.22611     0.258678     0.481289     0.143388    -0.606687
   -0.129386    -0.414681     0.506634     0.905569     0.293504    -0.555312      -1.7714    -0.231182    -0.566524     -1.05062    -0.584469    -0.100558    -0.514569   -0.0748718    -0.388784    -0.696762    0.0495522    -0.113789    0.0723637    -0.251358     0.736526     -0.14089     0.259447     0.811705    -0.383067     0.375913    -0.156481    -0.465667    0.0176843     -1.21012    -0.535395     0.548887
   -0.637529     0.587328    -0.632167     0.110423    -0.216106   -0.0724571     -0.24256    0.0447392     0.111125     0.268153     -0.42972     0.218352     0.203918    0.0649329     0.219083     0.439305    -0.229822    0.0347753    -0.106079    -0.502147     0.248222      0.49475    -0.155325   0.00778549    -0.446781     0.131175     0.696801      0.18379     0.187314     0.140612    -0.180128    -0.160598
   -0.882582     0.138289    -0.210524      1.24938     0.989349    -0.602202    -0.800711     0.667366    -0.278752     0.432525     0.559108    -0.660867    -0.316571    -0.212314    -0.170119    -0.771143    -0.479216     0.744794     0.041125     -1.60209      1.77267     0.108448     0.579445     -1.03782     -0.31759    -0.211672    -0.666205      1.31366    -0.114781     -1.58778    -0.225949      1.21301
   -0.419722     0.423489   -0.0649591     0.681739     0.238026     -0.17856    -0.223651     0.791493     0.420926      0.15925    -0.305767    -0.495504     0.167891    -0.469919    -0.176379       0.3857    -0.370239     0.558142     0.470946     0.296528     -1.03467    -0.492334    -0.120383    -0.785656   -0.0166063    -0.455039   -0.0474716     0.261211     0.105938     0.371085     0.273894     0.270813
   -0.564844     0.625534    -0.521812     0.503102     0.289959    -0.645634    -0.422922     0.928405     0.146382      1.00341     0.614908       0.8519      1.28559    -0.136015    -0.843079      0.30014    -0.502543     0.149351     0.258826     -1.41095     0.392795     0.867591      1.96842     -1.17101   -0.0529534    -0.405086    -0.461168       1.3165     0.277818    -0.209404    -0.361949     0.322911
   -0.111189    -0.660941     -0.95897       0.8526    -0.512331    -0.358705     0.520147    -0.538954    -0.297066    -0.166962     0.396683     0.205452     0.114472    -0.169798    -0.316017    -0.486747      0.41497     -0.48539    -0.212999     0.620959     0.138208     0.814742     0.230572    0.0838595    -0.159513      1.17617      0.52532     -1.00598     0.289147     0.745301    0.0908742     0.902209
    0.104989     0.224098   -0.0372843     0.336593    0.0107739     0.275786     0.290905     0.392605   -0.0767743    -0.322937    -0.218327     0.108484     0.368434    0.0695857    -0.114165     0.167637     0.105309    0.0440651    -0.257763   -0.0873197    0.0308743   -0.0086313    -0.103468     0.365302    -0.434312    0.0724757      0.18846     0.363099     0.316236    -0.207903    -0.434902    -0.349587
    0.923544    -0.150859    -0.299718    -0.118876     0.879243    -0.768557    -0.512922     0.325367    -0.787132    -0.447664  -0.00011135    -0.169149    -0.501556     0.745957    -0.051104    0.0229797      0.32891    0.0469457     0.714729     0.433749    -0.663301    -0.128994     0.975084    0.0915146     0.041537     -1.15538    -0.360042      -0.1337    -0.394211    0.0521477    -0.254194     0.509859
   0.0876188    -0.157733    0.0829883   -0.0763136     0.255972    -0.208998     0.185492   -0.0591072    -0.123744  0.000223988    -0.329446   0.00595143   -0.0991916   -0.0775594     0.110363    0.0110219     0.013229    -0.001058     0.234641     0.461963   -0.0870936    0.0358398   -0.0205112    0.0593479     0.207238    -0.115025   0.00349068    -0.099697  -0.00649252     0.432236    -0.116401     0.139467
   -0.163477    -0.080707    -0.271148      1.16352    -0.175652     0.194741    -0.561992   0.00210702    -0.332061     0.115122     -0.17094    -0.936073     0.297058    0.0964398     0.130325    -0.233001      0.26816   -0.0530836    -0.137953     0.167526     0.136554    -0.112706   0.00138541    -0.161423   -0.0881166     0.366685    -0.167997    -0.120986   -0.0829891    -0.138344   -0.0552631     0.268163
     0.22608     0.176233     0.283526    -0.440487     0.518673    -0.154319      0.17343      0.80015    0.0766805    -0.373474    -0.609815   -0.0419197    -0.653031    -0.164846     0.182121     0.510749    -0.378715     0.107098    -0.723373    -0.058491     0.239755     0.501339    -0.291611    -0.560354     0.758954    -0.148541    -0.446684     -0.18793    -0.556212      1.29302    -0.112074      1.47441
     0.46312      0.21193     0.261896    -0.457836    -0.231995    -0.443598    -0.452013     0.262455    -0.150106     -1.09973    -0.365206    -0.205647    -0.639998     0.381933    -0.317157     0.418215     0.680967     0.321956   -0.0816471     0.227179   -0.0686554     0.399776    -0.243493     0.140986      1.07839   -0.0546199     0.691646    -0.501861    -0.224924    -0.437462     0.604011     0.470289
   0.0646717     -0.34987     -0.33553    -0.162792    -0.277956   -0.0151981    -0.014595    -0.444843    -0.166085    -0.484379     0.235289     0.206546    -0.250944     0.169706     0.114629    -0.405211     0.169821   -0.0257455    -0.139541    0.0247864    0.0987724    -0.115288     0.179469    -0.035069     0.375908   -0.0232492    -0.168168     0.148067   -0.0824984     0.171129    0.0683622    -0.062375
   0.0431027     0.251839   0.00164673     0.139006     0.261167     0.278723    -0.278081     0.305786    -0.373876    -0.312592     -0.48224    0.0507417    0.0354284    -0.239425   0.00431732    -0.264689    -0.062424     0.270458    -0.201666    0.0578085     0.127696    -0.103741     0.221477     0.329673     0.122093   0.00928524     0.587596    -0.113122     0.191437    -0.257451    -0.102339     0.238065
   -0.262619    -0.151744     0.192971     0.501398   -0.0516788   -0.0372788  -0.00663902    0.0488125    -0.200557     0.229782    -0.171839     0.286221     0.413944    -0.107766     0.136053    0.0618106     0.167802     0.515602    -0.127641    -0.203132    -0.223021     0.212699   0.00195756   -0.0310893    -0.572157     0.393568    -0.570911     0.476888     0.341679    0.0513656     0.281928    -0.201023
   0.0678233    -0.318893    -0.350165     0.749101      0.14242     0.208297     -0.35141     0.592799     0.669115    -0.540521     0.106623   -0.0737335     0.232509      -0.4318     -0.41975    -0.182227    0.0159321    -0.267588     0.281923     0.237941    0.0936951     -0.22873    -0.462879    -0.333971    0.0524271    -0.106865    -0.261555   -0.0145955    -0.259737    -0.155363    -0.338903    -0.202702
    0.159948    -0.602315    -0.201842    0.0715601    0.0314061    -0.231289     0.140589    -0.264563     0.806941     0.686255    -0.240027     0.207434    0.0314681     0.731316     0.449598    -0.645414     -1.17589    -0.421012    -0.014256    -0.147234     0.342358    -0.780411     -0.80656    -0.632988    -0.128635    -0.160653     0.810807     0.278023   -0.0929038     0.218374    -0.674823     0.392557
    0.796267   -0.0507767    0.0177966    -0.242742   -0.0561219    -0.393977     -1.38928     0.666976     0.139067    -0.411623    0.0383475    -0.149958     -0.43503     0.641384    -0.321376    -0.382757    0.0949249     -1.15905     0.194097     0.598587   -0.0866126    -0.345526      1.26513     0.121484       1.1114    -0.414683     0.548412   -0.0927526     0.164562     0.705487    -0.491024    -0.519865
    0.591428    -0.129185     -0.10507    -0.765026   -0.0758078     0.248305    0.0312526     0.037982    0.0954121    0.0690752     0.259708     0.594461    -0.269854     0.454946   0.00104454      -0.3112    -0.331858   -0.0590216     0.357223      0.44045     0.284677     0.302348    -0.149074     0.316459    -0.010822     0.192271    0.0264891     0.188622     0.273325     0.191037     0.399427    -0.394048
   0.0784829    -0.566121     0.837099    -0.107611    -0.177065     0.696319    -0.427459     0.198609      -1.0344    -0.789825    -0.324279     0.562905      1.72151     0.886501     -1.05578    -0.453116     0.231849    -0.341564     0.567154     -0.11315    -0.283547    0.0235614      1.06753   -0.0232282     0.434855     0.877692   -0.0468452    -0.253262   -0.0918384     0.906931     -0.85931     0.943753
  -0.0924847     0.858525     0.330362    -0.566457    -0.603377    0.0754764    -0.101873     0.442759     0.086616    -0.586971     0.646494     -0.89226    -0.417986    -0.234917     -1.44638     0.553606    0.0652182     0.604596    -0.523545     0.097081    -0.150647     0.650405     0.099008     -0.10296      1.20043    -0.672427    -0.379877     0.387455     0.111439     0.456023     0.760075     -0.30378
    0.814359     -1.52281      1.84951      1.36558    0.0447685     0.010551     -1.79021     0.653209      -1.5269    -0.572796    0.0815577      1.00042     0.875802     0.259941      -1.4581     0.402116      1.62749     -1.06798     0.577226   -0.0769333      -0.1419   -0.0816603       1.4413      1.13818     -1.23036     0.778582     -1.14429     -1.19727    -0.113459     -1.30462     -1.49021     -0.14979
    -1.04151     0.125189    -0.109946    -0.111818     0.618041    -0.331766      2.06066    -0.871536     0.744141      1.27289    -0.499643    -0.004826    -0.716295    -0.979988     0.425566     0.261739    -0.687922     0.737752     0.110526    -0.262834    -0.435439      -0.3524    -0.647869    -0.101901    -0.774832    -0.313212    -0.201577     0.038607   -0.0383654     0.136585     0.728525   -0.0244403
   -0.206184     0.179134   -0.0359088    -0.508202    0.0938516     -0.18893    -0.259801   -0.0521244     0.540478     0.247792    -0.385688     0.293077    -0.304953     0.416812   -0.0935916     0.415998    -0.434856    -0.219376  -0.00269125    -0.323457    -0.390505    -0.122122     0.213703     0.233113    -0.115019    -0.499505    -0.313908    -0.315199    -0.041273    0.0885971     0.102377     -0.71105
     0.13858     0.194451    0.0763063    -0.286982     0.138517    0.0665298    0.0718247    -0.342268     0.272165    0.0132177    -0.261016     0.123047     0.111615    -0.259007    -0.260527     0.434208    -0.245006     0.173303     0.531294    0.0458674    -0.381497    -0.174571    -0.559658    0.0266575    -0.184776     -0.44775    -0.352428     0.594168      0.33249    -0.396303     0.250937     -0.36381
   -0.186042     0.239142    -0.494236    -0.460114      0.20301     0.538176      1.07814    -0.844981     0.400347     0.336002   -0.0971971     0.241204    -0.030339    -0.780729     0.421514    0.0424198     -0.19062     0.689544     0.161931     -1.14013    -0.818425    -0.381259    -0.531311     0.480483    -0.323739    -0.752738    -0.431608     0.171618    0.0249742  -0.00867186     0.580028    -0.716275
    0.536066   -0.0965221    -0.724075     -1.22845    -0.707079      1.17523     0.780591    -0.903183      1.08175     0.661522    -0.592798     0.186094    -0.609763     0.365792     0.307161    -0.436272    -0.340829     0.148836     0.268151    -0.083298     0.700867     0.418629    -0.500851     0.996733     0.712009    -0.125727     -0.17022    -0.302366    -0.611547    -0.646408     0.637434     -0.68577
    0.764976      -0.7317    -0.113152    -0.550409    -0.407367    -0.326766     0.059541     -0.83294    -0.334137     -0.17078    -0.129984     0.574022    -0.341883     0.472505     0.261931     0.503439     -0.21424    -0.181624   -0.0843377    -0.143762     0.108026     0.334594    -0.163392     0.491672    -0.135955     0.485075    -0.665438    -0.487429    -0.893466    -0.573892     0.450946     0.123271
   -0.755365    -0.762117    -0.125604   -0.0442115    -0.574863    0.0299805     0.144326    -0.372891     0.342612     0.510895    -0.508985    0.0187233    -0.352032    -0.222401     0.388707    -0.224288   -0.0981885     -0.68483    -0.328424    -0.481515     0.197187    -0.359393    -0.561169     0.425662    -0.543332      0.30913    -0.598043     -1.02112     -1.08019     0.274572    -0.155143     0.392867
   -0.537368     0.347933    -0.271115     0.164911     0.127313    -0.731028     -0.45348     0.261325     -1.03306     0.165413     0.190582    -0.187739     0.378599    0.0788812   -0.0538722    -0.206589    -0.164726      0.30809      1.01455    -0.845701     0.202329     0.922211      1.35533   -0.0635368     0.252635     0.163645     0.105827     0.103427    -0.019461     0.585413    -0.547673     0.563337
   -0.142329     0.426683     -0.73624     0.168057      -0.2011      0.51466    -0.275887     0.674273     0.796585     -0.26468     0.393369    -0.342181     0.147094    -0.283341    -0.579856    -0.139734    -0.242852     0.371064     0.137896    0.0468932     0.262006   0.00585278    0.0383208   -0.0944795     0.894283    -0.454694    -0.445063     0.260803      0.29841    -0.138636     0.236327    -0.323461
   -0.135644     0.413922     0.145644     0.289746   -0.0346016    -0.236523     0.307444     0.250549     0.617301     -0.35345     0.252767    -0.483935    -0.551865    -0.757581     0.378925     0.477895      0.51382    -0.166305    0.0467963     0.196094    -0.740255   -0.0380575     0.043204      0.17495     0.141819    -0.386319     -0.25377    -0.640377    -0.603382     0.804231   -0.0390413    -0.113123
   -0.891674    -0.439721     0.312464     0.935141    -0.362376    -0.698332      -1.3985     0.682194    -0.760778    -0.534461   -0.0148133    -0.730243     0.500788     -0.28686    0.0169141       1.0904      1.03181    0.0638094     0.557762    -0.373952   -0.0657643      0.28941     0.918959      -1.2248      1.32304   0.00345034     0.248815     0.884835    -0.889503     0.127545      1.00906     0.603065
    0.423616    0.0611106    -0.138573     0.205928     0.371603     0.168397    0.0816561    -0.235454    0.0777529    -0.220751    0.0208036     0.265213    -0.294434    -0.342167     0.104157    -0.142521    0.0246941    0.0698135   -0.0615957    -0.190045   -0.0546805     0.249509    -0.232181     0.490123    0.0249519     0.196258    -0.283378    -0.287483   -0.0961337    -0.364886    -0.182397    -0.602062
     1.16689     -1.14873     -0.66995    -0.358244     0.297455     0.839206     0.195036     -0.14161    -0.809314    0.0276683    0.0973735     0.926306     0.118325    -0.356778      1.15893     0.165046     0.514115      0.18854    -0.583714    -0.913188     0.691838     0.210262     0.118873    -0.508812    -0.717641     0.601405     0.748485     0.161145  -0.00406809    -0.897305   -0.0797017     0.124877
   -0.230071     0.304903     0.741978     0.570345     0.817383    -0.497344    -0.859569     0.613744     0.240064    -0.654568    -0.665335    -0.523678    0.0838664    -0.124996    -0.708558     0.184631    -0.545317   -0.0491423   -0.0342604      0.17614     -0.21935    -0.249933    -0.148648     0.430583    0.0693517    -0.413313     -0.39418    -0.200083      0.42489      0.19199    -0.515932     0.238534
    0.342797    -0.735424   -0.0692928    -0.521912    -0.112931    -0.197825   -0.0715487    -0.700371    -0.252752   -0.0675947     0.172517    -0.096096     -1.41678    -0.610998    -0.666459    0.0914018     0.582859     0.344496    -0.422848     -1.03294     0.658463     0.486916    0.0846899    -0.200896     0.195395    0.0632344    -0.773951     -0.32058   -0.0557266     -1.03075     0.229565    -0.620759
    0.175966    0.0955304     0.140939    -0.306817    -0.300587     0.645296    0.0619071    -0.952503    -0.388502    -0.388647    0.0623339     0.541967     -1.13588     0.541811     -1.21316     -1.29647     0.151989     0.287643    -0.647122    -0.580327      1.08743   -0.0438629     0.596173     0.919667     -0.61266     0.563641    -0.240781    -0.807931    -0.537291    -0.641666     -1.03355    -0.557506
   -0.380966    0.0283707     0.259365    -0.482467     0.245922     0.145561    -0.137587    -0.022805    0.0202553    0.0320698   -0.0903881    -0.129174    -0.281317    -0.204514    -0.309718    -0.136427    0.0492359   -0.0861836    0.0574721    -0.496658   -0.0509853     0.405554     0.158554     0.200038     0.156475    -0.117297    -0.125079     0.357183    -0.259983    -0.163817  -0.00995221   -0.0417468
    0.304894     0.330882    -0.545653    -0.549567   -0.0315697   -0.0928956      0.59878    0.0871717     0.489848    -0.209317    0.0341678    -0.138746    -0.384067     0.129332     0.401557     0.552892    0.0723091    -0.418638     0.218788    0.0982385    -0.719743    -0.107789    -0.166472    -0.099148     0.645436     -1.21316     0.226244   -0.0599306    -0.269217     0.706401     0.373014    -0.145596
    0.295401     0.134791      0.12988    -0.192393     0.094157     0.298278    0.0478023    -0.406283    -0.295792     0.462866    -0.167387    -0.062586     0.289526     0.382337     0.315358      0.07618     0.566244     0.289806    -0.475647    -0.358993    0.0158549    0.0974256    0.0724092     0.187379    -0.100512     0.152232     0.172699     0.203718   -0.0185967   0.00230942   -0.0277813    -0.250343
     0.12608   -0.0284145    0.0561573    0.0228467     0.330969   -0.0665587    0.0502199    0.0543069     0.137185   -0.0767208   -0.0224042     0.546608    -0.156438     0.139404     0.233587    -0.250768     0.201232     0.328988    0.0985415   0.00380202   -0.0369029    -0.497097   -0.0284054     0.261163    0.0481839     0.237598    -0.426857     0.407959    0.0944796    -0.170461     0.702531    -0.298305
  -0.0284611     -0.89477    -0.153118    -0.555631     0.432755    0.0256262   -0.0724493     0.331286     0.202684     0.741333     0.348927     0.727295   -0.0215855    -0.228546     0.853131    0.0504149      -0.1547     -0.75465    -0.853155    -0.283069    -0.948049    -0.275367   0.00781437    -0.298537    -0.081224      -0.8389   -0.0967553    -0.174653     0.239548   -0.0726072    -0.242803    -0.695807
   -0.700351    -0.791502     0.170399     0.231051    -0.485774    0.0277922    -0.103804    -0.405383   -0.0173335     0.690974     0.597134     0.325566    0.0513225     0.219225      0.34646    -0.115699     0.162857     0.281811    -0.327777     0.174933     0.625574     0.241362     0.166072     0.264629    -0.372486     0.933916    -0.443806    0.0546664     0.275075     -0.57865    0.0899031    -0.147208
     1.22127    -0.903944     -1.19312  -0.00199685    -0.553654    -0.600222      0.26163    -0.932668     -1.65989    -0.198791     0.632438      1.58716     -0.43316     0.599445     0.460339     -1.31747     0.446931    -0.194721      1.20907   -0.0112747     0.824788     0.904306      1.92105     0.475399    -0.340246     0.582639      0.91348   -0.0387873     0.206777   -0.0228496    -0.339106     0.224126
   -0.216096     0.362473    -0.191038     0.218889    0.0996115    -0.309671    -0.918994      0.54871     0.135967    -0.297261     0.043533    -0.402172     0.290234     0.169321     0.293223     0.466338     0.277193    -0.610682     0.180275     0.252777    -0.136443      0.29348    0.0947461    -0.356989   0.00986961     0.190618   -0.0992946     0.617218  -0.00657627    -0.515147    -0.281648     0.266967
     1.82429   -0.0862326      1.10632     0.468107     -1.07153      1.56969     0.299654      -1.3919    -0.566235     -1.23177    0.0688051     0.214497    -0.189325      1.39539    -0.294496    -0.876841     0.178857     0.997194    -0.718645      1.55186     0.839299    -0.613809     0.347229     0.133699     0.153253     0.408679     0.133767     -1.07809    -0.623104    -0.726332    -0.243005      -0.1002
    0.403122     0.527493    -0.471783     0.117143      0.12012    -0.107941    -0.461428    -0.299667    -0.573818   -0.0199194     0.704248   -0.0132092     0.128085      0.41668     0.201267    -0.416747    -0.068479     0.510581    0.0896121   -0.0642915     0.543519    -0.344609     0.733164    -0.465162   -0.0131934    0.0382463     0.405799      1.02952     0.770606      -0.3704     0.547628     0.011139
    0.836818     -2.00578     -2.38308      1.13649      1.23711     0.369398     -1.60405     0.467468     -1.78076    -0.754937      1.54837     0.879182     0.349722      0.84923     0.998801    -0.607429      0.44699     -1.68231      1.88516     -0.94042     0.583703    -0.113235      2.30505     0.138725     0.729548     0.406138      1.91068     -0.07239     -1.02766    -0.650389     -1.93612     -0.14785
   0.0233125    -0.461374     -1.32698   -0.0296017    -0.622136      0.53749     0.115703    -0.969066     0.734819    0.0478432     0.883532     0.684614     -1.17925     0.132776    0.0851112     -1.11567    -0.894137    -0.155544     0.776502    -0.116923     0.939683     0.323045     0.524927      0.89509     -0.72004     0.348307    -0.263611    0.0502838    -0.728592    -0.377069     0.458991    0.0982989
   0.0295112    -0.140194    -0.426163     0.101337    0.0307601    -0.485679   -0.0397693    -0.604895   -0.0138556     0.139995   0.00968384     0.281987    -0.357946    -0.311494     0.503968     0.331465      0.20579    -0.104751    -0.232908   -0.0633875    -0.421447     0.104846   -0.0990658     0.615493    -0.314486    0.0229626    -0.242407    -0.108563    -0.143523    -0.336759      0.33603    -0.404306
   -0.540563     0.280228    -0.353406    -0.285706     0.167487    -0.378333    -0.234234     0.101136     0.415831     0.500918     0.267958     0.687996    -0.413399     0.241615   0.00784326     0.252395     0.132607      0.84755    -0.680866   -0.0442689     0.285751     0.351728   -0.0649709     0.553595     0.246705   0.00234327       0.6677     0.227523     0.202305    -0.515215     0.132407    -0.896177
   -0.499083      0.43362      0.83227      0.26506     0.435881    -0.185876    -0.470141   -0.0592189     0.841487    -0.113328    -0.914206     0.115613     0.961993     0.705485    0.0169417     0.640719    -0.439546    -0.072274    -0.217937      1.47772    -0.909346     -1.92937     -1.55364     0.729859    -0.745503    -0.143358    -0.829762     0.414378     0.673004    -0.610341    0.0356871    -0.407932
  -0.0651687   -0.0761816     0.703108     -0.18372     0.448498    0.0144327      1.32143    -0.528802     0.546504     0.554917     -1.27122    -0.635392     0.212012   -0.0263984     0.166944      1.03437    -0.346723     0.463424    -0.506058     0.037476    -0.151322   -0.0718076     -1.12124    -0.534845    0.0224939    0.0958362    -0.369332     0.320118    -0.037322    -0.365093     0.588747     0.451446
   -0.139775     0.502346    0.0442009    -0.241439     -0.19386     0.429145     0.216806     -0.18577    0.0224306      0.31399    -0.063246     0.177133     0.273804   -0.0375055    -0.112562    -0.404037    0.0910793      0.17325     0.192175     0.255146      0.22129   -0.0838715   -0.0596924    0.0822577    -0.397155      0.45494     0.184381    -0.298343     0.534977    -0.201868    -0.301839    -0.182771
    -1.14681     0.664965    -0.217664    -0.265849    -0.260328    -0.628705   -0.0204295     0.280674    -0.348741     0.295043     0.436368     -1.06378    -0.269601     0.421989     0.637161     0.611448      0.77607    -0.448275    -0.118845    -0.496834   -0.0573676        0.382    -0.141244    -0.909679     0.911661     0.296683    -0.898482    -0.438525    -0.903182    -0.292451     0.109968    0.0743405
   -0.259421     0.725699    -0.245289    -0.228689    -0.131769    0.0570954    0.0530016    0.0406082   -0.0207601    -0.128211   -0.0237359    -0.142796     -0.71455    0.0807849     0.270945    -0.167324   -0.0623955     0.611271     0.109496     -0.28027     0.321406    -0.294694    0.0495195     0.284621   -0.0792654    -0.352807   -0.0883164      0.18212    -0.152755   -0.0107424    -0.135646    0.0315581
  -0.0290351     0.460332    -0.376351    -0.387137     0.244472    -0.991719     0.154764      0.29396    -0.156138     0.559207    -0.646901      1.01319      0.61656     0.404575  -0.00240689      1.22003     0.132718     0.322701     0.382908   -0.0680739    -0.755143     0.690817     0.348391     0.130097    -0.941511     0.209954     0.221802    -0.172338      1.07111   -0.0197703    0.0502845    -0.405588
    -1.74832     0.234055      1.81206     0.854774    -0.676988    0.0151828   0.00491703    -0.322878     -0.78636    -0.346479       0.2494     0.678884       1.6788     0.776364    -0.561285      0.91562     0.708577    -0.299671    -0.797843      1.43135     0.680776     -1.45295     -1.17237     -0.50226     -1.47799     0.441752      1.36271     0.956212     0.268675    -0.451454    -0.479346    -0.842517
   -0.435531   0.00890903    -0.274845     0.636111      -0.3981     0.195754     0.357395    -0.159552     0.636004    -0.355261    -0.188067    -0.188226     0.487591    -0.684475     0.596103    -0.608931     0.619063    -0.269056     0.603862     0.306368     0.654985    -0.271293    -0.247368   -0.0313738    -0.132516    0.0119247    -0.283178     -0.91402     -0.51741      1.37372      1.16352     0.919108
    -0.11508    -0.457026   -0.0980134     0.519124     -0.72444     0.404258     -1.02412     0.208662     0.657785     0.434513     0.329206    -0.254335     0.189123     0.386422     0.847691     -1.45195    -0.440692    0.0397965    -0.612171    -0.535445      1.47828     0.557295    -0.559239     -1.05854    -0.286778      1.05759     0.765797     0.168676    -0.502944     -0.43941    -0.616698   -0.0043213
    0.680196     0.475566    -0.105743     -1.88161     0.433764     0.274561     0.587309    -0.749057     0.641085     0.174713   -0.0511231     0.491056     -1.08845    -0.629192    -0.756061   -0.0298505    -0.448251    0.0796223    0.0214593    -0.795315    -0.395384     0.321433    -0.153601     0.482304     0.582174     -1.34819      -0.7399     0.222306    -0.494251     0.229155     0.365933    -0.859467
     0.17165   -0.0773591   -0.0907517     0.121048     0.577418    0.0753779    -0.504674   0.00738119     0.156189    -0.195212      0.39911      -0.2284     -1.06221   -0.0356108    -0.432724    -0.767845    -0.328379    -0.288577     0.295388    -0.277643     0.104477    -0.191894   -0.0868062     -0.65237    -0.111005    -0.774069   -0.0884534  -0.00188881    -0.537974    -0.101132    0.0156095      0.20418
    0.247417      1.17006     0.797144    -0.627767    0.0391457    -0.614936     0.366832     -0.71132    -0.810374    -0.169237     -1.12587      0.14066     0.151717    -0.340701    -0.174707     0.470867   -0.0287623     0.521251    -0.430021    -0.172901     0.254193     0.820769     0.601577     0.999542    -0.267238     0.529997      1.10666     0.373173    -0.340503    -0.707349     -1.00598    -0.733137
     1.16019    -0.711226    -0.189145     0.459555      1.91838      -1.8238     -1.05801      1.07072      1.23722     0.771684    -0.254058    -0.486302    -0.875671    -0.406074     0.334941     0.289242    -0.109216     -1.04092     0.586192    0.0601623     -1.11746   -0.0751336      1.12256     -1.34093      1.00478     -1.90071     0.219611    -0.310828      1.06324      1.40684    -0.105019      1.60184
    0.122199  -0.00249295    -0.544164    0.0115947    -0.039957   -0.0514472    -0.240689    0.0277838     0.383789    -0.204482      0.35154    0.0496848    0.0094155   -0.0599725   -0.0189793     -0.19054      0.13331   -0.0929434    -0.142851    -0.225273     0.106033     0.126543    0.0721772    -0.066579    -0.069967    0.0876043    -0.124106     0.197902     0.252129     0.284417    -0.126526     0.308736
    -1.13869     0.900449    0.0241748     0.263937     -0.36304    -0.964854     0.744382    -0.288731     0.136301    -0.459615    -0.766685     0.173615     0.238734    -0.272693     0.274659     0.306429    -0.280026     0.141655    -0.217063     -0.31334     0.716071     0.460383     0.292869      0.52579   -0.0531831    0.0536086   -0.0861758    -0.302747     0.174532     0.634033     0.573212     0.192217
   -0.851903   0.00511921    -0.273039   -0.0922852     0.377713    0.0845328     0.877972    -0.464753     0.963053     0.849493     0.989868   -0.0272221    -0.121628    -0.167197     0.673192    -0.798448     -0.23363     0.171282     0.574444     -1.18262     0.419319    -0.622456    -0.370639    -0.679947     -1.04105     0.411674    -0.572485     0.218465    -0.297263     0.204274     -0.93714    -0.365555
   -0.374787     0.902581     0.945607    0.0907886    -0.173999   0.00851947     0.727972     0.155795     0.185594     0.115605     0.457064    -0.676904      1.02447     0.374626    -0.984655     -0.64255    -0.101216    -0.112353     0.185015   -0.0357648      1.14075   0.00760167     0.276721    -0.412013    0.0151434   -0.0995672     0.551861     0.457805    -0.204909     0.344734    0.0721944     0.292199
   -0.379358      1.16675     -1.01189     0.649862     -1.16042    -0.192173    -0.453113    0.0822797    -0.406912    -0.713787     0.400928    -0.725752    -0.801297     0.415867    -0.309183    -0.293918     -1.14457    -0.917595      0.55683      1.16923     0.539902     0.476622     0.541132      1.27068      1.55022     0.681064      1.21813    -0.102975     0.359355     0.170426      1.22481     0.606919
    0.032509    -0.148466     0.248128     0.131731    0.0366724     -0.17147     0.135736     0.207642     0.176876    -0.147026     0.303429    -0.105748    -0.197045    -0.520016     0.141464    -0.342146    -0.137966     0.357213    -0.133089   -0.0474647   -0.0960608    -0.100152    0.0981295     0.168691     -0.30946   -0.0109347    -0.701179    -0.604286    -0.038933      0.51008     0.241965   -0.0730067
   -0.230967    0.0644976     0.305568    -0.102227     0.174957     -0.27635     0.190163     0.100526   -0.0425497     0.374891   -0.0844075    -0.246138      0.14584    0.0198947   -0.0344774  -0.00199576    0.0529029    0.0305312    -0.037625   -0.0774959     0.218729    -0.509606     -0.31489    0.0604385     -0.26773    0.0475834    -0.136968    0.0215441     0.121208   -0.0178281       0.4705     0.116032
   -0.293466    -0.945655     0.359836     0.590094     0.834859     -0.13318     0.371345    -0.211852    -0.147883     0.712907    0.0239319     0.402655    -0.108719     0.267028     0.603426     -0.18541     0.259398     0.298782    -0.315699    -0.161566     0.555023     -1.08959     0.459953  -0.00262776     -1.49622     0.920972    -0.327072    -0.446699    -0.250991    -0.578248    -0.949173    0.0144109
    0.309094      1.08336    -0.977344     0.527528     -1.00904     0.268539     0.670012     -0.33331      0.98563     0.304478     0.863659    -0.175839     0.543346    -0.139714    -0.222668    -0.130921     -0.70268     0.147449     0.364556    -0.162165     0.113605      1.41406     0.223995     0.336511     0.439586    -0.329537     0.386648     0.176552     0.829008      1.24636    -0.264556    -0.432356
    0.630951     -0.44351    0.0743555   -0.0667227    -0.490476     0.403627    -0.430388    -0.384675    -0.565455    -0.434033     0.565274   0.00214204    -0.815183    -0.207647     0.190537  -0.00982334     0.186942    -0.365535     0.232472     -0.68875    0.0176222     0.689556     0.520799    0.0410451    -0.183446   0.00363856    -0.369356   -0.0562756    -0.147456     -0.13105    -0.281655    -0.348446
    -0.77194     -2.21795     -4.56666     0.220509    -0.846532    -0.878133     0.743493     -2.01555   -0.0197141      1.52483     0.898754      2.77692      -2.7019     -1.09027      2.40906     -1.42565     0.554637    -0.829923     -2.74406      -2.4785      1.70271      2.05196      2.25332      1.16696      3.22368      3.57166     -1.43552     -2.82807     -3.28347     0.351336     -2.25034      1.75797
   0.0999348     0.129065    -0.233539     0.649171    -0.350259    0.0444722    0.0477531    -0.270959     0.606337    0.0360928    -0.165146      0.18839    0.0438057    0.0311983     -1.21624    -0.596368     0.252669    -0.223078     0.700205    -0.122896     0.302013     0.310124     0.642471     0.967044     0.085933    0.0795902    -0.204639    -0.453851    -0.326302    -0.111761    0.0533976    -0.046316
   0.0865189     -0.18696    0.0052949      0.14595     -0.60087    0.0698344   -0.0297727    -0.623638    -0.419132   -0.0227699     0.169018     0.106041    0.0709638     0.378092     0.164096     0.113531     0.137823   -0.0583113     0.512034     0.270959     0.343538    -0.605629    0.0647176   0.00467142   -0.0346981     0.191296    0.0413422    -0.484456     -0.35018   -0.0045614     0.345288    -0.142156
   -0.225399     0.735413    -0.387126    -0.354463    -0.132912      0.18494      -0.2065     0.822511    -0.772167    -0.511479     0.492515    -0.650333    -0.136555    -0.534267    -0.927978     0.821176   -0.0189286    -0.467711     0.626853    -0.547248    -0.847403      1.07226      1.08931     -0.98526      1.38136      0.19538     0.183081     0.234712   -0.0505197     0.612563     0.703234     0.837633
  -0.0482869    -0.378435     0.359305     0.364517    0.0923631    -0.517822    -0.520857     0.418391     0.078591     0.697603   0.00900832   -0.0260727   -0.0896233       0.3822    -0.370994   -0.0548489    -0.241289     0.225026     0.277253   -0.0856829     0.205174    -0.397813     0.451323    0.0578915     -0.69854     0.231643    -0.133143      0.29445      0.51812    -0.670932     0.023648    0.0429926
    0.511646     0.321574     0.160612    -0.664262     0.279698  -0.00339406     0.237076    -0.059922   -0.0572575    -0.944063     0.403602    -0.640351     -1.44054    -0.813145    0.0918426   -0.0837564     0.339237     0.169831     0.216351     0.217304    -0.238921     0.388789    -0.539384    -0.151228     0.811469    -0.963016    0.0165566      0.14094    -0.464586     0.125512      1.08198     0.630423
   0.0456627    -0.413613    -0.394393     0.223422     0.406833    -0.286447    -0.156048    -0.140884     0.199968     0.382759     0.618889    -0.421341     -1.04225    -0.257035     0.182408    -0.600471    0.0710379   -0.0904301   -0.0170683    -0.356452     0.373283      -0.1787    -0.834773    -0.257755    -0.244799    -0.577274    -0.156457     0.381461    -0.611011    -0.335008    0.0559858    -0.134109
   0.0466701    -0.159092    -0.156969    -0.120913    0.0306812     -0.62123    -0.143689  -0.00568663    -0.045654    0.0562994    -0.253023     0.510425    -0.596985    0.0723595     0.316372   -0.0998775    -0.316362    -0.196616     0.422876     0.252697     -0.62733     0.155487     0.682293     0.550696    -0.559413     0.314124    -0.192031   -0.0175855     -0.20593     0.166748    -0.488352    -0.312944
   -0.126337     0.141126    -0.320524   -0.0681431     0.204188    -0.471716    -0.346587      0.44421    -0.193135    -0.245247     0.249874    -0.143787    -0.305834     0.248139     0.235788    -0.354543     -0.61935    -0.429128     0.408193    -0.387804   -0.0471656     0.624823   -0.0670638    -0.377221   -0.0830513    -0.911102    -0.640825   -0.0276614     0.152754    0.0449203    -0.324231    -0.212198
      0.4393    -0.551243     0.186954      0.47735     0.235452     0.398776    -0.247038     0.220789     0.505358   -0.0329452     -0.38488     0.115152    -0.256596     0.156873     0.402656   -0.0349192     -0.57856     -0.34533   -0.0747195     0.340405    -0.669329    -0.261162    -0.254074     0.421287    0.0698621     0.410217    -0.303718    -0.936642     0.297082     0.535243    0.0109905     0.565444
    0.249095      1.03071     0.861955   -0.0352062     0.128695     0.247141    -0.170307     0.524344     0.355487    -0.731772    -0.264576    -0.893191      1.15584      1.05167     -1.46793    -0.119593    -0.782393    -0.714971     0.620306      0.43948    -0.115841    -0.770617    -0.650881     0.567392      1.37319     -1.57623     -0.17458    -0.138284     0.095188     0.421637    -0.271062    -0.838545
   -0.430018     0.835248     -0.29139   -0.0206702    0.0509955    -0.981054     -0.16949   -0.0644683     0.236302    -0.255783    -0.674579    -0.599273    0.0521566    0.0409592     -0.13827    -0.786708    -0.856032     0.135132    0.0534006     0.398441    -0.205057    -0.243358     0.212303     0.878109    -0.374966    -0.214877    0.0362213     -0.25085     0.810618   -0.0798313    -0.557101     0.349781
  -0.0613924    -0.461036    -0.878701    -0.229591    -0.510289      0.27038     0.335805    -0.245035     -0.26996   -0.0606877     0.603683     0.406632     -1.25516    -0.444436     0.273078    -0.015541     0.052376    -0.429867     0.435449   -0.0517197    -0.175775     0.882507     0.254468     0.460941     0.326288     0.497139    -0.369911     -0.28623    -0.714639     0.262946     0.287317  0.000823481
   -0.281472     0.368663     0.415897     0.129827     0.134283     0.218974     0.137862     0.068932      -0.2578    -0.489479      0.32102   -0.0229507   -0.0342229    -0.112126    -0.456581    -0.734096     0.658227     0.729141    -0.464644   -0.0677331     0.394319     -1.23057    -0.504398   -0.0699612    -0.175625     0.603286    -0.450454    -0.186608    -0.630994     -0.60007     0.104097    -0.115153
    0.185967    -0.385959     0.396736      0.21388     0.517693   -0.0238174    -0.396076     0.232358    0.0800735     0.173443    -0.572483     -0.91109      1.13206     0.191407     0.433301     0.373008     0.285365     0.160588    0.0993277     0.413888    -0.362979    -0.627123    -0.599743     0.178011    0.0285509    -0.841694     0.192355    -0.049157     0.305324      -0.3914     0.103143     0.241759
    0.237002      1.65483      1.30713     -1.29791    -0.615334      1.05015    -0.587326     -0.26746    -0.363967    -0.468306     0.729536     0.307644     0.451976     0.402251    -0.711144     0.162881     0.714939     0.574371    -0.130804     -1.08775     0.401252    0.0536918    -0.273031    -0.664887     0.657476    -0.109322    -0.401645      1.01549    -0.655793     -0.55645      0.14979     -1.66183
   -0.198555   -0.0441859     0.245082   -0.0572056    -0.253772     0.963666      0.31152    -0.056187    -0.251458    -0.697704    -0.425049    -0.157732    0.0543536    -0.313467     0.307277      1.17523     0.165945     0.311939    -0.648287     0.117734   -0.0623403    -0.468225     -1.42313   -0.0613623      0.27666    -0.188684     0.530027     0.175696    -0.639365     -0.35159     0.721227    -0.205526
   -0.416419     -0.38551     0.232949    -0.168346     0.257777    0.0269395      0.49529   -0.0236223      0.07056     0.433089    -0.281449    0.0352309     0.030491     0.023824     0.211504     0.292062    -0.235013     0.105492    -0.252062    -0.213896    -0.489199    -0.377573    -0.146408   -0.0372955    -0.298504    0.0953711    0.0369871      0.15648    0.0480888     0.152091    -0.157326     0.376158
   -0.940169   -0.0124495    0.0368863    -0.432691      1.23991    -0.446788      1.14053    -0.394257    0.0747076     0.875691    -0.251393     0.597913     -0.52903    -0.762133     0.667153     0.369045     -0.41485     0.712133    -0.112248     -1.36773     0.177871     -0.16607    -0.346755   -0.0490396      -1.6713      1.06787    -0.994484     0.979021     0.119723    -0.545677    0.0918531     0.561264
     0.31225     0.444039    -0.149578    -0.885104      0.26616   -0.0635862     -1.00482     -0.33404   -0.0199259    -0.238005      1.17923     0.124237   -0.0272784     0.819977    -0.648471    -0.348765    -0.841005    -0.407597     0.449316     0.172762    -0.539428    -0.464921     0.475767    -0.365701      1.14171    -0.422418     0.869776     0.284592      0.22457     0.246601    0.0366185    -0.811536
  -0.0758149     0.049642  -0.00220145    -0.794874     -0.16568    -0.560883     0.212766     0.199372    -0.381965    -0.319493    -0.515476   -0.0141904     0.350081   -0.0470967     0.392329    -0.317368    0.0577568    -0.649561     0.530254   -0.0851124    -0.192982    0.0034173     0.447881    -0.453636     0.026731    -0.349024     0.579377    -0.507167     0.071283     0.945933    -0.174597     0.231211
    0.344944    0.0113978    -0.349536     0.359013   -0.0855057     0.242875    -0.122663    0.0681181     0.444826   -0.0275413     0.252897    -0.073515     0.125063   -0.0119265     0.375742    -0.272351     0.341542   -0.0200315    -0.272261     0.682676    -0.851568     -0.53342    -0.408044     -0.16095     0.634582     -0.24266    0.0299848    -0.119941     0.157659     0.536626       0.8049    0.0927929
   -0.129537    -0.356108    -0.635081      1.60087     -1.45813      1.02824    -0.176698    -0.491014     0.368769     0.719466      1.52849    -0.274311      1.16388      1.04579    -0.108533    -0.841311    -0.463739   -0.0824689    -0.151972     0.231034      1.81091       1.3936        1.009     0.493261     0.452306      1.22288     -0.45322    -0.198514     0.301155     0.170309    -0.590129    -0.125817
   0.0549852     0.464762     0.196422    -0.440539    -0.140795     0.389911     0.223772   -0.0551993     0.100054    -0.019639    -0.513741    -0.338473    -0.274267     0.443432    -0.352832    -0.526461    -0.219503   -0.0898735    0.0646424   -0.0460184  -0.00280817     -0.34204    -0.280697     0.273682      0.46892    -0.412178    -0.332151    0.0657796   -0.0260134    -0.143777    -0.112038   -0.0229182
   0.0817915    -0.125883     0.339207    -0.304617    0.0819764     0.911094      0.30586     0.337659      -1.1205    -0.447927   -0.0239739      0.56034     0.681665     -0.59671   -0.0906425     0.474647       0.4792     0.352158    -0.530674    -0.348971    -0.330282   -0.0724807    -0.288124    -0.433284    -0.807406     0.359253     0.387729      1.03402    -0.534514     0.216232    -0.194035     -0.31002
     0.23752     0.212568    -0.298751     0.449825    -0.366811     0.951579    0.0890492     0.116651    -0.271423     0.190699     0.022596   -0.0720341     0.324049     0.151487    -0.292234     0.622201    0.0075897    -0.416972     0.067604     0.731273    -0.236666     0.241479     0.131805    0.0791584     0.284054     0.208409     0.445714      0.26245     0.555459    -0.195012    -0.341547    0.0193559
   -0.269864     -0.24233     0.170019    -0.772264      1.14619    -0.592186     0.232018     -0.16496     0.186092     0.782863    -0.459044     0.274683    -0.390449   -0.0535705    -0.446765     0.368291     -1.11619     0.316775     0.101489    -0.622165    -0.146525    -0.201592     0.476068   -0.0606869    -0.433762    -0.618475    -0.537422     0.352828    0.0196764     0.405088    -0.802213    -0.658344
    0.113755    -0.100381    0.0589649     0.131129    -0.484507    -0.544985     -0.51928      0.11806    -0.414741     -0.15249     -0.77364    -0.128614    -0.179253     0.090475    -0.347643     0.238773    -0.107992    0.0115477    0.0118238     0.149166     0.511972     0.385715     0.227679    -0.318868     0.168352      0.10767     0.159025    -0.587274    0.0798853     0.112388    -0.360074      0.48933
    -0.24586     0.157403     0.162565    -0.393885   -0.0587943    -0.350608    -0.305758   -0.0744359     0.115854     0.228484   -0.0326853    0.0917376    -0.198262     0.136974    -0.240876    -0.265385   -0.0971717    -0.470353     0.372296     0.325241    -0.369239    -0.145166    -0.157228     0.280664    -0.588522     0.051096   -0.0979445     0.319004   0.00372769    -0.187176     0.231112     -0.10445
   -0.775163     0.256161    -0.366245     0.197769    0.0946655    -0.514689    -0.238818      0.26929     0.878465     0.635671    -0.202408    -0.216034     0.218736    0.0564987    -0.307645    -0.157008    -0.670046    -0.483314     0.461672    -0.455946      0.84784    0.0873005     0.346171   -0.0447996     0.477517    -0.389965    -0.285134     -1.04843    -0.329641     0.796048    -0.621453      0.29145
     1.85916    -0.852834    -0.766091    -0.731572     0.751651      1.42238     0.413971   -0.0883528     0.477437     0.278506     0.241929      0.39148    -0.394809     0.204729       0.2553     0.207867     0.292093     0.162651     0.201813     0.788695     0.192829    0.0222757     -1.22872     0.370105   -0.0403767     0.354592     0.752155   -0.0983728    -0.465416     -1.09822     0.201677    -0.122062
   -0.085132      0.32314      0.15769   -0.0243375     0.449728   -0.0208804    -0.153936     -0.30392    -0.447807     0.122202    -0.369334     0.388324     0.684325    0.0165953      -0.6708     0.523844     0.311627      0.35294     0.141379     -0.51178     -0.39808    -0.265873     0.233984     -0.25267     0.143353    0.0245513   -0.0671609     0.741831   -0.0511446     0.126773    -0.195533    -0.521855
   -0.552927     0.381311    -0.443177     0.366302     -1.33285     0.329747    0.0649804    -0.743123     0.288467    -0.319984      0.12902     0.260884     0.436604    -0.437875     -0.49528     -0.27355   -0.0394529    -0.196864      0.14039     0.173616     0.385131     0.582861    -0.499015     0.166945     0.106232      0.51565     0.740774    -0.221025   -0.0713199     0.504831    -0.447315     0.105183
