    0.403765    -0.797081    0.0879616      -0.3246   -0.0255846     0.209522   -0.0862286     0.478451     0.651511     -0.85808     0.105139  -0.00714926    -0.449064    -0.339904    -0.290012     0.485882      0.37842    -0.438571    -0.253409     0.140727     0.136347     0.457755     0.240946     0.282413    -0.532349    -0.528081     0.167201    -0.271256    -0.224283     0.392808   -0.0112268    -0.746341
    0.121071    -0.159793    -0.262879     0.722693     0.523163     0.109771     0.449227    -0.648985     0.222945   -0.0711039    -0.879006     0.281638    -0.210066      1.03773   -0.0518021     0.178779     0.630496       0.3663    -0.338724     0.851206     0.255913     0.167811    -0.490127    -0.528617    -0.099705    -0.309666    -0.624806      1.66572     0.619534     0.282303     0.252003    0.0721234
   -0.786481      3.91771     0.754455     0.445317      1.17279     -2.10147    -0.192599       -4.144    -0.754639     0.829607   -0.0171772     0.740048     0.691288       1.6276   -0.0624527     0.559657      1.27604     0.990299     0.916959   -0.0207535     0.122193    -0.557458    -0.119358    -0.546066    -0.440149     -1.23947      0.78938    -0.511002    -0.818459     0.561973      1.44505     0.336663
  -0.0701143     -2.07459     -1.60665      1.81563   -0.0362978     0.216131    -0.718597    -0.373829    -0.741629     0.516914    -0.380753     0.286207     0.673151     0.850372    -0.529949      1.23572     0.274993     0.354268    -0.435058     -1.23417     0.358532    0.0958462     0.279567     0.277087    -0.125347     0.233436    -0.717841     0.369519    -0.188973    -0.667278    -0.261146    -0.163622
    0.154399    -0.443944       0.4409      0.76058   0.00751241     0.106935    -0.358341    -0.109139    -0.502685    -0.384761   -0.0171194    -0.327965     0.194945    -0.120773     0.264904  -0.00768891    -0.703365    -0.171932     0.355185     0.165127     0.123644     0.216707     0.915417   -0.0853512     0.087914    -0.575954     0.420385   -0.0791455   -0.0763318      0.10669    -0.333567     0.542622
   -0.209872     0.641629     0.710192     0.378773    0.0532174    -0.397397     0.600514     0.748551      0.53531   -0.0126364     0.172246    -0.183805    -0.305026     0.610425    0.0335909    -0.266093    -0.107637     0.240003    -0.625749    0.0438317    -0.264161     0.367111    -0.516367     0.379573     0.799766    0.0628291    -0.319076    -0.426267     0.192207     0.630042     0.488349     -1.15275
   -0.747767     0.245349    -0.669203     0.164823    -0.993614     0.623605    0.0407733    -0.104185      0.61826   -0.0640875     0.380259     0.303713    -0.346157    -0.226875    -0.161169    -0.640784     0.197612    -0.557749     0.373102    -0.494105    -0.433176    -0.524039    -0.817274     0.166757    -0.121172    -0.465789    -0.120066     0.395087    -0.696627    -0.211554     0.611218     0.506058
   -0.174251     0.651832    -0.383324     0.287412    -0.796804     0.038126      0.21699   -0.0757412    -0.180865     0.432213     0.112772   -0.0804997     -0.18694    0.0619728   -0.0857775    0.0111202    0.0537798    -0.318341    -0.852828     0.251595    -0.242648    -0.484881    -0.301932    -0.136904   -0.0477657     0.383574     -0.37169   -0.0268549    -0.373209    -0.229302     0.514798    -0.159021
   -0.546031     0.768162     0.273393      1.03577    0.0475484      0.64763    -0.503734    -0.257203     -0.21731    -0.540421    -0.208274     0.489324    -0.441512     0.829476     0.716032     0.543146    -0.519263     0.184086    -0.744148     0.411817     0.343422   -0.0803116    -0.253033     0.265555     0.288923    -0.714788    -0.312844     -0.20034    -0.547291    0.0771059    -0.239219      0.19162
   -0.372612     0.310172    -0.443519     0.308185     0.305162     0.372268     0.905065     0.502603     0.134335   -0.0884371     0.840809     0.320202     -1.19265    -0.127681     0.570488     -0.31679    -0.339161     0.754454   -0.0362831      1.96335      1.15563     0.077725    -0.661935    -0.797219    -0.594914    -0.155334     0.374845     -0.59277     0.115104     0.150457    -0.822963    -0.157448
  -0.0403841     0.492437  0.000301442    -0.700085    -0.499794    0.0562216    -0.150152     0.207527     0.348762   -0.0812458    -0.266397     0.344871     0.177488    -0.331985   -0.0807433      0.47113     0.272703     0.307457   -0.0894927     0.318731    -0.275881     0.666677    -0.201424    -0.356361    -0.611984     0.178073     0.330556     -0.98187     -0.51101     0.619054   -0.0617817    -0.519419
    0.057043    -0.227916     0.941435     0.857596     0.880621     -1.17096   -0.0801056     0.800548    -0.755095     0.108966    -0.615451    -0.633862     0.359313     -1.08403    -0.989012     0.875442      -1.5972     0.402273     0.508583     0.766378    -0.152663     0.737402      1.94868      1.21764     -0.81113    -0.930264   0.00388223     0.516904    -0.114711   -0.0788777    -0.835885      1.33137
   -0.157363     0.519079    0.0191702   -0.0288571    -0.334372   -0.0316633     0.028749    0.0794228    -0.178112     0.322407     0.202697    -0.441376    -0.450263    0.0120613     0.243999     0.109979     -0.77151     0.594661    -0.211837    -0.142556     0.107125    -0.473272   -0.0361901    0.0624551   -0.0164858     0.140116    -0.121745    0.0756713    -0.223298   -0.0443302      0.19167    0.0622685
     0.76622     0.123878    -0.433526     0.346427    -0.422786     0.592596    -0.161055     0.450081     0.122359    -0.316889    -0.236391    0.0991207    -0.269045    0.0434575    -0.343937     0.314404      0.21067    0.0599134    -0.277677    -0.102651    -0.230079    -0.479885    -0.105786    -0.561087     0.476591     0.173397     0.250276      0.20276    -0.537622    -0.736339    -0.266338     0.833448
     1.00211    -0.474398    -0.469904    -0.812387     -1.06237     -2.05157     0.300615      1.13092    -0.134203     -1.70271     0.269846     0.424096    -0.557345    -0.170257    -0.460317     0.137957    -0.128703     0.333375    -0.490814      -1.6098     -1.61605      -0.2992     0.485664      1.14141     0.564082      1.01088     0.732146    -0.332923    -0.112685     0.867832      1.09725     0.979476
     1.22542    -0.350964     0.105041    -0.248937   -0.0165012    -0.504093    -0.272898     0.421599     0.382734     -0.56205     0.630362     0.195223    -0.574906     0.918387    -0.439019    -0.239765     0.057516     0.429659   -0.0596207    -0.650463     0.160404     0.419407    -0.574726     0.215004    -0.452972     -0.12143   -0.0959531    0.0476832     0.188886    -0.139818     0.282938     0.158513
   -0.617796      0.23468     0.119947    -0.238459   -0.0492729     0.337711      0.26821     0.704319     0.149084     -0.11163     -0.27713    -0.484432     0.342935     0.228587    -0.255606     0.289966   -0.0895385     0.270086    -0.081847     0.554815     0.158137     0.381148     0.180243    -0.204748   -0.0523732     0.138474     0.429291   0.00996059     0.234765     0.268098     0.222688    0.0301135
   0.0488827     0.299342     0.154738    -0.133776    -0.246813     0.379427      -0.6283      0.20377    -0.167601     0.719505    -0.489742    -0.256404     0.323614     0.319587      0.52977    -0.610912   -0.0162126    0.0567376     -0.14426    -0.361727    -0.340393   -0.0294019    -0.788584    -0.122789    0.0272833     0.168554    -0.199412    -0.110957    -0.136399  -0.00156936  -0.00077729    0.0294532
    0.302668   -0.0864044     -0.29905     0.531913     0.474568     0.214237     0.357627      1.94486     0.990666    -0.430939    -0.424796    -0.300568    -0.485347     0.175831    -0.919191     0.470326    -0.401128     0.323568     0.425786     0.193285     0.287021     0.972285     0.415656    -0.156958      1.47928    0.0633724    -0.415991     0.814998    -0.185054     0.188466      1.38365    -0.463732
    0.166558    -0.522533     0.513194  -0.00681283    -0.413895    -0.441327   -0.0254084     0.194265    -0.912962    -0.432361   0.00561866   -0.0922652    -0.681154      1.03775    0.0914017    0.0396069     -0.38627   -0.0686011     -1.02616    0.0420706    -0.319614   -0.0588931   -0.0560934     0.810422    -0.340096     0.427799    -0.442969     0.275873    0.0798761    -0.315711    0.0153143     0.594229
     1.09932     0.690591     0.912791     0.425421    -0.330032     0.793416   -0.0120458     0.829914    0.0145335    -0.519037     -1.15414    -0.525619    -0.457512    -0.685976    0.0309655    -0.912595    -0.343041     -1.56518     0.194673     0.726072    -0.284313     0.547008    -0.525576    0.0870606    -0.452813    -0.580422    -0.587198     0.540111     0.233222    0.0349114     0.317542     0.290041
   -0.173015     0.540728     0.243782    -0.406413     0.425811    0.0567692    -0.408144      0.38479   -0.0306392    -0.686847     0.399691    -0.141437    -0.891538   -0.0157171     0.492586      0.32329     0.177504   -0.0853591     0.500073    0.0267675    -0.320696    -0.154963     -1.24693    -0.438862    -0.857321   -0.0645853    -0.237223     0.045174    -0.203214    -0.660657   -0.0105018     0.173702
    0.548086     0.232839     -1.19905     0.331211    -0.347207       1.0929     0.584239    0.0676015     0.161554     -0.36022    -0.329619    0.0103569     0.246712    -0.455955    -0.252592    -0.775559     0.818434    -0.338054  -0.00589104    -0.202136     -0.90879    -0.587761      0.13779     0.416866   -0.0638177     0.369589     0.193157    -0.437597     -0.69444     0.342893     0.195538    -0.353903
    0.294495    -0.110027    -0.612549     0.236612    -0.295577    -0.203128     0.386369      0.13842     0.782793    -0.262994    -0.153175   0.00112492    -0.405009      -0.4431    -0.150668    -0.198604    -0.522777    0.0743429   -0.0719063    0.0410346     0.929672     0.406321     0.038179    -0.418275    0.0971868      0.28545    -0.159209    -0.686057    0.0781052   -0.0830502   -0.0977421    -0.674431
    -1.31321    -0.416999     -1.20108    -0.485585     -0.26777     0.795069     0.533719       -1.155    -0.419379    -0.253542   -0.0963105     0.155752      1.40217     -1.01903    -0.443333     0.577735    -0.118969     0.840892    -0.545611     0.758455    -0.312796     0.598296      1.04358     0.299224    -0.455249      1.72983   -0.0534453     -1.12802    -0.187719     0.671539    -0.486032     -1.68905
   -0.263286     0.470915    -0.661576    0.0898849   -0.0999845    -0.597667      0.11731     0.592662    -0.635115   -0.0984894    -0.752795   -0.0104637     0.508924    -0.842363     0.235152     0.800944     0.188511    -0.652271    -0.155155    -0.174064    0.0963681    -0.144768    0.0685193     0.132642      -0.6238     0.670586    -0.176093    -0.702961    -0.308594     0.174248    0.0940668   -0.0189316
   -0.483845     0.261842     0.578244    0.0181843    -0.508151    -0.253531    -0.419641    -0.394705    -0.409415    -0.089952    -0.265643   0.00461704     0.456823     0.876255    -0.102756    -0.201216     0.433403     0.171314    -0.269269     0.135679    -0.753562       0.6161    -0.480272    -0.143647    -0.188837    -0.297471    -0.156328     0.566664   -0.0169779     0.110041     0.296783     0.994839
    0.718692    -0.611968     0.626253   -0.0890442    -0.820913     0.598292    -0.573836    -0.869954    -0.533682    -0.510143   -0.0647849   -0.0344445     0.496495    -0.232851     -1.20487     0.308751     0.814921     0.204089    -0.511504    -0.252388     -0.39229    -0.360214      0.90527    0.0426258     0.182724     0.598463     0.563578    0.0941671 -0.000160004    -0.557465     0.790947    -0.613242
    0.373019    0.0384952    0.0846961    -0.281501    -0.243461    0.0220906    0.0047346     0.100383     0.176998      0.21801      0.52718    0.0743797    0.0572202   -0.0624694    0.0851271    -0.103206    -0.205296    -0.209389     0.148944    -0.243446      0.41403    -0.277891    0.0309486     -0.31554     0.106074    0.0890589     0.334894   0.00851211     0.135829    -0.314267    -0.283966   -0.0338748
    0.108166     0.740217    -0.350171    -0.520553    -0.233128    -0.870839    -0.636213   -0.0856751     0.361068     0.538754    -0.833998    -0.666737     0.559601    -0.857975    -0.372385     0.627975    0.0485582     0.659561     0.675035      1.06711    -0.816653       0.1748     0.154125     0.684687     0.685544     0.437462     0.257123    -0.316663    -0.496786     0.205925     0.607625     0.124421
    0.145889    0.0188455     0.200108   -0.0540888     0.302912     -0.45158     0.237769     0.497268     0.230975    0.0562542     0.127777    -0.106512   -0.0355257    -0.240002     0.150102    0.0149628     0.385696    -0.310838      0.18403     0.516137     0.110639    -0.146696     0.145149    -0.231974   -0.0905023    0.0817162    -0.289499     0.383665    0.0200121     0.450573    -0.165295    -0.939599
    0.327436    -0.400065     -0.69427     0.398434     -1.14933     0.191888     0.315072    -0.210112    -0.597601    -0.390101     0.142105    -0.178676   -0.0260106     -0.51602    -0.907918    -0.343799    -0.624194    0.0663095   -0.0626075     0.421018     0.128014   0.00847688     0.481857    -0.914189    -0.890092      1.87082     0.518191      1.33557     0.818533   -0.0673665     0.460657    -0.793372
    0.482227    -0.177684     0.012396    -0.262584     0.520449    -0.230948     0.279224    -0.134275     0.129151     0.211719    -0.193163  -0.00918994     0.742691   -0.0266468      0.17194     0.462137     0.116787    -0.318118     0.108392    -0.500947    0.0845775     0.324489     0.102966     0.648693    0.0444048    -0.377037     0.516208    -0.946752     0.199936     0.104573    -0.428034    -0.247925
    0.119566   -0.0847088    -0.208007    0.0291998     -0.40329   -0.0760758    -0.354195    -0.111577      -0.7414    -0.487671     -0.38121    -0.222034     0.120058    0.0652479     0.181961     0.147629    -0.569353     0.332329    -0.290464    -0.445247    -0.199884    -0.179759    0.0428978    -0.138532    -0.159616     0.221199   -0.0355111     0.362538     0.126019    -0.197779    0.0777388    -0.203669
   -0.516041    0.0917991     0.237619    -0.418221    -0.100914     -0.56641    -0.154667     0.496374    -0.398238    -0.261696    -0.108478    -0.202026    0.0536045    0.0262955     0.179956    0.0525283     0.172061     0.206801    0.0981257     0.433128   -0.0647225     0.243959   -0.0233907      0.18124    -0.329482   -0.0576421     -0.13721    -0.192357    0.0243444     0.141054    -0.352961 -5.15408e-05
    0.150194     0.102106    -0.428707    -0.407276    -0.971748     0.330527    -0.243692     0.267663    -0.244595    -0.201727     -0.35641    -0.326732    -0.303876    0.0388957     0.096745     0.239215     0.638599     0.297384    -0.270796      0.40062    -0.295969     0.218547    -0.312787     0.151161     0.430911     0.640387     0.179033    -0.483671    -0.195428     0.201202    -0.292881     -0.25112
     1.15652     0.331708     0.582102    -0.262829     0.263941     0.775334     -1.58505    -0.431532     0.207509     0.253192    -0.595402    -0.187224      1.46548    -0.305998     0.195648    -0.301228     0.305996     -0.62985      0.68791    -0.181514    -0.440696     0.503466     0.352935     0.412554    -0.186287    -0.768251    -0.335543     0.346919    -0.444597    -0.279113    -0.894372    0.0433569
    -0.49763     0.235641     0.483235     0.483064    -0.288621    -0.490227    -0.357297     -0.52712    -0.141588    -0.377723    0.0845147   -0.0152515     0.236623      1.33159     0.483862    -0.194514    -0.262629     0.210625     0.202968    -0.418704       1.6254     0.926033    -0.458679    -0.505055   -0.0330898    -0.602673    -0.111911     0.157082     0.239005     0.056139     0.393994    -0.237329
   -0.305961    -0.450317    -0.255112   -0.0583466    -0.945645     -0.13298     0.713219    -0.243932    -0.429904      1.25126     0.776215     0.688933     -0.11402    -0.121833    -0.843053    -0.259996   -0.0243895     0.814794    0.0659005    -0.707205    -0.417005     -0.15143    -0.590812    -0.417424     0.261167     0.583954     0.358662     0.657081     0.739709    -0.145329    -0.741838      0.88134
      1.8564     0.464805     0.830798     0.517017     0.627949     0.338523     -1.00414      1.53075     0.610144    -0.146604    -0.887834    -0.609462    -0.976447     -0.32267     0.205246     0.582421     0.320103    -0.902382     -1.12664     -1.33694   -0.0685645    -0.384694     0.348165      1.02428     0.339827    -0.369304   -0.0154564    -0.367462    0.0234835     0.292718    -0.962943    -0.497655
    -0.25893    -0.329498    -0.206854    -0.249587     0.913904    -0.204349     0.563246      0.14177     0.110112     0.430253      2.05273    -0.372058    -0.347036     0.116172     0.777601      1.09101     -0.99071        1.034      1.20423      1.85417      2.30337    -0.227862    -0.906534      -2.6875     -1.07443      0.36471   -0.0514033      -0.1845      1.14394     -0.46773    -0.646322    -0.901632
    0.291742    0.0341548     0.490603      0.48319       0.4647    -0.509327    -0.139276    -0.517266     0.169837    -0.334607    -0.218416      0.12282   -0.0469473    -0.086817     0.401464     0.422271     0.099996    -0.523347    -0.365185    -0.840249    -0.503722     0.375759     -0.23349    -0.168819    -0.993438    -0.184399     0.505285     -0.55007     0.607558     0.263545    -0.190281     -0.23508
   -0.361613      0.41516     -1.63388    -0.579752      1.18405      1.16925       1.0163      -0.7875      1.01904     0.415929     0.260187    -0.753317     0.502384     -1.15377    0.0298416    -0.215861     0.294247    -0.351808       0.9797     0.696323     0.612152    -0.773698     0.597411     -1.13757    -0.931704     0.538521    -0.954935    -0.645748      -1.0222     0.361341     0.321968    -0.143065
    0.143241     0.822323     0.409643     0.195028     0.490882     0.160409    -0.235741     0.341028    -0.119407     0.180482    -0.421144     0.390357     0.210692    0.0679416    -0.239567    -0.114692    -0.114999     0.241078     0.391617   -0.0211422     0.143361     -1.64993    0.0851162    0.0046265   -0.0170281     -1.06394   -0.0368184      0.52417     0.173797    -0.085742    -0.935059     0.537128
    0.272131     0.139563    -0.208138     0.134428     -0.40455    -0.376279    0.0507179    -0.511893     0.457257    -0.142034     0.718767     0.160157    0.0276888   -0.0641046    0.0454723     0.199044   -0.0875974     0.406168    -0.371106     0.168473     0.378196    -0.796478     0.210609     0.307395     -0.24373     0.430085    0.0236516    0.0561824      -0.0529      0.17303    -0.292946     0.535898
    0.150377      0.72159    -0.654963   -0.0774078    0.0409574     0.921035    -0.372624    -0.369055    -0.700664    0.0552026    -0.783736     0.395576     0.136232    -0.354706     0.122855   -0.0663222     0.812618     0.382379     0.279001     -0.19665     0.585728      -1.2068    -0.400172    -0.371438     0.471654     0.247374    -0.491312   -0.0976192     -1.23936    -0.756493   -0.0605979     0.297455
   -0.544016     0.929377    -0.635769     0.612532     0.029645      1.02625     0.109523     -1.33505     -1.00327    -0.213939     0.167636     0.142641     0.118004    -0.270921     0.120365     -1.86789     0.370539    -0.294108    -0.360622     -1.17525       -0.596    -0.819038    -0.383895    -0.255877      -0.8634    -0.636057     0.122081     0.457257    -0.259831     0.887476      1.00067     -1.09183
   -0.218216    0.0385754     0.562499    0.0309637    -0.178097    -0.368805    -0.203276     -0.13408     -1.20858     0.671362    -0.746967   -0.0755815     0.492313     0.774413    -0.674397     0.813103    -0.186683     0.684769    -0.191163   -0.0239105     -1.81791     0.234192     0.778177      1.54824      1.39555     0.903338     -0.25099    -0.218517    -0.717368    -0.619301     0.302316     0.166196
   0.0454759      1.16216     0.951057    -0.508058      0.84543     0.803057    -0.660039    -0.420487    -0.811513     0.431669    -0.203213    -0.701523     0.660937    -0.522739    -0.129368   -0.0624551      1.02328    -0.989596     0.312012    -0.246905    -0.219985   -0.0443926       0.7431     -0.52556     -1.05758    -0.602998     0.150162     0.509431    -0.112283    0.0248323     -1.21726     0.622934
    0.262939     0.279648     -0.92422    -0.107077    -0.730836       1.1025     0.585179     0.321837      0.81173   -0.0808944      1.13399    -0.898307   -0.0560122     0.690832    -0.217237     0.617436     0.410914    -0.462588     -1.53314     0.245191     0.345185     0.731653    -0.770684     0.381496    0.0424308    0.0622167     0.397219     0.119778      0.36949      0.52112     0.745997    0.0327514
   -0.474206    -0.237878     0.368785     0.648602    -0.430752    -0.429403    -0.541888      0.37084    -0.788107    -0.245423     0.699319   -0.0503993    -0.546093    0.0423597     0.192152    -0.198537    -0.508277      0.40179    0.0526214     -0.47228    -0.038802    -0.098529    -0.153157     -0.10495     0.136117    -0.310946    0.0718009    -0.335041    0.0288579    -0.760474     0.182797    -0.285911
   -0.374246    -0.765596     0.255257     0.380855     0.430554    -0.319667     -0.60008    -0.591009      0.72994    -0.226892    -0.310763     -0.10578      0.41343    0.0248727     0.869014    -0.120487     0.160779    -0.320439    0.0863993    -0.646324    -0.273236     0.245028     0.607354    -0.137862    -0.605409    -0.100506    -0.388163    0.0923082    -0.369053      0.56131     0.296156    0.0368251
    0.898941     -2.55745   -0.0281931     0.369038    -0.598329     -1.42339    -0.270399     0.858964     0.113116    -0.628178     0.202315     0.607384    -0.389065     0.944805    -0.382977     0.654932     0.982672      1.66178    -0.718032     -1.62645      -0.5195    -0.145337     0.877281      0.36047     0.417909      1.15627    -0.882761    -0.233618     0.146977    -0.910289     0.729725     0.212647
   -0.545976     0.162498     0.471918    -0.266951   -0.0842887    -0.151278     0.125986     -0.28081     0.271543    -0.156848      0.26624     0.185198      0.29342     0.628756      0.40496    -0.429604     -0.57348    -0.247854    0.0283109     0.620337    -0.173355    -0.203837     0.059577  6.30162e-05    -0.604946    -0.576611     0.293549    -0.223019     0.477312    -0.284516     0.139823   -0.0294749
     1.65029    -0.845187     0.118916     -1.07479    -0.663881     0.681862   0.00548409      1.28144      0.47445    0.0660616   -0.0644964     -1.12304    -0.466659   -0.0705458    0.0113396    -0.176808     0.672936    0.0242591      -1.4629    -0.140441    0.0601828     -0.76412    -0.232716     -0.88426   -0.0138521      1.60975    0.0509287     -0.67416    -0.265336    -0.170391    -0.253597     0.990873
   -0.437885      1.03122     0.273264     0.808727     0.461551     0.263293    0.0213569     0.409032    -0.386252    -0.813749    0.0211728       0.0631    0.0617016     0.461334     0.292065     0.460767    -0.411956    -0.622566     0.180105     0.242425    -0.349297     0.279192    -0.129447     0.010841   -0.0168992    -0.473461      0.89535  -0.00697363     0.211378     0.137256     0.783393     0.320797
   0.0973804     0.542631    -0.323159    -0.231303     0.581846      1.02825      0.33982     0.891292     0.429626     0.629454   0.00769542    -0.425054    -0.263342    -0.454004     0.324911    -0.592864     0.272964     0.840487    -0.589846     0.464964     0.147962    -0.339404   -0.0728696    -0.751407    -0.639238     0.351178    -0.196393      1.10996     0.140739    -0.138949    -0.625664     0.138785
     1.19929     0.401703     -0.51963     0.166868    -0.791965    0.0586582    -0.420818     0.550284    -0.535348      1.53926     0.840276   -0.0221259     -1.74772     0.131308    -0.621314     0.119644     0.310472    -0.287187    -0.780931    -0.893197    -0.464811    -0.682899   -0.0428796     0.952952      0.44027     0.678943   -0.0875888     0.291749     0.152876     0.147758   -0.0696935       1.2734
   0.0508482      0.49031     0.277715    -0.335484    -0.416119    -0.215869    -0.134005    -0.187145    -0.250058    0.0940866     0.024432    0.0665081     0.826521      0.29977    -0.801233     0.139243    -0.028229   -0.0297518     0.191742   -0.0699777      0.42345     0.208171     0.255368    -0.339374     0.300098     0.198189   -0.0292023   0.00927033    -0.124042    -0.438446     0.257233    -0.388119
   0.0846624    -0.194173     0.192914     0.461364  -0.00361517   -0.0557306     0.182999    -0.513425     -0.43373    -0.664539     0.203373     0.182484   0.00316019    -0.459186    0.0388486     0.190368    -0.202938     0.224608     0.213912     0.582455     0.876347   -0.0360305    0.0786784    -0.463594    -0.128627    0.0385627    0.0572813     0.357189     0.343211    -0.802491     0.407433    -0.444485
   -0.472705    -0.384962    -0.129285     0.605417      0.33617    -0.187062    -0.375397     -0.34439     0.483046    0.0189412     0.219492     0.460919    0.0327515     0.380916    0.0686454     0.136674    -0.514627     0.222878    0.0315543   -0.0981265     0.202747    -0.211288     0.584243    -0.113803    -0.308768    0.0488412    -0.305845     0.365253    -0.422765   -0.0939182    -0.315954    0.0422132
    0.199192    -0.107132    0.0991938      0.33776     0.217453   -0.0417129    -0.338253  -0.00784733     0.265845    -0.176803    0.0116032    -0.108449   -0.0875075  -0.00756137    0.0848745   -0.0475422     0.320654    -0.069457     0.124156   -0.0692537     0.338554     0.288105   -0.0221505     0.232022     0.208585    -0.165965   -0.0451095   -0.0294904    -0.116875     -0.15753   0.00715991   -0.0170324
    0.273522      0.94506    -0.133353     0.387159     0.144069     0.396772     0.759436     -1.62804     0.578931     0.301006    -0.412898      1.75786    -0.442945     0.369843      -1.8507    -0.142516    -0.116958      1.21675     0.794536      1.22415   -0.0470079     -1.68453     -1.22819     0.237436      2.14719    -0.141793    -0.871545      1.08678    -0.262763     -1.41131      1.01588     0.139747
   0.0732353     0.165128     0.164893     0.090381    -0.358268     0.229976    0.0875064    -0.151737    0.0279874     0.904188   -0.0117035    -0.618594     0.329185     0.342127   -0.0932495    -0.382452    -0.556888    -0.368523   -0.0465299   -0.0266376    -0.109607     0.228591    -0.247101     0.166419     -0.36897      0.82646     0.793873     -1.00877   -0.0368691    -0.259361    -0.305724    -0.136776
    0.906772     0.171926     0.118717     0.403547    -0.876742     -1.01398    -0.170667      0.46528    -0.651831     0.418156    -0.383054    -0.248728     0.237136     0.480014    -0.222378    -0.343012   -0.0581829     0.498009     -1.63774    -0.675525     -1.02433     0.250927     -1.10489     0.627855     -0.14597     0.667846     0.341002   -0.0910515    0.0560014      0.18904    0.0429237     0.703067
    -1.48981      1.81431   -0.0738256    0.0882522     0.209092     0.406291    0.0261319    -0.158967    -0.247198     -1.35958    -0.310876    -0.734235       1.3422     0.402884      1.10882    -0.333402    -0.151469    -0.439209     0.511234     0.816038     0.232383      0.20169    -0.136969     0.664208     -0.66841     -0.22097     0.923005     0.537539     0.346405     -0.31828     0.860903     -1.17772
    -0.35063     0.256497     0.160425    0.0766684    -0.650426     -1.11336     0.174987    -0.359522    -0.455661     0.494293    -0.408414    -0.357712     0.143453     0.331185   -0.0533638     -0.35866     0.204953    -0.231659    -0.376946    -0.722452       0.2878     0.219882    -0.173146    -0.132672  -0.00106684    -0.338768     0.341132     0.447293   -0.0483595     0.185723    -0.578077    -0.507534
   -0.470697     -0.86244    -0.420129    -0.014066    -0.730496      1.06682     0.162426     -1.21141    0.0214112     0.862804     0.375289    -0.654631    -0.167036     0.116534     0.380366     0.752558    0.0324873     0.441273      -1.0566    -0.626435      0.10125    -0.923398    -0.346303     0.359782      1.32022    -0.059287    -0.314142      0.50279    -0.730054    -0.534923    -0.118322     0.144212
    0.835389     0.198722      1.07304    -0.562348    -0.339967     -1.05092    -0.286545     0.880604    -0.424953    -0.417437     0.180171    -0.234866     -0.25612     0.452358    -0.177144    -0.211764    0.0342847     0.142482    -0.445754     0.184401    -0.279519     0.050156     0.210874     0.243367     0.481342     0.323168      0.29635     0.259945     0.179718    -0.260475     0.144343     0.811718
   -0.286012     0.179523    -0.942281    -0.563831    -0.551943     0.565255    -0.309757    -0.793968      -1.7746     -0.20639    -0.298205    -0.869167    0.0162817    0.0324049     0.487038    -0.241974    -0.254275     0.063234    -0.618381     0.238671   -0.0308909    -0.346026    -0.661186     0.287939     0.736112    -0.974211     0.358491    -0.570982     -1.11686   0.00648894    -0.268594     0.218613
   -0.145442    -0.280539    -0.467003      0.23391    -0.399601 -0.000712602     0.317948    -0.460168     0.234174     0.211416    -0.562358     0.512508    -0.114116   -0.0497605    -0.361746     0.614854     0.327006     0.115288     -0.28792     0.183384    -0.393201   -0.0268955      0.40222    -0.272401     -0.31703    -0.104599    -0.129336     0.363168    -0.464811       0.4132     0.339016    -0.279186
  -0.0526529     0.110224    -0.374195     0.077559     -0.17278    -0.338411      0.18628     0.872983     0.152087     0.257124     0.359925    -0.189866    -0.745151     0.840078     0.281772     0.537839     -1.10561    -0.151647     0.160872    -0.356211    0.0700548    -0.349842     0.036757     -0.40323     0.260345    -0.408783    -0.455949     0.106522    -0.104324     0.817727     0.149732    -0.147722
    -0.14159    -0.523958     -0.54496    -0.309513      0.11406   -0.0703357    -0.648316    -0.489412     0.287168    -0.929794    -0.952695     0.283488      0.32797     0.269103    -0.203331   -0.0774631     0.513012     -0.43399    -0.141135    -0.306733     -1.62407    -0.588771    0.0254873   -0.0976754     0.118729    -0.375281    -0.465992    -0.239837    -0.989602    -0.510819    -0.146164    -0.151049
     1.18211     0.120271    -0.391982     -0.43405    -0.218104     0.489081    -0.581573    -0.533576      0.90437     0.875684     -1.27198      0.84019     0.970982     -1.25256     -1.10831     0.182707     0.402187    -0.267161     0.157347    0.0648908    -0.190156    -0.705595     0.539978    -0.740888    -0.562768      1.01388    0.0076332     0.645566     -0.33989     0.178726    -0.946993     0.208383
   -0.146739    -0.332595   -0.0355162     0.108138     0.122484     0.411476    -0.900968     0.170271    -0.321832     0.158061     0.583114    -0.853822     0.623632    -0.365738   -0.0418427     0.786626    -0.139337    0.0513428    -0.539223     0.217051     -0.18341  -0.00674276     0.697196    -0.481022   -0.0331938     0.733894     0.174151     0.980746     0.380175     0.979401    -0.408101    -0.157235
    0.539472     -1.25666     0.101012    0.0447881    -0.180642     0.953913     0.393759      1.38304     0.740283     0.395789      -0.4552    -0.289958     0.191576    -0.672485    -0.861931      1.49839     -0.63777   -0.0780455    -0.301202     0.465759    -0.450804     -0.10187     0.787417      1.57613     0.303306      1.09644    -0.335023      0.97548      0.79385   -0.0330348     0.221502     0.404834
  -0.0271268   0.00414508    -0.355275     0.431675      0.16939    0.0842591    -0.148867      -1.1178     0.325937    -0.311836    -0.172983    -0.319145    -0.258801    0.0361191     -0.19217     0.675328     -0.84408    -0.468787    -0.653837    -0.396735     0.684877     0.303423     0.111242    0.0971386    -0.501417    -0.129591    0.0144234    0.0585918     0.199593     0.241224     0.180106    -0.124972
   -0.265006     0.229474     0.242073    -0.139888     0.235057    -0.215287    -0.287734   -0.0356403     0.323753    -0.849109    -0.276269     0.198741       0.5523     0.210767   -0.0600193       0.6706    0.0354338     0.459934     0.261997     -0.15098    -0.240888    0.0958458    -0.175434    0.0915243    0.0146124     -0.35564     0.224055    -0.235877    -0.360517    0.0107915    0.0901117    -0.474012
  -0.0632488     0.590975    -0.154761    -0.493853     0.146027      1.58892     -0.25422     0.502515     0.401968     0.964798   -0.0184223     0.386252    -0.239141    0.0553659     0.031704    0.0685331   -0.0230646    -0.599291     0.189785    -0.190045    -0.313421    0.0920112   -0.0860352     0.220876    0.0574665     0.180145    -0.286928     0.292616    -0.123297    -0.571208     0.163888    -0.165272
    0.645295      1.13907    -0.382862     0.495849      1.02459     0.152952    -0.538937     0.699994     0.409544    -0.488351     0.360425    -0.962759     0.539563    -0.347134     0.224684    -0.445792     0.854256    -0.395312     0.445572     0.397631     0.162428     0.839286    -0.210599    0.0559628    0.0703359     0.356819     0.373551     0.169244     0.676751     0.452946     0.451148   -0.0969178
    0.019369     -1.01053      1.09777     0.131187     0.554596    -0.268274    -0.508187    -0.223614    0.0251757    -0.531561    -0.159266    -0.582499    -0.479518     0.700037    -0.864686     0.180386    -0.654045    -0.535049    -0.550551       1.0387     0.338517     -0.15524      1.05096    0.0338721     0.160517    -0.847174    0.0797082    -0.134282     0.159722    0.0228367    0.0484236     0.459748
   -0.501331    -0.757478      0.99856      0.43686     0.968189     0.278453    -0.558313    -0.115091      1.00451     -0.56818    -0.153704     0.194379    -0.272822     0.144837      0.84688     -0.07169     0.429648     0.832447     0.326248   -0.0259121       0.5009      1.46648    -0.296056    -0.484992    -0.838526     -0.94909     -0.75314     0.972416    -0.429536     0.353898    0.0391426    -0.593018
   -0.202783      1.16981     0.723341    -0.584298   -0.0972026     -1.96166    -0.370985      -1.8235   -0.0987341   -0.0457528     0.597343     0.629334    -0.145534     0.930231    -0.715692    -0.489991     0.629823     0.705032   -0.0611174     0.376788     0.113351 -0.000874404     0.110027     0.039519     0.486465     -0.12701     0.706922    -0.410175    -0.254044    -0.214932     -1.20951     0.344046
   0.0500929    -0.622272    -0.147476    -0.457967     0.553728     0.212302     0.613471    -0.270365     0.120443     0.938576     0.507531     0.349013   -0.0660709    -0.739456    -0.405521    -0.759105    -0.355218   -0.0924671     0.405146     0.404095    -0.352632    -0.332195   0.00877576     0.515872    -0.850654    -0.138294    -0.311799    0.0104558     0.142204    -0.562466     0.286662    -0.341547
    0.580429    -0.627083     0.131915      0.34556    -0.364727     -1.13505     0.170153      1.31651     0.670657   -0.0175763     0.349598     0.200072  -0.00277633     0.124176     0.216361     0.311762    -0.267109     0.212455    -0.707338    0.0182867     0.746947   -0.0276372    -0.204013  -0.00877761   -0.0131982      1.41203    0.0643938    -0.445777    -0.660837     0.195121     0.343808    -0.253133
     0.49302   -0.0645655    -0.236767     0.172928     0.223786    -0.200153   0.00472378     0.258443   -0.0800317    -0.281343    -0.346795    0.0669821     0.321737    -0.119894    -0.230132    -0.112087     0.257669     0.182613    -0.287026    -0.261383      0.10319    -0.365223    0.0127237     0.122371     0.234342     0.125524    0.0314403    0.0678727    -0.148226    -0.249361  -0.00478296    0.0403374
  -0.0531747    -0.245328    -0.605814      1.55706    -0.448856    -0.418337     0.770478      1.56313     0.987363     0.290612        -1.34     0.885565     0.949168      -1.0234    -0.502124    -0.282005    -0.520537    -0.578248     0.103584   -0.0739749    -0.881237     0.671316     0.152832     -0.56916    -0.860991      1.06044   -0.0944804     0.847743    0.0822584     0.351161      1.09979    -0.395705
    0.353238      1.41814     0.881841     -1.05034     0.600619     0.307576     -1.04927    -0.774043     0.511582    -0.304254    0.0215267   -0.0626343  -0.00633108     0.162014    -0.534411   -0.0582298     0.577891      0.73762     0.405642   -0.0890526     -0.54967      0.52193    0.0179693     0.936611     0.423562     0.260388    -0.791407     0.027369    -0.229831     0.397959     0.474248    -0.355331
    0.238056     0.345456    -0.122029    -0.430053    -0.132625     -0.83127   -0.0685327   -0.0420629    -0.182688    -0.361537    -0.344022    -0.169249     0.857863     -0.29271     0.237393     0.250937   -0.0541175     0.236112     0.459029    -0.117464     0.082778     0.290361    0.0175513    0.0224291    -0.129942    0.0377809     0.397616     -0.37559    -0.761883     0.138737    -0.616835    -0.585536
 -0.00687686    -0.111279     -1.06901     -0.22646     0.501756   0.00229315     0.687206     0.213608    0.0788933      0.64742   -0.0534412   -0.0144759     0.993258     0.614536      1.45725      0.10244     0.550467    -0.565746   -0.0743801     0.216499       1.0278    -0.854469    -0.472159     0.114971     0.625429    -0.624737     0.123394     -1.25075     -0.54603    -0.862452     -1.07989    -0.244497
    -0.17254     0.753381   -0.0334497    0.0780051    -0.441319     0.137842    -0.579275    -0.058193     -0.31158    -0.229877     0.328269    -0.246573    -0.411841     0.255379    -0.108675       0.3102     0.305084     0.465734   -0.0161588     0.129176      0.19216     0.106789     0.469204    -0.291722    -0.456821     -0.29481     0.101709   -0.0675493    -0.225182    -0.365841    -0.500779     0.104723
   -0.460459     0.248407    -0.115389     0.631207    0.0295724    -0.153171    -0.181997    -0.180393     0.185634     0.349804    -0.362874     0.261129     0.304553     0.220467     0.031229   0.00719344     0.113482    0.0550408    -0.186432     0.152489     0.618868     0.265368    -0.441631    -0.177532    -0.108497   -0.0568518    -0.090441    -0.299868    -0.321488     0.213836     0.168085    -0.331427
    0.776767      1.90995     0.399668     -1.07759      1.42544     0.926777   0.00695292     -0.97412     0.747623    -0.492001    -0.768773     0.670689    0.0675369     0.644274    -0.548272     -0.11409        2.157     0.454449     0.699982    -0.280246      -1.9012    -0.269949    0.0556512     0.197535       1.7315     -1.26288     0.929749     0.312957    -0.731331  -0.00311561     0.412636     0.381352
     -2.9749    -0.716861     -1.21073      3.31167     0.760654     -1.00149     0.715625     0.966527       -1.558    -0.238369    -0.700448     0.162553     0.415378       1.2702      1.96364      0.75797    -0.721391     0.398262    -0.969057    -0.514496     0.232884   -0.0248622     -0.88016    -0.139052     -1.38568    -0.930685     0.181713     0.298197    -0.675195      2.86931     0.749186      0.61758
    0.426849     -1.02709    -0.539383     0.351861    -0.449039    -0.299998     0.700939     0.172761     -0.41639  -0.00322318     -0.72052    -0.416278    0.0442542  -0.00795654    -0.222045     0.465627    -0.154174     0.727441    -0.958102    -0.367432    -0.267892    -0.450768   -0.0512106   -0.0849443      0.54711     0.931496    0.0282057    -0.125164     0.518024    -0.270757     0.666223      0.11857
   0.0868739     0.211256     0.123737    0.0154503     0.159153  -0.00736968   -0.0882167    0.0701259    -0.060138     0.181553     0.035682    -0.224437    0.0681802    -0.104503   -0.0154936    0.0429502    0.0401918   -0.0352582    0.0464712     0.233183   -0.0517797      0.28467     0.133743    0.0182721    -0.190085     0.346884    0.0944559    0.0308857  -0.00431756     0.209127    -0.180355    0.0672734
   -0.404315     0.570099    -0.199185     -1.04929     0.653761    -0.453861    -0.933575    -0.179314    -0.592594     0.442499    0.0350966    -0.974858     0.989023      1.31326      1.34454     0.484522      1.01747    -0.488505     0.253261    -0.454576     -1.05654    -0.219084    -0.208852      1.02731    0.0980787    -0.656029    0.0405783     -0.96506    -0.827855      0.13137     -1.44342     0.992988
   -0.414334     0.674407     -1.43922   -0.0315224    -0.230634    -0.140168    -0.123348    -0.800248    0.0735992     0.930283       1.6219    -0.171888    -0.413842     0.636383     0.736947    -0.110935    -0.665526    0.0436792    -0.778157    -0.211823    -0.279237     0.140811    -0.823285     -0.26931     0.126386    0.0147784    -0.504977     0.101721     -0.16609    -0.560289     0.411514     0.301278
    0.661051     0.319166     0.277439     -1.81038    -0.249472    -0.485482    -0.253459    -0.218671     0.257902     0.130045     0.134426    -0.547344    -0.388973   -0.0205362   -0.0117954     0.561581     0.893921      1.19637    -0.490268     0.486585    -0.185569    -0.503267    -0.258118    -0.870259    -0.533901     0.251394     -0.07003     0.290211    -0.124152     0.804029     0.162898     0.208806
    0.387884     0.397064     0.220097     0.439213    -0.301577    -0.485237    -0.227902    0.0486449   -0.0684692    -0.247065    -0.617178     0.269983    -0.166927    -0.511901    0.0551119    0.0839133    -0.308489   -0.0314816    -0.135427    -0.179049    0.0785015   -0.0469041     0.293664   0.00568313    -0.674409    -0.253234     0.652538     0.597019     0.254142    -0.261732     0.167224     0.173424
    0.716663     -1.68659    -0.783658    -0.706145    -0.765638     -0.31679      0.35386     0.527978      0.20201      1.10198   -0.0144578     0.145024     -1.48993    -0.633014    -0.313281     0.262311     0.113147    -0.159289    -0.981268     0.303667    0.0616897    -0.499408     0.266738    -0.255712    0.0362343      1.12274   -0.0412392     0.281048    -0.900911    -0.480244    -0.734397      2.22711
     0.25991    -0.843952     0.306711    -0.569659    -0.378125    -0.584979     0.717862    -0.374179    0.0183967     0.359814    -0.376391     0.452195      0.40758     0.272143    -0.557809     -0.39794   -0.0898677     0.547254     0.352194     -1.02995     0.346457     0.221731   -0.0324955    -0.621624     0.524668      1.16514    -0.303971     -1.16963    -0.385172    -0.123998     -0.21226     0.604176
    0.003281    -0.805186   -0.0730757   -0.0444767    -0.668388     0.644633   -0.0868812     0.991498     0.286003    -0.603617     0.706939    -0.484307    -0.474894     0.841474    -0.676592      0.53669   -0.0799795   -0.0117342    -0.635193    -0.793309    -0.586822     0.305032    -0.350168     0.522596     0.384701    0.0198676     0.304783     0.231714     0.639967    -0.256897    0.0622469    -0.193286
   -0.803827    -0.729595     0.305799      1.99979     -1.18553    -0.505189    0.0105716   -0.0572436    -0.109769    -0.534305      1.15431     0.557258    -0.102464     0.720236     0.330356    -0.121655    -0.311601     0.154787     -1.51246     0.265498    -0.128643    -0.129268     0.689835    -0.587261    -0.795656     -0.22463     0.276321    0.0742648     0.217455     -1.06068     0.782383     0.309409
    0.242572    -0.180208    0.0953559     -1.05012     0.336475    0.0546756    0.0655839   -0.0451987     0.356893    -0.408478    -0.161597    -0.209097     0.428118     0.059091    -0.739252     0.613294   -0.0538686     0.438665    -0.482208    -0.195276    -0.817868    0.0587117     0.169248     0.710846   -0.0766216     0.566243     0.656181    -0.451093     0.405534     0.406482    -0.822613   -0.0553472
   -0.205995  -0.00266432    -0.331252     0.550282    0.0576301       1.1088    0.0582722    -0.609037     0.117109   -0.0195168    -0.430146    -0.119109     0.168819    -0.332624    -0.551993     0.458309     -1.45794     0.851804   -0.0245042     0.536652    -0.182783     0.606806     0.394495     0.211878    0.0930701     -0.47662    -0.296278     0.365706    0.0505249    -0.354467     0.424686    -0.414469
   -0.724614     0.834764     0.426416    -0.457043     0.515167     0.995625     0.362195    -0.349397    -0.169147     -1.08876   0.00878229     0.142454   -0.0150608     0.874329      0.65965     0.321476    -0.329521    -0.620093       1.2264       1.1421     0.300555     0.155961     -1.50184    -0.182131    -0.895861     -1.77441     0.897917    -0.199198      1.15471      1.13459    -0.337752    -0.214502
    0.245772    -0.164243    0.0651357     0.253474    -0.785749    -0.294827     0.143441     0.523762    -0.471402     0.485949      0.81064     -1.12894     0.375523     0.254788    -0.143588     0.584433     0.122228    -0.145668    -0.392833   -0.0441019     0.389205      0.22925    -0.495889     -1.13901     0.546328     0.961611    -0.555403     0.892334    -0.102506    -0.750186    -0.223204      1.00039
    0.203583     0.862082     0.359572    -0.031859   -0.0020601    -0.210201    -0.401632     0.223436     0.152582     0.227775    -0.394279    -0.591894     0.463814    -0.306634    -0.345609    0.0323602     0.726414       0.8001     -1.00287     0.303766   -0.0882371     0.889409    -0.323357     0.251589     -1.01567    0.0992528     0.479365   -0.0826761      0.44912    -0.143421     0.335596    -0.849845
    0.837609    -0.594724    -0.349846    0.0411965    -0.541674     -1.16743      1.21346     0.850823     0.124075    -0.131424    0.0458645      1.27101     0.015461    -0.267998    -0.035441     -1.04075    -0.786792     0.114773     0.436299    -0.387595    -0.837804     0.122568   -0.0102956    -0.534353    -0.564307    -0.802145    -0.125356     -1.19975    -0.144723    -0.372367   -0.0642779     0.308398
    0.235395     0.547084    -0.581904      1.32669     0.316075       -1.806    -0.981231     0.948997     -1.40935     0.464191     0.180612     -1.39423      0.31018     0.511804     0.585017     -0.60427     -1.27852    -0.568265     0.102602    -0.390933     0.240939     0.247665   -0.0309787       1.1456    -0.384395     0.644889     0.145295     -1.77778     -0.62124     0.261586      0.42825     -1.45841
   -0.675175    -0.881888    -0.750616    -0.385939    -0.946909     -1.21956     0.322819         0.45     0.294586     0.128516     -1.01382     -0.50133    -0.384297    -0.852677     0.227144    -0.358315    -0.462427    -0.602774    -0.559527     0.274721      0.16897    0.0407803     0.581499    -0.822437    -0.815899      1.55748     -0.48721     0.355488   -0.0172531   -0.0822897  -0.00948995     0.182961
   -0.144966    -0.342958    -0.517182    -0.112834    -0.341869      0.27344    -0.165418     0.399567     -0.11049    -0.613307    0.0138818    -0.276367    -0.183297    -0.282523   -0.0260847    -0.138307    -0.036472    0.0130388    -0.135067    -0.840413    -0.321938      0.54211     0.536035     0.422713    -0.407654     0.160307     -0.71313   -0.0133032    -0.168253   -0.0903601    -0.103975   -0.0980428
     1.18412      1.08067     -1.14788    0.0347299     0.352703     -1.27998    -0.754429 -0.000191988    -0.281205     0.154104     0.234725    -0.870738   -0.0061321     0.495621    -0.559312     0.640087     -1.20499     0.572058     0.140362    -0.919047    -0.173961     -0.20669    -0.610648      0.79627    -0.566736    -0.246419    -0.512722       -1.286     -1.04236     0.304063    -0.346318     0.712889
   -0.729176     -1.66576    -0.162935     0.574394    -0.134716      1.23171     -0.15625        1.422    -0.230526    0.0468371      1.32852    -0.618734     0.153007     0.267426     0.690849      1.88837     0.883936     0.124716     -1.10106    -0.734463     0.414087     0.184761     0.470876      1.20834     0.807038    0.0611236    -0.456719    -0.227208     0.222478     0.525371     0.737711    -0.529531
   -0.216152     0.538223     0.235649     0.205209    0.0511523    -0.568854    0.0574115     0.197207    -0.373664   0.00562866    -0.252224    -0.498919    -0.183321     0.271344     0.246573    -0.329452     0.243848   -0.0493072     -0.19472  -0.00529033     0.328903     0.275467    -0.150851     0.248628    -0.167916   0.00437505      0.62032    0.0487854       0.0505     0.201029       0.5045    -0.119649
    0.830857    -0.440199     0.356362     0.434621     0.734168    -0.441357     0.174311      1.00952     0.105581    -0.340501    -0.512699     0.253024     -0.50566      0.12066     0.106605     0.220996    -0.151134     -0.19037     0.508526     0.631981     0.864189    -0.367967   -0.0662299     0.347455     0.448199    -0.362159     0.325941     0.933989     0.139598     -1.32612    -0.780186      0.18711
    -1.22654   -0.0806063    -0.304378      2.07243     0.940981    -0.186724     0.209461     0.430632    -0.905349     0.215468     0.151601     0.227559    0.0713293      1.06292     0.299363      0.36469    -0.143008     0.672233   -0.0732184    -0.294405    -0.626411       1.0056    -0.320156     0.980224    -0.695666    -0.998246    -0.112495     0.720402    -0.238165     0.864535     0.174622      1.16953
   0.0411715     0.369505    0.0809365    -0.329509     0.224044     0.129688    -0.227604   -0.0989973    -0.103744    -0.204767   -0.0446128   -0.0825231      0.16346    -0.666093     0.223846    0.0647117    -0.209882    -0.288336    -0.108866     0.125219  -0.00848211   -0.0584345     0.155923   -0.0701342    -0.120382    -0.431379      0.27567    0.0211137     0.152737     0.255995     0.214254    -0.235819
    0.113943    -0.818917   -0.0461287   -0.0693275    0.0395305    -0.305549    -0.199579    -0.958824     0.895229      1.34578    -0.438548    -0.104593    -0.407904     0.063569    -0.503727     0.647504     -0.12622      1.14233    -0.654539    0.0585128      1.07091      1.79136    -0.320614     0.290108    -0.408006     0.488483     -1.19676    -0.407314    0.0243235    -0.206802    -0.784202     -1.47385
    -0.92729     -1.35465     0.104888    0.0153117     0.432665      1.69282     0.800714       1.5212    -0.375774     0.851941    -0.670914      0.29373     0.270428      0.11976     0.371322    -0.124798      1.35079     0.341081    -0.554703     0.245498     0.101442    -0.261252   -0.0599281    -0.395947    -0.685721     -1.68173    -0.259259     -0.88301    -0.737883     0.264558     -1.91309      1.08092
     0.52335     0.424235     0.716476      1.54809     0.914002     0.422267    -0.454974     0.225288    0.0209902    -0.792032   -0.0678343       1.7523     0.264276      1.26871    -0.374315      1.39757     0.179593      0.33781     0.287524   -0.0949423     0.293577   -0.0254323     0.288299    -0.586738     0.819657    -0.376455    -0.899621     0.884557    -0.980241     -0.18188    -0.272729      1.31659
   -0.175214     0.387227    -0.466675     0.175693    -0.142487     0.241136     0.230382    -0.361893    -0.255736     0.421428     0.121198     0.516544   -0.0940154     0.194301    -0.359943    -0.914531    -0.399236    -0.528293     0.324558    -0.541657    -0.432689    -0.504318    -0.226912     0.180734      0.73417    -0.316616     -0.01191   0.00772162    -0.133306    -0.418314   -0.0130993    -0.205371
  -0.0370062     0.797307    -0.251413    -0.435682    -0.296835    -0.359922    -0.544387    -0.361161    -0.122669    0.0520371   0.00440863    -0.261974     0.530671      0.22608     -0.18805     0.074079    -0.124922    -0.176288    -0.680842     0.170441     0.371979    -0.023226     0.475764    0.0494031     0.319818     0.885245    -0.153424    -0.373002    -0.883222     0.295346     0.746908     0.207778
   -0.280611      1.01155      1.06811     0.130489    -0.109051    -0.196983    -0.533945     0.112286     0.410132      -0.5703    -0.255613     0.189176     0.861934    -0.929043     0.817734    -0.297384   -0.0253496    -0.676729     0.145995    -0.233745    0.0323419    -0.374099      1.11657    -0.206296    -0.432494    -0.610049    0.0744678     0.643172     0.268504    0.0714004     0.647215     0.168087
    0.709351     -0.12901     0.566379    -0.981466   -0.0893309     0.171365      -0.7432     0.652818     0.427989     -1.39815     0.103851    -0.883128    -0.335217     0.331799     0.540889     0.188906   -0.0267858    -0.131439    -0.447949    -0.486829    -0.944155     0.649743     0.622464      0.52761     0.500117     0.054751      1.00221     0.136171    0.0430887     0.360594     0.996756     0.515472
   -0.504625    -0.510506    -0.274009      0.57834     0.961976    -0.386079     0.422774    -0.309368    -0.365201     0.239025    -0.186012    -0.184765     0.562487   -0.0572123     0.374573     0.625461   -0.0735704     0.230844     0.742165  -0.00750123    0.0151154     0.392453    -0.524782     0.328696   -0.0985098    -0.576348     0.159362   -0.0972927    0.0255012      1.04294    -0.235098    -0.337481
    -2.16816    -0.379653      1.22647    -0.311664    -0.171758    -0.961396     0.604339      1.79506    -0.876617       1.2207    0.0177756    -0.250335      0.29233   -0.0692293      1.72107    0.0550335     0.423529     -1.12784    0.0974678    -0.780492     0.207631     -1.13371    -0.237984     -1.48158     -3.06259    -0.798634     0.986197    -0.338913    -0.673722      1.83398     -3.78273      1.13544
