   0.0272177    -0.082031     0.047105    -0.113898    -0.140197   -0.0705588     0.457938    -0.365897       0.3947  -0.00581683    0.0214456    -0.253243    -0.251564     0.147609    0.0216635    -0.164527     0.111194     0.306534   -0.0262527    -0.152361    -0.106227    0.0858215     0.187834    0.0584784    -0.103273    -0.293282   -0.0815231    -0.424806     0.187827     0.542869     0.118617     0.191258
    0.360274    -0.176737    -0.260168    -0.135921    0.0479432    -0.386936     0.188069     -0.10561     -0.16692    0.0204368     0.402618     0.168521     0.150915     0.113419     0.176143    0.0169913   -0.0163028    0.0896881     -0.17465   -0.0950403   -0.0721077    -0.051878    0.0983531     0.274385    -0.242248   -0.0398152    -0.115207     0.153504     0.269521   -0.0100335    -0.170069    -0.260395
   -0.155204    0.0677364    -0.141218   -0.0718083   -0.0749909    0.0590673    -0.165144     0.118288    -0.144955    -0.046263      0.18425   -0.0354567     0.561855     0.133952    -0.046406    0.0295402     0.175255    -0.126308   -0.0500282   0.00648173     0.189225     0.335758      0.24836   -0.0736712      0.25978    -0.145476     0.420795     0.240871     0.234108      0.10116    -0.289034     0.246628
   -0.166238    -0.300542     0.179289   -0.0982386    -0.130281     0.152905      0.05949     0.131391     -0.31274     0.081055     0.252526   0.00656428      0.22317     0.288631     -0.06273     0.150117    -0.115782     0.210575    -0.405196   -0.0251237     0.130932     0.261209     0.280053    0.0757342    -0.180387     0.197266     0.256279    -0.218663    -0.148885      0.11813   0.00445546    0.0943704
   0.0847758     0.115163    0.0333941     0.345254     0.148805   -0.0778817    0.0439366  -0.00891568    0.0690629    0.0915358    -0.147748    -0.172189     0.034296    -0.188328     0.127545     0.134685     0.101585     0.140086    -0.025302    -0.152514   -0.0992552     0.255968     0.161038      0.16507    0.0892864    -0.500561   -0.0272112   -0.0367921     0.197076     0.115732    -0.177913    -0.078015
    0.144169   -0.0084266    0.0293524     0.233308     0.466399   -0.0320066    -0.106828    0.0633805    -0.209923      0.22692     0.141717     -0.07688   -0.0269063     0.125992    0.0368879   -0.0651175    0.0256702    0.0842528    0.0163639   -0.0790564    0.0827738    -0.251226    0.0531367     0.064343     0.265075    0.0100354    0.0918192   -0.0825871    -0.340966    -0.108454   -0.0149613    -0.277931
  -0.0346197    -0.039694   -0.0672934    -0.324584     0.264819   -0.0401285  -0.00960012     0.235843    -0.213813      0.29757    -0.276229    0.0325415     0.231123   -0.0373806    -0.179218   -0.0353344     0.136717     0.238885    -0.134452    -0.211586    0.0256812      0.13169    -0.325987     0.504754   -0.0143925     -0.21614      0.19246     0.366677     0.278772    -0.433368    -0.271269    -0.390807
   -0.118039   -0.0541232    0.0581788    -0.171605    0.0193111   -0.0893119     0.190898    0.0414742    -0.114128    0.0370224   -0.0239579      0.31896    -0.313835   -0.0385506     0.235848    0.0555175    0.0976453    -0.282196    -0.203569    -0.043867    0.0250533   -0.0418318   -0.0417668     0.159167      0.40456    -0.198644     0.267407   0.00759143     0.194498   -0.0116231    -0.318645    -0.158404
   0.0869042     0.268931    0.0590178      -0.3852     0.143468    0.0230165       0.1303    -0.331918    0.0019798    -0.174665    -0.300758     0.123978    -0.077331     0.247723   -0.0139707     0.294401    0.0112106    -0.291653    -0.142072   -0.0387563     0.153408     -0.13703    0.0926879    -0.218996     0.105944    -0.157709    -0.116351     0.115503    0.0812811    -0.157934    -0.125993    -0.196109
   -0.235854   -0.0842296   -0.0860801    -0.142019      0.10699    0.0296548     0.265607     0.131847    -0.228364    -0.373401     0.251511    -0.223341    -0.113805     0.143271   -0.0915573    -0.393404    0.0515484     -0.32145    -0.246803     0.130391     0.153184    -0.116444    0.0185734     0.148308    -0.126263  0.000802963    -0.238453    -0.150101    -0.377475    -0.353527     0.112703     0.153166
   0.0562065   -0.0772597    0.0920994   -0.0405283      0.15514    0.0412726    -0.118718    0.0540037     0.346976    0.0443517    -0.123005    -0.210987    -0.454697    -0.311965     0.162322     0.325657   -0.0629666     0.523667    -0.253838    -0.234812    -0.235619   -0.0307596   -0.0343271    0.0355975   0.00114427    -0.292255    -0.417214    0.0564937    -0.218078    -0.494965    0.0285528    -0.143216
    -0.23218    0.0432173    -0.125276     0.133851    -0.013294    -0.358959     0.433111     -0.38021     0.260854     0.199216    -0.515242    -0.138262    -0.246765     0.120259     0.521973    -0.218506     0.203782   -0.0109338    -0.208957    -0.232043    0.0862904    -0.485453    -0.336452      0.27352     0.316288     0.389495     0.813331     0.294812     0.576928    -0.122965    -0.246938    0.0226566
    0.181772     0.571472     0.259759     0.136442    -0.288462    -0.187855    -0.110071    -0.130498   -0.0487808   -0.0708027   -0.0132355   -0.0378856     0.364642    -0.129973    0.0572971     0.373445     0.040662    0.0690054    -0.017059   -0.0570727    -0.061077    -0.398215    -0.140114    -0.131061    0.0404933    -0.399654     0.139229      0.31746     0.121077     0.158574     0.175832    0.0233939
   -0.312527     -0.19218    -0.374809     0.121816     0.223462    -0.442702     0.138243     0.322318    -0.467759       0.2378   -0.0981089     -0.42999    -0.319118    -0.470317     0.669785    -0.413498    0.0483781     0.105828     0.165217    -0.428891     0.098932     0.331173     0.609433   -0.0684069    -0.124298   -0.0695076    -0.112389    -0.501213     0.449415   -0.0190573     0.253994     0.660439
   -0.068098     0.263605    -0.396501     0.282557    0.0613454    -0.292742     0.143983    0.0511024    -0.103209    -0.130362     0.170716      0.15952    -0.242261    -0.100257   0.00845926   0.00969005   -0.0470803     0.414863     0.137527      0.01477    -0.176888    0.0270264    0.0514791  -0.00116574    -0.118005     0.102746    0.0214269   -0.0101932     0.254851   -0.0584069    -0.362993    -0.308514
    0.111755    -0.169903    -0.115991     0.120854     0.235315     0.142518   -0.0878774     0.164608   -0.0199452    -0.213191    -0.258315    -0.159462    -0.174675     0.140123    0.0686744     0.338026     0.232112     0.025136   -0.0393854     0.383364   -0.0561865    -0.171058   -0.0772504    -0.132054    0.0206971     0.412823    0.0516506    0.0217185    -0.164236    -0.408574    -0.063371    0.0968474
   -0.281731     0.284102     0.166869      0.04268   -0.0622389    -0.055315    -0.250754     0.342419      0.11322    -0.316868    -0.453017     0.248529     0.462075     0.190089    -0.268974    0.0516263   0.00273749   -0.0534502  -0.00510795   -0.0557358     0.127539    0.0834358    -0.201035    -0.201766    0.0530758   -0.0698523    0.0598813    -0.256067    0.0776569    0.0466737    -0.248033     0.225066
   0.0492153     0.230322    -0.258192     0.291736     0.178383    -0.151386     0.396387     0.167461     0.213157     0.218489     0.041693     -0.36876   -0.0497724     0.264354     0.376525    0.0298077   -0.0365551     0.222656     0.185213     0.076904     0.108041    0.0366318    -0.156526   -0.0932778    -0.376812     0.161714    0.0946215     -0.33932    0.0462995     0.117598     0.318926    0.0612429
    0.051789     0.210619   -0.0267232    0.0783159     0.217095   -0.0828982     0.354841     0.097149     0.259381    -0.125198     0.221606   -0.0586042    -0.632609    -0.076894     -0.13525    -0.372667    -0.222038    0.0776582    -0.130273    -0.120097    -0.130206     0.263289     0.326012   0.00370935    0.0721508    -0.333937    -0.239556    -0.233176    0.0708475     0.193741    0.0727849      0.21724
   0.0296616     0.182635    -0.345851    0.0376768    0.0518047    0.0895311     0.522843      -0.4872     0.474477     0.145195    -0.183761      0.33095    0.0486014    0.0116699    0.0758182    -0.375329    -0.202199    0.0960207   -0.0345285    -0.305747     0.465316    -0.167758    -0.520509     0.338981    0.0560207    0.0421323    -0.402877   -0.0220461   -0.0444336     -0.20817    -0.402903    -0.206189
   -0.135729     0.147588     0.163666    0.0626371   0.00153578    -0.168216    -0.117774    -0.396448    -0.238208     0.448442    -0.155902     0.170639     0.380221     0.112773    -0.242088    -0.172298     0.365381     0.215705     0.105851     -0.23063     0.212549     0.229504     0.202894      0.27705  0.000584203     0.274163     0.167504     0.447027     0.284854    -0.116845    -0.483987    -0.229412
   0.0344619   -0.0244947   -0.0782789    0.0650503    -0.026286    -0.107455    -0.100178      0.07028    -0.115314   -0.0883866     0.201068    0.0660141  -0.00704026     0.223369    0.0132526    -0.289938    -0.216502    -0.173432    -0.149196    -0.154952     0.226724     0.262332    0.0928979    -0.161899     0.218274   -0.0225277    -0.110502   -0.0213677   -0.0271748    -0.214067    -0.177986     0.296259
   -0.180125     0.137392      0.13142    0.0191224   -0.0342978    -0.296306    -0.198794     0.408924    -0.224625    -0.187909    0.0972435    -0.107965     0.260821   -0.0156769      0.36179     0.198266    -0.200392    0.0218307   -0.0647948      -0.0665  -0.00764788     0.148247    -0.130848    -0.328717   -0.0979001   -0.0263854     0.233064      0.15717     0.298094    -0.141904    -0.577454    -0.195422
    -0.18936   -0.0874519   0.00830949   -0.0284179    -0.281839    0.0516227    -0.235276    0.0712424    0.0147964    -0.161229     0.173143   -0.0848247    -0.153945     -0.16877   -0.0229496  -0.00530693    -0.171039      -0.2204    0.0977043    0.0294281     0.106036    -0.175098     -0.14996    -0.231744    0.0465259      0.15218    0.0422611    -0.179315   -0.0873194   -0.0503345     0.109679    0.0290376
   0.0702134     0.379848    0.0386431   0.00405164     0.141448    -0.259609     0.162771   0.00174328    -0.433552     0.140375     0.298342    0.0738541   -0.0183724     0.214374    -0.289046    -0.307009   -0.0124133     0.286519     0.221442   -0.0192451    0.0242554    -0.023505     0.242218    0.0173399     -0.20984   -0.0796119     0.301538    -0.283376     0.119291     0.093135     0.314151    -0.239465
   -0.701751   -0.0313955     0.468284      0.20714     0.131082    -0.486851    -0.578172      0.68835   -0.0284763    0.0150471    0.0356294    -0.251132     0.738974    -0.209186    0.0859601     0.600524    0.0727768    -0.299569    -0.209833    -0.491792    -0.248036       0.1284     0.128658     -0.60006     0.200902    -0.234226     0.289663     0.362579     0.130173    -0.216439    -0.349743    0.0456175
    0.337617    -0.359983    -0.354221    -0.220263    0.0680258   -0.0451971      0.24861     -0.41821     0.259931   -0.0881817   -0.0912504     0.228171     0.236726    -0.178924     0.510989     0.128758    -0.132333     0.264969    0.0224506    -0.113715    -0.472289    -0.616805    0.0324984    -0.349122    0.0570509    -0.371822  -0.00397189    -0.104543     0.178385     0.161784   -0.0122406      0.17314
   -0.122555     0.455195     0.169894    -0.109243    0.0126789   0.00264326     0.172287     0.170873    -0.375603  -0.00709755   -0.0829374    -0.151976     0.344606     -0.18921     0.172264     0.552122     0.371525     0.396778     0.130939     0.428394    -0.316623     0.270586    0.0864756     0.240394   -0.0917211    -0.214019     0.223838     0.168386     0.377529    -0.191278    -0.131585    -0.397046
   -0.152811    -0.123624    -0.358318   -0.0160708     0.159206    0.0495813     0.416292     0.149149    0.0536536     0.142381     0.401685    0.0862218     0.281786     0.164523     0.188029    -0.332324    -0.367256    0.0343399     0.168376    -0.117475     0.239201      0.71175     0.198736    -0.256021    -0.464546     0.122504     0.429045     0.285567      0.25453     0.716843   -0.0655175     0.703343
   -0.146251     0.339817    -0.194443  -0.00906709     0.499178   -0.0688194    -0.147859    -0.016925    -0.134948    0.0200507     0.120415     0.148288    -0.477424    -0.214724     -0.19906     -0.36232     0.328641     0.323019    0.0924618    -0.332592    -0.124989     0.111249     0.226084     0.167832    -0.259598     0.222378    -0.142908   0.00128992     0.126527     -0.14213     0.172838     0.084088
    0.232345    -0.259387     0.120298    0.0811428     0.157575     -0.19825   -0.0818713    -0.193273    -0.129714     0.213735     0.194841    0.0301717     0.051717    0.0068498    0.0740441     -0.12938     0.362579     0.489307    0.0721963    -0.238409     0.176528     0.207546    -0.270712       0.1217     0.151447     0.149138    0.0859929   -0.0640258      0.21546   -0.0377298    0.0957056     -0.35802
  0.00629287     0.254046     -0.12757    -0.215298  -0.00255418     0.024429   0.00484352    0.0920553   -0.0904568    -0.353403     0.308419   -0.0910672      0.27455     0.257366   -0.0386742   -0.0355919     0.251532    -0.134362     0.431876    -0.254606   -0.0780572     0.139625     0.157139    -0.438989    0.0872295    -0.212266     0.141255     0.291829     -0.14978    0.0296461     0.277054    0.0344274
   0.0653131    -0.233279    -0.139806     0.294003     0.121173     -0.11746    -0.038942     0.329534    -0.409428  -0.00937205   0.00362852    0.0609684     0.587458    -0.168425     -0.40441    0.0775911    0.0528213    -0.275676    -0.245206    0.0443564     0.163531    -0.465884     0.581861    -0.174533     0.355227    0.0850876   -0.0654544     0.209497     0.493316    -0.228737    -0.353505    0.0950742
   -0.291978     0.236304    -0.298614   -0.0367806     0.170773     0.220577    0.0161976     0.498372    -0.026465    -0.271738     0.223245     0.152061    -0.670586    -0.157689    0.0938135     0.254945     0.105705     0.325231    0.0605562   -0.0637376    -0.561793     0.266564    -0.394454    0.0205977    0.0188242    -0.381487    -0.171526     -0.27338    -0.308628     0.198533    -0.187131    -0.462902
   0.0999919     0.134495     0.121906   -0.0739964     0.148514   -0.0293175    0.0445494    -0.126396    0.0817916     0.225656   -0.0582892    0.0180472    -0.187193   -0.0212535   0.00552024   -0.0595525    0.0118458     0.145268   -0.0921792    -0.128092    -0.202637     0.151488    -0.270181    0.0453008     0.251907    -0.116791    -0.231246    0.0130671    -0.130948    0.0063707    -0.110038    -0.356451
   -0.216306     0.195775    -0.332185   -0.0480236    -0.218199   -0.0845128     0.211826    -0.148663     0.302239   -0.0451167     0.576262   -0.0758477     0.102084     0.170215     0.191381    -0.449503     0.127408     0.538229     0.074924    -0.280938    -0.138767   -0.0728825     0.010956     0.288772     0.161021   -0.0128741   -0.0190321     0.146835     0.259145   -0.0799399    -0.174912   -0.0930469
   -0.178603     0.533168    -0.248179  -0.00176087     0.211767    -0.518529    -0.134015    0.0868538    -0.288083    -0.324964    -0.330608    -0.305449   -0.0853297    -0.575682    0.0600593   -0.0835289  -0.00768795    0.0361284     0.417817     -0.14855    -0.251329     0.182456     0.277565    0.0733469     0.198539    0.0197411    0.0750671    0.0502142     0.174016  0.000933862     0.271456    0.0950376
    0.293904    0.0835207    -0.148328    -0.101002    0.0777407    0.0558781   -0.0964853     0.247257    -0.117123   -0.0721629   -0.0264534    -0.348639    -0.324367   -0.0768031   -0.0382733    -0.325229      0.11775     0.375011    0.0969094    0.0584407   -0.0211275     0.335014    -0.110793   -0.0375276     0.297526     0.191214     0.177808     0.260358    -0.155724    -0.238798     0.056802    -0.108838
   -0.184118     -0.19838    -0.451257     0.352195      0.51566     -0.23946    -0.180905   -0.0725188    0.0263508  -0.00237844   0.00995268    -0.341009    -0.497047     -0.55565      0.20026    0.0184187     0.252589     0.209598   -0.0113086     0.210754    -0.272482   -0.0629825     0.203526   -0.0355585      0.57492    -0.368007   -0.0155972    -0.103567    -0.119191    -0.169285    -0.120042     0.394465
    0.514151    0.0166914    0.0681125     0.169959    -0.126324    0.0703611    -0.342587    -0.566849     -0.25054    -0.351575    0.0676644    -0.352098   0.00429605    -0.285281     0.302031      0.33181    -0.373326      0.12628    -0.290697    -0.398235    -0.326508    -0.127181   -0.0181811    -0.364676     0.247959    -0.217505    -0.229627    -0.365232     0.274521    -0.414685     0.544152    0.0652374
   -0.117322    0.0179142       0.1318    -0.250179    -0.237749      0.13389   -0.0462664    0.0436435   -0.0210239   -0.0885359   -0.0407315    -0.100036    -0.172596     0.144878   -0.0547655     0.326883    -0.231189     0.216409   -0.0405979   -0.0936139     0.140894    -0.048839    0.0151652    -0.127186     0.181295    -0.130918    0.0235844    0.0251407    -0.082358    -0.143865    -0.303222   -0.0757768
  -0.0592431    0.0989326     0.228523    0.0925526     0.393239    0.0832378    -0.185801     0.201353     0.131964   -0.0314029    0.0870318   0.00266057    -0.374614    -0.269955     0.421736     0.333556      0.12204    0.0562437   -0.0268094     0.466136   0.00393301   -0.0175756    -0.149344     0.251297     0.462543    -0.207666    0.0120801   -0.0525496     0.303182    -0.112644   -0.0284402     -0.39315
  -0.0694076    0.0847718    -0.410645    -0.167966     -0.05973     0.130405  -0.00456448    -0.153991     0.181889     0.192523     0.437219    -0.128823    0.0724091    0.0208574   -0.0360352    -0.200911     0.225898     0.098688   -0.0743562    -0.252648    -0.218781      0.13882   -0.0573993     0.150245     0.142132    -0.184865   -0.0863692   -0.0968036     0.166033     0.210582     0.220407    -0.218474
    0.268427     0.276198    -0.353663    0.0906829     0.224042    -0.230701     0.152472   -0.0469606     0.210334    0.0594656     0.137478     0.225286    -0.424158     0.188285    -0.268931    -0.819477     0.144672     0.600015    -0.157681    -0.200151     -0.16665    -0.111186     0.318077     0.270183    -0.316157   -0.0751981     0.172172     0.130347     0.086946   -0.0761192    -0.129649     0.214817
 -0.00245551     0.196505   -0.0895343     0.140101    -0.138977    -0.232949     0.153919   -0.0125693    -0.427655    -0.533838    -0.155778    -0.542215     0.398543     0.372093     0.121793     0.387488    0.0731119    -0.153602     0.198445   -0.0608123   -0.0802394    -0.117725     -0.21117    -0.180538     0.129285   -0.0919806     0.325906     0.174727    -0.187459    -0.197494    -0.300842     0.309027
  -0.0417109      0.23983     -0.23237    -0.316254    -0.216574     0.121674    -0.122913     0.404818    -0.223222    -0.215605    0.0215869     0.265064    -0.120909    -0.156151   -0.0958268     0.174274    -0.100026    -0.124893  -0.00547326      -0.3565   -0.0984373   -0.0178504     0.344136   -0.0836496     0.608078    -0.472366     0.101442   -0.0138294      0.21439     0.205075    -0.222096   -0.0915735
   -0.249299    -0.247678   -0.0542639     0.262015   -0.0278764     0.132789    -0.427525     0.369263     0.197254    -0.448046     0.362242    -0.172183   -0.0443653    -0.420788     0.594384   -0.0337875    0.0209747    -0.237871    -0.296338     0.269567    0.0900716    -0.243377    -0.680075    -0.862957     0.278358      0.10444    -0.374656    -0.472268    0.0230481    -0.205119     0.516649     0.467249
    0.420473    0.0220154    -0.195603     0.160471      0.20977     0.282618     0.394196    0.0590538     0.188284    -0.105822     0.141803     0.373178     0.342632     0.466206     0.356321    -0.199592    -0.201135     0.170221    -0.135123     0.180632    -0.459982    -0.253481     0.027573     0.223536    -0.160088     0.275744     0.192781      0.18742     0.236099     -0.03068    -0.150052   -0.0520375
    0.102207     0.123044    -0.176743    -0.113701    0.0288753     0.132245    0.0697221    -0.014522  -0.00386951     0.125544    -0.352637   -0.0672064  -0.00470638    0.0112096   -0.0703585    0.0711959    -0.276262     0.132189    -0.225424     0.270773     0.218515     0.020539    -0.351033     0.229201    0.0562112     0.292078    -0.173668     0.103474     0.125841     0.146119     0.178932    -0.287785
   -0.285716     0.113507    -0.108258     0.379797    -0.193413    -0.112119    -0.203109     0.180788    -0.309641     0.018119   -0.0873262    -0.191273     0.452106    -0.106803    0.0368851   0.00148377    -0.155895    -0.231103     0.283406    0.0151993     0.365569    0.0429215     0.194619    -0.102908     0.280905    -0.235461     0.109457     -0.13103     -0.12391     0.183575    -0.177779    -0.237607
  -0.0140201     0.111558     0.242281    -0.377936     0.151178    -0.174854     0.410679    -0.179428    -0.118124    -0.192068    -0.428976    0.0875649    -0.504318    -0.221125    -0.106886       0.2129      0.11963     0.143454   -0.0504413    0.0589227    -0.245896     0.119975    -0.282742     0.210157     0.294555    -0.127849     0.159632     0.167587   0.00269792   -0.0606441     0.088141     0.107591
   -0.238996    -0.113736    -0.228833     -0.16533     0.173532     0.110815     0.341371    0.0906675   -0.0229735     0.156956     0.237089     0.235684    -0.382082    -0.313034     0.161753    -0.157552    -0.130966    -0.146692     0.182124    -0.232746    0.0773159     0.140638    -0.351326   -0.0994382   -0.0394367    0.0829227   -0.0561603     0.165784     0.088963     0.140277    -0.467082     0.128745
    0.362225    -0.170379    -0.208326  -0.00744277     0.157511    0.0346568    0.0485958   -0.0860011     0.151781    -0.115342   -0.0241817    -0.368675    -0.440831    -0.550278   -0.0155488     0.137802   -0.0643947     0.214371    -0.240501    -0.133319     0.175763   -0.0820401   -0.0397902     0.149796   -0.0737992    -0.241251    -0.250791    0.0129668    -0.114323   -0.0511466     0.240097     0.346828
   -0.374509     0.175881    -0.172421     0.294967   -0.0135681     0.127593     0.110462   -0.0504533     0.110798     0.057978     0.326693    -0.386215   -0.0259319    0.0781723    -0.144012   -0.0611064   -0.0495135    -0.110177    -0.221675     0.124782    -0.158098     0.184068   -0.0850632    -0.317135     0.289972    0.0403882     -0.45652   -0.0301362     0.110069    -0.120957     0.242523     0.465975
   -0.213699     0.193656 -0.000438611     0.037666    0.0816874    0.0268954     0.231238   -0.0777567     0.463394   -0.0492339   -0.0941967     0.169304    -0.234927    -0.142224     0.286148    -0.147408   -0.0472708     0.134618   -0.0331172     0.278284    -0.419569    -0.330263    -0.389584    -0.341918    0.0381089    0.0299916   -0.0769008      0.29204    -0.139943       0.1299   -0.0906869     0.260881
    0.071609     0.167308    -0.283731    -0.215596     0.309698    -0.104457     0.247367    -0.215292     0.174475  -0.00977676    -0.111317     0.160299    -0.327223    -0.157392     0.139404    -0.423622     0.365836     0.225252    -0.151779    0.0941559    -0.375798    -0.249965    -0.249545     -0.12023     0.362823    0.0678769     0.178997    -0.106409    -0.191188    -0.227831     0.160551    -0.218028
   -0.432575    -0.351925     0.147354   -0.0299874    0.0931827     0.222981    -0.465579    0.0917788     0.250817    -0.372294    -0.165449   -0.0698892     0.527327    -0.429719    -0.145301    -0.168979     0.359937    -0.430856     0.281924     0.173058     0.381308    0.0405127   -0.0203897     0.102996    -0.246482     0.078917    -0.610721     0.253944    0.0450297     0.114275    -0.314405   -0.0951446
   -0.263498     0.131393    -0.178592   -0.0477478    -0.484536     0.108857    -0.413234   -0.0494655    -0.249595     0.237437    0.0732293      0.05509     0.227698    -0.320901    0.0311495   -0.0982284    0.0842342  -0.00388281    -0.163604      -0.5752     0.522362     0.760938       0.2138  -0.00106454    0.0262255     0.306272     0.643323     0.394305    0.0817732     0.144717    -0.232759   -0.0563988
  -0.0316125    -0.342278   -0.0674257    -0.218406    -0.206519     0.144077     0.249264  -0.00505331     0.159508    0.0972149     0.388458     0.176092   -0.0522236     0.289637     0.526682    -0.232636    -0.218944    0.0687913    -0.044539     0.317546   -0.0505015     -0.14068    -0.127809     0.157303     -0.41466     0.265308    -0.360449     -0.18457    -0.137511   -0.0539798    0.0459614    0.0302829
   -0.265187  -0.00994258  -0.00442346    -0.217072     0.139136     0.219302    -0.394961      0.10467     0.164413     0.131714     0.275742     0.192383    -0.269505    -0.185744   -0.0290295    -0.204827    -0.203105   -0.0732899    -0.171268     0.138525     0.036368    0.0141936     0.243119    -0.134827     0.289291    -0.174312    0.0668699    0.0397755    0.0299226     -0.17408    -0.116455     0.210426
   -0.242765   -0.0313435    -0.116765    -0.127772    -0.196199    -0.138792    -0.246899   -0.0853425    -0.362388    -0.331629   -0.0127759     -0.31442    -0.274762    -0.468372    0.0854942   0.00698895    -0.171053      0.22604    -0.316084    -0.425343      0.20078     -0.18388    0.0262685     -0.38953    0.0271886  -0.00736531    -0.204012     0.315371    -0.336655     0.147221    -0.254103     0.261661
    0.198334    -0.391277   -0.0370277     0.127112   -0.0350348    0.0437969      0.14964      0.19926     0.264419     0.503468    0.0332841    -0.186705    -0.083267     0.303968     0.012456     0.131059    -0.195429   -0.0145706      0.30084    0.0747488    -0.105569    -0.194425   -0.0514868    -0.414747    -0.307485    0.0136299   -0.0701734    -0.331925     0.203376    -0.101458     0.142461     0.266702
  -0.0224256    0.0231835    0.0788961    -0.327015    0.0484503     0.110673     0.245899    -0.204606     0.255543    -0.205817    0.0505338     0.106354   -0.0932169     0.280322     0.219363    -0.196634    -0.349292     0.383989     0.133558   -0.0430171     0.199547     0.224402    0.0416356    0.0892426   -0.0576447   -0.0155491     0.173159   -0.0307149    -0.381275     0.278839    -0.215583    0.0109289
    0.392501    -0.312152    -0.129427   -0.0845809     0.103895     0.128352     0.170196    -0.395516     0.109116     0.149071    -0.254867    0.0874921    -0.100626     0.218717     0.318137     0.361172    -0.368541    0.0745927   -0.0837411    -0.015088   -0.0592976    -0.130285    -0.180707    0.0822273    0.0204014    -0.234291   -0.0420127   -0.0355665   -0.0687139    0.0933727   -0.0066561     0.107727
   0.0521978     0.381801    -0.156669     0.191519    -0.330338    -0.242383      0.37216    0.0400561    -0.240997    -0.115846   -0.0469133   0.00935294     0.441569   -0.0740294    -0.234685   -0.0306187     0.193915    0.0506884    0.0704511    -0.387118  -0.00283073     0.339674     0.536834    -0.376444     0.408892     0.250316    0.0692589   -0.0157725   0.00609977     0.165767    -0.132063    0.0840428
    0.219373    0.0825644    -0.114922     0.116941     0.193754     0.393912     0.073375     0.021815    -0.161538   -0.0132409    0.0584034     0.191528    0.0834602   -0.0458724    -0.101185    -0.216261     0.290698     0.339216    -0.128251    -0.132635     -0.28825   -0.0535321     0.315141   -0.0413277   -0.0315283    -0.162955    -0.559671     0.205173    0.0597825   -0.0617843     0.200232    -0.129786
   -0.312045    0.0695654     0.141072  -0.00723375    0.0923906    -0.293615    -0.357515    0.0403898    0.0226957   -0.0125829     0.197223    -0.192448    0.0394214    -0.150678     -0.10279     -0.42791    -0.206387   -0.0993402      0.16442   -0.0400747    0.0872647    0.0174357     0.481597    0.0513976     0.304001    -0.150949   -0.0377842     0.178638     0.629167    0.0981115       0.1973    -0.163942
  -0.0141286   -0.0407039    -0.187303    -0.255291     0.029338    0.0696376     0.310907    0.0799415     0.481023    -0.269181    0.0351935   -0.0661983     -0.27074     -0.52322    0.0913907   -0.0431539   0.00149263   -0.0668304     0.171744    -0.602688    -0.025518     0.248724   -0.0523373     0.342095     0.161669   -0.0865654     0.111617    0.0487467     0.159794    -0.253436    -0.156046    -0.525924
   -0.259882     -0.19305     0.334225    -0.124236     0.175881   -0.0760287    0.0634611    0.0613219    -0.160378      0.30028    -0.231013     0.053277     0.397752     -0.06226    0.0893205     0.468321     0.122453       0.2416     0.205221    -0.103348    -0.184154   -0.0579733    -0.200996   -0.0581491    -0.138681   -0.0947961     0.136442    -0.236328     0.438524    -0.142175    -0.157363     0.188821
  -0.0785457   -0.0097212    0.0798294  -0.00105591    0.0708669    -0.147411     0.161206   -0.0246951  -0.00873319    0.0317571     0.457204    -0.235676   -0.0395924   -0.0972448     0.503975   -0.0676884    -0.269222    -0.365913   -0.0858481     0.120923    -0.153272    0.0247614     0.020292   -0.0980724      -0.0312    -0.182848   -0.0719178    -0.120701     0.341299     0.385394    -0.198936    0.0698938
  -0.0104639     0.292998     0.230051     0.214905  -0.00949565    -0.167284   -0.0741802   -0.0862972    -0.377339    0.0475984    -0.101639    0.0452735   -0.0605914    -0.164981     0.067562    -0.259311     0.142391     0.189352     -0.23709     -0.21564     0.187848  -0.00285813   -0.0477357   -0.0537254    -0.102541     0.198094   -0.0154066     0.155044    0.0359611   -0.0100134    0.0197653     0.037923
   -0.290453      0.13912    0.0728403    -0.169557     0.217217    0.0323813    -0.145428     0.183124   -0.0169662     0.357173    -0.256502   -0.0758808    -0.195346    0.0861248   -0.0777207     0.147594   -0.0354687     0.129875     -0.27278    0.0480081     -0.20402   -0.0300877    -0.291736     0.301255     0.180783     0.211453       0.3486  -0.00256987   -0.0776815    -0.279732    0.0022146    -0.103876
   -0.197891   -0.0959389     0.101429      0.17703     0.059921    -0.148257   -0.0292358    -0.184852    -0.189399    0.0332358   -0.0329929    0.0804933    0.0230485     0.111839     0.265822    -0.146625   -0.0398786    0.0946915   -0.0046561    0.0330189    0.0645747    -0.132404     0.341743    -0.165344    0.0815535    0.0480267    -0.340671    -0.351562    0.0880552     0.137065   -0.0581496    -0.075569
   0.0347469     0.213618    -0.341433     0.328053     0.298269    -0.311397    -0.166927   0.00910626      0.18598    -0.347671    -0.110997     0.147629    -0.366828       -0.418     0.172558     0.113647      0.17679    -0.151622    -0.469392    -0.296814     0.161991     0.187486     0.372777     0.313543     0.364118   -0.0898989    -0.159102     0.108369    0.0267675   -0.0892902    -0.547716    -0.265537
    0.352937    -0.144411     0.410431     0.391345     0.245971    -0.547477    -0.308233     0.530902   -0.0885005   -0.0557721    -0.251964    -0.189692      0.64791    -0.140525    -0.104333     0.434995   -0.0858176    -0.328331     0.279132    -0.251192     -0.61754     -0.27404      0.38243   -0.0502139     0.314558    -0.337961     0.401366     0.173823     0.654723     0.180267   -0.0560091    0.0620776
    0.100208     0.155755    -0.111014     0.115632     0.268489     0.434546     0.419794  -0.00324582    0.0746697     0.125535     0.236295      0.34315   -0.0192259     0.121024    0.0544125    -0.226543    -0.194191    -0.259577   -0.0629239    -0.179294     0.212013    -0.229894    -0.176263    0.0919555    0.0915354    -0.370512     0.192592    -0.298576    -0.174966    -0.167553   -0.0965001     0.122684
    -0.21484     0.432748     0.381879     0.492611    -0.128073    -0.041048    -0.264551     0.123728    -0.350057    -0.237055     -0.17409    0.0263203     0.225084   -0.0865028      -0.2775     0.296245    -0.181765    0.0355674    0.0688686    -0.356385   -0.0397434     0.363841     0.149969     0.048886    0.0103136    -0.158075     0.208867    0.0559708     -0.10034    0.0477574    -0.293759    0.0981929
  -0.0883906     -0.38707   0.00177416      0.22169    -0.308411   -0.0412479    -0.461964     0.578731    -0.356938    -0.195622        0.537     0.265646     0.341733    -0.260883    -0.272367      0.30585    -0.345714     -0.22333     0.113208    -0.164516     0.191776      0.57397     0.463347     0.128511     -0.16306    0.0415221     0.369677     0.030339    0.0793187    0.0570851     0.150021      0.35643
   -0.341337     0.499185   -0.0860647    -0.111477     0.114292    0.0402613     0.030729     0.011959    -0.100199   -0.0311316   -0.0470753     0.170861    0.0421121    -0.103755     0.185082     0.188617    0.0317856     0.109863    0.0703586    -0.199108   -0.0624543   -0.0201988    -0.252766    0.0900943  -0.00542189    0.0313598     0.057173    0.0880493    0.0925123   -0.0127447    -0.149918    0.0997707
   -0.379173     0.213465      0.02285     0.114852    -0.270634    0.0582082    0.0117002     -0.16455     0.118363    -0.159685     0.270559    -0.312074    -0.233942    -0.332647    -0.176329     0.129754    -0.100804     0.364736    0.0497112     0.276812      0.25621     0.225613     -0.32774    -0.244411    0.0756589    -0.218468     0.224873     0.142513    0.0608768     0.142845     0.193208     0.248204
   -0.105922    0.0351943     0.238736   -0.0361083     0.286391    -0.311868     0.208739   -0.0822472    -0.111134     0.247593    -0.043443       0.3356     0.283541    -0.247512     0.093391    -0.105863    -0.225793      0.21728    -0.354221    0.0831176    -0.132022     0.104673      0.26121   -0.0517012   0.00886874     0.169971    0.0915697  -0.00513178     0.309017    0.0927649    -0.353415     0.118291
    0.140436     0.124922   -0.0974489     0.553728    -0.322185   -0.0397244    -0.430711     0.325265    0.0471734     0.138172     0.399539    -0.353821     0.184535   -0.0493309     0.556136    -0.168166     0.270136     0.250443     0.171723     0.140005     0.580086    0.0621729   -0.0193599    -0.234867    -0.121427     0.386457    -0.315245   -0.0706699    -0.105698    -0.188532     0.172255     0.313803
   -0.259545     0.230391  -0.00368334    -0.324429    0.0262878    -0.193015     0.109864    -0.126309     0.224398     0.129831    -0.246947    -0.271913    -0.031381    -0.331646    0.0232032    0.0248621    -0.189959     0.109566     0.194619    -0.363374     0.146743     0.167649    -0.263565   -0.0110516    0.0306775     0.190767    -0.196401     0.222896   -0.0627111    -0.178249   -0.0458371    0.0332408
   -0.210901     0.184843   -0.0542264     0.374731     0.166075    -0.272812    -0.240156     0.154643    0.0175126    -0.211338     0.131895    -0.172498    0.0854823    -0.223126     0.253169    -0.130092     0.222961     0.376599     -0.27451   -0.0461684    0.0645208    -0.238341     0.302098    -0.265446     0.315704    -0.197093    -0.208295    -0.188714    -0.192969    0.0961519   -0.0165778       0.2422
   -0.128368  -0.00956355     0.382134    -0.161272    0.0795076    0.0971582   -0.0821698     0.182961     0.173037    -0.176727    -0.388825    0.0910667    0.0539026    0.0707912     0.164323   -0.0559664    -0.352893      0.31586    -0.105277     0.312543    -0.322702    -0.642405    -0.162311    -0.102501    0.0143504   -0.0855103     0.072112    -0.228765     0.389242    -0.215941    0.0986107    0.0128303
   0.0826682     0.470609    -0.254346     0.407239     0.156966     -0.23993   -0.0885982    0.0770648     0.047358    -0.203423     0.109477   -0.0198371    0.0443997    -0.067125     0.238435    0.0999957     0.384946   -0.0687653    -0.111235     0.203261    -0.377644    0.0746981     0.125738    -0.214828     0.552123    -0.117935    -0.390628    -0.410035    0.0319908   -0.0155879    0.0652544   -0.0242473
   -0.336606    0.0916187     0.258916    -0.286058    -0.112334    -0.533265    -0.323108    0.0580211    -0.104953      0.16697     0.204324       -0.234    -0.291485   -0.0445752     0.850417    -0.307899      0.21269     0.228937    -0.162981    0.0126818     0.162075    -0.264483    -0.529863   -0.0615161     0.525926     0.388768     0.159391     0.617952    -0.080831    0.0439089     -0.12875       0.3721
   -0.121116    -0.129975     0.165383    -0.221355    -0.286961     0.232587    -0.134363    -0.093087    -0.131467    0.0872041    0.0145403    0.0413037   -0.0319459    -0.109206     0.115494    -0.155265    0.0433272    -0.152492    -0.341286    0.0359734     0.151645    0.0423306    0.0627375     0.340888    0.0267617     0.416986      0.29882     0.298695     0.164804    -0.143508   0.00998524    -0.236694
   0.0539972    0.0530421     0.589694     0.206032     0.152011     0.112358    -0.146282      0.21026    -0.534867    0.0341238     0.097541    -0.216104   -0.0510584    -0.258713    -0.300331    -0.101637     0.258344     0.110263    0.0209453    -0.257049    0.0538478      0.23112     0.287467      0.16284     0.223046    0.0958902    -0.233891     0.248293   -0.0294211    0.0655978     0.344204    -0.395813
   -0.165384     0.233421    0.0690793    0.0940495    0.0518276     0.216449   -0.0941715    -0.266369      0.11881   -0.0416914    0.0345936    -0.373895     0.109896    -0.173353      0.41786    -0.267472    -0.213045     0.189331    -0.319496    -0.299852     0.215801     0.475558    0.0713693    -0.209804   -0.0808908     0.287721     0.190008    -0.364492  -0.00688617  -0.00543346    0.0484741     0.262201
   -0.359245   -0.0463206  -0.00634067     0.539556     0.108581    0.0958211    -0.205501     0.268518   -0.0391944    -0.178722    -0.236448     -0.40365     0.305241    -0.134339     0.413023     0.229225    -0.339215    0.0866725    -0.339264   -0.0249147  -0.00522909    -0.416643    0.0466669    -0.263804    -0.340533     0.139984    0.0682441    -0.234154    -0.126686   0.00767896   -0.0912016     -0.04057
   -0.270837     0.340995    -0.512854    -0.162049     0.137451    -0.509386     0.249418     0.207957     0.143626     -0.11531     0.765988     0.182237    -0.972175   -0.0326276     0.278288   -0.0797948    -0.313499   -0.0827147    -0.145792    -0.131645   -0.0997117     0.519708      0.37398     0.144851     0.225118    -0.277749     0.262678   0.00253772     0.190821   -0.0284783     0.115191     0.466399
    0.344083     0.584016     0.254831   -0.0970698    -0.185287     0.121089     0.103542    0.0250327    -0.324307    -0.275305    -0.533179    0.0162379     0.249543    -0.237035    -0.382538    -0.109543    0.0215127     0.105883   -0.0496258    0.0740117     0.283945    0.0629804   -0.0324717     0.109424     0.426894     0.348774     0.218851   -0.0176737   0.00447422    -0.197818    0.0542716     0.119561
 -0.00227981     0.151803     0.270026    0.0926897   -0.0324832   -0.0417201     0.111308    -0.152308     0.508947    -0.296814     0.102197  -0.00484726    -0.165305   -0.0646174     0.326751     0.314264   -0.0823285    0.0637004    -0.105647    -0.172736    -0.442077    -0.302495    -0.123247   -0.0329996    -0.317226   -0.0500201     0.093046    -0.118276    -0.325935   -0.0643465    -0.182794    0.0787196
    0.108954    0.0293713   -0.0489833   -0.0824947     0.165192     0.761011     0.310537    -0.824818     0.137213  0.000947508     -0.21717     0.265891     0.164796     0.242819    -0.232122     0.237098    0.0797874    -0.275639      0.13536     0.615219    -0.881503   -0.0775337     0.261233     0.508279    -0.124752    -0.285779    -0.477223    -0.732369    -0.114884     0.069788    -0.312471     0.321164
   0.0710352    -0.208497    0.0393084      0.22432   -0.0974227   0.00540209      -0.2415    -0.246785     0.154241   -0.0424025    0.0312245   -0.0479602   -0.0467112  -0.00291703     0.156525    -0.292512    -0.023752   -0.0866038     0.217069    -0.414545     0.074387    0.0787101   -0.0433633   0.00626958     0.103912    -0.154584    -0.133935    0.0514182     0.144474     0.381806    -0.110954     0.234516
   -0.364282     0.148979    0.0108998     0.417345     0.206575   -0.0377858   -0.0964035    -0.131452    -0.129867      0.44338    -0.474621    -0.174877    -0.925171    -0.259993    -0.208378    -0.983001    -0.232898   -0.0347004     -0.49201    -0.463825     0.314052    -0.321044    -0.205468    0.0120747    -0.543049     0.627874   -0.0926843     0.170085      0.25318    -0.477252    0.0671158    0.0788341
   0.0080257    0.0241809     0.014714    0.0845603    -0.174206    0.0135087   -0.0771407     0.270875   -0.0910213      -0.2493     0.395724   -0.0636709    -0.125763    0.0480796    0.0137242    -0.139037   -0.0159759     0.193296      0.23257     0.210895     0.119333     0.518344     0.455604    -0.097427     0.108848   -0.0485411     0.252626    -0.124398     0.207484     0.420517    -0.386661     0.113556
     0.15404     0.102122    -0.237068   0.00458275    0.0867064    -0.211125     0.173806     0.211814     0.176092      0.18986     0.136794   -0.0665466    -0.176777    0.0883296     0.378781   0.00320229   -0.0896816     -0.22694   -0.0186024    -0.196592     0.117643     0.361944   -0.0007433   -0.0439028  -0.00600121     0.133028    -0.167586     0.233633    -0.154654   -0.0560013    0.0418565   0.00401901
    0.208276   -0.0897208    -0.224478   -0.0317917     0.192221     0.105541    0.0909793    0.0343219   -0.0347483    -0.062484     -0.24055    -0.127302     0.152177    -0.129201     0.226718    -0.219443     0.291582    -0.181661     0.139704    -0.144008     -0.16416    0.0683671    0.0807817    -0.042242   -0.0572548     0.217744   -0.0912396     -0.30266     0.216371    -0.251608    -0.215541     0.130551
    0.138067     0.269516     0.196455     0.129118     0.212342    0.0484161   -0.0496362    -0.068442    -0.196012     0.171555    -0.182355   -0.0333383    -0.333199    -0.192966   -0.0986883    -0.323435     0.441773     0.552255    -0.216122    -0.158232     0.117208    -0.533143    -0.232438    -0.239791    -0.124051    -0.367718    0.0105475   0.00457141     0.452572     0.317544     0.240274    -0.378163
  -0.0855084    -0.227127    -0.205436     0.117092     0.322538    -0.594818     0.364445    -0.130988     0.094179   -0.0318293     0.111328         0.24    -0.632632   -0.0210069    -0.100136    -0.377243     0.249459     0.146649     0.295013    -0.230284    0.0204258     0.211739    0.0819507     0.334503     -0.15787    0.0178337    -0.417651    -0.155103    0.0440614     0.308631    -0.111903    0.0688882
  -0.0331432    -0.148221    0.0633046    -0.124238    0.0225141    -0.101754     0.147199      0.10213    -0.066606   -0.0623407   -0.0591787    0.0336378   0.00981135    -0.537354     0.497347     0.118646     0.332325 -0.000119223    0.0454495     0.106213    0.0787671     0.200869    -0.262839    -0.302817     0.329125     0.169645     0.218328     0.181016   -0.0763306    -0.241535    -0.320735     0.161104
   0.0345777    0.0581577    -0.387215    -0.113381    0.0691595     0.113474   -0.0505255     0.174175   -0.0437559    0.0930287     0.115776   -0.0758802    -0.306527    -0.178487   -0.0700432    -0.264211    0.0374623    0.0996605    0.0797666    -0.421523     0.296068     0.172564    0.0677991   -0.0353159    0.0595352    -0.226585    0.0760402     0.220549   -0.0644507     -0.26588    0.0953063    -0.104587
  -0.0356427    -0.108959    -0.088388   -0.0678738     0.180711    -0.184856    0.0186461   -0.0218531    0.0400772    -0.127614     0.142302     0.253162     0.066681   -0.0964751    -0.139955    -0.271834    0.0881914     0.334284    -0.230852     0.235622   -0.0715896    -0.102954    -0.012264    -0.230311    -0.216965     0.148297    -0.318662    -0.113773    0.0492992   0.00743029     0.200066    0.0988056
     -0.2036     0.219008    -0.365132   -0.0832855    -0.149712    -0.210823     0.305502   -0.0449463   -0.0923452    0.0471473     0.152783   0.00262493     0.215121     0.163202     0.177784     0.209718    0.0078797  -0.00647857      0.15181    -0.292186   -0.0421929      0.15521   -0.0376987      0.32301   -0.0565749   -0.0694553    0.0979811   -0.0727448    -0.323201    -0.311489    -0.173818   -0.0347195
  -0.0207821     0.388405    -0.118603   -0.0209893    -0.235579   -0.0299827     0.127795     0.311131    0.0415476    -0.381663    0.0802687     -0.37541      0.42508     -0.35594     -0.30597     0.113923    0.0814655     0.207754     0.156255    -0.045862   0.00893818      0.20497   -0.0856554   -0.0157763    0.0505555    -0.188888   -0.0401968     0.106609   -0.0203809    -0.162192    -0.245991    0.0711105
  -0.0514601    -0.227892   0.00573496    0.0100522    0.0945123   0.00749429    0.0829753     0.207684    0.0107241    0.0424547     0.332987    -0.118315     0.224799    -0.221245     0.189054   -0.0900347    -0.151879     -0.14932     0.152246    -0.433136     0.137758    -0.183012     0.170886    -0.187472    0.0384744    -0.317451    -0.255973    -0.135806   -0.0799764   -0.0243062    -0.429511    0.0583084
    0.147598    -0.288644     0.370155    -0.124255  -0.00231955     0.129284    -0.603735    0.0016271     -0.36919    0.0555868   -0.0385826    -0.140147    -0.316049    -0.114718     0.395428      0.24189     0.329508     0.209872    -0.188801   -0.0182111    0.0701211    -0.140499     0.487299    0.0957468    0.0763103     0.470513     0.153131   -0.0803149  -0.00674959    -0.481565  -0.00916091   -0.0293274
  0.00422186   -0.0202543   -0.0718554    0.0627246    -0.104744    -0.102957   -0.0651502  -0.00503445    -0.266267    -0.185167   -0.0647175    0.0312505   -0.0579343    0.0720193    0.0769529    -0.367297    0.0348799    -0.212532      0.30053   -0.0471445      0.33527    0.0617932     0.181196    -0.159022     0.189951     0.307983    0.0364882    -0.155599   -0.0231837    -0.134118     -0.60481     0.193981
    0.228029   -0.0018377     0.100253    -0.429945    -0.407188    0.0502657    -0.177776     0.166653     -0.10053    0.0761415   -0.0814832    0.0374909     0.288681     0.102767   -0.0732011      0.18898     0.340896    -0.232064      0.29324    0.0540154   -0.0816852     0.392132     0.224578     0.367615     0.053166    0.0385912     0.251657       0.1093   -0.0372764   -0.0707451    -0.151643   -0.0431357
   -0.311899     0.125116   -0.0347505     0.173531      0.36818     0.262753     0.359106      0.15616     0.491015     0.138954     0.297135     0.301424    -0.287873    -0.185265    -0.158952    -0.326948      0.18017      0.44563    -0.039199    -0.661846    0.0914614  -0.00872929    -0.027772   -0.0465574    -0.194976   -0.0401622    -0.092754     0.126618     -0.22347     0.205624    0.0932646     0.108623
   0.0833475   -0.0885397    0.0610558   -0.0460848     0.111556    0.0309691    -0.255406    0.0728189     -0.47546  -0.00994589   -0.0884202     0.285455     0.130547   -0.0209045    -0.145942     -0.21369     0.382802    -0.173901    -0.103109    -0.204587   0.00401502    -0.157336     0.466328     0.356217    0.0176939     0.126926     0.107641   -0.0734596    0.0523622    -0.201531     -0.26386    0.0831831
    -0.39183   -0.0809518    -0.132504    0.0251793    0.0569018     -0.19055    0.0548385    -0.144715   -0.0733734     0.140737     0.168978     0.306555   -0.0291112   -0.0287636    -0.166501   -0.0175242     0.067975     0.329408   -0.0512366    -0.458111     0.280586     0.121823     0.135764    0.0393006    -0.023516    0.0143771       0.2639     0.454195     0.215425    0.0442257    -0.286442    -0.179317
   -0.239923     0.111013    0.0694297    -0.270752     0.116217     0.436965    0.0497784    -0.239937  -0.00301869    -0.110832    -0.225139     0.049914     0.258431     -0.10214    -0.294122    0.0869703     0.103416   -0.0686684    0.0439841   -0.0965804      0.37578     0.234745    -0.149471     0.119635    -0.183069     0.295435     0.107239     0.253644    0.0898827     -0.10908    -0.284462    -0.359257
    0.102237    -0.285917     0.118616    -0.175188     0.230569    -0.232609 -4.29416e-05    -0.263718     0.122502    -0.207236    -0.024521   -0.0632527    -0.302058    -0.414043     0.211576     0.015019    0.0140538     0.234065    -0.263933    -0.424686     0.137078   -0.0430473    0.0404444    -0.304077   -0.0484098     0.101718    -0.321902    -0.155685   -0.0679048    0.0238573     0.218582     0.152241
    0.111495     0.179807    -0.275707    -0.170052    -0.121832   -0.0474178     0.119273     0.217586    -0.263778    -0.148906    -0.196151    -0.149961   -0.0561054    -0.403969     0.102937    0.0440992    -0.128469      0.21977    -0.134037    -0.388816     0.368096     0.171775   -0.0858812    0.0875915     0.394143    -0.211187    -0.290436     0.490266     0.355009    -0.129306     0.168358    -0.309952
   -0.193762     0.395958    -0.116157    -0.265824    0.0150806     0.175959   0.00405009     0.448777     0.136751     0.105451      0.11771    -0.110829     0.369624  0.000667985     0.150506     0.207179    0.0392113     0.161788     0.265161    -0.230298     0.298659     0.215582     0.248559   -0.0902457   -0.0638014    0.0588011      0.15963     0.143402     0.130824      0.18945    -0.199492    -0.118824
   0.0179043   -0.0563104     0.127496     0.114298     0.288676    0.0638455    -0.193716    -0.174171   -0.0845471     0.241519    0.0633021    -0.154418   -0.0805098    -0.106458    -0.186799     0.151866     0.182546   -0.0484118     0.100316    -0.113005   -0.0383146     0.104212     0.282904    -0.148994   -0.0696103    -0.124767     0.214135     0.105318   -0.0275208    -0.113037    -0.162399    -0.178862
   0.0977783    0.0789441    -0.254418    -0.374266    -0.355394   -0.0477044     0.235635     -0.24049   -0.0647959    -0.352518    -0.218883    -0.206001     0.143772     0.258335     0.213679     -0.05579    0.0545993   -0.0688815    0.0660732    0.0531686     -0.16637  -0.00751485    0.0244948     0.140217     0.390843     -0.22393     0.266529    -0.396507  -0.00383311     0.157214   -0.0416474     0.130021
     0.21996    -0.100021   -0.0729182   -0.0303685    -0.126465     0.119818    -0.122016   -0.0108318   -0.0646721    0.0200594     0.310543     0.105824    -0.185651    -0.280251    -0.245965    -0.253427     0.229434     0.196951    -0.135074    -0.134036      0.11298     0.122699     0.270113   -0.0117023    -0.111488   -0.0495365    0.0818576    -0.154212   -0.0955466   0.00889182    0.0843683     0.141385
   -0.455426     0.211487     0.248514     0.244377    0.0317306    -0.171086    -0.220917  -0.00466572   -0.0292579   -0.0892434   -0.0125047    -0.404275    -0.202993    -0.176971     0.362484    0.0601331     0.143155    0.0823342    -0.109066    -0.274713     0.282439    -0.094326     0.170362    -0.294822    -0.232586    -0.135822   -0.0478296    -0.365413     0.128966     0.167824     -0.32328     0.107601
    0.295857     0.462063    -0.431508    -0.634167     0.313596     0.261016     0.400536    -0.161641     0.518279    -0.430164    0.0901279  -0.00282459    -0.277764    -0.283316     0.548577    -0.305421    -0.149971    -0.384087    -0.105686    -0.051953    -0.720483     0.505808    -0.189769    -0.496983     0.679004    -0.251814     0.258651     0.101198     0.176466     0.175308    -0.338742    0.0207776
    0.454563     -0.15539     0.164896     0.328661     0.299558   -0.0783527    -0.159175     0.136849    0.0631572   -0.0333146    -0.275716    0.0410343    -0.189199    0.0408768    -0.157435   -0.0460373     0.195902    -0.157556      0.38329    -0.298218    0.0926021      0.45824   -0.0964736     0.091035    -0.103973    -0.249194    -0.177198     0.504539     0.215226    -0.410522     -0.18753    -0.465765
    0.440808    -0.150745     -0.18523   -0.0109625     0.425763     0.197654    -0.118994     -0.11782     0.112108     0.254558     0.406382    -0.185275    -0.136728   -0.0195138     0.290679    -0.446559    -0.161139     0.193251     0.183427    -0.217404  -0.00441172     0.278222    -0.219531     0.450548     0.397703     0.073213   -0.0560908     0.156547     0.215184    -0.187704    -0.204386     0.113125
   -0.304532    0.0658683    -0.225686    -0.266569    0.0514583    -0.158662   -0.0686636     0.107275   -0.0486579     0.239003     0.163402    0.0922922    -0.076847    -0.229732    -0.296318     0.442693   -0.0253351    -0.146917     0.435152   -0.0638245     0.020878     0.118701    -0.115538   -0.0888668    0.0310841    -0.224719     0.228504     0.416444     0.477728     0.100283     0.346133    -0.238406
   0.0217479      0.23263   0.00825869    -0.152409     0.208835    -0.171024    0.0132942     0.115147    -0.220179    0.0512411   -0.0402728    0.0142106     0.324888    -0.240203     0.066493    0.0393358     0.303137     0.262103    -0.145111    -0.320179    0.0470191     0.409256      0.23197   -0.0223758   -0.0216956     0.252714    0.0178918     0.502093     0.179045   -0.0776689    -0.188289     -0.30716
   0.0847369    -0.294771      0.15126     0.175901     0.205429    -0.436817     -0.18027     0.106669   -0.0901108    -0.103984   -0.0300842   -0.0822367   -0.0605337    -0.214165     0.264165   -0.0572478     0.157339     0.593999    0.0492373   -0.0728193    0.0926413     0.344769     0.408974     -0.11815   -0.0793328   -0.0849622    0.0262148    -0.084717     0.322635    -0.206933    0.0155664     0.155731
