   -0.322289     0.178374    0.0669081     0.488852   -0.0173076     0.325631    -0.285643     0.311867    -0.471068    0.0302784     0.271247    -0.620832     -1.10911    0.0569312     0.125768  -0.00339386    -0.152052    0.0679789     0.363976     -0.20556    -0.827089     -0.73414    0.0354039    0.0922899    -0.623701     -0.36017     0.415026     0.160808     0.434515    0.0303635    -0.188438    -0.446658
   -0.383488   -0.0916162     0.432791     0.207083     -1.02027     0.410547    -0.853291    -0.874275    -0.231279     0.423014     0.255924    -0.105314    -0.107179    -0.314168     -0.14432   -0.0940141     0.808599     0.438937    -0.117747    0.0387701     -1.29004      0.74148     0.497313     0.620255     0.188745     0.387164    -0.364173    -0.370309     0.198393     0.261872   -0.0872184     0.249313
   -0.453119   -0.0170213     0.192405   -0.0699022    -0.426201     0.147685     0.311167    -0.102642    0.0131462     0.390359   -0.0532825     0.401561     0.391364    0.0501469    -0.331933      0.59586     0.139439    0.0969697    -0.115111    -0.530632    -0.455326     0.201498     0.298997    -0.554726   -0.0155656  -0.00224651    -0.562661    -0.527682     0.338247    -0.656713    -0.515292     0.381078
   -0.247677     0.519219     0.551206     0.313704    -0.454731    -0.143371     0.447163    -0.525781   0.00880054    -0.665744     0.456829    0.0904259     0.495607   -0.0509444    -0.146155    -0.220841    0.0487148   -0.0094461     0.254176    -0.219147     0.224321     0.484221     0.367614     0.242862     -0.54411     0.550727     0.301095    -0.443751    -0.193237    -0.239876     0.239757     0.464997
     0.14563      -1.5759    -0.570889     0.921167     0.630111     0.431651     0.264964   -0.0348779   -0.0157774      -0.3343     -0.11744     0.225718    -0.434176    -0.594885     0.033833   -0.0309201    -0.815926    -0.157841      0.42348    -0.313511    -0.113781     0.200566      0.21357    -0.286228    0.0949922    -0.187853     0.120195     0.503454   0.00553756    -0.309413    -0.286575     0.376924
  0.00556839     0.156184    0.0795245    -0.165208      0.31958    -0.170502    -0.525983    -0.153529   -0.0423841    -0.208924     0.464725     0.103247     -0.22268    -0.341464     0.438674     0.130494      0.73136     -0.25945      0.77453     0.739552     0.960175    -0.109814      1.52341     0.611632    -0.537558     0.244171     0.193331     0.834811     0.114358      0.81446    0.0466256    -0.312547
    0.317725     0.226237       0.5856    0.0419491    -0.135216    0.0661929     0.456838     0.684361      1.01862     0.278725    -0.907127    -0.358082   -0.0155127     0.582411    -0.284034     0.715264     0.107008      0.54883    -0.215466     -0.29424      0.30192      0.55807     -1.17681     0.510622     -0.51777      0.23131    -0.936665    -0.815786    0.0250094    -0.380986     0.330534    -0.647741
    0.219332    -0.388403      -1.0875    -0.145027    -0.161499   -0.0205157     -0.91008     0.424781     0.419941    -0.408346     0.471942      0.25871     0.139575     0.478982   -0.0437552     -0.54695     0.489843    -0.140305     0.180474    0.0244979    0.0116886    -0.337939    -0.350283      1.13638    -0.436228    -0.668846    -0.136448     -0.47172    -0.415749    -0.145929   -0.0584014     0.126938
    0.229707    -0.617443     0.633699    -0.355469     0.195939     0.156769     0.225749    -0.306753     0.454746    -0.316368     0.032922  -0.00689977    -0.162666    -0.825258     0.573099    -0.359278    -0.682989     0.159837     0.110534    -0.590246    -0.160449     0.549377     0.527746    -0.330505    -0.385233     -1.04127     0.511265        0.878     0.408728   -0.0109614     0.203944    -0.563994
   -0.268439    0.0618171     0.159096  -0.00127693    -0.209058     0.270663   -0.0589077    -0.282431    -0.587539    -0.634393    -0.781626    -0.186669     0.126188   -0.0449041     0.675508     0.646938    -0.399846     0.277297   -0.0496959     0.436302     0.313052    -0.807522    -0.215023     0.235221    -0.216623    -0.279403     0.164455     0.196524   -0.0418882   -0.0463342     -0.58595     0.281621
     1.02019    0.0737872     0.219867     0.612509     0.170272     0.618526    -0.160074     0.131405    0.0272322    -0.476355   -0.0570411    -0.485284   -0.0369655     0.955445    0.0660621     0.615431   0.00866236     0.556072     -0.96332    -0.116602   -0.0967199     0.244458    -0.795271    -0.566416    -0.704373   -0.0359423     -0.27005    -0.602946     0.174539     -0.69105     0.654039     0.774941
    0.530525     0.369326     0.146825    -0.142605     0.234849    -0.152511    -0.237812      0.75315     0.224596     0.240522    -0.160156     0.581087    -0.557796     0.413311    0.0772489     0.553412   -0.0968143  -0.00451706   -0.0224125    -0.151302     0.533989    -0.627258    -0.746503     0.148388    -0.271771    -0.686172    -0.336609     0.057124     0.227219     -1.12933    -0.925719     0.244719
    0.176163   -0.0662736    -0.315202    -0.445079    -0.338547   -0.0945483     0.405787     0.149473     0.113964     0.688192    -0.207598    0.0381665     0.185168     0.100811    -0.258294   -0.0129381   -0.0308997    -0.279501     0.358986     -0.11392     -0.18103     0.418942     0.117489    -0.503195     0.388208    0.0793623    -0.374567    -0.638618     0.128087    -0.833349     -1.15989    -0.506805
    -0.31525     0.238947    -0.284789     0.246055    -0.463612       0.7277     -1.01909     0.277612     0.398319     0.147744     0.106605     0.258082     0.175864     0.384502    0.0537144    -0.623808    -0.408526    0.0292885     -1.74495     0.274794    -0.249871    -0.760582    -0.315796    -0.748475    -0.369817   -0.0116739     0.344944    0.0250393   -0.0806426     0.396974    -0.256273    0.0709995
   -0.184269     0.549307    -0.735441    -0.220838     0.139279     0.176706      0.42366    -0.540932     0.438247    -0.256652    -0.122646    -0.221055    -0.353802    -0.696355     0.029009    0.0410151    -0.806481    0.0912507     0.826592     0.221571     -1.34071    0.0257948     0.881912     -1.11909     -0.82892   -0.0743856   -0.0335819   0.00702184    -0.442015     0.564775     0.351227    -0.136527
   -0.112119     0.357691  -0.00166049     -1.14936    -0.454481    -0.600141    -0.315007     0.381178    -0.839102    0.0458434     0.652243   -0.0127273     0.031891   -0.0306471     0.115321     -0.56167    0.0928721      0.22342    -0.525423   0.00900335   -0.0485945     0.171925    0.0777337    -0.535538     0.334362   -0.0854912     0.153826    0.0900129    -0.283063     0.135731    -0.192898     -1.23254
   0.0798598    -0.222151    -0.482357      1.03393     0.745605    0.0602619     0.550507    -0.212327      0.20114     0.437522     0.168771    -0.672431      1.11333    -0.113803    0.0427335    0.0120644    -0.281992     0.219206     0.063727    -0.458908   -0.0500239     0.314613    0.0700776     0.682316    -0.650422     0.403585  -0.00209761    -0.162656     0.563421     0.236341    -0.228347     0.276094
   -0.308767    -0.245221    -0.783292   -0.0614924      0.34934      1.00895    -0.467549     0.221906    -0.109202     0.176117    -0.124263    -0.187918    0.0943792    -0.654282   -0.0989046     0.400076    -0.192372    -0.617258   -0.0208596   -0.0650455    -0.372457     0.397809    -0.476598     0.521447     0.208763     0.376956     0.416328     0.920162     0.519846     0.109984     0.903605     0.125405
    0.198112   -0.0980616     0.330166    0.0864903     0.287821    -0.182756     0.101756     0.442074     0.122105    -0.385588     0.275625      0.46951   -0.0427773     0.368607    -0.309127     0.183531   -0.0779727   -0.0185434     0.161018     0.522608   -0.0146148     -0.18914    0.0338354    -0.024901    -0.461514     0.033323    -0.506295    -0.197436    -0.717667    -0.287283     -0.12617   -0.0255114
  -0.0312674     -0.17156     0.266906    -0.313503    -0.320163    -0.041419    0.0602696    0.0890803    -0.146051    -0.275834    0.0518634    -0.276939  -0.00394798     0.297819 -0.000998501    -0.105634     0.475851    0.0747584    -0.205481   -0.0276845    0.0896405    -0.190518    -0.216706   -0.0281223    -0.167607     0.283066    -0.409328     0.198307     0.306421     0.107125    0.0335338    -0.571027
   -0.600458     -0.20562    -0.690918    -0.785764    -0.205039    -0.402576    -0.597472   -0.0250976      0.19796     0.340427    -0.149476     0.387941    -0.253779    0.0810246     0.560962    -0.355162   -0.0630704     0.281152      0.20706    -0.337014     -0.47953     0.301165    -0.540131    -0.255179    0.0547802    -0.521671     0.115874     0.358892    -0.808816    0.0679094     0.204546    -0.446139
   -0.314022     0.216286    -0.447432    -0.324908   -0.0529078   -0.0334069     0.406626    -0.345528     0.626818     0.491789    -0.817443     0.252184     0.124591     -1.02918    -0.537599     0.498968    0.0279741   -0.0349589     0.836383     0.278547     0.735297     0.761612     0.695979     0.515258     -0.15732     0.776691    -0.178989     0.523718    -0.436597    -0.158061     0.323874    -0.229413
   0.0352853     0.165401     -1.12871     0.782142      1.65533    0.0536271     0.451007    -0.485559    -0.123664     0.459468     0.366113    -0.351876    0.0816792    -0.905631     0.429133     0.840864     -1.00172     0.363255    -0.222264    -0.588383     -0.71625     0.123464     0.245603    -0.162158     0.625026     0.639049     0.441015     0.990836     0.202776    -0.344941    -0.452535    -0.922333
   -0.390628    -0.405716    -0.356806     0.486998   -0.0119304     0.622799    -0.377747    -0.663097   -0.0160053     0.813716    0.0357773    -0.350853     0.895974   -0.0511074     0.229128    -0.160331     0.421239    -0.343322     0.114056     -1.09637    -0.118013    -0.142918     -0.25846    -0.129212    -0.182503     0.388746    0.0825381     0.216457     0.455934     0.306148     0.206512     0.636604
    0.353254  -0.00147278     0.242818     -1.00324     0.707103    -0.879506    -0.170293     0.133224    -0.437386    -0.632403     0.393737    0.0837712    -0.654355    -0.958438     0.985578    -0.630344     0.410753    -0.250428      0.31153     0.347358     -0.74104    -0.266904      1.24393    -0.861639     0.618477    -0.684908      1.28821      1.31969     0.297695     0.771151    -0.254174      -0.7404
    -0.75087    -0.207204    -0.444821   0.00965348    -0.137434    0.0163006     0.597165     0.248561   -0.0757988   -0.0264425     0.461223   -0.0276317      0.33776    0.0702479      -0.3433    -0.117808    -0.126517      0.39252     -0.28209     -0.42299    0.0275479     0.473488     0.275552     0.212527   -0.0621799     0.471775      0.24259    -0.280121     0.154111     0.319214     0.381849     0.589354
    0.110222   -0.0991526    -0.699977    0.0447293    -0.161843     0.140538     -0.38869     0.378201    0.0580082     0.211909   0.00891287     0.545727    -0.964417    -0.360384    0.0976759     0.153892    -0.116033    -0.362126     0.182553     0.703643    -0.356309    -0.959719    -0.273992    -0.110513    -0.518865    -0.401074    -0.393042    -0.689253   -0.0683105    -0.550281    -0.912117     0.172309
   -0.793553     0.210357     -1.63366    -0.377661     0.839361   0.00811187    -0.113863     0.338536     0.242407    -0.506585    -0.119995    -0.325894     0.958901     0.277129    -0.306194     0.650285    -0.325324    -0.616423    0.0154257    0.0045229     0.734181     0.574031      0.72576    -0.306657     0.545836      1.02714    -0.186542     0.277178     -1.17048     0.383891      1.34748      -1.4773
     1.81399     -1.15297     0.147946     -1.14637    -0.669247    -0.134719     -1.53268     0.418944     0.451326      1.02303    0.0577271     0.294291   -0.0374273   -0.0640889     0.105195     0.795789    -0.515526     -1.14467     0.706779    -0.348562      1.59911    0.0578303    -0.172269     0.975799    -0.133584      -1.0851    -0.605866    -0.133201    0.0468144     -1.50691    -0.985802    -0.386836
   -0.471066      1.07473    -0.765839     -1.13167    -0.214082     0.684513     0.426405    -0.845788    -0.483659    -0.406442    0.0619907     0.166637     -1.10047    -0.269412     0.817675    -0.327244    -0.389061      0.37267       1.1234     0.423432     0.717336   -0.0280806       1.5801    -0.399506     0.603496     0.330455    -0.692348    -0.226439     0.143851      1.14144    -0.807713     -1.52787
    0.554087     -0.26013    0.0189584    0.0581832     -1.04068    -0.147438     0.182424     0.565177    0.0965687    0.0921859    -0.492923    -0.299836    -0.441335     0.225147     0.530996    -0.137161     0.387211   -0.0782889    -0.214917     0.225073    -0.162684    -0.346886    -0.321629     0.486036    -0.969323    0.0188928     0.405125     0.255378  -0.00235931     0.039545    0.0602635    -0.506009
    0.238228     0.140732      1.43362     0.840678     -1.25376     -0.44408    -0.606345     0.284714    -0.368767   -0.0715779   -0.0262193    -0.125634   -0.0448648     0.496318     0.624651    0.0272098    0.0632156     0.622674    -0.828867    -0.997953   -0.0899452     -0.88358     0.448785    0.0949384     -2.11814    -0.237079    0.0980777     -0.24096    -0.599483    -0.503913     -1.36272     0.569003
   -0.457677      1.33394    -0.496739    -0.304796    -0.188653     -0.63168   -0.0888314     0.398972    -0.207597    -0.185042      0.11972    0.0340733    -0.606543     0.635235   -0.0455525     0.500142    -0.387466    0.0670116    0.0477286    -0.257754     0.338831    -0.639771    0.0308024    -0.244394    0.0487079     0.366237  -0.00503388    -0.447903     0.179935    -0.326762    -0.701946    0.0099389
    0.409462     0.279566     0.238479     0.075322    -0.237116    -0.189985    -0.530989    -0.224989   -0.0433812     0.294374    -0.009367    -0.384665    -0.306791    -0.124494       1.0164    -0.559773      0.20215   -0.0348486    -0.661726     0.131038   -0.0736208    -0.582326     0.323896     -0.68678    -0.369874    -0.044604     0.315358     0.510401    -0.479815     0.106205    -0.724523    -0.153528
  -0.0948397    -0.388486    -0.316493      0.14424     -1.30313   -0.0932096     -1.17406     0.234535   -0.0487695     0.528659     0.124916    0.0942008      1.31181     0.416147     0.402878     0.283811     0.262025    -0.009468     -0.72293      0.25661     0.281896    -0.250446    -0.250034     0.599993     0.117368     0.441181    -0.738098    -0.338095    0.0101698    -0.504868     0.549024     -0.54815
    -0.27954    -0.859909    0.0381649     0.537432    -0.923676    -0.480075    -0.587516     0.275846    -0.116654    -0.740152    -0.208884     0.147751    -0.484412     0.237583    -0.257677     0.116486     0.399172    -0.765666    -0.410651      0.20714     0.838677    -0.195435     0.554334    0.0103571     0.200312    -0.333572   -0.0691189     0.207693   -0.0647707     -0.62384    -0.313265    -0.235306
    0.219538      1.04121     -1.08514     0.703762    -0.167209     0.210061    -0.256305     0.551583    -0.265392    -0.776179     0.207497    -0.547399    -0.642553     0.477672    -0.180661    -0.133315     0.217055     0.130555    -0.719282   -0.0356869     0.013566    -0.582667    -0.234915     0.438716    -0.504417    -0.270457    -0.196617    -0.231796     -1.20087     0.130765    -0.286121    -0.319305
    0.634433    0.0798149     0.343501  -0.00246962     0.920721    -0.208905   -0.0354633     0.299082    0.0952297     0.234454     0.620714    -0.476836     0.110074    -0.235916     -0.10087    -0.862162     0.604878    -0.359812    -0.670691    0.0883254    -0.172606    -0.182529     0.559283    -0.736978    0.0776098    -0.226259    -0.177411     0.484448     0.455023     -0.17156     0.163463    -0.379874
    0.326963    -0.413133    -0.180994     0.310865    -0.282365      1.11471    -0.444624    -0.517294     -0.52936     0.262866     0.220601    -0.938145    -0.705986    -0.470175     0.666047    -0.316312     0.794398    -0.480958    0.0403584     0.583287    -0.960293   -0.0972099     0.555459     0.931019    0.0472328     -1.35524      1.42395     0.981386     0.384845     0.550729   -0.0225867      -1.1416
   0.0677051    -0.489274   -0.0197074    -0.535054     0.348395    -0.205279    -0.132124     0.255613     0.326565     0.438136     0.350185     0.160169     0.119335   -0.0750604    -0.029041    -0.082824    -0.417495   -0.0800196   -0.0277826     0.383869     0.242872   -0.0661882     0.214394     0.171337   -0.0272633     0.219979    -0.193159    -0.332116    -0.113032    0.0286266     0.186166    -0.188942
    0.419579   -0.0449571    0.0442364    -0.530576     0.089476    -0.186014     0.238915     0.214386     -1.15067    -0.659439   -0.0272443   -0.0959531    -0.770959   -0.0820307     0.745099     -0.21693     0.613635     0.668873     0.580596    -0.291811     0.132384    -0.449985    0.0986753     0.790738   -0.0458172    -0.518078     -0.19312     0.448919     -0.43327     0.330481    -0.342814    -0.154005
   -0.382898    -0.147828     0.627545     -1.90652     0.940962     -1.52493   -0.0435036     0.755762    -0.649445    -0.379912     0.150175    0.0489774    -0.210669    -0.390081    -0.608512   -0.0406609     -1.04775 -0.000492665    -0.367871     0.599768     0.207053    -0.239693     0.334634    -0.126874    -0.261201     0.674025     0.557599      0.16359    -0.475092    -0.177691    -0.183646     -1.02101
   -0.985627     -1.30198    -0.311584     0.272862    -0.562056     0.528767    -0.313107    -0.522972     -0.40301     0.106875     0.324316     0.301217    -0.064927    -0.119183     0.468877     0.094853    -0.479878    -0.774259     0.854452     0.294275      0.73215     0.925001    0.0681007     0.455987     -1.17781     0.176804    -0.172852    0.0203157     0.239942     -0.19977     0.436103     0.530207
    0.512563    -0.502439    0.0455132   -0.0259663    -0.234892      -0.5902     0.354112     0.937752      0.67486    -0.970494    -0.770818     -0.57842     0.764392    0.0646274    -0.142464    -0.347484     0.835716      0.33353     0.201267     0.327148    -0.084772   -0.0765688    -0.167953     0.345321    -0.296618     -0.36124    -0.639958    -0.474412    -0.689129    0.0122575     0.481004     -0.34532
  -0.0649846     0.517394    -0.115286    -0.389702    -0.910517     0.183336    -0.235104     0.527186    -0.748378      0.15139     0.304845    0.0295173    -0.486528     0.921343    -0.218788     0.239298    -0.426493    -0.141673     0.141373     0.268714     0.263277   0.00269286     -0.40901     0.585225    -0.259649    -0.410623     0.482889   -0.0152833  -0.00967266     0.247576    0.0323525     0.260813
   -0.583097     0.912107   -0.0733409    -0.103842    -0.760759     0.245416   -0.0271267     0.226756    0.0455565    -0.367063     -0.38356     0.593292    -0.418936    -0.229539    -0.239186    -0.556325    -0.023653     0.178669    -0.727077    0.0905332     0.233763    -0.396685    -0.271841    -0.386128    -0.476047    -0.461258    0.0229608    -0.023185     0.504769    -0.867228    -0.760072     -1.37041
   -0.093311     0.633107   -0.0369513    -0.158356     -0.71134    -0.204866     0.799179      0.40574   -0.0472363     0.095485    -0.265005     0.215635    -0.328192      1.48935    -0.555533     0.375914    -0.552476    -0.229837  -0.00406299     -1.06026    0.0496708    -0.500232    -0.511415    -0.385066    -0.103178     0.357243    -0.643319      0.12073    -0.524922    -0.316718    -0.380817     0.590124
   -0.368801      0.13852    -0.174659  -0.00716334     0.224825    0.0277476    -0.086052     0.265562     0.283348    -0.134978    0.0677295     0.221129    -0.353338      0.13948     0.702933     0.120678   -0.0985106   -0.0379333     0.146745    0.0239705   -0.0918218    -0.139673    -0.204258     0.219039   0.00479194      0.18074     0.121617    0.0897418     0.373426   -0.0566302    -0.231047     0.315079
   -0.458149    -0.192981    -0.395605     0.569151       1.8556    -0.465488     0.307596    -0.545349     0.216083    -0.381576    -0.241004    0.0169142    -0.472183    -0.505517    -0.350303    -0.592568     0.752638    -0.526688    -0.357053     0.531752    -0.374655     0.522787     0.525538    -0.170581     0.757139    0.0956869     0.303087    -0.447316      1.00494    -0.278828     0.610774    -0.115281
    0.511257    -0.672805     0.300611     0.590287     0.365607    -0.255376     0.223535      1.15127      0.75631     0.477695     0.410134    -0.153438     0.488179    -0.348629    -0.328963    -0.251357    -0.667149    -0.201423    -0.894427    -0.304403     0.870257     -0.81777     0.175189     0.284103    -0.493193     0.576735    -0.307102     0.128275     0.556336   -0.0415733     0.175932     0.422817
   -0.182093    -0.325264   -0.0193115     0.667159    0.0712549     0.170388    0.0396254    -0.155009    -0.441288    -0.312364     0.101035     -0.25915     0.207572    -0.928363      0.44336     0.161909     -1.01996     -0.30772     0.314921    -0.151218     0.554178     0.230901    -0.591785     0.390266     0.182929     0.436784   -0.0808321     0.203363      -0.1077     0.580891     0.281487     0.278797
    0.212385     0.100501    -0.041253     0.276083    -0.226699   -0.0492526    0.0270816   -0.0921133    -0.280775     0.363763     0.136066    -0.057104    -0.220652    -0.286602    -0.186313     -0.20991    -0.212207    0.0672301     0.198797    -0.494877    -0.122858    -0.105984    0.0196814    0.0191158     -0.50668    -0.293749     0.582928     0.225645     0.219643      0.30795    -0.288457    -0.173379
   -0.152144    -0.820696   -0.0443651       1.7035    -0.122671      1.22363     -1.78113    -0.529533     0.453141    -0.445126     -1.30351    -0.315372    -0.471749    -0.263953      1.08254      1.27794    -0.362376    -0.147759     0.732944     0.130076       -1.198   -0.0300507    -0.279545    -0.181941     0.255113      0.16412    0.0641836    -0.787035     0.547942    -0.541513     0.127054      1.88021
  -0.0712149   -0.0606575     0.185181     0.029651      0.27847     0.094112     0.412529     0.318728    0.0254114     0.199595    -0.342285     -0.10437     0.122496     0.141185    -0.295786    0.0274978    -0.320505    -0.213085    0.0176789   -0.0331931    -0.377089    -0.408228    -0.486736     0.703615    -0.368488    -0.308385     0.236731   -0.0432253     0.221484    0.0137404    -0.332286   -0.0276302
   -0.298384     0.322017     0.176484     0.265812     0.856929    -0.793915   0.00932427   -0.0949324    -0.397015    -0.567686     0.697427     0.609029    -0.645229   -0.0636428     0.343249     -0.85439     0.280083    -0.714601    -0.453519     0.597878    -0.438601    -0.339997    -0.326097    -0.212201    -0.381181   -0.0647654    -0.196564      0.35178   0.00128198    -0.117373     0.391012    -0.373243
   -0.435265   -0.0586745      0.01041     0.270868    0.0996939     0.691349     0.443159     0.695826      1.60114     0.520024    -0.733822    -0.318795     0.205366     0.463204     -1.48657       1.1843     0.301933     0.699002   -0.0820177    -0.280728     0.119259     0.111443     -2.10184     0.801605     -0.34705     0.988218     0.223386     -0.98911    -0.385231     -1.13692     0.571858   -0.0543968
    0.174404      0.34659    -0.563737      0.15229    -0.317981    0.0504355    -0.338383     0.294585    -0.351763   -0.0470026     0.522471    -0.131724    0.0345263     0.109779     0.433663   -0.0219193   -0.0283681     0.101792    -0.103539     0.183328    -0.526281   -0.0432852     0.113084    -0.388766     0.123897   -0.0470883     0.321491    -0.253791    0.0557079   -0.0943427   -0.0772172      0.28611
    0.219821     0.116892  -0.00177746     0.302797      1.25634     -0.25779    -0.169546    -0.389436    -0.635788    -0.579891     0.997596    -0.422682    -0.281954    -0.382933    -0.341459    -0.706062      1.01273    -0.201517    0.0170025     0.635273    -0.507737    -0.317859    0.0655586     -1.19048      1.76869     0.722652    -0.164414    0.0965237   -0.0225494     0.428311    -0.191923      0.43017
    0.151179   -0.0164896    -0.268903    -0.582085      0.10321     0.655435     0.518028    -0.163606    0.0678146    -0.207837      0.26663     0.262557     0.450115    -0.425484    -0.334321  0.000988706     -0.91941    0.0387338     0.489647     0.111339     0.554947     0.262976   -0.0644756    -0.446405    -0.114532    -0.189885   -0.0687354     -0.35696    0.0818021     0.451624     0.419839      0.11199
    0.499279   -0.0601723     0.164488    0.0595872     -1.74206    -0.186563    -0.605049    -0.178084     0.170399     0.100202     0.795517     0.182436    -0.159037    -0.439824     0.350287    -0.689144     0.710905    0.0965945    -0.108731  -0.00950215    -0.304996     0.375881    0.0865723     0.486765    -0.632213    -0.220518    -0.666544     -0.73668    -0.224481     0.108615     0.414872     0.286673
   -0.374022    0.0366174     -0.11179     0.500091     0.231953    -0.240826      0.26706     0.345932     0.137486    -0.571645    0.0779989     -0.81336    -0.860186   -0.0964785     -1.29839    0.0047688       0.7551   -0.0428259    -0.278367     -0.58927    -0.371676   -0.0778266    -0.498627    -0.284804      0.40404     0.303553    -0.188836    -0.440906     -0.68522    -0.742288     0.712264    -0.655779
   -0.340424    0.0812585     0.306656    -0.199113   -0.0667533      0.11054   -0.0720323   -0.0193742    -0.198253     -0.30068    -0.250603    0.0495939     0.211637     0.170237    -0.128937    -0.180781     0.265127   -0.0622313    -0.145609    -0.181971     0.167369    -0.278164     0.146628    -0.297761    -0.316326    -0.100107   -0.0220517     0.101532    0.0220592     0.261143     0.131865    0.0415656
    -0.86739    -0.116837     0.130165     0.709044     -0.25314     0.773171    -0.140186     0.364911     0.440196     0.100441     0.347333    -0.233207    -0.316679  2.32308e-05    -0.323164    -0.377051     -0.37629    -0.265191    -0.899734     0.369435      0.13081     0.251114    -0.549496    -0.311728    -0.450692     -0.20605     0.748612     0.846252     0.120011     0.389282   -0.0059238   -0.0447934
   0.0471581    -0.182078    -0.263405     0.256946     0.417118  -0.00935983     0.444906     0.121674     0.563258    -0.578001    -0.406268   -0.0957897     0.489734    -0.658035     0.116927     0.584495     0.470775    -0.198123    0.0399974    0.0672965     0.628651     0.601639    -0.581898      0.41726     -0.62055    0.0446474    -0.196251     0.332999     0.270388    -0.339591    -0.443599    -0.194885
   0.0602833     0.612013    -0.356906     0.378751     0.227495     -1.00475    -0.146072     0.430063    0.0276696   -0.0414025     0.447556     0.255206     -2.26253     0.347663    -0.464059    0.0988464     0.780313   -0.0585667    -0.281602    -0.216361    -0.280102     -1.87763    -0.950399    -0.402482    -0.939083     0.123457     -1.31531    -0.714571     0.557902     -1.59192     -1.93916     0.598233
   0.0424251     0.146922      1.03473     0.178698    -0.594785     0.143486     0.592841    -0.563396     0.191722      0.57413    -0.506044    -0.500126     0.585112   -0.0301871    -0.557805    -0.673096    -0.237513    -0.595856   0.00522053     -1.46763     -1.46118    -0.292352     0.435956      -1.4382     0.914338     -1.03896     0.603298     0.937614    0.0336735     0.744048    0.0680034     0.307741
  -0.0232452    -0.145923    -0.330103     0.122922    -0.042149    -0.197389      0.13915    -0.540399     0.167009     0.116946     0.132378     0.125647    -0.280064    -0.193106     0.039726    -0.688356    0.0176235    -0.413677  -0.00957832    -0.641212    -0.150864     -0.16792   -0.0999593     0.197912   -0.0985547    -0.763978    -0.119558      0.40138    0.0415563    0.0906948     0.095865     0.381679
    0.575459     0.216478     0.296878   -0.0446658    -0.700492    -0.380573      0.13458      0.10534     0.311862     0.424693    -0.344188     0.426792    -0.842774     0.153334     0.598683    -0.379021   -0.0828439    -0.537023     0.231352    -0.794879    -0.212858     -2.17272    -0.250122     0.146327     -1.78452      -1.4018    -0.057712    -0.502593   -0.0616645    -0.623919     -1.20018     0.154359
   -0.335109    -0.442275     -1.06074      1.06959    -0.263971     0.605245     -0.80236   -0.0804212      1.02687   0.00657887    -0.232409    -0.119302   -0.0118322    -0.151886      -0.2778     0.552938     0.545948    -0.669632     0.919385     0.360654   -0.0309618     0.980703   0.00897272     0.527852      0.37301     0.251664    -0.506143    -0.345728      0.20352    -0.132876     0.109554     0.838094
   -0.712959     -0.26264    -0.347628    -0.256527      1.44407     0.454824     0.459388     0.352328     -1.04183     0.064563   -0.0509328     -1.19039    -0.591426     0.696494    -0.594452    -0.614853    -0.525796    -0.127241     -0.75115    -0.290176    -0.252865     -1.07556    -0.471384    -0.652572     0.380629    -0.561359     0.418765     0.409966     0.122795    -0.102229     0.159975     -1.31234
   0.0124788    -0.319739    -0.210448    -0.302183    -0.176136     0.852212    -0.618224    -0.282392     0.609625    -0.238102    -0.149674     0.328165     0.281215    -0.525297     0.580955      0.75779     0.586111    -0.182008     0.564229      0.70135      1.24421   -0.0351723     0.384755     0.243864     -1.10585  -0.00506018     0.247872     0.142387     0.247833    -0.047157     0.629564     0.621763
   0.0290461    0.0672817     0.471051     0.453882     0.670917     -0.13139     0.530969    -0.826318     0.243761     -0.25914    0.0221644     0.194206    -0.048183    -0.756011      0.58908     -1.08785      1.12867    -0.393321    -0.185143     0.558729    -0.572454    -0.079781     0.607804    -0.738712     0.791276    0.0410417     0.293545     0.474416     0.160878      1.24163     0.666322   -0.0885687
   0.0445117     -0.33972     0.564054     0.477691     0.073998     0.127743   -0.0418091    -0.104021    0.0542172    0.0403726     0.434931     0.316853    -0.343424    -0.854649     0.236375    -0.814538     0.888944    -0.290606     0.189324     -0.73941     0.415944    -0.274466      0.28801     -1.03513      0.09618    -0.102144    0.0972409     0.143118     0.272505      0.46709    -0.442418     0.530639
  -0.0463052    -0.209592    -0.141495     -0.32567     0.297366    -0.413142    -0.275589     0.405822   -0.0372917     -0.57672   -0.0824901     0.265155   -0.0102431      0.29802     0.172988   -0.0680324     0.582985   -0.0342102    0.0278837    0.0527073    -0.181543    0.0700667      0.24463    -0.568596     0.163744   -0.0487981    -0.182945     -0.21762    -0.173583     0.371001     0.104567     -0.46734
   -0.259515     -0.90909   -0.0696241    -0.139757    -0.257185     0.336077     0.194607    -0.204623     0.108034     0.253396    -0.514458     0.384334     0.421932    -0.493272     0.213744     0.131706    -0.256583    0.0313947     0.561943    0.0527301   -0.0800067    0.0630497    0.0180061     0.402444    -0.230289     0.214309    -0.338682   -0.0921717    0.0318391    0.0936686    -0.162425    -0.118449
    0.342479     0.761997    -0.249737    -0.309988    -0.166123    -0.103815      1.05922    -0.452539     0.490983   -0.0834825    -0.144392     0.576307      0.31675        1.074    -0.496042      1.13759    -0.478109      0.98148   -0.0993259    -0.242863      1.40491    -0.745055    -0.629656      1.64363    -0.904029    -0.346069     -1.13265    -0.584954    -0.447553     -1.74752    -0.886892    -0.564228
    0.224327     0.140435     0.428009   -0.0502324    -0.444079   -0.0991553   -0.0683037     0.301035      0.29355    0.0283592    -0.223879     0.522158   -0.0173799    0.0805788     0.274316   -0.0397487    -0.598238   -0.0941965     0.343743    -0.281828     0.319674    -0.618205   0.00191066    0.0871635    -0.648689      0.71167     0.085399    -0.552444     -0.45116    -0.418142    -0.402946    -0.137324
    -0.71718    0.0774035    -0.802652       1.5957    -0.912885     0.968925    -0.384805     0.435311     0.149059      0.14514     0.316711     0.191213     -1.94817    -0.557988      1.11486    -0.283798     -1.33755    -0.848303      1.14124     0.216554     0.923614     -1.80325   -0.0381488     0.235346     -3.08019    -0.867014     0.379586     0.432545    -0.195086     0.636269     -1.26245      1.56786
   -0.542863     0.617313     -1.00547     0.135299      1.08974     0.773828    -0.588184    0.0545271    0.0802334     -0.20179     0.436472    -0.141197   -0.0401381     -1.32973     0.957728      0.69141    -0.775901     0.132386     0.964275     0.907714      1.15713   -0.0605189     0.996898      1.11953     -1.04356      1.45095     -0.11145    0.0441027   -0.0611763     0.249529    -0.311887    0.0147138
    0.372924    -0.733675     0.151435    -0.490205    0.0373087   -0.0322448    -0.338886     0.844494     0.317619     0.691292     -1.01991    -0.124979    0.0493596   -0.0157848    -0.710144     0.868448    -0.336945     -1.07606    -0.157073   -0.0693748     0.493746    -0.218021   -0.0781387    -0.160834    -0.809487     0.108737    0.0222804       0.7223    0.0424653    -0.480598      -0.2398     0.346906
    0.175455  -0.00160087     0.661829    -0.138028     0.207161    -0.441135     0.302353     0.146298     0.379797     0.149499   -0.0172132     -0.16109     0.129044    -0.531073    -0.270585    -0.428994     0.445132     0.459412   -0.0406112    -0.450748    -0.690047     0.447137     0.179336    -0.215795     0.132568   -0.0870202      0.17551     0.527298    0.0281764     0.117752    0.0805459     0.334521
  -0.0445622    -0.350273     0.687642    -0.171884     0.157803    -0.222594     0.226929     0.413353    0.0336998     -1.18429    -0.847232     0.366953     0.528012    -0.283896    -0.255468    -0.133327     0.641851    0.0640008     0.173437   -0.0763012   -0.0625325    -0.681106     0.509995    -0.390352    -0.319069    -0.158673    -0.422591   -0.0643042     0.310332     0.162484     0.110402    -0.163258
   -0.628368     -1.30898    -0.593981     0.898211     0.540549    -0.221233    -0.150199     -1.37224     -1.09416    -0.369495     0.547004     0.454857      1.48514    -0.237378     0.460451      0.47254    0.0922574    -0.219062      0.82312      1.06103     0.973968    -0.646365    0.0611088     0.980993    -0.229215     0.837348      0.57736     0.807971     -0.26066    -0.336058    -0.150451    -0.185346
   -0.448675    -0.125257    -0.133999    -0.205312     0.698107      0.23467    0.0309659     0.404226    -0.146822     -0.42241     0.473981     0.195672     0.392176     -1.37226     0.434244     -1.21039     0.272553    -0.712128    -0.141946     0.137585     -0.67825    0.0956007     0.924519     -1.57202    -0.272202   -0.0859723     0.916668     0.409368      1.01923     0.359597     0.031722    0.0476092
    -0.16634    -0.217285    0.0294092     0.295224     0.159405      0.10469    -0.532935    -0.212299    0.0136696   0.00234737     0.561878    -0.335409      0.41014    -0.431355    0.0903925    0.0308293   -0.0267875     -0.68615    -0.873291    -0.221491   -0.0530288     0.848577     0.186362   -0.0225792    -0.330486    -0.608195     0.101344     0.516135     0.313215     0.308909     0.296323   -0.0691118
    -0.34133     0.259448    -0.502001   -0.0570275     -0.45542    -0.087282     0.205044     0.421551    -0.134625    -0.202331     0.198959   -0.0524234   -0.0417861     0.525752     -0.10257     0.201849    -0.234314    -0.459846      0.25866     0.170899     0.531299     0.257755    -0.311436     0.301673    -0.208407     0.372748    -0.132531     -0.35774    -0.696503    -0.258619     -0.64498     -0.17145
    -0.03748     0.233843   -0.0159453     0.366192    -0.018098     0.687029    -0.294978    -0.280807    -0.454352      1.01882     0.711668     -0.13331      0.20761   -0.0781363     0.262226      0.47485     0.250666   -0.0200821   -0.0261673     0.132244    -0.124982      0.15295    -0.160787    -0.536179     0.254567     0.237486    -0.376752   -0.0364725     0.432998   -0.0340431    -0.363835     0.453747
    0.821311    -0.418433     0.113927    -0.824809      1.83326    -0.546103    -0.124825    0.0903166     0.959441   -0.0727683     -1.06417     0.414567    -0.543975    -0.290883     0.685897     0.617869     0.522376    0.0180526    -0.350741   -0.0466044    -0.654245     -1.34239     0.237144    -0.916268    -0.155256    -0.451474    -0.424091     0.389952     0.491048    -0.154148     -1.37598    -0.503255
    0.311962    -0.141387     -1.16003    -0.653517      1.05745     0.250653    -0.298009    -0.409646    -0.193901      0.23982    0.0350113    -0.376889    -0.666963   -0.0823385     0.596494    0.0090652    -0.202659    -0.111428     0.430353     0.438438    -0.230467    -0.649967    -0.289703    -0.271762     0.500158     0.433575     0.399974     -1.03378     0.465748   -0.0489065    -0.438178     -0.35372
   -0.400001    0.0216813    0.0959911     0.455536     0.581385     0.541807    -0.307462    -0.932903    0.0192051    0.0420936       -0.707    -0.973346   -0.0516829     0.162173    -0.661925     0.240155    -0.296396    -0.112304     0.318966    -0.481527    -0.219788    -0.276626    -0.430832    -0.357267     0.570375     0.647722     -0.07641     0.288611  -0.00857367    -0.281443     0.171795    0.0377701
    0.157332     -0.77611    -0.385289     0.651191   0.00497939     0.214702     -0.64558     0.409993     0.141852      0.53747       0.3023    -0.182523     0.648868     0.120587    -0.234805     -0.23024    -0.264404    -0.122827    -0.649477   -0.0417372     0.761969    -0.278333    -0.122906     0.840365    -0.723652     0.719413    -0.119114     0.489437     0.196577    0.0848723    -0.534161     0.997307
    -1.31098    0.0728316     0.910299     0.686605     0.116244     -0.67123     0.290745    -0.619678    -0.296472     0.250151      0.28135     0.343172    -0.697463    -0.746522    -0.494138     0.028482    0.0653246   -0.0914902      1.59631      -0.2116    -0.526991    -0.469673     0.138907     0.127011     0.201428     0.133183    0.0232271    0.0855134  -0.00751362      0.62535    -0.304991     0.444674
   -0.168381     -0.13844     -0.10171     -0.49234    -0.690962     0.419069   -0.0853281     0.407971    -0.384164    -0.203838     0.188333    -0.168167    -0.486155    -0.489253     0.396725    0.0748048     0.333258     0.162519      1.00466     0.442534    -0.594725   -0.0476158     0.044471  -0.00122343    0.0113742    -0.547251     0.461302    -0.178915   -0.0836866   0.00768111     0.396706    -0.321767
    0.579613    -0.191704      0.46086     0.589215      0.10068     0.545989    -0.323026     -0.33485    -0.077185    -0.395712    -0.733683      0.54999    -0.913812     0.772102     0.551555     0.476781    -0.470483    -0.383308     0.238241    -0.234567     0.217524    -0.476713    -0.422417     0.334485     -1.12986    -0.315403     0.120305     -0.21089    -0.182892    -0.211117    -0.324432    -0.363287
   0.0385409     0.365073    -0.569598     0.292638     0.548713     0.502232   -0.0474674   -0.0666436     0.299302    0.0923271     0.237305     0.310071     0.783244    0.0890092    -0.195151    0.0238806    -0.352153     0.589612     0.160375     0.592549   -0.0967667     0.327993   -0.0910134     0.411205    -0.229654     0.511792    -0.263516    -0.283613      0.49252    0.0408177     0.554365     0.203573
   -0.608599     0.443179     -1.15047    -0.132353    -0.731686     0.319843   -0.0240696     0.498779    -0.145358      0.63944   -0.0640701    -0.169035     0.236475     0.299598    -0.232647    -0.218442    -0.621308    -0.883229    -0.471948    -0.374083     0.551928    -0.352455    -0.101342     0.272761    -0.137352    -0.216731     0.110162    -0.102212     0.314741    -0.342498   -0.0120949    -0.225072
    -1.70894    -0.294426   -0.0328047      1.05519    0.0542788    -0.170645    -0.809343     -1.35414     -2.15253    -0.716713    -0.379991    -0.491072     0.124105    -0.282886    -0.951384     0.417865    -0.299832    -0.168124     0.268585     0.125413     0.759767    0.0701044    -0.744147    0.0761643    -0.306733     0.266921    -0.401652     0.176242    -0.944997    -0.546463     0.260209   -0.0796473
    0.571487     0.168207    -0.308982    -0.623024     0.210034     0.462352   -0.0636487     0.063176    -0.514033    0.0373734     0.347815    -0.481236     0.423893     0.390272    -0.269283    -0.136947    -0.318547     0.618735   -0.0726597     0.331665     0.768365     0.562254    0.0301511     -0.16475    0.0155684   -0.0384053     -0.28499     0.189407     0.502572     0.533709     0.573195     0.207707
   -0.208257    0.0767254    -0.185639    -0.281171   -0.0743583    -0.462969     0.226327     0.400779   -0.0564709    -0.314126   -0.0814355     0.548772    0.0589706     0.210477   -0.0996286     0.088943     0.141415    -0.322099   -0.0638294     0.136791     -0.13288     0.261264    -0.128122     0.507969    -0.163791   -0.0820735    -0.482116    -0.302098    -0.341536    -0.454277   -0.0221932     -0.28099
    0.775221    -0.202557    -0.143244      0.65499    -0.470254     0.955891       1.0283    -0.450067    0.0673686    0.0614048     0.379572     0.310479     0.607653     0.099349    -0.387692     0.123358     0.468546     0.123364    -0.723261    0.0561344    -0.334848    -0.270286     -0.90055   -0.0244794     0.697737     0.779218    -0.558358    -0.134366     -0.11616   -0.0596218     0.461408   -0.0472177
    0.225501     0.163266     0.411795      0.28089     0.764999     0.104218     0.479185    -0.349519     0.135431     0.806829   -0.0303494    -0.206224    -0.123104     0.335776    -0.164477     0.890919    -0.503693      0.74143      -0.3876     -0.93139     -0.20274   -0.0209479     0.290737    -0.369907     0.123906    0.0865289    -0.422524    -0.154871    -0.111361     0.355455    -0.325455     0.407519
   -0.370524    -0.353531     -1.42714     0.908552    -0.205143     0.604518     0.311234      1.17379      1.04586   -0.0881867     -1.01226     0.765659    -0.108512  -0.00201302     -1.27941    -0.310323    -0.490376    -0.635604     -1.44953     0.633152      1.70242    0.0769385     -1.93744      0.46334    -0.780265      0.31144    -0.652946    -0.171933     0.156295    -0.449093    -0.282573     0.517568
   -0.428221     0.119892    -0.114693    0.0453261    0.0152856      0.51553     0.137957    0.0802299    -0.229029    -0.127412     0.381107  -0.00826003     0.190077     0.515204     -0.12625     0.406694     0.265537     0.085243    -0.186356     0.315894    -0.495409     0.198943    -0.339176    -0.206592     0.301632     0.171436    -0.244321     -0.35501    -0.180138       0.2291     0.952623     0.196273
    0.487482    -0.101288    -0.214183    0.0254729    -0.287784    0.0333925     0.575062      0.16773     0.209126      1.35154   -0.0861738     0.644149      1.08648      0.20807   -0.0314802    -0.603951   -0.0938679     0.328427     0.375987    -0.326283     0.403344    -0.510691      1.13428    -0.456909     0.953814     0.348354    -0.857166     0.412687     0.422291     0.233118    -0.382504      1.67277
     0.17633    -0.299243    -0.489441      0.59229     0.444565     0.571493    -0.625905    -0.525049      0.25865     0.532292    -0.413411    0.0373738     -0.29027    -0.785689     0.203685     0.599848    0.0910799    -0.183438    0.0161439    -0.521255      0.37798     0.812369     0.699077     0.290635     0.686588     0.911998    -0.710014     0.120831    0.0789057     -0.01643      -0.4147     0.391939
    0.265307       0.4204     0.402819    0.0145519    0.0689521  -0.00941713    -0.115135    -0.261257     0.106037      0.13592     0.484516    -0.117255     0.045892     0.206249     0.833675    0.0264097     0.456198    -0.462583     0.663781      -0.1897   -0.0303135     0.386227     0.159027     0.016312    -0.393253    0.0816924     0.235001     0.304997     0.438187     0.227958    -0.126438     0.175703
   -0.578887    -0.478984     -2.76962     -1.10125      1.10775   -0.0661788    -0.236555    -0.213176     0.218437     0.303163     0.561636     0.446848    0.0249021    -0.728765    -0.577566     0.231579    -0.812515    0.0647839     0.587529     0.878145    -0.210399      1.12859     0.254099     0.251056     0.624267      1.27966   -0.0303955     -0.51238    -0.492035     0.049427     0.928685     0.202906
   -0.245715     0.184199      0.18992     0.175366      0.12768    -0.390729    -0.422296     0.149013     0.305161     0.262401   -0.0398155   -0.0714693   -0.0598026    -0.546308    -0.192588     0.377329    0.0961759      0.31027    -0.169107     0.414482    -0.128858     0.384291     0.313136    0.0989108    -0.183364     0.379118     0.201437     0.238787    0.0402801     0.139074     0.129867     0.819052
   0.0950316     0.753752    -0.233786    -0.530265       0.9116     0.294848   -0.0766324     0.462899     0.517484    -0.227516   -0.0882244    -0.201217    -0.060343   -0.0311186    -0.156196     0.360809   -0.0309571     0.278569    0.0829891    -0.218869     0.501127    -0.340876    -0.447518    -0.294906     0.372627     0.195267   -0.0560952    -0.346351    0.0259216     0.466718     0.101267     0.186139
    0.192478    -0.277452   -0.0525972    -0.359638     -0.19018    -0.408028    -0.024293    0.0885292    -0.137848     0.257815     0.429562     0.195711   -0.0208686     -0.24005     0.224788    0.0604693     0.157591     0.166955    -0.188847     0.190494     -0.25814     0.903241     0.200084     -0.18904     0.460016    -0.589873     0.252851    -0.119584     0.101856     0.367797     0.224158    -0.115058
    0.415719    -0.148184     0.243197     0.205747    0.0606554     0.393382    0.0118408     0.150056     0.417874     0.354384     0.281635    -0.237753    -0.287777     -0.23052     0.330729    -0.379265     0.271197    -0.146395    -0.111109   -0.0638764   -0.0876451    -0.372034     -0.35013    -0.643584   -0.0107251     -0.20227     0.164614    0.0653352     0.404099    0.0645737    -0.175537     0.162887
     0.19031    -0.143512     -1.23395     -0.53182     -1.69404     0.169463    -0.996114     0.735892    -0.601571     0.405674     0.128677   -0.0680744     0.464386     0.751836    -0.318294     0.918818    -0.393743    -0.332782    -0.217894    -0.278313       1.3904    0.0890168     -0.19881     0.812675     -1.15822     -0.44276    0.0463382    -0.677109     0.321295     -1.02502    -0.473633    -0.492606
   0.0952371    -0.357704     0.327283    -0.700028    -0.513948    -0.297851     0.270155    0.0914075     0.240595    -0.026035    -0.270682      0.36012    0.0228763   -0.0884745   -0.0502984    -0.644338      0.38573    -0.235158    -0.123708    -0.105487    0.0329876    0.0729979    -0.119212    -0.630009    -0.176651    -0.732949     0.154642     0.429296    -0.165281    0.0154355   -0.0405174     0.315527
   -0.107543     0.108579   -0.0552518    -0.200235    -0.614441     0.423388    -0.203593     0.674182     -0.97556    -0.246317    -0.307454    -0.403399    -0.187884     0.443335     0.563028    -0.145961     0.498388    -0.501398    0.0916932    -0.198898     0.739003     -1.01509     -1.05541    -0.204801     0.275051     0.458442    -0.744016     0.227793    0.0245753     0.043465    -0.266113    -0.365658
   -0.226273    0.0270045    -0.322034     0.196819     0.587688     0.309938    0.0408512    -0.309305     0.410823    -0.259684    -0.386438   -0.0195773     0.319188     0.264638    -0.486011     0.116325     0.080778    -0.266442    -0.507428    0.0844519     0.559917     0.347424   -0.0589624   -0.0983842    -0.368567     0.256153    -0.363033     -0.28676    0.0418006    0.0162046      0.15122     0.679874
    -0.35977    -0.593119    -0.891001     -1.24895   -0.0934479     -1.09517      0.17157    -0.364885   -0.0897458    -0.239424     0.299699    0.0810298     0.825578     0.065371     0.155831    0.0616996     -1.07412    -0.506042     0.613004    -0.242293     0.536453     0.176067     0.454811    0.0753023     0.110599      0.19671     0.455886     0.171282      -1.1916    0.0349196     0.674278     -1.34496
  -0.0952118    -0.668139    -0.767676      1.16033     0.866878   -0.0680781     0.226814    -0.364594    0.0194267     0.555748    -0.377134    -0.316239     0.222309    -0.743654     0.223054     0.129587     0.330901     0.237889     0.760694      0.53928    -0.387785     0.698402    -0.295362     0.246299       1.0543     0.549845     0.139808    -0.317748     0.157705     0.492285      0.34419    -0.348318
    -0.98183     0.635565     0.552206     0.126298     -0.31684    -0.062114     0.957151     0.100164    -0.291968    -0.345162    -0.193609      0.50915      1.99187    -0.014511    -0.285982    -0.540333      1.31018     0.444336    -0.143795    -0.201917    -0.324106     0.986528      1.02283      -1.0283     0.077469     0.991733    -0.140187    -0.342423    -0.349786     0.940844      1.18905    0.0535103
    0.383154     -1.10267    -0.351227     -1.61782    -0.158818     -0.88216     0.207137     0.714296     0.103767      1.03434    -0.109211      1.38106     0.528045     0.610167     -1.62781    0.0428729    -0.686108    -0.324941    -0.246063    -0.547679     0.122051      1.02094    -0.653719    -0.105913     0.535894     0.525358    -0.829422    -0.526505     0.527641     -1.82224     -0.33991     -1.30399
    0.882093    -0.971012     0.486023     0.327652    -0.407811    -0.335312    -0.117921    -0.134284     0.270338     0.479966    -0.280632     0.491146    -0.150704    -0.136735      1.04944     -0.82108     0.267347     -0.31681     0.302232    -0.368201    -0.375331    -0.197842    -0.738802    -0.298676    -0.054876     -1.35135    -0.130977     0.566784     0.534591      0.27586    0.0786279     0.567953
   -0.492127       0.9346    -0.594065     -2.08741    -0.565897     -0.69581     0.247368      0.30431    -0.455732     -1.14313     0.316701     0.475669    -0.273442     0.654639     0.463537    -0.213857     0.144487     0.419168      0.60996     0.187423       0.6244     0.501744     0.648712    -0.242101     -0.08524    -0.378349   -0.0335927    -0.208677    -0.617231     0.379482     0.563679     -1.00894
    -1.09275     0.522825     0.340385    -0.789568        0.385    -0.117865    -0.209496     0.437446    -0.162928    0.0911684     0.247593    -0.114778      0.12693     0.602484    -0.504776     0.401834    -0.669198    -0.211515     -1.01087    -0.472254    -0.317683     0.173467    -0.478446     0.372513    0.0198199      0.25335   -0.0433921     0.245921    -0.722782    -0.412644     0.159525    -0.637267
   -0.226682     0.117847    -0.695171     0.697395    -0.228558    0.0446081      1.50451    -0.150661     0.169574     0.572266      0.29611      0.51063    -0.024535    -0.608878    -0.231963    -0.203031     0.937227    -0.169439    -0.326149    -0.606524    -0.442824    -0.607379    -0.409904     0.010382     0.468201     0.173239     0.550653     0.516078    0.0404874     0.334118       -1.257       0.7153
   0.0144362    -0.676144    0.0837685     0.437356     0.113832     0.685954    -0.744322     0.216567    -0.289833    -0.111666     0.285492     -0.50142     -0.21446    0.0343489     0.563466    -0.270978      0.23101    -0.187598    -0.650337    -0.170548  -0.00193782     0.599863     -0.11201    -0.170226    -0.196267    -0.505486     0.661069    -0.703398     0.227835     0.405931     0.554072     0.457586
     1.49518    -0.121553   -0.0679565    0.0016393     0.819993   -0.0890001     0.881422     0.218976    -0.362405     -0.34763     -0.11498    -0.482874    -0.475582     0.557497    -0.294466     0.519089     0.906195     0.441427    -0.708873    -0.506972     -1.37623     0.490186     -1.23444    -0.775932     0.898429     -1.31987     -1.27052     0.588656    -0.419351     -1.78172     -0.68638     -1.02234
     0.19038    -0.166948     0.340831     0.058613    -0.585036     -0.17368    -0.522227     0.122472    -0.206599   -0.0572634     0.158315    0.0716404    0.0802161     0.264815     0.132691    -0.318527    -0.168853    -0.315064     0.138285    0.0723455    -0.352478    -0.121833     0.286975    -0.386361    -0.258431    -0.138737    0.0520158   -0.0916816    0.0234723    -0.512552    -0.126825    -0.328073
   -0.321668     0.528893     0.226034     0.969271     -1.04398     0.316309    -0.945462     0.437646    0.0356188     0.137217     0.189028    -0.179366    0.0347295     0.196849     0.438612  -0.00353181    -0.965904    0.0257724    -0.971621    -0.339309     0.170668    -0.856233    -0.261508   -0.0587811    -0.311856    -0.520836    -0.247487     0.371294     0.318061      -0.1549     -0.22829     0.597165
    0.587174     0.216413    -0.562061     -1.58793     0.367924    -0.215605     0.829991    -0.328893      0.25215   -0.0998912     0.102875     0.118723      0.71108     0.113161   -0.0321588     0.169727   -0.0182237     0.136558    -0.241619     0.683184     0.348324     0.473477    -0.384319    -0.265699      1.36287     0.376527    -0.398709    -0.340384     0.662858     0.480168     0.408367    -0.974642
