  -0.421814
  -0.353402
  -0.246072
  -0.281475
  -0.372709
   -0.18729
  -0.246898
   -0.33526
  -0.448837
 -0.0800519
  -0.427385
  -0.318629
  -0.321707
  -0.162864
  -0.373441
   -0.12274
  -0.112539
  -0.270742
  -0.295946
  -0.302061
   0.170253
   -0.27213
   -0.27833
 -0.0866843
   0.347954
  -0.136757
    -0.2558
  -0.285677
  -0.398767
  -0.369375
    -0.3093
  -0.155352
   -0.23183
   0.204997
  -0.753046
  -0.299757
    0.35216
  -0.227951
  -0.214729
  -0.481125
  -0.969289
 0.00031726
   -0.19092
  -0.270117
  -0.178975
  -0.331154
   -0.26913
  -0.117107
  -0.518468
  -0.381382
  -0.635499
  -0.275538
 -0.0300372
  -0.346313
 -0.0454889
 -0.0406228
   0.122588
  -0.478519
  -0.367742
  -0.146297
  0.0872121
  -0.741925
 -0.0603957
  -0.157475
  -0.233134
  -0.492813
  -0.335056
  -0.334514
  -0.653632
  -0.225832
  -0.167573
  -0.314304
  0.0483794
   -0.32085
  -0.227759
 -0.0334953
  -0.781251
  -0.250849
  -0.309608
 -0.0244064
  -0.179437
  0.0264947
 -0.0739766
  -0.214726
  -0.197654
  -0.254088
  -0.243868
  -0.180553
 -0.0406543
  -0.365588
  -0.218628
  -0.174725
 -0.0529397
  -0.112014
  -0.160762
   -0.38262
  -0.150151
  -0.204109
  -0.111076
  -0.420802
    -0.1438
  -0.655279
  -0.292586
   0.229088
  -0.430397
  -0.435356
 -0.0196326
   0.052031
  -0.198116
 -0.0842854
  -0.142508
  -0.245929
  -0.346364
    0.15954
   0.171349
   -0.17443
   -0.18176
  -0.194662
  -0.414464
  -0.320344
  -0.375941
  0.0854145
  -0.176495
   0.586774
  -0.166769
  -0.285962
-0.00590183
 -0.0479874
