  -0.571562    0.372718    -0.68501    0.247524   0.0358289    0.454797   -0.149967    0.950736   -0.258933    -0.28607   0.0454467    0.507371 0.000867273    -1.14549   -0.535253   -0.242375    0.021948    0.985031   -0.581135    0.721088    0.246302  -0.0282409    0.968177    0.248252   -0.106842    -1.46864    0.226419     -1.2213   -0.190839   -0.410483    0.158097   0.0278572
    1.20813   -0.813583    0.196245    0.868748    0.587431    0.213622    -1.15343    0.206592   -0.402498  -0.0237108   -0.784268    0.613439   -0.549433   -0.452162    0.267788   -0.442217    0.398998    0.970257    -0.11877    0.312792  -0.0122152    0.119042    0.887027   0.0396168   -0.261027   -0.607294   0.0773476     -1.5093     0.88428  -0.0740475    -1.16156   -0.105256
  -0.238553     0.28014   -0.419215    0.174651   -0.682531    0.190543   -0.423715   -0.132488    0.161215   -0.522323    0.195872    -1.32253    0.286927   -0.752919    0.339627    0.225381   -0.536021  -0.0784213  -0.0318015    0.221846    0.302548    0.105934    0.350878     1.29434    0.443088    0.318973    0.870297   -0.391815   -0.967068   -0.351117     1.17044    0.569368
   0.506765    -1.03719    0.131336   -0.827077    0.147852  -0.0803137     1.25327    0.782739    -0.77538    -0.37464    -1.82607    0.883015   -0.824358     0.16292    0.895103   0.0338007   -0.177273    0.261323    0.274374    0.455876   -0.952729     0.19529   0.0584322    -1.43997   0.0924611   -0.393941  -0.0153264    -0.41347    -1.00329   -0.195447  -0.0033862    -1.39524
   0.325671   0.0185614   -0.175868   -0.154542    0.589887 -0.00845004     1.22216   0.0370126  -0.0947396    0.325978   -0.239947   -0.937396   -0.237197    0.936314   -0.287618    -0.24221    0.388769   -0.505062     1.85981     0.40548   -0.349563    0.423523   -0.322886   -0.253148   0.0256224   -0.805379   -0.947161  -0.0997022    0.404276   -0.556776   -0.633215  -0.0996753
   0.261661    0.518009   -0.108455    0.368208   -0.373811   0.0424916   -0.459348  -0.0367185    0.176567   -0.203707     1.53308  -0.0295724    0.171054   -0.330219    -1.20725   -0.580199    0.975844     1.34564   -0.175908   -0.163598    0.360887   -0.672685    0.620884     0.43321    -1.08519   -0.392051   -0.944651   -0.872964     0.27088    0.307799   -0.709365    0.776548
  -0.207887    0.486619    0.109173   -0.163501   -0.242175   -0.244102    0.150811   -0.784293    0.637363    0.015376  -0.0152238   -0.770178    0.333431   -0.174083    0.264363  0.00436873   -0.416964   -0.523855   0.0969543   -0.192356     -0.2772     0.11938    -1.06175    0.142186    0.337454    -0.08603    0.295024    0.788652    0.127466   -0.221313    0.685296    -1.20809
    1.32661    0.404357   -0.566901    0.564537   -0.193939    0.367108  -0.0330333   0.0577974    0.204597   -0.124892     1.21681    0.491927    0.562813   0.0708649   -0.798857   0.0572333    0.305098   0.0693567   -0.166103   0.0997986    -0.53986  -0.0787123    0.393422    0.960504   -0.272164   0.0598384   -0.690788    -1.04315   0.0870535    0.813722   -0.452897    0.771699
   0.192104   -0.623389   0.0505538    0.614031   -0.930675  -0.0127575   -0.507769     -1.1602  -0.0259587  -0.0141722     1.06627     0.22568  -0.0084396  -0.0291227   -0.186147   -0.190302   -0.436869    0.430011    0.377972     -1.0802   -0.170327   -0.782841    -1.00496   -0.250868   -0.901779   -0.194337   -0.256028    -1.01681    0.656551    0.395714    0.037872     1.07963
 -0.0708549    0.899535    0.571222    0.750705    0.885793   -0.265018    0.343928     1.10838   -0.671635  -0.0856848    0.308394   -0.360639    0.231957    0.344679    -1.35946   -0.680933    0.172177   -0.307743    0.638305    0.316947    0.369221    0.970406     0.41663    0.188253    0.709585   0.0586598   -0.101391   -0.498126    0.343622     0.18465   -0.427982    0.459483
  -0.305688    0.118971   -0.277832    0.544898   -0.262476    0.359526  -0.0360187    0.472258   -0.193957  -0.0410802   -0.149305    0.374497   -0.311015     -0.2049   0.0765339    0.161362    0.432016   -0.320567  -0.0672532    0.659768    0.960977    0.161946  -0.0139229   0.0459428    0.203142   0.0860606   -0.152319   -0.948691     0.23594    0.325178   -0.463965    0.223905
  -0.188175    -1.20147   -0.687615   -0.677396    0.677164   -0.140718     1.12847  -0.0346177   -0.464741  -0.0146257   0.0103904   -0.345829   -0.204279     1.08194    -0.77082    0.160139   0.0698042    -1.29913   0.0962181   -0.800558    0.415513   -0.337106    0.158406   0.0417662   -0.420678    -0.34463    0.649073    0.564843   -0.731324   -0.226517    0.352096   -0.339809
   -0.16939    0.155162    0.297286    0.140815   -0.838208    0.985506    0.223927    -0.57079    0.247103   0.0456136    -1.00069   -0.190098    -1.87072     -1.6668    0.745344    0.102929   -0.564292   -0.211174    0.247794     1.23166    0.605004    0.415052    -0.44847   -0.470357   0.0228119    0.106882   -0.111925    0.643844    0.318098   -0.314111   -0.560306    0.311287
  -0.193812     1.07968    0.409991   -0.739871   -0.373885    0.144217   -0.261165    -0.44256   0.0991897    0.355845 -0.00981764    -1.09409    0.732691    0.330299   -0.374615    0.570333   0.0832625    0.611985    0.685375    -0.39123    0.217256      1.1253   -0.358445    0.494561    0.211664    0.810177   -0.644707    0.947368   -0.606139    0.159411  -0.0923021    0.159226
  -0.258268   -0.140447   -0.838431    0.484221   -0.138165    0.134759  -0.0275785   -0.561525    0.348356    0.348445    0.571531   -0.692122   -0.830491    0.440938     1.05912   -0.188068   -0.393928   -0.220643    0.211021   -0.783236   -0.357166   0.0822203 -0.00834131    0.410832   -0.571528    0.484316   -0.136001    0.158882   0.0386108    0.308095   -0.306385  -0.0351722
    0.21133    0.121154    0.170452     0.55086    -0.54521   -0.452842   -0.910199   -0.337456    0.923038  0.00579207    0.693922   0.0337223    0.154321    0.541196   0.0013591    -0.55024  -0.0299025  -0.0186753   -0.718034    -0.22227   -0.220404   -0.317003   -0.569396    0.841671   -0.762656    0.676175    0.189834   0.0813561    0.808482   0.0783388   0.0842528    0.696604
   0.589811    0.157445     0.19669    0.324383     0.52111   -0.442093   -0.665207    0.368083  -0.0356872    0.297466    0.182698     1.67239    0.142093  -0.0751415   -0.392581   -0.912869   -0.543148    0.100165   -0.578436    -0.22456     0.52466   -0.594593     0.99654   -0.513444   0.0502628   -0.986672     0.32292    -1.15233    0.812946    -0.11282    0.335052  -0.0193853
   -0.79005    0.496405   -0.133065    0.349967   -0.524248    0.481372    0.419997    0.863588   -0.915492   -0.241253    0.356771  -0.0623097     0.54864     -1.1983    -1.26821   -0.436619    0.363012   -0.127826   -0.590386   -0.560827     1.33042    0.746832      2.3153    0.390817    0.870328    0.240704   -0.449465    -1.29749   -0.856088   -0.685033   -0.356713     0.49721
   0.346121    0.543714     1.28675   0.0377376   -0.953579    0.439501   -0.421525    0.142863    0.477192    0.306814   -0.271802   -0.485059   -0.381456    0.218783    0.533923    0.487535     0.12649    0.800836   -0.195302      1.0269   -0.475006    0.802877     0.43288    0.519301    0.339084     1.11645    -0.84988    0.178321   -0.649167   -0.243358   -0.587838    0.180481
   0.366185    -1.54721   -0.419761   -0.745452    0.780705   -0.409437   -0.916796  -0.0134607     1.25784    0.797844     1.13955     1.33698     1.35396    0.645394   -0.464115    0.384669   -0.537197    0.471072    0.984357    -1.95183   -0.908423   -0.854351     0.20121   0.0328285   -0.319507   -0.659095    0.670417   -0.776289    0.958596   -0.194445    0.572873     0.21443
  -0.426787    0.501923    0.127911    0.265593   0.0995388   0.0894935   0.0941866    0.571601   -0.281275   -0.476123    0.130829    0.198461    0.733574    0.403729    -0.56434   -0.223259    0.196001  -0.0414119   0.0891785   -0.280113   -0.890164    0.566911    0.470522      0.2056  -0.0336975   -0.980632    0.125565   -0.281175   -0.211999   0.0328669    0.892088   -0.035604
   0.510673   -0.192503    0.251877    0.333294    -0.28497    0.599721   -0.194526    0.282561    0.168825   -0.340987    0.171445   -0.121063   0.0612034    0.545797     0.97713   0.0638136    0.125601     1.10781    0.480598   -0.689224   -0.160441   -0.509851    0.419674   -0.273277    -0.47468     1.07026    -0.69531   -0.721733  -0.0053909   -0.230497   -0.447246     0.20067
 -0.0953748   -0.107598   -0.896622  -0.0738673   -0.213331    0.645403     0.46714    0.165602    0.242903   -0.472706    0.420356   -0.145154    -0.31678  -0.0343699   -0.596663    0.650061    0.584617   -0.390538    0.183456   -0.526523    0.332006   -0.816717     1.19782     0.69654   -0.358666    0.380105    0.155083   -0.296307    -1.05617   0.0277307   -0.560865    0.666931
   0.173974   -0.379804   -0.149722   -0.177217   0.0298075   0.0944869   0.0875353   0.0289445    0.275124  -0.0783465    0.729982   -0.318625   0.0395912    0.385624   -0.164521    0.144506    0.225722    -0.05362   -0.218929   -0.124318   -0.334994   -0.587796   -0.401141   -0.465074   -0.712977    0.411713   -0.308747   -0.180041   0.0372029    0.222064    0.213494   -0.115714
  0.0912623  -0.0645145  -0.0326344    0.282062    0.434106   -0.066878   -0.288064   -0.572311   -0.265709   -0.207053     1.52392    0.585954        1.39     1.57968    -1.40765    -1.03362    0.711893  -0.0157201  -0.0948841   -0.854701   -0.462289   -0.716697  -0.0482888    0.374995     -1.1952   -0.858124    0.321326   -0.888943    0.310738    0.375057    0.265367    0.445462
   0.544235     0.96575   0.0547876     1.08897   -0.141351    0.275637   -0.471692    -1.12742  -0.0629129   -0.800142     1.90838    0.102595    0.265698   -0.236138   -0.204398   -0.853148    0.423382    0.244483   -0.165559    0.925809     0.40582     0.15397    0.677097     1.81907   -0.861987   -0.322731    0.593968    0.278318   -0.018042    -0.27051    0.399878    0.209267
  -0.705259    -0.35488   -0.423026   -0.294429    0.242937    0.917325    0.398604  -0.0987783    -0.26828     -0.5786    0.154202    -1.88783     0.24655    0.788445   0.0976514    0.480648   -0.157562    -0.55869    0.632799   -0.496388   -0.341516    0.245444  -0.0974478    0.604056   -0.564261    0.463843   -0.229088    0.975643   -0.372627   0.0374418   -0.392364   -0.924085
   -0.24087   -0.113594     1.28023    0.127606    0.373883   -0.298503   -0.949613    -0.98738   0.0832841    0.332816   -0.171079    -1.26266    0.664132    0.312473    0.349174  -0.0928263   -0.187228    0.721704   0.0903542  -0.0434686   -0.361011    0.955858   -0.524229   -0.510859   -0.152903     0.11179   -0.753755    0.128178    0.491457 -0.00305172   -0.409934    -1.11649
  -0.159231   -0.427342   -0.279471   -0.420359     1.12385   -0.127567    0.789761    0.307868   -0.430653    0.323343    -1.10707   -0.171649   0.0849939    0.934328   -0.649583    0.162224   -0.663442   -0.471618    0.812308 -0.00980156    0.555587    0.794483    0.250734    -1.23252    0.988261  -0.0199965     0.48667   0.0717319   -0.718156   -0.217859    0.510145   -0.102877
    1.18129   -0.150166   0.0936599    0.803985    0.325512   -0.218764   -0.483764    0.300642   -0.141328   0.0571842    0.346716    0.528115    0.811005   -0.227589   -0.476066    0.153873    0.459172    0.666197   -0.262774    0.393193     0.15082   0.0257902   0.0807157   -0.914066    -0.32942    0.134835   -0.321241   -0.374387    0.501175    -0.17531   -0.590902  -0.0763738
  -0.710512   -0.795906    0.692443   -0.206312  -0.0945348   -0.368465    0.502653   -0.535996    0.473217    0.258012   0.0325379   -0.793004    0.936718    0.181667    0.447569    0.193003    -1.02933   -0.349138    0.633135    -1.31045   -0.775338   -0.191301   -0.404556   -0.638418   -0.853185  -0.0502584    0.706187     1.13934     1.63626   0.0290184   -0.725337    0.060758
   0.244723   -0.693798   -0.257653    -0.49403      -0.231  -0.0653904     1.03218    0.865486   -0.652462   -0.550862    -1.70688     2.16181    -1.73855   -0.335904    0.308328   -0.190636    0.340484   -0.845607   -0.337205    0.789846   -0.155727    0.511935    0.959611    0.321244    0.533008    0.167004   -0.347191   -0.772459   -0.703625   -0.241648   -0.155072    0.124427
