    0.177782     0.513571    -0.394653    -0.273678     0.744687    -0.239656    -0.596713     0.132626     0.237619     0.375818     0.101193    -0.105103      0.49684     0.570745    -0.136578     0.172901    -0.162645     0.184959    -0.619037     0.378891    -0.869076    -0.352176    -0.679205     0.053234     0.412757     0.359357   -0.0029704  -0.00484862     0.125341   -0.0498422    0.0917391     0.012498
    0.122135     0.670196   -0.0380165     0.798941    -0.430992   -0.0705933     -0.18652     0.303465    0.0118597    -0.260155     0.274487    0.0199536 -0.000560376    -0.710259    0.0503934    -0.279057     0.202525    -0.206196    -0.043938    -0.128612    -0.100672   -0.0524031   -0.0643925    0.0212222  -0.00910652     0.138396    -0.492096     0.583119    0.0437647     0.110742    -0.289813    -0.625089
    0.402003     0.551882    -0.482537    -0.175461     0.480134   -0.0817948     0.310816   -0.0462378      0.24898     0.375689     0.309113     0.116853     0.325708      0.53467    -0.159487     0.104657    0.0845949    0.0797173   -0.0263857    -0.031154    -0.356315     0.147024   -0.0701969     0.332892   -0.0419821    -0.217771   -0.0959959    0.0463037     0.229185   -0.0620424     0.448177     0.321039
    0.325401     0.222306    -0.585081    -0.399687      0.49497    0.0802101      0.16719    -0.399437     0.416937    0.0161223     0.217091     0.466826     0.466954     0.385839   -0.0650187  -0.00885635     0.678753   -0.0360081    -0.247449     0.316156    -0.275001     0.413759     0.106524     0.127917     0.141171    0.0941758    -0.216971    -0.372016     0.511733     0.391644     0.122365    0.0676086
    0.353733     0.138577    -0.185848    -0.035639    -0.498669    -0.418654    -0.447414    -0.417341    -0.374969     0.107665    -0.293973     0.600912     0.048932    0.0044178    -0.010432    -0.780295     0.695044    -0.406304     0.174783     0.318454     0.103447    -0.389997     -0.27782    -0.257327     0.232482    -0.510315     0.298305     0.293974    -0.536565     0.593708     -0.35407     0.109553
  -0.0245823      0.48573   -0.0611954    -0.252256    -0.464281   -0.0864584    -0.419813    -0.370758     0.185363    -0.152025     0.199865     0.491287    -0.128724     0.277776    -0.305691     -0.52367     0.198924   -0.0326531    -0.972718   -0.0603443     -0.46736     0.393553     0.409066    -0.472299    -0.575431   -0.0397852     -0.19556    -0.102736     0.341911    0.0658358   -0.0265289    -0.183913
    0.668453     0.183511    -0.300817    -0.433372   -0.0135233    -0.521948    -0.115952     0.140676     0.394228   -0.0364036    -0.358805     0.281612      1.01053     0.481524     0.137223     0.234108     0.113877     0.127482     0.212933      0.21012    -0.360156   -0.0452496    -0.290481      0.23241    -0.378629     0.347624     0.467983    -0.570831    0.0948393     0.516286     0.407146     0.132246
   0.0573556    0.0142741     0.369902     0.158216    -0.710236      0.22979    -0.356687    -0.310016  -0.00932781    -0.234945   -0.0649742     0.151399    -0.215343   -0.0631378     0.186014    -0.180355    0.0107438    -0.418128    -0.465491    -0.178919   -0.0199115     0.452559     0.192269    -0.512598    0.0877018   -0.0125937    -0.184507    -0.268624    -0.925299   -0.0444593    -0.045204   -0.0885344
   -0.262381  -0.00817062    0.0450694     0.793793    -0.179434     0.124098    -0.711999     0.282228    0.0886274    0.0210298      0.26348     0.641684     0.657953    -0.116633    -0.349165    -0.135399    -0.172458     0.510473     0.262815    0.0606533   -0.0795487    0.0551872    -0.274052   0.00103806     0.602973    -0.404356    -0.356424   -0.0337198    -0.727936     0.064831     0.605821     -0.53513
   -0.291119      -0.1227     0.299747    -0.409515    -0.227476    -0.563539    -0.256475    -0.242282    -0.710468    0.0365414     0.155737     0.181722     0.168946    -0.273936    -0.118334    -0.302214     0.215075    -0.398867    0.0114692    -0.277511     0.136557    -0.603063    -0.183612    -0.100429    -0.369883     -0.52745     0.842946    0.0967945    -0.284865     0.143268     0.059208      0.40956
    -0.10456    -0.519443     0.640283    0.0921903    -0.639389    0.0826688     0.472187    -0.177068     0.215543    -0.973636    -0.192594     0.207975    -0.318117   0.00851762     0.107333    -0.153378     0.424404    -0.201261     0.113927    -0.409371     0.520277     0.141487     0.493428    -0.692004    -0.397642    -0.436697    -0.127889     0.545876    -0.286266     0.175111    -0.120721     0.116877
   -0.406404    -0.637764     0.230656     0.135655    -0.082327    -0.263098     0.300663      0.20887    -0.211297     0.128051    -0.038367      -0.1078    0.0420165   -0.0291391    -0.144731     -0.35838    -0.393259    -0.209157   -0.0137395    -0.249796     0.134112   -0.0961376     0.265918     0.321072      0.24251   -0.0290839     0.304878     -0.08922    -0.387712    -0.251148     0.255467     0.310582
    0.385899      1.02576    -0.577118     0.224434    -0.277925       0.4512    -0.108101     0.238832     0.835559    -0.286366     0.412546      1.04343     0.215517     0.423705     0.085249    0.0163347     0.379678    0.0704227    -0.140274   -0.0388456    -0.755597      0.37704   -0.0173796     0.479287    -0.131589     0.277368    -0.124806     0.107047    -0.334592     0.723256     0.119831    0.0545747
    0.789685   -0.0321143     0.356478    -0.152682    -0.237272    -0.541988    -0.403741    -0.580661    -0.339724    -0.649362    -0.270791     0.374324    0.0848452     0.561055   -0.0717063    -0.444639   -0.0244015    -0.285374     0.408782     0.491925    -0.326567    -0.294789     -0.41727      0.15406     0.194868    -0.579587     0.342086     0.306532    -0.357807     0.378217     0.160454     0.419917
    0.426418     0.493771    -0.147482     0.162415    -0.302929   -0.0310615      -0.2664    -0.648518    -0.858495   -0.0595704     0.285692    -0.120836     0.315119     0.073872     0.283683    -0.904588     0.633462     0.112019     0.267188    -0.350974     0.159078    -0.127655   -0.0935291     0.476475   -0.0989613    -0.805736    -0.183931    0.0249937     0.859042     0.511601    -0.407504    -0.487099
    0.239513    -0.305224    -0.334452    -0.372403    -0.424707    -0.042308     0.488912    0.0840654    0.0807702    -0.151394     0.290396    -0.104394   -0.0254453    -0.339974      0.51267   -0.0725427    -0.808503     0.316233     0.349167    -0.189584     0.256451     0.124575     -0.17234     0.603416    0.0342335    -0.169621    0.0666729   -0.0587227     0.161361    -0.315891     -0.30394      0.56417
    0.236379    -0.160549    -0.206399    -0.753892      0.43785    -0.147764    -0.389266     0.107691     0.335546    0.0654531   -0.0912155    0.0636945     0.627193     0.824045     0.214031     0.456728    0.0105687     0.383465    -0.332617    0.0979734    -0.317677     0.315955    -0.316238      0.37364     0.216351     0.334096     0.328781   0.00464459     0.420033     0.440989     0.670144     0.672119
    0.398581   0.00699051     0.326334     0.158137     0.628435    -0.852302    0.0439892     0.292535     0.213061    -0.527162    -0.468553    -0.215642     0.218384   -0.0490056    -0.231816   0.00798354     0.124894    -0.197374     0.130329     0.715862    -0.209664    -0.176742    -0.726396     0.333613     0.466056     0.492143     0.346034      0.45666    0.0552403   0.00289836    -0.363989   -0.0788352
  -0.0563794     0.278157     0.812339     0.307824     0.498098   -0.0164842     0.175372        1.007     0.676067    -0.164168    -0.404134     0.463874     -0.51099     0.177067      0.15291     0.577102    -0.471004    0.0680316    -0.254848    -0.495304   -0.0496013     0.264148     0.132038    -0.195591     0.113896     0.337385    -0.451136     0.333365     -1.21598    -0.639815     0.300571     0.249419
    0.111562     0.579493    -0.610632     0.420262    -0.124956    0.0401475    -0.135379    -0.327672    -0.463339     -0.03114     0.453806     0.292165    -0.154927     0.269104     0.052072    -0.725006     0.565353   -0.0469093       0.1433      0.18276    -0.141514     0.132122   -0.0842125    -0.236764    0.0241895    -0.185943    -0.149522    0.0423402    -0.246299     0.543109    -0.613846    -0.623646
   -0.322211     0.122109    -0.390363    -0.110997    0.0161789     0.180212    -0.503769     0.367009    -0.463644    0.0169465   -0.0417448    -0.051477    -0.185132    0.0437058     0.451919     -0.27219    -0.303723    -0.251912     0.390009    0.0451856     0.274264    -0.182559    -0.159794     0.212331     0.100162    -0.106812   -0.0196456    0.0946135    0.0581414    -0.172224    -0.839404    -0.282731
   0.0337779     -0.35111    0.0279079     0.244471    0.0923974    -0.131978     0.120419    -0.258093     -0.21678    -0.117657    -0.124402    0.0708586    0.0626835     0.113095    -0.253905    -0.279357    0.0686167    -0.443212    -0.382723    0.0460164   -0.0248244     0.252888    -0.105031   -0.0287902   0.00589224    -0.446027     0.381873    -0.134717    0.0344073     0.621434     0.604655     -0.11901
   -0.628625    -0.131847     0.014412    -0.437175    -0.576597    -0.577692     0.331687    -0.168913     0.417011    -0.064514     0.530375     0.110433  -0.00467609     0.239322    -0.032655    -0.381205   -0.0148413     0.122235    -0.130913    -0.042538    -0.113879    0.0925013    0.0375806     0.748608    0.0895751    -0.170712     0.547029       0.3941     0.186986     0.694653    -0.138515     0.417537
   -0.434061    -0.618027     0.439467    0.0697555    -0.164505     0.144489    -0.111223     0.334986     0.207241     -0.19129    -0.736492     0.537601     -0.39344     0.251512     0.115667   -0.0594315    -0.159967    -0.796855     0.267314     0.191595     0.896518     0.504886     0.643208  -0.00107149     0.408416     0.142555    -0.277154     0.170725    0.0717283    0.0905113   -0.0698943     0.202714
    0.457354     0.603653   -0.0435211    0.0156328    -0.446003     0.404279    -0.532528    0.0483593    -0.428843    -0.103985     0.265437     -0.38416     0.182722    0.0412466     0.553896    -0.233278   -0.0337916     0.164523     0.207311    -0.389137    -0.544647    0.0145007    -0.431072    -0.349144    -0.222524    -0.234304     0.233531     -0.17167    -0.336956     0.512664    -0.218858     -0.20632
      1.3285     0.380914     -0.33436     0.105465     0.465912      0.17926    -0.686659    -0.784033      -0.0335     0.512027    -0.386933     0.379145     0.608014      0.78679    -0.516841     0.195246     0.191592     0.495905    -0.249051     0.170152     -1.21027    -0.512902    -0.667794     0.236907  -0.00111179     0.131002   -0.0799511    -0.150545   -0.0636749    -0.132127     0.729209      1.02044
    0.103665     0.533588    -0.452016   -0.0762731    -0.364447     0.104091   -0.0185547    -0.514016    -0.137293    -0.265165     0.207366     0.272338     0.295634     0.230974   0.00533608    -0.710486     0.699628    0.0543619     0.570668     0.104257    -0.145492    -0.119975   0.00382723     0.263638   -0.0842762    0.0656929     0.293991    -0.329924  -0.00514464     0.254654    -0.936309    -0.441101
    0.421509    -0.743285    -0.239753     0.192938      0.49444    -0.391767      0.61883    -0.957089    -0.176408     0.378775   -0.0328322     0.474503    -0.432797     0.173673    -0.734472    -0.197846     0.776366     0.303071   -0.0279635     0.768872     0.277765    -0.343677    -0.511793     0.582963     0.266609    -0.220754    0.0661119    0.0978181      0.18202    -0.743028     0.267883    -0.134439
   -0.174545   -0.0699929    -0.743728    -0.287948     0.531576    -0.333133     0.738508   -0.0145448    -0.460306     0.174884    -0.198735   -0.0475184       0.1675    0.0676989    -0.388238   -0.0941074     0.104236     0.296513   -0.0719921    0.0805572     -0.24004    -0.420552  -0.00179731     0.599377    -0.420708     0.195629     0.205276   -0.0329576     0.684974    -0.143455    -0.404931     0.614965
   -0.162569    -0.208657    0.0119255    -0.294378    0.0176823    -0.180928     -0.20485    -0.204496    -0.484388      0.32737    -0.201179     -0.45822     0.453736    0.0229602     0.107935     0.322414     0.144905     0.233304      0.26804   -0.0106241     0.369032    -0.288539    -0.605228    -0.293195   -0.0949688    -0.242813     0.569426    -0.200845     0.424727    -0.233637     0.219955     0.288816
   -0.185031     0.505322    0.0138861    -0.321947     0.617123   -0.0260566    0.0632247     -0.25863    0.0560416     0.183335    -0.317067    -0.215369     -0.38756     0.587876     -0.11985      0.36382   -0.0909406   -0.0466876    -0.511631     0.235418    -0.562096    -0.802044    -0.544557     0.549674   0.00620535      1.09386     0.545433    -0.359669     0.127491    -0.306747    -0.366496     0.108796
     0.26407     0.242467     0.203997     0.341202     0.285124     0.612906     0.283793    0.0427108    -0.317663     -0.38013    0.0755796     0.709624    -0.692215   -0.0501454   -0.0917705    -0.129652    -0.287175     -0.56025    -0.418018    -0.734159     0.289061     0.177925    0.0281736     0.375305    -0.655086    -0.628683   -0.0905813    0.0323113    -0.248842     0.268815     0.220546     0.254171
