     0.13355   -0.0662859    -0.290874     0.144163     0.144565    0.0525573    -0.438813   -0.0643402     0.351782    -0.386503   -0.0593723    -0.397276     0.277373   -0.0685358   -0.0400282     0.151925    -0.230568   -0.0738282    -0.174418     0.166963     0.219424    -0.113867     0.161501     0.343902     0.533167   -0.0285438    0.0784154     0.265667   -0.0537975    -0.313647    0.0666601      0.11392
   0.0470197     0.251352     0.458869     0.199233    -0.209463    0.0973537    -0.269654    -0.249703    -0.298551     0.145127   -0.0801271     0.172528    -0.359992    -0.158473    -0.451837     0.175442    -0.140617     0.403043     0.730504     0.107159     0.640544     0.236426    -0.243155     0.139745    0.0312652   -0.0150579   -0.0908216   0.00753983     0.159985   -0.0139995  -0.00108226    -0.533851
    0.155903    -0.308493     0.594662    -0.737599     0.511346     0.660057     0.309412    -0.405797     -1.17512     0.106714     0.344509    -0.693239    -0.123035    -0.306826   -0.0840983     0.244525    -0.123422    -0.367836     0.406265      1.00963      0.77604      1.28166    -0.241928     0.448538    0.0206012    -0.136219    0.0438153    -0.200398    -0.347211     0.602847    -0.930744    -0.542299
   0.0560845     0.302655   0.00554417    -0.171615     0.166629    -0.323559    -0.358664    -0.538993    -0.174255   -0.0307824     0.506054    -0.474691     0.445264    -0.228717    0.0780777     0.222752    -0.410851     -0.16259     0.389312     0.470981     0.201161     0.484625    -0.387358     0.478104     0.408945    -0.110568     0.499922    -0.548092    -0.310986     0.287566    -0.243091    -0.588461
    0.101244     0.105607     0.553029     0.121726     0.233949      0.82271   -0.0264946     0.199366    -0.162683     0.118246    -0.100201    -0.305078    -0.196603    -0.334407     0.304173     0.401361   -0.0211914    -0.278573     0.504986    0.0154217    0.0157709     0.439596    0.0675228    -0.216613    -0.502629    -0.261257    -0.554279      1.71873    -0.493326     0.163605     0.245644    0.0656544
   -0.292405   -0.0701019    0.0182476    0.0526336   -0.0188684     -0.69982     0.241563    0.0478829    -0.262181     0.507199    -0.018506   -0.0324916     0.107199    -0.468304    -0.161859    -0.161883    -0.319416    0.0442862     0.119162       0.3748    -0.343584    0.0759709    -0.267185    -0.175424    -0.120299    -0.441414    -0.128765     0.150217    0.0673434     0.143469    -0.287722    -0.120779
  -0.0420995    0.0505079    -0.193421     0.368889     0.414207    -0.364728     0.172085     0.519166    -0.265851   -0.0134973     0.195892   -0.0510468   -0.0638956     0.157186      0.43128    -0.742742     0.214854    -0.153071    0.0237856    0.0568539     0.812744   -0.0337054     0.320026       0.2713     0.217091     0.690073     0.429367    -0.191867     0.443293    -0.095054    0.0324744     0.163995
    0.585469     0.160981   -0.0996418      0.39468    -0.439645    -0.928485    -0.816815     0.101334    -0.382339    -0.166077   0.00610589   -0.0831851     0.351689     0.110093     0.260508    -0.017743     0.143084    -0.164608     0.712323     0.543084    -0.103821    -0.598233    -0.376404   -0.0208943    -0.481938     0.049931     0.983107     -1.43032     0.244915     -0.50494     0.124486      0.19169
   -0.455369   -0.0177519    -0.160287    -0.540924     0.329666    -0.271681  -0.00337973   -0.0614961     0.199091     0.157246    -0.233716    -0.298618     0.151781     0.427048     0.230798    -0.709188     0.349458     0.313501    -0.215908    -0.117866    -0.287326      0.24953   -0.0809882     0.131923     0.434881      0.69024     0.299256    -0.463939     0.780032    -0.176975     0.314178      0.40383
   -0.241947     0.192366    -0.341461     0.113326     0.113583   -0.0997069    -0.134644     0.145746     0.344968    -0.133191    -0.104791    -0.152741    -0.795509      0.55872    -0.107176     0.104707     0.431781    -0.239044    0.0579043     0.215894      0.19572    -0.216576   -0.0365547    -0.306524   -0.0408905     0.277187     0.159523    -0.382042    0.0964304    -0.157668     0.127323    -0.566807
   0.0756905    -0.164227     0.245427    -0.700234     0.191843    0.0893972    -0.119254    -0.332359    -0.535866    0.0209571     0.188191  -0.00439758  -0.00883352    -0.177827    -0.254359    -0.264226    -0.337119     0.315011     0.300551     0.419804   -0.0063521     0.544803   -0.0979518     0.111542    -0.145967    -0.362056    0.0517075    -0.661368     0.143179    0.0424672     -0.26899    -0.104463
    0.146267     0.169024     0.143547    -0.156207     0.200256    -0.366106   -0.0380325      0.34663    -0.295291   -0.0667344     0.250205     0.350112    -0.310907     0.144372     0.304951   -0.0885141    -0.392622    -0.514156    -0.253864     0.455604     -0.57351    0.0843285  -0.00601621    0.0649674    0.0322704   -0.0711744     0.105336     0.255357    -0.144326  -0.00697041     0.134195     0.150604
    0.368992    -0.345266    -0.292213    -0.568988  -0.00210263    -0.811507   -0.0258016     0.196203     0.157983     0.122981    -0.363889     0.204435      0.25564     0.467805    0.0248052    -0.505401   -0.0767819   -0.0664986  -0.00975947     0.421237    -0.250465    0.0243109    0.0927522     0.120862     0.347756   -0.0191543     0.118973     -1.03465     0.115245    -0.318641     0.137344    -0.282041
    -0.14292   -0.0560146    -0.338432     0.268682    -0.368922     0.772525    0.0538679     0.528135     0.117299    -0.699695    -0.381627    -0.450127    -0.615839    -0.341166  -0.00691529    0.0232744     0.501713     0.284714   -0.0944389    -0.315226     0.512935     0.222882     0.249433       0.2384   -0.0393382     0.353038    -0.300294     0.169533    -0.290282     0.142073    -0.413287    -0.132515
   -0.959467     0.180704    -0.457525      0.26475     -1.17521    -0.212703    -0.304619    -0.654032     0.314328    -0.142286     0.154113      0.12319     0.486817    -0.454677    -0.650849     0.105065    -0.921464     0.251658     0.591404    -0.416341    -0.938651    -0.561746    -0.343819    -0.527625    0.0167966    -0.705399    -0.149286    -0.341652      0.26845     0.158615     0.275338     0.324516
   -0.176304    0.0646392    0.0359606    0.0640757    -0.333731      0.68223    -0.313892     0.106749   -0.0911652    -0.345224    0.0711354     -0.36486     0.370498    0.0896815     0.680859    -0.393362     0.328254      0.11788    0.0281563    -0.414965   -0.0469285     0.242693    -0.146997     0.503292     0.682902   -0.0522434    -0.283637     0.448144   -0.0368691    0.0766915     0.277977    0.0163033
  -0.0753159    -0.345853     -0.28089     0.188779    -0.224679     0.469962    -0.093456   -0.0181583     0.351765    0.0179126     -0.16616    0.0804509     0.241431      0.66056   -0.0699559    -0.528693     0.036515     -0.26308    -0.108932     -0.65588    -0.130836   -0.0322398      0.15182    -0.394515     0.568223     0.374003     -0.44125     0.319118    0.0124745   -0.0647604     0.406374      0.13814
  -0.0993721     0.369743    0.0266878    -0.412603     0.488009     -1.05512    0.0993587   -0.0639283    -0.557291     0.389293     0.504347    -0.301574   -0.0300677     0.113014    -0.251703     0.205458    -0.133615    -0.545096    0.0430229     0.438599      0.30864     0.338928     0.311096    -0.194594     0.368582    -0.149352     0.261197     -1.14157    0.0340291    0.0490196    -0.359061    0.0949999
    0.216606     0.605718    -0.207253     0.389439    0.0504162    -0.390162    -0.539867    0.0588494    -0.269306   -0.0525959     0.702192   -0.0905397      0.43033     0.121509     0.343065   -0.0244813     0.195059     0.228908    -0.120073   0.00164313     0.281169      0.19849     0.316224     0.133777    0.0541285     0.716676     0.158777    -0.174538   -0.0471473  -0.00902419     0.184782     0.409537
    -0.41271   -0.0848666     0.462101     -0.13185     0.151139    -0.326899     0.121087     0.185931    -0.121502   -0.0336702     0.360516     -0.16565     0.174344    0.0182939     0.249684    -0.268256     0.129161     0.267886    -0.276968     0.215697    -0.184157    0.0611062    -0.323125     0.641804     0.108921     0.401965     0.330692    -0.164421     0.132015     0.220432    -0.071743     0.370535
    0.151087    -0.577346    0.0819896    -0.216716    -0.078693    0.0275255     0.391412     0.135936     0.641927   -0.0207035    -0.434458    0.0855049    -0.385595     0.129945    -0.470073    0.0593585    0.0632645     0.166791    -0.606026    -0.197023    -0.473929    -0.467721      0.26748    -0.611484     -0.20154    -0.445986   -0.0383932     0.491633     0.151737    -0.164416    0.0530052     0.371773
    0.193606     -0.65497     0.820106      0.21853    -0.670665     0.149596    0.0155814     0.760322     0.473727    -0.626498    -0.526843      0.46592     -0.38008      0.58897    0.0853217    -0.144724     0.542412    -0.216634      -1.3606     0.673674   -0.0994525    -0.813255    -0.703105      0.15657    -0.253221     0.724794     0.155311    -0.275293     0.326099     0.443936     0.194966     0.238089
    0.296733   -0.0221809    -0.229957     0.522234    -0.276971    -0.247025    0.0390509    -0.124749     0.176754    -0.286852   -0.0754494    -0.501027     0.449179    0.0880207     0.161699     0.261801    0.0466812    -0.147113     0.371653     0.221814   -0.0354641    -0.123318    -0.196895   -0.0544792    0.0291285    0.0183557    0.0621809    -0.221113   -0.0888311    -0.449097    0.0666915     -0.23528
    0.313551    0.0802042    -0.328689    -0.660989       0.3049      -0.3441       0.6943    -0.301152     0.128637     0.679864    0.0690794     0.624601    -0.208025    -0.392749    -0.362412    0.0181779    -0.154504      0.39664      0.20074     0.110754    -0.574508    -0.123325     0.231303   -0.0941314     0.195652   -0.0733254     0.284562    -0.310357     0.149091    -0.129992     0.377449    -0.181535
    0.266279    -0.366351    -0.436407    0.0388415     0.135867    -0.643453     0.538745   -0.0134899     0.454255   0.00287829     0.018232   -0.0287606    -0.330858     0.644127    -0.124422    0.0446783     -0.13711    -0.189503    -0.243751    -0.149535    0.0229115    -0.273785    -0.182825    -0.307902   -0.0321266    -0.201607     0.206271    -0.196889     0.271167    -0.531095     0.500388    -0.153003
  -0.0587763      0.31929     0.151045    -0.304929     0.342348     0.152392     0.321654    0.0296376     0.102056   -0.0181916     0.259343    -0.196252     -0.12857   -0.0285445    -0.493746     0.138784     0.358863   -0.0943053     0.211805     0.152303    0.0111006    -0.215287    -0.104989    0.0183745    -0.165392     0.110046    -0.289788     0.188165    -0.260314    0.0291301    -0.103045     0.119986
  -0.0326838   -0.0735999    -0.284693    -0.430959    -0.477117    -0.581678     -0.24384    0.0807439    -0.120834     0.310226     0.375388     -0.68329    0.0503739    0.0447492     0.624858    -0.506026     0.144915    -0.495196    -0.241265     0.435522     0.381861    -0.010468    -0.327223      1.15981     0.452772     0.595981     0.485199     -0.86438     0.394479     0.305711     0.143025   -0.0680538
   -0.394975    -0.412839  -0.00983185    -0.359813    -0.456559     -1.11125    0.0860722    -0.133667    -0.426584     -0.42141    -0.148727    -0.601002   -0.0590929    -0.446074    -0.278939   -0.0691362    -0.513424   -0.0890167      0.36904     0.807107     0.283054     -0.31301     0.298939    0.0653152    -0.269571    -0.617105    -0.155697    -0.850249     0.375115     -0.38245    0.0361235    -0.513967
   -0.290692     -1.00536    -0.511978    0.0666906     0.123066     -1.70111    -0.329255  0.000990138    -0.183353     0.259202    -0.465932      0.30996     0.050961      0.38404     0.218942    -0.284428     0.314662    -0.244737     -1.31626     0.647246      0.26628     0.102839    -0.217403      1.21354     0.261366     0.299642     0.987627     -1.51739     0.628452     0.180898     0.442623    0.0653979
    -0.17473     0.379124   0.00860015   -0.0468492      0.53282     0.804098     0.261156    0.0706534    -0.304447     0.114808     0.304411      0.21846    0.0699902    -0.431036   -0.0247433     0.144761     0.230988     0.105749     0.326441    -0.174854   -0.0663794     0.381143     0.340523    0.0177528    -0.167424    -0.147954     -0.79228     0.461409    -0.167169     0.574829    -0.836251     0.135995
    0.279746    0.0425097     0.337707    -0.265023     0.088547     0.809989     0.452372    -0.114124     0.405255     0.568392     0.225417      0.22542    -0.322279     0.325987  -0.00743808    0.0147929     0.224073    -0.282609     -0.13275    -0.380817     0.210457     0.194777    0.0904537    -0.163349     0.223417      -0.6042   -0.0228388      1.12446   -0.0657579     0.033729     0.250796    -0.144467
   -0.398089   -0.0715784     0.554436      0.23542    -0.209468      1.81305    0.0880544    -0.221969   -0.0752482    -0.121297    -0.556691    -0.523488     0.202646   -0.0855625     0.399388     0.214404    -0.484928     0.214531     0.326722    -0.919479   0.00141635     0.271324   -0.0298164     0.296298    -0.373175   0.00198572    -0.298339      2.55943   -0.0982219    -0.178065      0.21852     0.178313
    0.213085    -0.684469    -0.313157    -0.283649    -0.423833    -0.134559   -0.0188576     0.336194     0.304574    -0.232405    -0.270894    -0.150843   0.00228435     0.331885     0.264959    -0.696411     0.665493     0.517779      -0.1374     0.266275    -0.284918   -0.0494051   -0.0414953    0.0171217     0.347423     0.102965     0.391121    -0.373083     0.370688     0.292173   -0.0995042    0.0432575
   -0.171643    -0.322651    -0.799904    0.0203879    0.0625006     -1.51159     0.838649    -0.286916   -0.0414826  -0.00328855     0.339764     0.297717     0.362063    -0.381209     0.114211    -0.340317    -0.952434     0.179095    -0.313636     0.799374     -1.07985     -0.22446    -0.136818     0.533346     0.406321    -0.474577     0.810818       -1.774   -0.0214994    -0.111233     0.224309    -0.314542
   0.0222115    -0.100108     0.143555  -0.00812379    -0.325296    -0.211608    0.0715361    -0.364916     0.275394     0.137857    -0.344656      0.58854     0.635787    -0.200787    -0.666784     0.610326    -0.164511    -0.128364     0.404542     0.161769    -0.491392    -0.659291     0.186353    -0.109229    -0.477491    -0.204474    0.0457561   -0.0247339   -0.0623148    -0.242081     0.288081     0.165427
  -0.0531628     0.647204     0.223266     0.261986     0.456046     0.211722   -0.0412323    -0.279931    -0.753082  -0.00855024    0.0359061   -0.0617204     0.368685     -0.60619     0.253671   -0.0839528     0.131809     -0.18547     0.279897      0.16283     0.150878     0.227445    -0.225326     0.180006     0.129739     0.320941     0.255306    -0.181945    -0.299881     0.531712    0.0111099    -0.129129
    -0.33443     0.144538   -0.0987789     0.293679    0.0287009    -0.596272   -0.0825633    -0.426202    -0.314189     0.250653      0.22824    -0.287809     -0.24798      0.06521    -0.346609     0.246308    -0.242193    0.0842982     0.592912     0.603067     0.119685      0.24811    -0.190845     -0.10994    -0.555935    0.0379127      0.68111     -1.14423     0.106378    -0.114592    -0.297194    -0.576651
   -0.238484     0.247264    -0.198937     0.180902    -0.223761     0.885586   -0.0586217  0.000601078     0.335819    -0.308509   -0.0686236    -0.196433     0.123276     0.648936      0.01549     0.150871     0.341453     0.174693     0.791572    -0.646556     0.447354    0.0112657    -0.124227    -0.084868    -0.185821     0.365174    -0.521634     0.764207    -0.413131   -0.0500232     0.488341    0.0739693
  -0.0691336     0.193798   -0.0109929    -0.106035    -0.286028    -0.174278     0.176623    -0.070013     0.116014     0.180783     0.274383     0.196002     0.476015    -0.359069   0.00315511    -0.171478     0.188392     0.568327    -0.251303    -0.373036    -0.515262    -0.137615     0.421765    0.0441804     0.537568      0.13652     0.467471    -0.204018    -0.306781     0.437689    -0.244282     0.152901
   0.0618629    -0.780041    0.0808817   -0.0112615     -0.58392    -0.416313    0.0480617     0.202682     0.436527    -0.689779    -0.128205     0.317691     0.164056     0.154737     0.194959    -0.704426     0.011763     0.155351    -0.542745    0.0257615    -0.462896     0.225843    -0.218489    -0.131912     0.264686   -0.0844484     0.125237   -0.0962826     0.323926    -0.533475     0.293145     0.345577
    -0.13156     0.327405     0.244183   -0.0991423     0.076303     0.132416     0.197388    -0.108018    -0.581004    0.0854906      0.25044    -0.837185    -0.410275      -0.3719     0.082845     0.321737    0.0845041    0.0810799     0.267685     0.327764      1.04754    0.0788251     0.233446     0.484036     0.136344    -0.162861    -0.215225     0.123346 -0.000969363     0.280518    -0.283416    -0.186092
    0.131354   -0.0238998   0.00384153      0.41571     0.111304    -0.532445     0.116167     0.352106    0.0724934     0.215819   -0.0609542     -0.18718   -0.0165048     0.298174    0.0947345   -0.0634108     0.384906    -0.490221    -0.523944    -0.129508     0.558049   -0.0073546    -0.956786    -0.607135    -0.128434     0.321647    -0.212971    -0.328785   -0.0773983    -0.300477     0.431932   -0.0226864
    -0.20004   -0.0268679     0.134906     0.116913     0.444469   -0.0842159     0.304771   -0.0746764   -0.0518336     0.180916     0.230873  0.000896643    -0.190084    -0.263207     0.183885    -0.151057    -0.273081   -0.0189919     0.189323    0.0130565    -0.172718     0.157246    -0.148859    0.0365559    0.0459192    -0.148808     0.632041     -0.26391    -0.042044     0.144388      -0.3156    -0.232517
    0.902144    -0.106909     0.423762     0.550659      0.45229     0.322694    -0.279571     0.326827     0.198002    -0.593044    0.0642627   -0.0684408   -0.0854994      0.40452     0.311999     0.317287     0.947686    0.0968703      0.77887    0.0285936      1.00773     0.262337    -0.641867    0.0546504     0.420713   -0.0136499     0.424841     0.208317    -0.409474    0.0951563    -0.252843    -0.299153
   0.0297199    -0.170298     0.209416    -0.128531    -0.170284     0.590985    -0.270633     0.529443    -0.231032     0.132547    -0.361386   -0.0362827    -0.661301    -0.113653     0.210884    -0.135435     0.263346     0.223886     0.648814     -0.23816      1.07131     0.487455     0.101252     0.534823    -0.116809    -0.209895  -0.00430793     0.766499     0.706604     0.387372    -0.206572    0.0728034
    0.385793    -0.444948     0.917093    -0.295927     0.458175     0.674247    -0.205657   -0.0558582    -0.790819     0.378014     0.259987    -0.331297     -0.15063    -0.539425     0.335752    0.0227553     0.151191    -0.373797      1.02333     0.144542     0.542509     0.700298    -0.437913     0.403451    0.0576793    -0.245264    -0.576101     0.248209    0.0820352     0.695622    -0.398691     0.187742
   -0.346819    0.0849034    -0.320494    -0.113327    -0.222365     0.327401    -0.244633    -0.175166    -0.117903     0.194542     0.102979     0.296302     0.460549    -0.442588    0.0577703    0.0982058     0.195513   -0.0938336   -0.0546095    -0.461449    -0.176267    -0.298658     0.247967      0.30365   -0.0391841     0.419287    -0.486025     0.363206     0.200506     0.164824    -0.107918     0.280354
  0.00770416    -0.292331    -0.239493    -0.603121     0.518242    -0.473778     0.332984     0.041584    -0.183923     0.405009    -0.135786      0.39474   -0.0454873    0.0683555    -0.286394    0.0658873    -0.316018    0.0248156      0.24082     0.224616    0.0171271    0.0953198    -0.126716    -0.291057   -0.0455328     0.134326    -0.201988    -0.454661   -0.0393466    -0.171145    0.0455827    0.0356069
   -0.137597    -0.477666    -0.055443    -0.213531    -0.492209     0.235686    0.0214816     0.604683     0.152666    0.0241757     0.102145    -0.335919    0.0184312    -0.198893    -0.293394    -0.426745      0.13336    -0.333212     -0.42501    -0.194546    -0.325239    -0.217318    -0.362598    -0.167967   -0.0963613     0.017201   -0.0118203    -0.173365     0.402399   -0.0412992      0.15948   -0.0492807
   -0.138806     0.111912     0.290846    0.0930319     0.182946    -0.222658     0.170259    -0.452089     0.152853     0.198018    0.0575153     0.492195     0.272335    -0.990551    -0.658494     0.272057    -0.505937     -0.16675      0.41777     0.318751     -1.19631    0.0546642    0.0820742   -0.0188672   -0.0424817    -0.625347     0.100233      0.31504    -0.115749    -0.309976  -0.00776664    -0.184891
   -0.236831     0.285683    -0.388894     0.333301    -0.764029    -0.180707     0.284256    0.0773301     0.202264     0.183973     0.292771    0.0638114    -0.229258    -0.617532    -0.672556   0.00569963    -0.818833     0.180974     0.237987    -0.314749     -0.22819     0.174775     0.158505    -0.561932    -0.324936    -0.399238   -0.0194295     -0.12965    -0.243664    0.0169206    -0.227115     0.121222
   -0.355002   -0.0151401    -0.364515   -0.0063941     0.166299     -1.42619     0.493068    -0.167252     0.324575     0.133072    0.0763724    -0.155909     0.437806      0.57961     0.323902     -0.61585     0.232724    -0.131199    -0.938806     0.454574    -0.674336    -0.321932     0.178976    -0.231889     0.360936     0.614597     0.885741     -1.00648   -0.0195272   -0.0620539  -0.00614914   -0.0476028
    0.633572     -1.16652     0.392309    -0.383029     -0.49819    -0.190623     0.210084     0.365692     0.239286    -0.436305    -0.163765    0.0707533     -0.82807       0.2052    -0.502809     0.183824    -0.254485     0.205485   -0.0699011   -0.0629715     0.184447     0.112207     0.168194    -0.688306    -0.384841      -0.4975    -0.515291     0.280822       0.5038    -0.453407   -0.0968302     0.096588
   -0.121297    -0.135342   -0.0284138     0.345162    -0.267051     0.111318    -0.256071    -0.305709   -0.0457187    -0.066773    -0.458235   -0.0184536     0.106766     0.169859     0.141269     -0.43192     0.114029     0.409838    -0.344849    -0.136484    -0.148717    -0.454432    -0.205246     0.436254     0.223452     0.285215    0.0499851    -0.271039    0.0975582      0.28811   -0.0811891     0.632125
    0.266031   -0.0114891   -0.0210545     0.366333     0.510871    -0.389001    -0.281388     0.393408     0.381608    -0.521415    -0.221363     0.225339   -0.0790068     0.192869   -0.0320906     0.510448     0.655344     -0.20541    -0.390901    -0.670069    -0.432558    -0.190906    -0.164735    -0.444388     -0.13832     0.281408    0.0768538    -0.249054      0.32761     -0.09622     0.187491    -0.183468
    0.170225    -0.226592      1.02548    -0.606474     0.819919    0.0222285   -0.0470452    -0.327995    -0.279907     0.390467    -0.419185     0.314389     0.296394    0.0432635    -0.189606     0.130686     0.110922    -0.375472    -0.217091     0.568692    -0.782009     0.570925     0.139747     -0.38126     0.192473    -0.287647    0.0435925   -0.0640403   -0.0113146   -0.0498979    -0.631084    -0.205817
   -0.669599     0.419907    -0.426373     0.636824    0.0249637     0.273274    0.0560868    -0.410197     0.654664    -0.245955    -0.275309    -0.370252     0.289388   -0.0978639    0.0817172    -0.549429    -0.384468     0.688237     0.203111    -0.959175    -0.461937    -0.232848     0.170041    -0.916966     0.393033    -0.198054     0.588771   -0.0341096    -0.148824    -0.233679     0.803522     0.441816
   -0.272511    0.0351961     -0.20296   -0.0642438     0.219666     0.311717     0.465644    0.0533981       0.2725    0.0454879   -0.0106733     0.799169    0.0485361     0.378068   -0.0494929   -0.0219903     0.343674     0.173221    -0.546487    -0.130421    -0.424298    -0.445212      0.31036  0.000114932   -0.0576162    0.0996559      0.33557     0.125108     0.374697     0.317263    -0.179102     0.486173
    0.183475   -0.0116554    -0.405233      0.10677    -0.684843   -0.0527234     0.137616     0.229761    -0.459726     0.146143    0.0263977     0.259663    -0.184245     0.457365    -0.154128   0.00801592     0.339433     0.330187   -0.0360356    -0.414796     0.923288   -0.0892197    -0.634403   -0.0737508     0.230243     0.339557    0.0426656    -0.183664     0.146356     0.169462     0.322646     0.147568
    -0.53377     0.353222      0.10034     0.453374   -0.0405612       0.3026    -0.289281    0.0194308     0.407279    -0.342824     -0.18823   0.00256418      0.18908   -0.0306229     0.123373    -0.190197     0.134357    -0.120936    -0.690621    -0.130716    -0.446399    -0.262674    -0.189878    -0.666787     0.137794     0.204694    -0.571418    0.0037953   -0.0687454      0.17413     0.352521     0.372889
   0.0113479   -0.0140465      -0.5372    -0.586555     0.159662    -0.574096    -0.347556     0.148953    -0.728711     0.400138     0.216695    0.0793713   -0.0370896     0.516057    0.0752207   0.00966054     0.676734    -0.174886    0.0165611     0.697195     0.262441     -0.52906   -0.0537217     0.262513     0.104935      0.32241     0.637964    -0.648313     0.267939     0.350383    -0.512014     -0.32794
-0.000939329     -0.31022     -0.41682     0.105263    -0.405175    0.0859816    -0.381604    -0.146255     0.660312    0.0325457    -0.549351     0.707488   0.00992192   -0.0762229    -0.532023    -0.479695      0.11685     0.558978    -0.184165    -0.283738    -0.992948    -0.312382   -0.0404481    -0.713201     0.193132      -0.2578      0.26169   -0.0907324     0.612834   -0.0567436      0.20548       0.4749
   0.0393536   -0.0887008   -0.0385869    0.0728912     0.734362     0.236267     0.383967    -0.143587   -0.0197312    0.0966967    -0.222136     -0.31094    -0.247569     0.532712     0.313937     0.501172     0.190648       -1.011     -0.41188    -0.175028    -0.229075     0.521008    -0.507175    -0.744457    -0.490083     0.190732    -0.283502     0.476967   0.00949161   -0.0910161    0.0615537    -0.173731
    0.295556    -0.276097     -0.43399    -0.301287     0.127222    -0.299968    -0.499128      0.19224     0.650896     0.240391     0.136167     0.155832   -0.0393512     0.713503     0.240039    -0.622857     0.107042    -0.687221    -0.609448     0.400383    -0.084894    -0.218629    -0.170179     0.252669     0.348176     0.176808     0.151952    -0.419838     0.267783     0.180326     0.193883     0.324032
    0.197204     0.215153    -0.181597     0.416764    -0.632023    0.0735062     -0.22341     0.402767     0.282473    0.0291943     0.597448    -0.252868    -0.199501     0.186512     0.803899    -0.484093    0.0521813   -0.0988032    -0.452889     0.213088     0.490949    -0.147728    -0.318873     0.302397     0.246739     0.292692    0.0585357    -0.392741    -0.143485     0.256364    0.0895099     0.101809
   -0.172603   -0.0362177    -0.515329      1.14176    -0.584922    -0.799304    -0.396159   -0.0118173   -0.0655796   -0.0276739    -0.260992    0.0989209    -0.252728  -0.00523439    -0.537333     0.167597    -0.898603      0.39834     0.171488     -0.26714    -0.429622    -0.487378    -0.245438    -0.505207    -0.332411    -0.204909     0.140744    -0.768811     0.395667   -0.0321547    -0.151234    -0.218766
   0.0782405    -0.616987     0.579547    -0.196282    -0.287015      0.38511      0.01963     0.698533     0.235148    -0.780264    -0.588712     0.468737     0.192919    -0.275773    -0.245111     -0.21902     0.534714     0.469483    -0.245407    -0.126714   -0.0319149    -0.470867     0.501735     0.385519    -0.214084    -0.271093    -0.404867     0.351813     0.101503     0.323913    -0.328115    -0.291691
    0.339424    -0.553433     0.182518    0.0796548    -0.230616    0.0159221    -0.283332     0.329183    0.0288717    -0.213864    0.0497009     0.501867    -0.149114     0.442956    -0.220249     0.170577     0.583251    0.0449336    -0.341545    -0.315874    -0.173871    0.0875283     0.198735    0.0906632     0.148318     0.418072    -0.391375   -0.0230901     0.343656   -0.0314673    -0.182091      -0.1985
   -0.666682     0.437917     0.525468    0.0352785     0.261097     0.861233   -0.0925433    -0.302448    -0.541849    0.0367828    -0.158436    -0.472821       0.4571     0.126923      0.64194     0.230249    0.0434834    0.0495261     0.589306     -0.13494    -0.145133      0.18485     0.093228    -0.240883    -0.296149    0.0951133   -0.0396514     0.812485    -0.478882     0.116497   -0.0548732     0.208877
    0.319284    -0.524627   -0.0932346    -0.209813   -0.0507094    -0.142638    0.0437542     0.310916     0.690223   -0.0173884    -0.506478     0.775306    -0.056293     0.543371     0.202558    -0.457803     0.864399      0.25583     -1.23138    -0.219017    -0.626126    -0.521513     0.113578    -0.310783     0.269987     0.534573     0.342796   0.00575232    0.0323338     0.459572     0.014051     0.275515
    -0.29587     0.267393     0.660504    -0.544701      1.13381      0.13309    -0.243308    -0.770579    -0.520659     0.830252   -0.0494895     0.508837      0.23079    -0.458647    0.0878255     0.737925    -0.651682    -0.162823     0.540984     0.256707    -0.216495     0.829983     0.532136     0.271389    -0.418984    -0.660948    -0.590063     0.738637    -0.363336     0.209858    -0.167121     -0.34116
   -0.292524     0.188601     0.454886    -0.298016     0.685503    -0.163611    -0.181406     -0.11751    0.0457604     0.216518      0.38446     0.129854     0.164641     0.548039    0.0945426     0.210019     0.124051    -0.732443    -0.670707     0.813534    -0.558288   -0.0888338    0.0964647   0.00594297   -0.0150627    -0.157587     0.231975    -0.431569    -0.125761      0.27895     0.370612    -0.250504
    -0.61791    -0.379538     0.157473  0.000336431    -0.119915     0.208328  -0.00146819     0.162857    -0.393773     0.311314     0.245171    -0.288413    0.0702711     0.238616     0.438526    -0.214983    -0.106659    -0.271201    -0.500789     0.302612     0.131075     0.208787    -0.240905     0.165429    -0.152641     0.705324     0.111477    -0.114982    -0.110303     0.528102     0.481912     0.193982
    0.510337   -0.0934233    -0.369685    -0.146497    -0.575679    -0.287089     0.218059     0.307058     0.679831    -0.421976    -0.381627    -0.541576   -0.0342398     0.278918    -0.240495     -0.35067     0.137783    -0.123585    -0.704173    -0.644667     -0.38889    -0.624136    0.0191177    -0.729929   -0.0125821     0.368733   -0.0681713    -0.129269   -0.0652046    -0.651537     0.776539     0.479635
    0.152306    -0.245186    -0.172251   -0.0487486    -0.371333    -0.343061    -0.352406     0.247894      -0.2102     -0.24143   -0.0111256    0.0309989    -0.151235   -0.0182953    -0.356219    -0.123483     -0.65645    -0.313789     -0.29431    0.0944299    -0.497219    0.0600218    -0.631686    -0.169663   -0.0460596   -0.0513858   -0.0335227    0.0741569    -0.100994    -0.313245      0.12933    0.0134313
   0.0661407    -0.285646     0.292858  -0.00172034    -0.447576   -0.0608318    -0.284952     0.268799      0.26912   -0.0665885    0.0203508    -0.632154     0.252399    -0.241478     0.555615    -0.169388     0.444175    -0.104023     0.077608    -0.115482     0.194376    0.0736028    -0.165544     0.811622   -0.0573479     0.322753    -0.106996     0.144442   -0.0351187     0.281784    -0.220163   0.00864855
    -0.45919    0.0850379     -0.80573    -0.341431     0.255765    -0.450838     -0.45595     -0.78632    -0.542233     0.452713     0.097103     0.362045      0.49357     0.316853     0.534543    -0.153379   -0.0740947    -0.147717     0.146018     0.549005     0.225862     0.224957   -0.0444358     0.542605     0.265225    -0.250428     0.502764    -0.533393    -0.324986     0.623347   -0.0808675     0.363018
    0.153336    -0.202544  -0.00947751    -0.819289     -0.68271     0.619233     0.138125     0.362014    -0.487621    -0.580518   -0.0612055    -0.518009    -0.162421    -0.302289   -0.0702474    0.0234722     0.459363     0.179949    0.0816486     0.380863      1.07051    -0.046168    -0.218155    -0.209083     0.216335    -0.179087    -0.135899     0.540033    0.0298132      0.33896   0.00572515    0.0875241
    0.140228     0.373433    -0.397303     0.342927    -0.142911    -0.483139     -0.28322     0.184378     0.272004    -0.162828     0.192868    -0.147478    -0.350901     0.458866     0.134739    -0.405069     0.354184    -0.134991    -0.622845      0.83745    -0.821847    -0.391055    -0.122646   -0.0962914    0.0423919   -0.0622847     0.310114    -0.480989  -0.00116872    -0.491755    -0.389964     -0.48077
    -0.10263    -0.232077   0.00516715    -0.336656    -0.302175    0.0291864   -0.0289002    0.0664207    -0.148895     0.267576     0.276092    -0.403447   -0.0516281     0.235134    0.0242598      0.52551    -0.140281    -0.548534   -0.0125419    -0.258068     0.448528     0.401503    -0.495101     0.823387     0.122008      0.41013     0.217509     0.449404      0.10216    -0.198602      0.29576     -0.13465
  -0.0226044   -0.0370901   -0.0165508    -0.172992     0.138467    -0.309473  -0.00468231     0.170363    -0.301264    -0.178292     0.498051    -0.204251   -0.0575907     0.262761     0.409416    -0.197979    -0.230945    -0.204999   -0.0658803   -0.0611063     0.274354     0.382277    -0.133206    0.0215649     0.337246    0.0978915     0.499927     0.109058     0.215229    -0.174342     0.140169     0.210745
   -0.417456      0.18799      0.14049     0.059708    -0.813534     0.221552   -0.0853649    -0.134646     0.185377    -0.399391   -0.0171451    -0.559138     0.640515    0.0615382    -0.310094  -0.00515723    -0.109584     0.378289    -0.472398    -0.618858    -0.353183    -0.821856     0.289862     0.270311    0.0292171    0.0665663    -0.650627     0.491887    -0.351872    -0.186516    -0.137509     0.411755
    0.625502    -0.237654    -0.314649   -0.0188342     0.409546    -0.272505    0.0464244      0.39023   -0.0238066     0.317359  -0.00707791     0.893733    -0.159154     -0.80491    -0.236207    -0.458296      -0.5339      1.02864    0.0993421   -0.0375103    -0.842511     -0.10951     0.121441    0.0518794     0.390847    -0.363899     0.361061    -0.261042     0.177741    -0.246336   -0.0375171    -0.222755
   -0.321932     0.672718    -0.482824     0.307521   -0.0683271   -0.0810996    -0.116598    -0.201751   -0.0562794    -0.168696     0.406669     0.284561    -0.263584    -0.241803    -0.180317     0.221465    -0.571602    -0.142188     0.276565    0.0417935      0.15008    -0.138065     0.149114     0.521901    0.0313438      0.14071    -0.363369    -0.433322    0.0511656     0.142944     0.381949    -0.164119
    0.246565   -0.0607411     -0.64036   -0.0777376    -0.660763    -0.223138     0.244901    0.0943251     0.382628    -0.153623     0.182671    -0.210734    -0.417402    -0.349117    -0.268677    -0.275846    0.0769337     0.188989     0.158087    0.0499437     0.216756    -0.198599     0.283043   -0.0930878    -0.130844    -0.542749   -0.0049814     0.226164     0.114395   -0.0476316   -0.0731239    0.0791959
   -0.132161   -0.0859105     0.225851   -0.0540136       0.2369    -0.154467     0.285921    -0.510343    -0.370652     0.390569   -0.0239495   0.00916283   -0.0790011    -0.656588     0.117794     0.482391   -0.0576789      0.51016     0.814114       0.1615      0.19831     0.306474     -0.24075   -0.0327111    -0.114198    -0.193053   -0.0866618   -0.0635395    -0.301645      0.25606    -0.162472   -0.0475023
    0.162661     0.507193   -0.0145255    -0.304077      0.15975     -0.22095     0.149479   -0.0986176    -0.305797     0.174586     0.164647     0.262674    -0.371151    -0.323174    -0.213079    0.0723567    -0.125522    -0.060957    0.0990426     0.320413     0.188213     0.361093   -0.0753123    -0.154341    -0.196852    -0.336263    0.0866117    -0.319865    -0.203474     0.310718     0.257258    -0.172169
    0.221425     -0.33247    0.0587169     0.345683     0.101954    -0.341238  -0.00121814    -0.142956    0.0816609    -0.138967    -0.229642     0.150633    -0.143851     0.267753    0.0171269    -0.144438    -0.122254     0.204151   -0.0346018     0.289032    -0.105314    0.0474363   0.00640157     0.438224    0.0982462    -0.280059    -0.103754    -0.272886   -0.0149018   -0.0454042     0.101216    -0.268781
    0.179427    -0.587527     -0.63591     0.301876    -0.661477    -0.171319     0.176481     0.200856     0.254658     0.371499    -0.567303     0.501469    -0.107036     0.141766     0.360202    -0.486851     0.480857    0.0949999     -0.75608     0.113689     0.107675    -0.411168   -0.0582202    -0.103674     0.334548    -0.254492     0.511527    -0.287469     0.215796     0.359448     0.346999      -0.2703
  -0.0320165    -0.443516   -0.0453922    -0.156998   -0.0421148    -0.995723     0.101892   -0.0833918   -0.0205374    0.0172275     0.170419    -0.142668  -0.00883694     0.165477    -0.339692    0.0581043     0.315548    -0.367691   -0.0169364      0.29091    -0.660543    0.0382486    -0.480065    -0.194803    0.0791545    -0.227823     0.584804     -1.03081    -0.281856   -0.0809517     0.180247    -0.203745
   -0.251717    -0.178198     0.130531    0.0742242     0.323586    0.0755373    -0.184526    -0.097525   -0.0757851    -0.192029   -0.0373982    -0.136847     0.131028    -0.331958    0.0819102    -0.170969     -0.25164      0.13228    -0.397907    -0.124975   -0.0679177   -0.0909478    0.0902087     0.165659     0.034944    0.0766462    -0.116432    0.0713122   -0.0582876   -0.0623262   -0.0542301    0.0494301
    0.338453     0.299152    0.0928211    -0.193176    0.0824742      -1.1396     0.198465     0.212932     0.673237     0.055691     0.127499    -0.425011     0.239609     0.620685   -0.0896236      0.23202   0.00240932   -0.0122251    -0.189891    -0.249131     -1.19078    -0.113185    0.0353212    -0.329594    -0.099393    -0.498861     0.284549    -0.677062   -0.0134507    -0.577801     0.258132     0.301845
    0.088879   0.00777935     0.540757     0.435669    -0.434393    -0.439931     0.118116    -0.340146    -0.767375    -0.254433      0.19946     0.229168   -0.0727587    -0.770597    -0.377278    -0.261731    -0.659841       0.5975     0.237894      1.42218     0.159495    -0.556253     0.396818      0.21637     -0.61131     -0.13703     0.103816    -0.654641   -0.0547895    0.0531149    -0.132057    -0.212309
   -0.126805     0.309129     0.130954    -0.154361    -0.678972     0.379565   -0.0791232    0.0955158    -0.433557     0.109514     0.201485   -0.0655512     0.157837    0.0256367      0.15797    -0.521266     0.374152   -0.0966021     0.595715     0.197364     0.620454     0.911515    -0.297004      0.49332     0.437918    0.0662596    0.0214781    0.0981083     0.049876     0.507907    0.0133526     0.212068
    0.295098    0.0466473    0.0770627      0.14465     0.285259     -0.19428   -0.0770911   -0.0156339     0.426598      0.13616     0.206834   -0.0767844    -0.507241    -0.361743    -0.168884      0.24224     0.752154     -0.38949     0.266121    -0.330025     0.436542     0.101013    0.0269988     0.166092    -0.127157   -0.0994458   -0.0401195   0.00608012     0.281702   -0.0323498   -0.0539623    -0.361859
   -0.205743     0.552518      0.11358     0.130418   -0.0383647   -0.0104662    -0.340769    -0.271808   -0.0304005    0.0203474    0.0308242    -0.115019    0.0142914    -0.171485    -0.636952      0.75419    -0.392838    -0.516687      0.60316     0.274691    -0.456152    -0.258298     0.298789    -0.523204     -1.00393    -0.148313     -0.29965  -0.00574547    -0.225409    -0.217056     0.179008    -0.218852
   -0.254747     0.133033   -0.0591245     0.129491    0.0908825    -0.208546    -0.413532    -0.396928    -0.208525    0.0723767    0.0539812     0.087825     0.332395     0.125406    -0.140696     0.131715    -0.555225    -0.424984    0.0796924    -0.499597     0.156663     0.264623    -0.128121     0.131654     -0.18612    -0.144326     0.600862     0.408665   -0.0907706     0.204059     0.269565    -0.292402
   -0.221701   -0.0505643    0.0128697    -0.298573    0.0806769    -0.415202     0.196011     -0.46173    -0.634646      0.75279      0.38104    -0.074621    -0.236916    0.0810253     0.383233    -0.103561    -0.129082     0.120139     0.424232     0.652884     0.580622     0.102062    0.0671453      0.19286   0.00662381     0.115995     0.697371    -0.952016     0.368117     0.443656     -0.48869    -0.358634
   -0.130195    -0.212284    -0.149322    0.0340563     0.221915      0.28746    -0.307427    0.0867712    -0.206225     0.328015    0.0681441    -0.586988     0.293316   -0.0819257      -0.1076     0.251521   -0.0936222    -0.315091     0.100333  -0.00192048     0.526511      0.23589    -0.334187     0.288107    -0.012771    -0.186362    -0.312227     0.132852   -0.0592199     0.279427    -0.185868    -0.322038
    -0.44675     0.713872     0.533386     0.170036    0.0941938      1.73411    0.0252417    -0.495112    -0.178157    -0.128228     0.484957   -0.0333527    -0.386701     0.315449    -0.105477     0.624129    -0.191266     0.290714     0.691065    -0.517005     0.390314    -0.124443   -0.0695234    -0.196152     -0.32811    -0.113356    -0.602966      1.44767    -0.287373     0.261409     0.740886     0.185877
    0.200333    0.0444764     0.307965     0.378521    -0.298299     0.996185    0.0630911    -0.424921     -0.07671    -0.521653      0.18509  -0.00694749     0.114871    -0.106869      0.50423    0.0622299   -0.0983904     0.269606    0.0363662    -0.412323     0.204636     0.196333    0.0540832     0.457312    -0.119812    -0.111788    -0.156952     0.831221 -0.000656669    0.0133441     -0.32171   -0.0513444
   -0.333322     0.158282     0.668176    -0.270432    -0.126275     0.163055     -0.42022    -0.246181    0.0103617     0.424307     0.265413    -0.165027     0.224148     -0.13123    0.0493948 -0.000938184    -0.206892  -0.00785739    -0.251072   -0.0264313    -0.198105     0.181924     0.162772     0.345648     0.151923    0.0239204    -0.223565     0.314281    -0.127487     0.219497    -0.394603   -0.0514471
     0.34648     -0.28654   -0.0410108    0.0784354    -0.104016    0.0142547     0.015418     0.255191     0.235902    -0.415247    -0.078905   -0.0733351    -0.173282    0.0721481    0.0381007     0.114267    0.0102065   -0.0423157     -0.16668    0.0140227     0.267796    -0.145225    0.0770007     0.276241    -0.183534     0.261076    -0.103144    0.0274891    -0.112307    0.0600876     0.256592    -0.106236
    0.411354   -0.0790782     0.499143     0.297619    -0.116588    0.0610403      0.25243      0.25176     0.474963    -0.130156     0.135486   -0.0936769     0.247877   -0.0922803   -0.0660855    -0.220545    -0.217927     0.226883    -0.259534    -0.100416    -0.173028    -0.673417     0.228037    -0.411064    -0.129541   -0.0129825    -0.205581    -0.203768    -0.445439    0.0643074    -0.504303    0.0510603
   0.0330111    0.0213319    -0.291725    0.0647887     0.144745    -0.634471     0.525213     0.224183     0.474265    -0.175116    -0.114393     0.176486    -0.132476     0.457268     -0.63912    0.0243172     -0.75637     0.222723    -0.215854    -0.187173    -0.726437    -0.226537      0.18882    0.0832203   0.00742507    -0.338932     0.328234   -0.0707258   -0.0391764   -0.0799588     0.203899     0.142555
   -0.334138     0.641482      0.21301   -0.0299357   -0.0956047    -0.466629    0.0896935    0.0727984    0.0967949   -0.0929075     0.543326    -0.578616    0.0755832    -0.131752    0.0636897   -0.0222674    -0.650183    -0.405806    -0.017843      0.36995     0.724436    -0.340419     0.124387       0.8242   -0.0424609    -0.241386    -0.479703    0.0739872    -0.360586   -0.0668422   -0.0461151    -0.310479
   0.0394425    -0.517804     0.138668    -0.349906    -0.372633   -0.0672759       0.2181    -0.121798     0.272049    0.0373631    -0.299709     0.332913    0.0538375     -0.30722    -0.466271      0.35138     0.100908     0.275577    0.0636412    0.0717491     0.117604    -0.531627   -0.0273152     0.107646     0.401277    -0.409004     0.216139   -0.0869976   -0.0337837    -0.119399    0.0420573    -0.124003
   -0.307154     0.233088     0.268912     0.360597     0.135951      1.63428   -0.0898972   -0.0269415     0.752889    -0.418739    -0.205549    -0.414544     0.305401     0.235224     0.205844     0.118071     0.238225    -0.367962     -0.22967     -1.23502     0.309774     0.123521    -0.147176     -0.19927      0.23951     0.449911    -0.611845      1.64084    -0.474849     0.508368      0.22894     0.634407
     0.14533    -0.437046    0.0802112    -0.102809    -0.767305     0.442268    -0.300553     0.188488    -0.336539    -0.414056      0.20287    -0.287022     0.149447     0.046618   -0.0443125    -0.112417   -0.0786486   -0.0287924    -0.462655    -0.544665    -0.432739     0.121578    -0.384068     0.396642     0.113152     0.275512    0.0840417     0.191456     0.547203     0.138345    0.0816544    -0.116379
   -0.157611     0.490951    -0.237032     0.193854      0.08917     0.682028    -0.147446     0.131289     0.113687     0.128697     0.220199    -0.224496     0.140774     0.476825     0.196683     -0.13086     0.674585     -0.57269     0.138271    -0.862144   -0.0296663     0.346898    -0.207876  -0.00414544     0.214943     0.501499      0.15073     0.483116      -0.4245      0.16755     0.550616     0.258593
    0.196398    0.0552835     0.250115     0.163864   -0.0810597    -0.360016    -0.107306    -0.115614    -0.148761    -0.206745    0.0292411    -0.199666     0.138696     0.011458  -0.00410304     0.300455    -0.234295    -0.364222   -0.0983481     -0.20634    0.0554562     0.486433   -0.0582841      0.16219   -0.0167002     0.103105    0.0887217     0.183869   -0.0905592     0.110445    0.0619865   -0.0224529
    0.137305     0.251788     0.150573    -0.193435     0.309287    -0.254527     0.136525    0.0450758    0.0290262   -0.0213287     0.173732    -0.283818    0.0850361    -0.212581    0.0517862     0.243844   -0.0705277    -0.275834   -0.0638627     0.181632     -0.20759    -0.106605     0.127585    -0.314363   -0.0724213     0.433793    -0.247934    -0.414271     -0.10739    0.0859438    -0.537651    0.0808444
    0.393127    0.0135974     0.150171    -0.653422     0.108925   -0.0300569    -0.181186   -0.0325488   0.00890474     0.231183     0.029741    0.0750965   -0.0841739     0.150965   -0.0480901     0.332247  -0.00578962    -0.204734    0.0228669      0.28976     -0.29002     0.184085    -0.407635    -0.325898   -0.0820519   -0.0688999   0.00920819    -0.203918     0.234501   -0.0732354     0.393633     0.103936
  -0.0192053    -0.332173    0.0413051    -0.307286     -0.38559     0.721726  -0.00858186     0.174206    0.0336661   -0.0738984    -0.283423     0.265727  -0.00248003     0.102694   -0.0182899   -0.0372741    -0.216873     0.134554    -0.316095    -0.503933   -0.0110658    -0.334229     0.091691   -0.0632158    -0.184004     0.243928    -0.135983     0.381243     -0.21317     0.178736    -0.272056     0.343832
   0.0770468     0.513078     0.355676     0.129346       1.1247    -0.420293   -0.0304681    -0.574351    -0.148916     0.215599   -0.0881157      0.76903     0.683557    -0.371508    -0.123156     0.136927    -0.496409    -0.113031   -0.0643549     0.337113    -0.697679      0.34853     0.432978     0.233272     0.215212    -0.236639     0.540669    0.0721233    -0.359823    0.0811364   -0.0419702    -0.105213
   0.0571421   -0.0500818    0.0581181     0.185354    -0.116322     0.224895      0.16514     0.143171    0.0462343    0.0500557     0.130111    -0.055538      0.02619      0.11436    0.0932496     -0.33248      0.16698     0.334058    -0.191931    -0.411139    -0.369762     0.330846     -0.16987      0.13013    0.0255856      0.74101    -0.134938     0.367863    -0.214733    -0.138301     0.172766     0.312339
    0.239638    -0.482541    -0.454032    -0.170004     0.195428     -1.14184    -0.224978    -0.326154    -0.240318     0.376652     0.120346     0.255705   -0.0828396     0.260115     0.164232    -0.051992     0.222063    -0.116586    -0.120496     0.586463    -0.555825   -0.0243734     0.255236     -0.16938     0.124354     0.248293      0.36377     -1.02729    -0.125972    -0.426475     0.167102     -0.38532
  -0.0178877    -0.210539    -0.101303    -0.569276    -0.272931     0.163853    0.0592107     0.147438     0.385177    -0.168253     0.087152     0.366991   -0.0352821     0.126293    -0.333446   -0.0630216    0.0262029   0.00641899    -0.124356     0.168992    -0.358194    -0.354752     0.310873   -0.0422139     0.395839    -0.427369     0.229877    0.0744912    -0.346556     0.372645     0.437822    -0.191494
    0.476141    -0.211968    -0.129061    -0.349981    -0.333089     0.104006    -0.117174     0.202496     0.393689      0.39776   -0.0764214     0.442226     0.094774    -0.174311    0.0217286     0.152348    0.0134268    0.0508631   -0.0971393    -0.232011    -0.329058     0.115627      -0.1782    -0.333963    0.0491282   -0.0394049   0.00772302     0.424749     0.007332    -0.352417    -0.147034     0.421805
   -0.342898     0.291022     0.167404    -0.274857      0.27733     0.196578     0.220221  -0.00857159    -0.361125     0.178772     0.325346    -0.621885    -0.468621    -0.405651     0.489768      0.17761    -0.379859    -0.802947     -0.22169     0.444778     0.184441      0.59576    0.0936414     0.473143     0.124179     -0.17009     0.122602     0.405238    -0.396573     0.375245    -0.477744    -0.325531
   -0.608974       0.2333    -0.537571     -0.36839     0.163632    -0.543986    -0.517853    -0.621167    -0.399662     0.550764     0.598203     0.313153   -0.0828424   -0.0217515   -0.0565417     0.226147     -1.01581     0.190196     0.287631       1.3342     0.139018     0.141002     0.172281   -0.0604439    -0.384287    -0.330272     0.336581    -0.721667     0.264064     0.275038     0.145963    -0.100755
   0.0884161   -0.0273892    -0.216896     0.116041    -0.116411    -0.174038    -0.162944     0.192971     0.162497     0.202679    0.0224323     0.268509   -0.0471413    -0.206565    -0.151767    -0.270649    -0.311867    -0.235919   0.00291305     0.172385    -0.614134     0.264664     0.405101     0.539773   -0.0589937     0.258932     0.145269    -0.158243    0.0343192     0.106326      0.21056    0.0146567
   -0.104218    -0.112633    -0.790352     0.469236     0.131697    -0.677959    -0.729372   -0.0235181     0.169219    -0.301497     0.152293     0.310764      1.11123    -0.348967     0.263059    -0.520547     0.496876    -0.441412     -1.44096    -0.129942    -0.607393    -0.693698   -0.0786987     0.173502     0.515007     0.796086     0.475757    -0.455563    -0.292757   -0.0231831      0.62082     0.464226
   -0.185108    -0.441177    -0.229364    -0.401474    -0.419787    -0.531948    0.0250009    0.0760973     0.162744   -0.0763955     0.152231     0.271953    -0.218064    0.0529212    0.0451087    -0.185372   -0.0160088   -0.0575206    -0.229915      0.47781      0.36729    0.0667798   -0.0948158    -0.199166    -0.151103   -0.0803207     0.173915    -0.493002    0.0776794       0.1085   -0.0822932    -0.196646
    0.307273    -0.292522      -0.2005    -0.482449    0.0737635   -0.0710561   -0.0554496    0.0801506   -0.0589269     0.397657    -0.174548     0.512746   -0.0576418    -0.351136   -0.0476559    -0.538547     0.350795     0.167561     0.234278     0.305497     -0.23538      0.33246     0.145398     0.105197    0.0705906    -0.103701     0.335066    -0.300837    0.0870594     0.313397     -0.22439      0.02027
   -0.381127     0.103766     0.189155    0.0271092     0.205451   -0.0685855     0.121476     0.435932    0.0888113     0.359135    -0.112116     0.334215    -0.327976      0.54162    -0.011651    0.0418599    -0.355524    -0.415589     -0.17487     0.322755    -0.515252    -0.138987    -0.401798    -0.236396    -0.663814    -0.301016     0.112226     0.369913     0.362698   0.00187373    -0.248456     0.171501
   0.0382028   -0.0732053    -0.763294     0.056086     0.385942    -0.687897     0.173518     0.109632    -0.204382    0.0451119     0.031522     0.321685     0.143759     0.520158    -0.115691    0.0574024     0.223479   -0.0179946    -0.553787    -0.226789     0.107374    0.0261822   0.00488953     0.389031  -0.00243977     0.294582   -0.0465041   -0.0927009   -0.0959385    -0.334803     0.150562    -0.191639
     0.10317     -0.28013    -0.594014   -0.0735237      0.03316  -0.00722676     0.308522     0.435751     0.585239     0.191322    0.0190306      0.24074    -0.638976     0.588787    -0.220655    -0.630121    0.0575782     0.315323    -0.855292    -0.244851    -0.235461    -0.251237    0.0331032    -0.227636     0.363458   -0.0772821     0.261947    -0.267038     0.204889    0.0383312     0.257972    -0.275343
