 5.36084e-05
   -0.171473
   -0.394906
   -0.467927
   -0.883924
  -0.0603663
   -0.345059
   -0.709049
   -0.858254
   -0.826557
   -0.454644
   -0.519438
   -0.472618
   -0.589756
   -0.756201
   -0.439369
   -0.765092
    -0.49442
   -0.650245
   -0.754513
   -0.130703
   -0.734348
   -0.742366
   -0.414364
   -0.230339
   -0.542396
   -0.797306
   -0.409527
   -0.520389
   -0.230462
   -0.641214
   -0.802404
   -0.722388
  -0.0675711
   -0.486526
   -0.744448
   -0.849711
   -0.595528
   -0.447065
   -0.644641
   -0.123632
   -0.421518
    -1.03342
   -0.512981
   -0.551326
   -0.119765
  0.00926398
   -0.587008
   -0.260605
   -0.613487
   -0.345078
   -0.553976
     0.11623
   -0.650182
   -0.914462
   -0.624701
   -0.520411
   -0.544639
   -0.581208
   -0.705957
-0.000938035
   -0.294078
   -0.462881
   -0.536745
   -0.480522
   -0.640324
   -0.631451
   -0.360487
   -0.651172
    0.321196
   -0.374088
   -0.402785
   -0.483351
   -0.754021
   -0.285676
   -0.596557
     -1.1659
   -0.562211
   -0.628388
    0.109482
     -0.6825
   -0.673175
   -0.679625
   -0.425815
   -0.665079
    -0.37606
   0.0375576
   -0.256574
   -0.732569
   -0.922502
      -0.856
   -0.542307
     -0.5062
   -0.938464
   -0.646683
   -0.603129
   -0.085678
    -0.37019
  -0.0158825
   -0.518567
    -1.10014
   -0.561279
   -0.406911
   -0.307119
   -0.344736
   -0.780388
   -0.478694
   -0.809105
   -0.167956
   -0.726928
   -0.864005
    -0.39613
     1.54435
   -0.826249
     0.64551
   -0.654752
    -0.61969
    -0.55754
   -0.766734
   -0.404655
   -0.406451
   -0.148699
   -0.295967
   -0.852455
   -0.586414
   -0.334501
   -0.623832
   -0.289024
