    0.156161    -0.130348    0.0403079     -0.12426   -0.0271831   -0.0435211     0.115243     0.598502    -0.548112     0.406022    -0.124914    -0.351335    -0.299442     0.393839     0.342387     -0.25183     0.611115    -0.171825    -0.572996    -0.247313    -0.519279     0.239159     0.213755     0.133364    -0.271882    -0.325503    0.0555547    -0.066939     0.383796    -0.305626    0.0768204   -0.0328777
    0.587792      0.56304    -0.124152    -0.455415   -0.0885818     0.219621    -0.349377     0.157939   -0.0701219    -0.504242     -0.27579   -0.0107573     0.134526    -0.617003    0.0792012    -0.196142    -0.241007     0.405735    -0.376409      0.25968     0.137235     0.395185     0.021498    -0.289644     0.336038     0.248306   0.00505824     0.293085     0.441532    -0.537714    -0.278457     0.141111
   -0.287838     0.272682    0.0585266    0.0539777     0.314747     0.449913     0.260133     0.250492    -0.718409     0.414038    -0.249717    -0.501944    -0.421426    0.0993444      -0.0711     0.307724    -0.273161     0.238267   0.00761842    -0.137577    -0.188246    -0.219332    -0.168074    -0.423544    0.0148166     0.316676    -0.238932     0.175787     0.553067    0.0734442     0.133087   -0.0302802
    0.219728     0.267839   -0.0393008    0.0440503    -0.425807      0.23794    -0.118923     0.114542    -0.264771   -0.0818438    -0.160441   -0.0449426    -0.057555    -0.221457   -0.0725265    -0.233419     0.107345   -0.0531142     -0.10311     0.223501    -0.145419     0.179664    -0.109725     0.132383    -0.120708    0.0267173    -0.052564    0.0023081     0.252501     0.100888   -0.0851546    -0.102776
  -0.0183677    -0.245297     0.325017   -0.0225812    -0.259975     0.460144     0.331316     0.288592   -0.0948608     0.293862    0.0078083     -0.47566    0.0104411  -0.00560099     0.738473     0.254385    -0.109728   -0.0244823    -0.787931     0.660397    -0.147866     0.417655   0.00881199     -0.25992     0.227682     0.137958     0.115508    -0.223773     0.390338    -0.104467    -0.269357   -0.0121971
  -0.0856026    -0.263974   0.00364657    0.0813586    -0.120529     0.393494     0.124836     0.225341    -0.243104    -0.244984    -0.122062    -0.227478     0.469707     0.202186   -0.0580861    -0.282895    0.0285843     0.187457   -0.0556483     0.640491   -0.0481171    0.0162407     0.106662    -0.141571       0.4043      0.15598    0.0257589    -0.221395     0.696812   -0.0727335    0.0468595     0.175128
    0.130949    -0.354209    -0.313051     0.532948    -0.135018    0.0350513   -0.0168621     0.167509    -0.596092     0.062737   -0.0374464   0.00208953     0.198408     0.105715     0.136959      0.13192    0.0660169   -0.0976496    -0.499033     0.457277    -0.174034    -0.123989    -0.253939    -0.221053    0.0240687     0.200607     0.055911     0.268934     0.295109   0.00267399     0.114949     0.226043
     0.41695    -0.220738     0.424963 -7.09775e-05    -0.131161     0.199108     0.427709    -0.112906    -0.494436     0.262656    0.0705641      0.24899    -0.577962    -0.141426    -0.272066     0.506469     0.182584  -0.00826205    -0.108701     0.193175    -0.251505     0.304948     0.231062    0.0650044     -0.33664     0.190384     0.130434    -0.046809   -0.0701741    0.0646929    -0.334097    0.0283395
   -0.157403     -0.33621    -0.349242     0.377994     0.461705     0.231706   -0.0262983      0.13485    -0.279405    0.0787529     0.150602     0.081265    -0.153342     0.593941   -0.0919829    -0.244815      0.15302   -0.0313286   -0.0834562     0.500468    -0.158402   -0.0600632   -0.0239993     0.182835   -0.0406827     0.409677     0.487911    -0.145091     0.336186    0.0306042     0.295791    -0.298058
    0.158582    -0.242295  -0.00952245     0.276803    0.0281967     0.128164     0.347434     0.155553    -0.152512    -0.131238    -0.182686    -0.142596     0.263454     0.648005    -0.107051    -0.256916     0.533846    -0.346168    -0.124475      0.24632    -0.398439    -0.190712     0.117593     0.113762     0.197952     0.319823     0.632991    -0.080346 -0.000420075    -0.222365    0.0212633   -0.0750538
    0.249694   -0.0738069     0.582446     0.312022    -0.167685    0.0484926     0.721645    -0.118802    -0.154703    0.0484113     0.251515    0.0499172    -0.132508     0.513572     0.219504    -0.100979     0.196394     0.461482    -0.218904     0.392537    -0.132504    0.0536077    -0.145776    -0.232276    -0.634119     0.110973    0.0985736    -0.270183   -0.0264454     0.181076     0.223773    -0.251361
   -0.169855    0.0465443    0.0886017   -0.0791085     0.289221   -0.0184488     0.154943   -0.0421089   -0.0747623      -0.2631  0.000194058   -0.0512738     0.020204  -0.00482294    0.0605943   -0.0945473     0.131301    0.0995793     0.154234     0.189842     -0.13266     0.154628    -0.353995     0.433989   -0.0401288    0.0375681   0.00108423    0.0762729    -0.259689     0.368551    -0.224362    -0.111345
    0.246139      0.10949     0.014161   0.00665799       0.5769     0.385412     0.123052    -0.329856    -0.283085     0.259035   0.00588534    -0.388589     0.477093     0.474508     0.337198    0.0254227   0.00943574   -0.0868137    -0.453078   0.00410459    -0.385993     0.263578   -0.0960679    -0.213079    -0.111351     0.191039     0.515164    -0.281321   -0.0405584      0.55151    0.0636171     0.118325
    0.368125     0.100981     0.196635     0.233306     -0.40208    -0.299959    -0.276126    -0.204309   0.00470322   -0.0466023    0.0199563     0.129763    -0.127636   -0.0566158     0.372466     0.209847   -0.0526543    0.0426945   -0.0739089     0.138566    0.0753757     0.582371    -0.059749     0.051695     0.191001       0.3549      0.10943   -0.0123934   -0.0367437     0.216487    -0.305442    -0.172822
    0.167565     0.145817   -0.0722972    -0.112345    -0.105727    -0.107459     -0.50189     0.167761   -0.0446281   -0.0897382     0.123339   -0.0951284     0.126133     0.308708     0.381104     0.134541    0.0288131    -0.210422    -0.706508     0.120724  -0.00431916     0.125429    0.0998489   -0.0163517   -0.0886518     0.094663     0.304988    -0.328484     -0.12853    -0.147298    -0.317668     0.216169
   -0.310683  -0.00472505    -0.221037     -0.21644    0.0531995     0.508927     0.568711    -0.191829     0.554211      0.32067     0.325853    -0.198998    -0.415462      0.07708    -0.885803    -0.127892     -0.40763    -0.431003   -0.0616417     0.264863    0.0590527    -0.489479   -0.0462707     0.498349    -0.696725    -0.162684    -0.214758    -0.104194     0.757121   -0.0873992    -0.341066     0.254974
   0.0829611     0.195242     0.190474    -0.316032   -0.0876134     0.244228     0.170689    0.0475417   -0.0753744     0.080141     0.297981     -0.44862     0.343044   -0.0295282    0.0594024   0.00134713     0.121476   -0.0515331     -0.22888     0.142416    0.0581103     0.130433    0.0363844    0.0381551    -0.185817    -0.159595    -0.217669    -0.112923    -0.316692    0.0669973     -0.12998     0.218648
    0.141762    0.0571793     0.198126     0.042599    -0.398324     0.436355     0.148296  -0.00826887    -0.413992    -0.148559   -0.0066093    0.0168754    -0.411635    0.0976964     0.311502    -0.103481     0.429484    -0.332792    0.0132443    -0.333911     -0.19204    0.0989546    -0.233295     0.202249    -0.312082     0.211545     0.324428     0.374275     0.363467      0.20432    -0.011847     -0.30515
   -0.373258     -0.43884    0.0368804   -0.0663933     0.214817    -0.109913      0.29638     0.186464    -0.226796    -0.225471     -0.24698     0.201969    -0.212173     0.165252    0.0248993    0.0248132  -0.00509582     0.377245    0.0692343    -0.109804     0.109984   -0.0597749     0.119205    -0.326766    -0.396386     0.469413      0.24696    -0.358047     0.131844     0.265273    0.0473699    -0.305145
  -0.0880766    -0.227093    -0.528618     0.178417    -0.128979     0.148149    -0.227126    -0.158209    -0.548476      0.42867    -0.127697    0.0508444   -0.0157251    0.0331073    -0.364094    -0.184415   -0.0851288   -0.0463759   -0.0977549     0.296833     0.289092     0.100462     0.824189    -0.338021    0.0138543     0.196872       0.5898    -0.325601     0.077355  -0.00741849    -0.905407    -0.188004
    0.105459    -0.416543     0.309143    0.0326244    -0.184698      0.20746     0.269012     0.371361   -0.0352079     0.407361    0.0254342    -0.322018   0.00681302      0.04767     0.589057     0.165069   -0.0595771     0.354788    -0.169912     0.217276    -0.389312     0.356424     0.424623     0.256467     0.158915   -0.0906444      0.29613   -0.0674135    -0.244933     0.221856   -0.0212077     -0.31719
     0.39754    -0.245223    -0.499171    -0.254929     0.285809     0.709597    -0.201501     0.505211    -0.097716     0.597538    -0.651026    -0.515505    0.0150999    -0.562383    -0.430015    -0.572557     0.285352    -0.401085    -0.309549    -0.140233     0.189231    -0.052049     0.556421    -0.306161     0.179098    -0.543299    -0.352611     0.358204     0.187932   -0.0645425     0.147539     0.278477
  -0.0597769    -0.108146    0.0524843     0.521606    -0.195397    0.0786438    0.0826068    -0.330487     0.422518    -0.147259    -0.222082     0.359132    0.0829714     0.185357    -0.183548    0.0863776    -0.111926     0.170132     0.322361   -0.0378547    -0.216301     0.346358     0.563681   -0.0275048     0.393204      0.23107   -0.0300631    -0.261541   -0.0991632     0.564966     0.191133    -0.153382
    0.225468    -0.639461   -0.0750646     0.591906   -0.0045086     0.333459     0.501869    -0.310342     -1.05495    -0.271958     0.124969     0.613428    -0.395296     0.715826    -0.100966     0.147827    -0.126107     0.315118    -0.463347     0.755293     -0.34887  -0.00996637     0.454348     0.177596    -0.138994     0.127519     0.421743    -0.768842   -0.0635578     0.376934    -0.451607    -0.195269
    0.249826    -0.653511   -0.0749532     0.101338   -0.0130603    0.0565754     0.469278    -0.164723     -0.11357     0.231119    -0.418673     0.189992    -0.699426    -0.155134    0.0404803     0.102406    -0.285248     0.166257    -0.125168    0.0428582    0.0505466    0.0712504      0.35333     0.059573    -0.705357     0.617199     0.143531    -0.436931    0.0597397     0.330115   -0.0845138    0.0703457
   0.0559818    0.0818889     0.229898     0.270789     0.717784     0.177348     0.130117     0.295723     0.427749   -0.0604489   -0.0923103    -0.103151    -0.150693     0.554212     0.160721     0.296969   -0.0679624     0.182243     0.466446     0.504274    -0.323809      0.44723   0.00824054    -0.688649    -0.408271     0.621952     -0.39974    -0.130875     0.102907   0.00894436    0.0503772     0.451791
    0.442899    -0.613633     0.289158     0.644068    -0.257546     0.148803     0.480015     0.452793    -0.830293     0.537296   -0.0711105   -0.0093941    -0.222363     0.149657     0.344328    -0.123335     0.105539     0.165022    -0.397972     0.105769    -0.357982    -0.430197    -0.229395    -0.437231   -0.0324191    -0.110529     0.480797    -0.409647      0.17366     0.171149     0.153113     0.236003
    0.534011    -0.411469    -0.094853     0.233578     0.360316     0.464371    0.0847194    -0.413023    -0.513433     0.110043    -0.187073    -0.144276     0.250008    -0.385212     0.043031     0.121934     0.203571    -0.033681   -0.0232727    0.0507794   -0.0892177     0.133392   -0.0182015     0.107008    -0.313753    -0.213652     0.428569    -0.153892     0.881207     0.424334     0.136791      0.24572
    0.103456    -0.392029     0.103503    0.0320901   -0.0222309    0.0107582     0.147053      0.21018   0.00206251     0.250959    -0.080931      0.44469   -0.0527876     0.295125    -0.140865     0.227743    0.0682497     0.119427     0.303762     0.188624    -0.700191     0.331458    -0.198779     -0.50363    -0.154547   -0.0220311     0.230979     -0.27897    0.0270384     0.256782     0.208164      0.26046
    0.204557     0.310893   -0.0841399     0.310648     0.143319    -0.207478     0.257546    -0.217315    -0.434725    -0.559032     0.419052   -0.0988976     0.187302     0.483237    -0.101498    -0.160851     0.533318   -0.0481836    -0.351305   -0.0291504      0.33322      0.53137   -0.0439885      0.53879     0.193588    -0.406857     0.455768    0.0143762     0.286371    -0.123165     0.218055   -0.0586889
   -0.108322    -0.322226   -0.0915499    0.0275314     0.141175    -0.319794    -0.277465    -0.036829   -0.0404539     0.408854    -0.083579    -0.321392    -0.121377    -0.250463    -0.620082     0.156251    -0.493223   -0.0485424    -0.446073     0.161438    0.0148899      0.41811     0.188875    0.0134157   -0.0777919    -0.207577     0.191363    -0.321885     0.416961    -0.044425   -0.0217119    0.0493683
   0.0987581    0.0859757    -0.202873     0.330407     0.198467     0.351739     0.143762    -0.303558     0.270357   -0.0014455     0.346241    -0.246264     0.251738    0.0523204    -0.149841    -0.304254    -0.361022    0.0961904    -0.132875     0.130167     0.354044    0.0512517    -0.105693    -0.641318    0.0886234    -0.163544     0.095903    -0.352335      0.71272      0.22004   -0.0488118     0.133609
    0.487088    -0.546741     0.224193    0.0511138    -0.264242     0.274066     0.327443  -0.00631896   -0.0846805     0.340313   -0.0631264    -0.244958   -0.0714616    -0.422132  -0.00284823     0.348328     0.149784     0.434278    -0.270145     0.201757    0.0854647    -0.026211   -0.0922542    -0.113062    -0.259564     -0.15356    0.0929604    -0.333324     0.317065     0.213902     0.159333     0.214647
    0.251937    -0.571545   -0.0320263     0.849364  -0.00981609     0.241109     0.153391   -0.0560074    -0.643402   -0.0996645   -0.0993095    -0.170227   -0.0687743    0.0116417    -0.110824     0.439841    -0.371187     0.332351    -0.150354     0.138026    0.0814693     0.303443   -0.0686431     0.119814    -0.594255    -0.181853     0.638582    -0.183502     0.294497     0.348148    -0.391594     0.310736
    0.273909    -0.395823     0.380261     0.328595  -0.00899022    0.0467851     0.101174    -0.112663    -0.123465    -0.297023    -0.361101    -0.321602  -0.00362712    -0.288253    0.0814182    0.0484315     0.276289    -0.082058    -0.381762     0.327625     -0.12326     0.113773    -0.213034   -0.0251301   -0.0931053     0.466762     0.240296     0.219182    0.0409708     0.275998     -0.10294     0.176846
   -0.110409     0.142075     0.106339     0.339458     0.563294     -0.34893     0.340356   -0.0491436     0.293222   -0.0895026     -0.17831     0.475506     0.245182     0.386155     0.253678     0.401255    -0.069952   -0.0635775    -0.106053     0.244513   -0.0953169      0.05675   -0.0473326    -0.375344    0.0972675     0.552867    -0.024813    -0.063019     0.160904     0.422747    -0.259481   -0.0510886
    0.567745   -0.0934231    0.0957511     0.390258     0.213017    -0.102865    -0.146984     0.651272   0.00376164    0.0606673    0.0553122     -0.38286     0.278899     0.544285     0.373485    0.0656109     0.752634    0.0506568    -0.373842      0.18658     0.303636     0.536257   -0.0257497    -0.171921    -0.117062    -0.214681     0.260731      0.14494     0.168289   -0.0991795     0.577799    -0.200326
     -0.1984     0.113341    -0.459993     0.297395   -0.0123871      0.08425   -0.0730513    -0.193534     -0.39188      0.59003    -0.254229   -0.0365483    -0.232039   -0.0789018   -0.0914526    -0.603388     0.393382  0.000398097     0.253103    -0.187416    -0.288742     0.221364    -0.127273     0.251769     0.286566     -0.21288     0.394422   -0.0705038     0.537248     0.192597   -0.0495639      -0.2647
    0.394072    -0.444804    0.0862371     0.200344    -0.240158     0.444026    0.0896188   -0.0256555    -0.457205     0.337842    -0.115692    0.0499519    -0.190161     0.332197    -0.109869    -0.391909     0.506283   -0.0431356     0.380159     0.532731    -0.336746    -0.332019    -0.192612    0.0698129     -0.24251    0.0729269     0.739636    0.0152888     0.436609    -0.359875   -0.0597515     0.144905
   0.0587107    0.0308327     0.393117    -0.367298     0.285711       0.1547     0.394363     0.182747    -0.516521     0.454554     0.616102    -0.358596  -0.00997608    0.0684237     0.207827   -0.0346564    -0.292151     0.144461   -0.0993841       0.9307     0.214668        0.284     0.213116     0.347496     0.318316     0.302715   -0.0973416    0.0352546    -0.380127     0.029906     0.371715    0.0180377
    0.157579    0.0139285      0.28611   -0.0128813    -0.038036    0.0999777   -0.0965084    -0.241986    -0.326999   -0.0301234    0.0566744     0.181068     0.115418    -0.306467     0.243261    -0.425423     0.133938    -0.294633    -0.358288    -0.258089     0.271006   -0.0317774   -0.0332622     0.186338    -0.313956     0.411439     0.104555      0.43483     0.257676     -0.05975    -0.326317    0.0167117
   0.0586203    0.0637588    0.0370665    -0.327352      0.36867   -0.0999279    0.0183529    0.0513731    -0.233852    -0.268777   -0.0557076     0.214835    -0.117033    -0.120487     0.273306     0.400172    -0.299124    -0.510685  -0.00550822     0.114342    -0.132019   -0.0249122    0.0145994     -0.53118     0.153593     0.029972    -0.362183     0.219941    -0.299243    0.0620876    -0.238262   -0.0623077
     0.16231     0.225612     0.174186     0.442473     0.038174    0.0728235     0.224263    -0.234623      0.27023    -0.325159   0.00688477    -0.123554     0.571709    0.0279775     0.380981     0.249782    0.0320505    -0.200107    -0.373911     0.245652    0.0599839   -0.0725252    -0.209337   -0.0592864   -0.0307829    -0.310599     0.302886     -0.27541     0.420686     0.484486    -0.131478    -0.400522
    0.245494     0.075773    0.0540651     0.233454     0.285236     0.191302     0.123664    -0.230378    0.0166942    0.0205089    -0.208952     0.219265     0.158812    -0.213636     0.187764     0.100465    -0.254833    -0.205712    -0.352798    -0.338395     0.566483   -0.0461506   -0.0706952     -0.09316    -0.285735  -0.00307304      0.18284    0.0710212      0.19916   -0.0473591    -0.359475     0.162298
   -0.128568     -0.72943    -0.501027    -0.259721   -0.0691056   -0.0312517    -0.111424     0.536286     -0.52061   -0.0920063     0.167439    -0.172218    -0.160337     0.127721    -0.269365    -0.217783     0.102137     0.382701    -0.280934    -0.207571    -0.272511    -0.494204      0.42315   -0.0953523      0.25572    -0.238845     0.641542      0.10046      0.76433     0.320447    0.0416499     0.150258
   0.0378835     -0.20056    -0.178181   -0.0710522    -0.137217    -0.045426    0.0653135    -0.231458    -0.174138   -0.0592832   -0.0428217    -0.155297     -0.13394    -0.220306    0.0731761    -0.411058    0.0811877    -0.379182    -0.269526     0.296774    -0.162241     0.297974      0.48071    -0.373524   0.00903646    -0.129213     0.173526    -0.108926    0.0288246     0.319675     0.220399     0.239025
   -0.210044    0.0396737     0.336415     0.227091   -0.0276087     0.281544   -0.0602405    -0.347873     0.290601    0.0114105    -0.141762     0.159039    -0.249423     -0.43453      0.17054     0.325664     0.339845    -0.144297    -0.181782    -0.119052      0.32246     0.086061    -0.168462    -0.097163     -0.12186     0.103094  -0.00156706    -0.182293     0.107032    0.0292854   0.00795939    -0.183181
    -0.42946    0.0183335     0.203656     -0.19983     0.195374     0.210277    -0.113915    -0.478815     0.112762    -0.357673     0.126887    0.0971344     0.186626   -0.0336499   -0.0078498    -0.477596      0.14533    -0.411992    -0.686147   -0.0630973     0.058655   -0.0445878     0.107816   -0.0713878    -0.403753     0.154735  -0.00459383     0.255526     0.309622    -0.156082    -0.632548     0.141448
    0.176231    0.0548521    0.0176121     0.547858     0.502399     0.160643    -0.103101    -0.232917    -0.176195     0.352468    -0.276363    -0.161902     0.168002     0.381556     0.153676     0.406228    -0.294635    -0.377666   -0.0274944     0.410276     0.144115       0.4462  -0.00253707    -0.614661     0.133327     0.039145     0.186486    -0.451056     0.267988      0.64216    0.0197904    -0.017825
    0.218395     0.236704   -0.0702201     0.121498      0.50565     0.731451    -0.310326    0.0106097     0.181928      0.12087     0.203224    -0.515862     0.550496     0.252699     0.298826    -0.176794     0.192822     0.175491   -0.0421735     0.266771   -0.0248139    0.0242281     0.318702    -0.561929     0.115937     0.245983     0.264225    -0.611325     0.446286     0.198864    0.0156987     0.223031
    0.188025      0.55777    0.0206421    0.0500402     0.683947     -0.16602     0.225732    -0.249629     0.399107     0.192871     0.248567     -0.14651    0.0899037    0.0181429   -0.0848933     0.208242    -0.483469    -0.484544     0.106166     0.122302    0.0879297     0.314581    -0.233894    -0.387553   0.00494612     0.595803    -0.289143     0.093878    -0.228702    -0.372668   0.00104174   -0.0687133
   -0.235517      0.14095     0.154797    -0.212258     0.287965    0.0108183     0.101542     0.544418    -0.386411     0.296807    -0.125526    -0.359614    -0.463655     0.447628     0.014842    -0.252566    -0.301618     0.478811   -0.0836513    -0.121053    -0.113781     0.277385    0.0286052    -0.380368    -0.387065    -0.274568     0.429564    -0.376864    0.0263337     0.063827     -0.34071    0.0653087
    0.132568    -0.148627    -0.102164    0.0862131    0.0724018   -0.0297472     0.135859    -0.140571    -0.165793   -0.0970807    -0.117138    -0.105775    -0.141573    -0.196816    -0.321587     0.277755     0.156378      0.40719     -0.15968    0.0866343     0.424115    0.0555075    -0.167718     0.339118     -0.28359     0.175205     0.123377     0.118311    0.0327414     0.368717    -0.231828     0.200944
  -0.0737358   0.00538612    0.0639998     0.286266    -0.246184    -0.657266    -0.114869     0.086191    -0.116199   -0.0727292    -0.294553     0.243293   0.00105723    -0.262362    -0.293334   0.00575345     0.027387    0.0722966     0.439831     0.100708    -0.258745    -0.196257    0.0997685    0.0405789    0.0854213    -0.700178    0.0541038    -0.145313    -0.379318     0.156406   -0.0305828     0.195809
    0.218516     0.430427    -0.128269    -0.220873     0.202725     0.361085     0.374434    -0.248302    0.0885223     -0.45429     0.429569     0.182343      0.11274    0.0161597     0.412338     0.104849    -0.610979    -0.342186   0.00994526    0.0707141     0.111409     0.141218     0.305904    -0.407528    -0.119278     0.209608     0.163591     0.257247      0.28558     0.387607     0.173498    0.0873634
   -0.324839   -0.0696114    -0.178225    -0.110821     0.217089    -0.101548     0.315418    -0.172378    -0.116428    -0.377043    0.0627256    -0.426053   -0.0161422      0.49325    -0.612465    0.0730462    -0.611732    0.0803221    -0.147702     0.143556   -0.0129043    0.0957268    -0.127529      0.30483     0.118296     0.255884    -0.149465     0.208454    -0.143775      0.44973    -0.149321   -0.0526958
   0.0292736     0.391692  -0.00447187    -0.403008     0.241257     0.403442    -0.414379     0.310283     0.217879  -0.00965781     0.220267     0.366498     0.110707   -0.0598001   -0.0400897  -0.00921306     0.368148     0.144541   -0.0340811    -0.134497    -0.135646     0.242938    0.0167329    -0.209432    -0.407556    -0.272007    0.0140611     -0.13024    -0.498255    -0.190263    0.0838568   -0.0512275
  -0.0898071    0.0350778   -0.0560409     0.113949    -0.073643   -0.0367571    -0.226595    -0.183172   -0.0842727     0.198695    -0.167956    -0.140684    -0.239175     -0.10898    -0.129014      0.10665    -0.590271    -0.388937    0.0522749    -0.186393    0.0867946    -0.434127    -0.305852    -0.119013     0.325002      0.26001    -0.125221    0.0755942    -0.359638    0.0336506    -0.350347     0.102213
    -0.12538    0.0114452      0.22772     0.312815    0.0757694     0.392875     0.192556    -0.298357    -0.119821    0.0708649    -0.136997     0.304774    -0.502238    -0.368006     0.582791     0.388916     0.152933    0.0295972    -0.554901     0.471211     0.110797     0.139786    -0.263682    -0.302368     0.118374     0.211567    0.0403925    -0.124649   -0.0270871     0.415879    -0.225578     0.368075
   0.0275064    -0.754209    -0.186082     0.124985    -0.166466    -0.111058   -0.0537897    0.0257284    -0.328359     0.217901    -0.352449   -0.0322456   -0.0133607    -0.271937     0.265602     0.281179    -0.235586     0.116831     0.175848     0.450112    -0.011826   -0.0317972    -0.285468     0.310321    -0.318304    -0.212478     0.396653    -0.523174      0.25363   -0.0690872  -0.00424496    0.0713515
    0.298546    -0.171945     0.209443     0.362246     0.128351    -0.272848     0.617971    -0.267554      0.15495   -0.0828482   0.00972783    -0.609983     0.194697     0.198874     -0.31782    0.0243499     0.214806     0.432615    -0.293801      0.19198    -0.114111   -0.0915829    -0.398799     0.261379    -0.217445    -0.462152    -0.323017   -0.0444112     0.356973   0.00491417     -0.27727  -0.00218525
    0.134266     0.435893     0.109234    0.0920428    -0.155945     0.234614     0.100138    0.0991323    0.0455428     0.138126   0.00352418     0.298028     0.122562     0.118192     0.237064    0.0488511     0.234601    -0.267483   -0.0656659     0.156079    -0.123287    -0.247116   0.00438181    -0.327663   -0.0539175   -0.0194155     0.155456    -0.345425     0.139549     0.285943     0.228437    -0.312011
  0.00231408     0.438867     0.041792   -0.0219645     0.257795     0.148392     0.196309    -0.430203     0.441806   -0.0180087   -0.0741018      0.17193    -0.154546     -0.53807     0.390916    0.0360515     0.172696     0.060753    -0.429884     0.149479     0.107655     0.257057    -0.734231      0.10325     0.285569    0.0645648     0.111648     0.220185   -0.0606101     0.305095     0.047073     0.232042
    0.112009   -0.0232951     0.120243     0.412386   -0.0545338     0.214155    0.0974608   -0.0838476    -0.451866     0.325997     0.160782    -0.112269     0.279297     0.320323    0.0667897   -0.0352808   -0.0020357     0.537459    -0.224355     0.486729     0.360405     0.325774    -0.192664   -0.0438842  -0.00180755    -0.255762   -0.0308785    -0.310959     0.185307     0.214644     0.224813     0.052923
   0.0519187     0.161999     0.179496    -0.119825      0.26724    0.0653161     0.340074    -0.297439    -0.159074    0.0347431    0.0354973    -0.162015   -0.0619985    -0.340769     0.162171     0.209848      0.43986   -0.0960382    -0.572951     0.305072   -0.0574445     0.252778    -0.168592    0.0834974   -0.0401588   -0.0632823    -0.117582    -0.345357    -0.104961     0.167445     0.131545     0.136698
   0.0289279  -0.00491173    -0.243334     0.681944    -0.478614    -0.251239     0.615995    -0.491967    -0.724368     0.277776    -0.846654    -0.135135    -0.296991    -0.302685    -0.693255     0.161518     -1.08159    -0.253771     0.129107    -0.191278       0.2185    0.0357207     0.310986   -0.0106648     0.284629   -0.0634722    -0.110215     0.126118     0.244753    0.0899137    0.0141875    -0.111586
   0.0370965   -0.0468522    -0.355369     0.350227     0.637888     0.303831     -0.31331    0.0174306     0.513902    -0.115014    -0.106388    -0.399384     0.527119    -0.566459    -0.174955     0.245199    -0.431504   -0.0458885  -0.00528582     0.261465     0.373472     0.278882     0.277945     -0.30077     0.157818    -0.284164     -0.24731    -0.835795   0.00630855     0.158118    -0.323513     0.960282
    0.139015     0.151732    -0.182351     0.100652    -0.567851    -0.277842    0.0725681    -0.158273    -0.349361    0.0766297    -0.110143     0.170798     0.459427     -0.31753    -0.561399     0.118542    -0.806957     0.324743  0.000524772     0.252485     0.526426    -0.174359    0.0866908   -0.0778326    -0.162672   -0.0711725    -0.267142   -0.0805077     0.273155     0.250485    -0.293186      0.38339
    0.591505    -0.827302    -0.164354      0.20378    -0.244099     0.739226     0.178324    0.0443266     -0.83956     0.292439    -0.375761     0.238696    -0.378902     0.385951      0.55608    0.0856485     0.128076     0.452488    -0.985226     0.242776    -0.531352    -0.730996   -0.0381747    -0.920741     -1.02105     0.387175     0.782717     0.201319     0.840257   0.00873863   -0.0876508    -0.308017
    0.382427   -0.0706304     0.203787    0.0477185    0.0632132    0.0826626     0.372717     0.167224    -0.270876     0.262658   -0.0278939     0.245169     -0.05144    -0.289381     0.325966     0.278235   -0.0359619   -0.0235075    -0.267301    -0.188783    0.0654817     0.146058     0.274302   -0.0501339    -0.171252   0.00892922     0.325524    -0.494005    -0.146202     -0.20733      -0.3455     0.196461
   -0.222271    -0.221494    0.0260984    -0.043894     0.107284    0.0522585    0.0640938    0.0481624     0.288619    -0.361878    -0.149404    -0.435702   -0.0592035     0.202341     0.330291     0.293851    0.0118456    0.0134099    -0.160328     0.433482    0.0785031     0.200625   -0.0458356   -0.0495887     0.113335    -0.194107    -0.183093     -0.66333    0.0653248     0.353855     0.102769      0.29636
    0.619774    -0.447846    -0.569253     0.651661     0.284422      -0.2066  -0.00728973     0.126422    -0.497446    0.0245102    -0.308451     0.227073  -0.00512676     0.269153     0.152623    -0.950065     0.400196   -0.0762731    -0.882024    -0.324618    -0.281743     0.212656     0.138143     0.551034     0.074953   -0.0553866     0.261951    -0.602418     0.441754   -0.0362927     0.140605     0.221559
   -0.334165    -0.377799     -0.57234     0.468206   -0.0524291   -0.0689947     0.131347     0.250801     0.138088     0.132162    -0.197869    -0.191454   -0.0656186    -0.333474    -0.379019    -0.195208     0.299226     0.486253     0.193317   -0.0843396    -0.232436    -0.117129    -0.175329      0.20198   -0.0570515    -0.097777     0.139323   -0.0992485     0.746423   -0.0425295      0.10631    -0.252881
   0.0163755   -0.0838278    0.0886337     0.278943     0.237083    0.0944584    -0.182576   -0.0102169     -0.21796     0.162905   -0.0131501    -0.264018    -0.273041    -0.470279    -0.551613   -0.0131099     0.266536      0.21056     0.254661    0.0433558    -0.169657     0.213069   -0.0400713     0.185236      0.25869    0.0455116       0.4725    -0.428606    -0.208335     0.111292    -0.150116      0.33182
    0.457384    0.0895803     0.151486    -0.111605     0.332187     0.204454    0.0664129     0.377984    -0.131835     0.456298     0.474434    -0.261669     0.286594     0.333952     0.741744    0.0686728   -0.0144846    0.0176715   -0.0569234    0.0280044    -0.159559    -0.177061    0.0078163    -0.157493    0.0468709     0.280027    -0.130078     0.299947    -0.493735     0.114849     0.180514    0.0625386
   -0.278172     0.140385    -0.272361      0.21014     0.222786      0.14162    -0.181974   -0.0271477    0.0806027      0.11014     0.195483     0.280852     0.746608   -0.0289615     0.205415     0.015289    -0.380695    -0.594495     -0.12807    -0.104474   -0.0965911    0.0648817     0.078484     -0.31153     0.133246   0.00747931    -0.224854    -0.192398     0.146515    -0.352132   -0.0787934    0.0787676
    0.215437     0.281259   -0.0238028    -0.168213     0.661082     0.363704     0.310191     0.275617    -0.208543    0.0575944    -0.160675    -0.371894     0.265709     0.212476     0.603654    -0.296107     0.290381      0.16322    -0.102962     0.149718      0.17943   0.00026231   -0.0440009   -0.0268119     -0.14116      0.11437     0.522339    -0.309797    0.0797717    0.0746002    -0.354286     0.156596
   0.0101422      0.25505     0.142163     0.527726     0.543587   -0.0255837     0.219765     0.159019  -0.00351403   -0.0705567    -0.264908    -0.275707      0.18418   -0.0628169     0.114341     0.235615    -0.054312     -0.10492    0.0920519    -0.232036   -0.0426182   -0.0829057     0.195409     -0.55164   -0.0156395    -0.591187    -0.134545    -0.112512    0.0824215    -0.337163     0.180198     0.245757
  -0.0652728     -0.37328     0.264722     0.421958    0.0673149    0.0708027     0.465493    0.0975734    -0.295756     0.259241      -0.2213    -0.179656    -0.226915     0.135974    0.0838358     0.127909   -0.0333422     0.261752     0.275555     0.165576    -0.118574    -0.257208   -0.0476671    -0.214894    -0.442912     0.174534     -0.22575    -0.413901   -0.0809507     0.408349     0.143345   -0.0778535
     0.26769     -0.14077     0.293354    0.0862234      0.29821     0.133166     0.200235    -0.302175    -0.222149    0.0677548    -0.108379    -0.566774    -0.206312    -0.277746     0.498917     0.308443     0.222951       0.7454    -0.208322      0.40262    -0.125292     0.316935    0.0235548    0.0575058    -0.243143    0.0525833      0.28491    -0.533719   -0.0370088     0.107042     -0.12256     0.118314
  -0.0246574   -0.0383384   -0.0419794   -0.0347012     0.256937   -0.0209608    -0.248576     0.304831    -0.367967     0.100442    -0.163444    -0.258066    -0.185072     0.190706     -0.24291    -0.281909    -0.245121     0.323576    -0.408037     0.437693    0.0448609     0.177487    -0.265943     0.232807    0.0967486    -0.219717    0.0988892    -0.218948    -0.106285      0.14327     0.124278     0.162918
    0.338953    0.0686131    -0.372254     0.370872     -0.46295    0.0351838    0.0890592    -0.247876   -0.0132919     0.107781     0.132416   -0.0952231    0.0751737    -0.178344     0.115833    0.0348228   -0.0013354     0.256433    -0.204273     0.578775    -0.173245     0.437426    0.0124413    -0.180929    0.0129844    -0.324546    -0.511123    -0.382078    0.0333115   -0.0463534   -0.0782398    -0.058582
   -0.261254   -0.0931116    -0.343822    0.0252321     0.327954    -0.422548    -0.138754    -0.065506   -0.0336304    -0.164829     0.162895     -0.58897    0.0479548    -0.153658    0.0601628    -0.293949    0.0985564  -0.00518863     0.179863   -0.0337647     0.686475    -0.170529     0.069551   -0.0488616  -0.00383195    -0.639162   0.00771867   -0.0103726     0.296698    -0.089574     0.124067  -0.00530983
    0.400827    0.0884768      0.27543    -0.132412     0.470852   -0.0209458     0.242724    -0.240049     -0.24594    -0.220611    0.0253633    0.0539933    -0.268182    -0.190306   -0.0841481    -0.380492    -0.131863     0.194772    -0.168897     0.346679   0.00739858     0.214188    0.0457822     0.348656    -0.112496    -0.417731    0.0927089    -0.302317     0.124044   -0.0411322    -0.638495    0.0128339
   -0.200547    -0.163716    -0.167707   -0.0218046    -0.259258    -0.256939     0.236926     0.161663   -0.0442995    -0.102355     -0.47406     0.213832    -0.256046    -0.193155    -0.292809   -0.0106469   -0.0738859     0.242056   -0.0550893    -0.493968     0.445836    0.0247194   -0.0715052    -0.124148   -0.0724135    -0.189119  -0.00966154    -0.334496     0.261977     0.055525     0.299234    -0.351536
    0.606456    -0.420946     0.180274     0.127183      0.11365     0.405332     0.329962     -0.17525    -0.492394     0.136582    -0.170649    -0.193018    -0.180046    0.0679392   -0.0705341     0.342885     0.316238     0.159099    -0.568045     0.438817      -0.2266    0.0792048    0.0821152    0.0114488     0.143182     0.158232     0.512221    -0.520892     0.536736     0.364748   0.00472563    -0.105632
    0.347014     0.226723     0.164028     0.074546    0.0272683    -0.279116     0.126166    -0.115262    -0.118897   -0.0425333    0.0816424    0.0809261     0.271748      0.36087    -0.453362   -0.0823897    -0.487685     0.444941     -0.31124     0.100303   -0.0903673   -0.0829254     0.145205    -0.103586   -0.0454527     0.327039    -0.232295    -0.278159   -0.0422245    0.0345722     0.188719   -0.0277853
    0.182254    0.0987221    -0.382608     0.305512    0.0728824       0.1838      0.22209     0.355427    -0.633524      0.14232   -0.0820202   -0.0296975    -0.564438      0.27063  -0.00908965    -0.212502     0.588923    -0.231802      0.44798   -0.0704543    -0.281981     0.123106    -0.407538    0.0296829    -0.142506    -0.392823  0.000997791   -0.0416058   -0.0475134   -0.0199836     0.201853    -0.490156
    0.289024    -0.218809     0.110503     0.614132   -0.0174358     0.188204      0.16587     0.284864    0.0476353    -0.272048     0.285575   0.00473519    0.0727445     0.430897      0.26425    0.0499969    -0.108219    -0.143106    -0.596089     0.733469     0.456796     0.199573    -0.254293    -0.397446    0.0187438     0.512644     0.170728    -0.204817     0.142282    -0.270059     0.038164    -0.334307
   0.0186429    -0.165821     0.979795     0.257579     0.692154     0.712501     0.404226     0.168685    -0.171165     0.246103    0.0819926    -0.324663    0.0885226      1.18085      1.62211    0.0925301    -0.246082    -0.438611    -0.977347      1.28608    -0.617816     0.383205    -0.250593    -0.473315     0.464996      0.32742     0.296744   9.8199e-06    -0.240174     0.775966    -0.392242     0.903147
   -0.144344     0.235988    0.0323838     0.107946     0.147044   -0.0284352     0.325099     0.301931     0.254136    0.0861766   -0.0853754    -0.130826     0.166071    -0.355129    -0.319837    -0.103051    -0.225624    0.0180903     0.036706    -0.281632     0.136139   -0.0751308     0.211118    -0.360308    0.0437582    -0.407863     -0.62251     -0.44558     0.322027    -0.165224    0.0108554     0.122066
   0.0997509     -0.24862    0.0840574    -0.208198     0.548964      0.32707     0.427562     0.137696    -0.258776     0.532039   -0.0207104    -0.400216    -0.261503    0.0551275  -0.00126249      0.17996     0.111281    -0.326027    -0.499639    -0.149086     0.109234    -0.113839    -0.102312    -0.350163     -0.55604    0.0751793     0.382374    0.0548804     0.441133     0.158205     0.152687      0.23537
   -0.141978    -0.225567     0.190628     0.238642    -0.283397     0.103184     0.881004     0.201695    -0.465814     0.243909     0.233302     0.205184    -0.597418    -0.221711   0.00432606    0.0175439    -0.271795     0.402741    -0.476404     0.212988     0.305439    -0.172898     0.273388    -0.228554    -0.016006     0.101362     0.137851   -0.0232491     0.369118       0.3204    0.0589626    0.0891413
   -0.188631    -0.430694     0.487911      0.46791    -0.473339     0.310549     0.386327     0.465302    -0.441231     0.374082      0.33272     0.236581   -0.0826963    -0.385478    -0.268509    -0.354705     0.148112    0.0973161     0.180812     0.361087    0.0615859     0.177699    -0.143439   -0.0905621    0.0673748    -0.172839   0.00490569     -0.23114     0.479521     0.282304     0.196835    -0.137787
    0.435898    -0.298406   -0.0212798     0.269152     0.049747     0.450588    -0.100975    -0.302897    -0.258609     0.370001   -0.0989871    -0.161882      -0.1655     0.606859    0.0682396     0.366101    -0.609891     0.116641    -0.569356     0.906692     0.199695      -0.1408    0.0103772     0.584964     0.321715     -0.18378     0.748559    -0.624967    -0.543409     0.182645    -0.231243     0.372901
    0.346609   -0.0412498    -0.297497     0.250892     0.162338    -0.328932     0.475354    -0.108758     0.098666     0.464979    -0.160464    -0.343911     0.416095    0.0420552     0.249085     0.257281   0.00245035   0.00144392     0.016857     0.535517    -0.324045    -0.274417    -0.149662    0.0311107    -0.421773   -0.0586371     0.703042    -0.530326    -0.193951     0.233273    -0.221261    -0.166223
   -0.120249   -0.0211433     0.759307    -0.173024     0.133674     0.260439     0.244473    0.0953993    0.0937148    0.0332609     0.267549     0.331679   -0.0274336    -0.728543    -0.149281     0.413524    0.0402729   -0.0494556    -0.240548   -0.0375557    0.0680592     0.595005     0.401048   -0.0777981    0.0389311     0.348469     0.223157     -0.10369      0.40647      0.39478    -0.285553     0.127357
     0.36393    -0.155744    -0.254516     0.457916     0.554263     0.266916     -0.25572    -0.292933      0.24673    -0.227054     0.091932     -0.15971      0.30265     0.494498     0.271759     0.749006    -0.505775     0.205556    -0.926842     0.583361     0.264933    -0.035409     0.101678    -0.191604   -0.0677134     0.698447     0.217215     0.280757    0.0915649     0.560791    -0.980263    -0.130247
    0.191331    -0.188434    0.0281082  -0.00928721     0.689468     0.180731     0.272439    -0.314766     0.549463     0.110931   -0.0059773   -0.0135535    -0.514398    -0.107491     0.228237     0.384962     0.541405    -0.546035    -0.340233   -0.0925218   -0.0301194     0.303109    0.0464935    -0.172307     0.164916     0.543492     0.277242    -0.474764    -0.205299     0.177262    -0.143289    0.0464076
   0.0210068   -0.0116094     0.409945    0.0115186      0.27469    -0.673481     0.572447    -0.345728     0.484987    0.0934603    0.0559864    -0.235031     0.606756    -0.161458     0.370823     0.448188     0.076743    -0.105788    -0.137877     0.433197    -0.318107    -0.166592    0.0154969    -0.087609     -0.26776     -0.28803   -0.0723413    0.0757687    -0.183844     0.201742     0.212227     0.129079
    0.174678   -0.0421829     -0.31636    -0.197326    -0.525561    0.0952366    -0.274993   -0.0856981    -0.249399     0.312877   -0.0936414   -0.0817385    -0.205439   -0.0591162     0.105704    -0.440782     0.375453    -0.129646   -0.0174275    -0.465654     0.283778    -0.213332    0.0456276   -0.0725238    -0.277482    -0.127586     0.362263    -0.449387     0.645939     -0.10512    -0.268003     0.153204
   -0.223129    -0.123701     0.313868     0.376127   -0.0780018    -0.128508     0.119433    -0.110471    -0.521364    -0.241776    -0.212495     0.253377    -0.273154    -0.261524    -0.103946     0.106699     0.112867     0.162462     0.318895    0.0347686      0.02403     0.401265    0.0810733    -0.092403   -0.0583674    -0.248715    0.0785891    -0.413953    -0.284722     0.124455    -0.257256    -0.316996
   0.0717056    0.0982646    -0.351391  -0.00735067    -0.298251    -0.296398    -0.187229     0.274155    -0.374027     0.026739    0.0625028    -0.171459    -0.406639  -0.00026939    -0.188409    -0.027666   -0.0908788   0.00782627    -0.422299     0.121474      0.31248     0.181769     0.346188    0.0174851    0.0389179    -0.040277    -0.238597    -0.492681     0.390843    0.0162753    -0.461598   -0.0839631
  -0.0217712     0.102235     0.216196   -0.0950216     0.763897   -0.0921139    -0.455776     0.381019     0.197876    0.0165293      1.00546    -0.356146     0.111081      0.25982     -0.12059     0.422648     -0.62603    -0.133925     0.424495   -0.0774916      0.22182     0.474242     0.375276    -0.148408    0.0222987   -0.0958139    -0.207962        0.194   -0.0179639    -0.138041    -0.204374     0.263492
   -0.070516    0.0963047    -0.293742    0.0955232    0.0371596    -0.170707     0.521793    -0.622582     0.306975    0.0284593    -0.130175   -0.0074141     0.149055     0.239824   0.00535368    0.0327234    -0.505632     0.302222     0.225966     0.069536   -0.0596034    0.0542792  -0.00155976   -0.0615849     0.221376     0.389278     -0.29126    -0.722759    -0.161311     0.373428     -0.29734     0.176685
  -0.0377242    -0.842468     0.122201     -0.26061    -0.219278     0.221101     0.138584     0.209436    -0.416014     0.364903    -0.574637    0.0842168     -0.26911     0.297309   -0.0989416   -0.0721495     0.851846     0.232611     0.111945     0.470775    -0.136384    -0.419623     0.157287    -0.693988    -0.100069    -0.198016     0.324408    -0.382546      0.81657    -0.103152    0.0626967    -0.264106
    0.438949    -0.139654      0.50124     0.659525    -0.250831     0.290748     0.273174      0.51075    -0.541327     0.146452    -0.339283    -0.209782    -0.369629    -0.354422     0.314825     0.308522    -0.317625    -0.427262    -0.159979     0.159057     0.178765    -0.060161    -0.122489    0.0206115    -0.344374    -0.396767    -0.123532     0.129877     0.690397    -0.138183     0.479798     0.314531
    0.236093    -0.297781    -0.226816     0.926123    -0.386289     0.076044     0.099164     0.676664    -0.419472   -0.0949119   -0.0792509     0.673256    -0.228103     0.544785     0.275328    -0.175268    -0.321642    -0.206088    -0.279591     0.662189    -0.206719    0.0626589     0.195994   -0.0342716     0.517867     0.413409     0.525071     0.373284     0.598567     0.311135    0.0220711    -0.126102
    0.078127    -0.449385    -0.403725     0.104797    -0.108796    0.0680589   -0.0593502    0.0675876   -0.0572607     0.307105    -0.182652    -0.141068     0.566728   -0.0813059    -0.092211    -0.221247  -0.00551047    0.0380681    -0.164427     0.418037     0.211556    0.0216492     0.381798    -0.126264    -0.111056   -0.0382987     0.344742    -0.485409    -0.159285    -0.141579     0.230112     0.177994
    0.481026    -0.234224     0.231357     0.253937   0.00895257     0.358137   -0.0871429     0.138891    -0.124463     0.138725   -0.0900795    -0.178056   -0.0379061    0.0597029    -0.513704    -0.579899    -0.126654      0.13538    -0.169536    -0.110528     0.197475     0.128845     0.153349     0.010515    0.0981799    -0.183712     0.289408    -0.576424      0.37568    0.0467432      -0.1404    -0.113795
  -0.0389723    -0.503852   -0.0721063    0.0311906    0.0266256     0.267123    -0.523087    -0.174374    -0.283915     0.459794    -0.263473    -0.183695    -0.194424   -0.0702336    -0.656065    0.0285131    0.0280938    0.0648508    -0.447085    0.0986671     0.152746   -0.0759042     0.341111    -0.165068   -0.0514723   0.00482475   -0.0761278    -0.730159     0.166871     0.270498    -0.173095   -0.0833398
   -0.302501   -0.0772882    -0.138192    0.0245567     0.708717   -0.0629132    -0.118816     -0.24527      0.36275     0.124094   0.00244492     0.173744     0.106967    -0.147871     0.111068    -0.186187      0.34933     0.085954    -0.170854    -0.103614   -0.0633766     0.141841     0.472585    -0.420422   -0.0435487   -0.0817357     0.238161     0.103703     0.151805    0.0726202    0.0246286     0.255484
    0.402432   -0.0632901    -0.479356   -0.0188285     0.314017    -0.175899     0.171877    -0.168687    -0.144067     0.516306    0.0871603    -0.687598     0.364773     0.202487     0.107016     0.509714     0.420603    0.0687235    -0.512967     0.251317   -0.0421171    -0.450317    0.0705684    -0.362172    -0.286688    0.0515547     0.214321    -0.127643    -0.153188    -0.116892   0.00429152     0.357921
     0.34735      0.36146    -0.332021    0.0466487    -0.107194     0.145191     -0.14385    -0.139406    -0.312836    -0.178535  -0.00374423    -0.326349   -0.0908984    -0.414765    -0.361668    -0.227146     0.147614     0.111684   -0.0183363    -0.235189    0.0451406    -0.145519   -0.0968623     0.698036    0.0835631    -0.608778    -0.246392   -0.0105016    0.0924274    -0.140137    -0.255949     0.129216
  0.00853114    -0.165135     0.326299    0.0656023    -0.208692    -0.105512     0.411609    -0.320007  -0.00897807    -0.210253     -1.02774     0.378731    -0.210803    -0.426495    -0.255895      0.17682   -0.0498748     0.358345    -0.261558     0.427662    -0.106203    0.0814304    -0.249534     0.538404    0.0419151    -0.162138    -0.347546   -0.0826454     0.438734     0.441863    -0.281939     0.127099
   -0.355923    -0.416621    -0.351388     0.180523     0.153187    -0.102244     0.230015     0.454042     0.414619    0.0235304     0.293792     0.127295    -0.419772    -0.101807     0.194463    -0.255461    -0.200486     0.230181    0.0451638    -0.140746    -0.366111     0.203361      0.64962    -0.115535      0.28065    -0.226849    -0.100735   -0.0347044   -0.0295798     0.110741     0.111442    -0.288998
    0.381391    -0.402923   -0.0379832     0.435248     0.182017     0.188853   -0.0642882   -0.0267972    -0.705267    -0.148082   -0.0564228    -0.256834     0.140604     0.407647   -0.0424285    -0.261533     0.629577      0.10732     0.253295     0.153919      0.13865     -1.18088     0.394613    -0.155978   -0.0495046   -0.0495882     0.386015    -0.401098      0.54486     0.299226    -0.185021    -0.159746
   0.0605264     0.136047      0.31776    -0.343699    -0.400572    -0.100383   -0.0106797     0.302816    -0.147135   -0.0592326     0.167069    0.0880952     -0.22886    -0.278506     0.089329   -0.0244346    -0.320631    0.0208794    -0.435854     0.183161    0.0346978     0.299464     -0.15619      0.10581      0.18786    0.0296728     0.235477      0.32877    -0.183132   -0.0422956    -0.298595    -0.173595
   0.0950562    0.0198315   -0.0541048     0.297116    0.0636543    -0.352439     0.258781     -0.99244     0.186732   0.00631994     0.123053    0.0661645    0.0706389    0.0218009    -0.112916     0.674908    -0.138033    -0.205409    -0.398058    0.0572824     0.292039     0.257411     0.310505    -0.126078    -0.503901  0.000689633     0.415363    -0.304849    -0.245748     0.126048    -0.292552    0.0552491
    0.211324    -0.201428    -0.409654    -0.126474     0.446751   -0.0256034    0.0774076    0.0377745     0.214618     0.640353    -0.347559   -0.0689698   -0.0480607    -0.323177    -0.116103     0.470068    -0.231026     0.167788    -0.403719     0.346788   -0.0871898    0.0953427    -0.168604   -0.0703622     0.229535    -0.182718     0.706868    -0.323144     0.302161     0.044123    -0.331559     0.773373
      0.4263   0.00516547   0.00357797     0.586215     0.318336     0.176354     0.274903    -0.356277    0.0543146    -0.175946    -0.324746     0.141744    -0.274118    0.0396522     0.283773    -0.343073    0.0744974    -0.184223    -0.338128     0.443562     0.146948     0.388916     0.356027     0.006266     0.217521     0.313768     0.347234    0.0809305    -0.265725      0.49206    -0.404681     0.195847
    0.125856     0.111646    0.0635112     0.206799    -0.139962    0.0606968    0.0944192     0.349398   -0.0850234    -0.265916    0.0667927     0.222778   -0.0638625     0.205402     0.169584    -0.268055    0.0478357     -0.11144     0.347963     0.421297     0.323028     0.155187     0.162828     0.377877     0.576506    -0.170147     0.232806     0.195346   -0.0364051    -0.316977     0.110608    -0.208615
    0.316014   -0.0504053    -0.344459     0.624072    0.0683536    -0.322959    -0.420582     0.373517   -0.0315685   -0.0649277    -0.310506     0.288743    0.0796207     0.356051   0.00532062    -0.717587     0.393689    -0.182302    -0.211684     0.198114     0.120219     0.267907    -0.198236     0.533176     0.847142    -0.404623     0.989439    0.0138005     0.256963    0.0926547    -0.190768   -0.0212866
   -0.186603    -0.477649  -0.00236227   -0.0674501     0.342064    -0.059772     0.104849    0.0112502    -0.083336     0.158534    0.0943452    -0.130901    -0.188251      0.49803     0.108207     0.136355     0.239593    0.0751588   -0.0369431     0.104304     0.324043    -0.102298     -0.52908    0.0353304    -0.476361     0.449603     0.626171    -0.160063     0.358605  -0.00355648    -0.039262    -0.151977
     0.12653     0.382954   -0.0759725     -0.12821     0.168295     0.266642   -0.0347848    0.0696546    -0.239099    -0.115658   -0.0435396    -0.197477     0.165342     0.396812     0.365794    -0.180366     0.185811    -0.253929     -0.23351    -0.217243    -0.274229   -0.0626328    -0.307889   -0.0395353   -0.0257627    0.0456878  -0.00627648    -0.310897      0.23668     0.307719     0.237721     0.104019
  -0.0164007     0.410919   -0.0763241    -0.273096     0.214318      0.47892    -0.200772   -0.0200383   -0.0375473    -0.100452    0.0666798    -0.477721     0.168683     0.448868     0.526041      0.18496    -0.506412    -0.193241    -0.221399     0.231804     0.357909     0.480791   -0.0255974     0.129286    -0.253771     0.298898      0.31108     0.394461     0.117704     0.186965     0.111725     0.457328
     0.19255    0.0820737    0.0199015     0.341817    -0.184506     0.216542   -0.0873386     0.261027    0.0738168    -0.129746   -0.0770955     0.231608    -0.383901    -0.143283     0.205146    -0.210064     0.256073     0.230391    0.0677039    0.0272855    0.0995774     0.256419  -0.00222137    -0.150847   -0.0353007   -0.0509527     0.536198    -0.355601     0.095953     0.191745    0.0958318    0.0254666
  0.00790498    0.0916432     0.387571    -0.228701      0.26921     0.275955    -0.155465     0.101396   -0.0119038    -0.117753    0.0406897    -0.175445     0.153343    0.0866083     0.393934     0.289881      0.28632   -0.0142504     0.230031     0.290457     0.425715    -0.426975    -0.163727    -0.499691    -0.179818    -0.327798    0.0346326    -0.122638    0.0449821   -0.0109853     0.178977      0.33592
