    0.513856    -0.457472   -0.0243007     0.369675     0.438506     -0.12011    -0.318368     0.292768    -0.368747    0.0178836    -0.348956     0.112625    -0.175581     0.514033   -0.0621046    -0.271595    0.0444066    0.0628781     0.188352     0.388419     -0.10482     0.518667    -0.110004   -0.0270373     0.477107   -0.0649999    -0.359198    -0.647362     0.442118   -0.0412864    0.0135005      0.58728
      0.2311     0.183834   -0.0240194     -0.10402    0.0405279    -0.276958    -0.444249   -0.0113584     0.152018    -0.223444     0.247033    -0.470174     0.298712      0.87321     0.044594    -0.230492    -0.195782    -0.203668    -0.162011    0.0453955   -0.0741302    0.0698507     0.203933  -0.00951028     0.395242    0.0741478    -0.339813     0.204097    0.0648373     0.371294      0.17196    -0.207298
    0.192074    -0.365761     0.197634   -0.0662602     -0.11614    -0.498765    -0.275094    -0.427618     0.732019     0.194913      0.21324     0.135737     0.631814     0.516918     0.288934     0.255414   -0.0755077    -0.672441     0.752796    -0.125297    -0.669824     0.156646    -0.143722    -0.374845     0.167845      0.81149     0.209804     0.155088      0.40066    -0.183069    -0.165072      -0.3298
  -0.0686548   -0.0582409   -0.0123879     0.311469    0.0364472    -0.221632    0.0138092   -0.0139985    -0.227318    0.0211924   0.00385259     -0.34281    -0.103172      0.18243     0.157794    -0.222596    -0.150236    -0.407287     -0.41133    -0.129046     -0.16511     0.109399    -0.101105    0.0157586   0.00511974      0.11022    0.0433026    -0.090766     0.434006   0.00692338     0.187691    -0.413708
    0.406284   -0.0744207     0.254711    0.0589364    -0.166729   -0.0584255     0.426567    0.0525921     0.295361    -0.122888   0.00887135    0.0974633   -0.0748513    -0.647288    -0.240874     0.297497      0.29136   -0.0812763    -0.135194     0.582555    0.0771322     0.010969    0.0693434    0.0704562   -0.0242248    -0.636158    -0.352502    -0.317164     -0.18108   0.00988762    -0.288958     0.276405
    0.481057   -0.0365087    -0.168252   -0.0502652     0.118934    -0.332849    -0.195009    -0.294994   -0.0949837    -0.128467     0.267884    -0.139302     0.104049     0.132181    -0.200873    -0.148396    0.0359874    0.0648725     0.219341    -0.556193     0.006377     0.109915    -0.236544    -0.127413    -0.682142     0.119861     0.051487    -0.109981     0.083942   -0.0610494   -0.0654427      0.14214
     0.30887     0.377651    -0.611156     0.371877      0.40715     0.137352    0.0981003     0.359107     0.160197      0.29204     0.139357     0.688059    -0.106372   -0.0485816    0.0859223     0.183598     0.151827      0.31216    -0.383893    -0.162079   -0.0998656     0.259888    0.0324186    -0.526495     0.045897    -0.319767      0.10454    -0.298919     0.130158   -0.0547923     0.366153     0.232091
   -0.178856     0.263717    -0.115309     0.104199     0.185553     0.108314     0.121582     0.150736     0.328451     0.154504     0.609738     0.214656   -0.0866628  -0.00742814      -0.2367    0.0252332   -0.0363533     -0.46155    -0.306034   -0.0212247    -0.148696      -0.5933     0.133479     -0.12833     0.308363     0.132531   -0.0660326   -0.0274405     0.145314   -0.0388712     0.299334     0.269327
    0.665682      0.22833    -0.432445    -0.660886     -0.38828     0.298909    -0.096333   -0.0914921     -0.31111     0.121282    -0.380535    -0.555788    -0.643898    -0.575553     0.208649    0.0452203     0.328085     0.123914    -0.197352     0.440149     0.378521    0.0144737     0.366285     0.655389     0.907859    -0.524104    0.0695432    -0.567945      0.17575    -0.407456     0.150449    0.0236394
   -0.363854    -0.116013     0.232089     0.102428    0.0148061   -0.0677264     0.200531    -0.240623     0.119881     0.459637     0.678603    0.0277536     0.117533    -0.204763     0.125502     0.158379     -0.44609    0.0496023   -0.0398131    -0.363837   -0.0801474     0.138333     0.533154     -0.41822    -0.185913   0.00914684     0.121368   -0.0140271    0.0442063    -0.378615     0.514896    -0.249137
     -0.1529     0.152025     0.153713    0.0301473    -0.286899   -0.0891322     0.107534   -0.0839153    0.0171639    -0.118273    -0.245177    -0.459986     0.553541   -0.0286904    0.0930748     0.367804     0.105994     -0.21041     0.118612    -0.090261    -0.181007    -0.090261    -0.402359     0.218284     0.278958   -0.0237601   -0.0294084     0.226624    -0.155686   -0.0587323   -0.0626913     -0.49317
    0.125721    -0.343244   -0.0779273      0.47908     0.464719   -0.0127723     0.221126    -0.238199    -0.114879     0.368589      0.22729    0.0724116     0.522543     0.123872    -0.410206     -0.42483   -0.0531276   -0.0726519    -0.299362    -0.565264    -0.324303    -0.349737    -0.328492     -0.12899   -0.0777787      0.39164    -0.336297    0.0457208     0.655778     0.392339     0.283532    -0.133162
    0.373705    -0.127152    -0.595646     0.155756    -0.120319    -0.150936     0.147809    -0.159778    -0.264975   -0.0119513      0.13496   -0.0405311     0.212539    -0.269995      0.16852    -0.125624     0.243262   -0.0132853     0.460954    -0.227391    -0.417251    -0.469468    0.0266935    -0.281487    -0.151899     0.254763    -0.278686     0.103453     0.123087     0.223985     0.335508      0.30302
   -0.114396     0.179202    -0.223952   -0.0861346    -0.200707    -0.129132    -0.105276   -0.0873295    -0.128999    -0.192114   0.00349893     0.403569     0.386128    -0.084562    -0.120445    -0.208853     0.281222    0.0378217     0.231014    -0.257203   -0.0774533     -0.10116   -0.0137658     0.232932    -0.272304     0.352852     0.203332    -0.461481   -0.0506997    -0.180475    0.0808426     0.226027
    0.171422    -0.719395    0.0729193   -0.0518998     0.169578    -0.227917     0.198489     0.389848     0.112926   -0.0436208    -0.256004  -0.00716845     0.382092     0.294488    -0.177584    -0.283702     0.164172    -0.161629     0.591222    -0.403019    -0.089993     0.273007     0.220931    -0.229882    -0.496444     0.610936    0.0919857    -0.253118   -0.0941136   -0.0568215    -0.159398    -0.392712
   -0.382873    -0.226608     0.321914     0.155112     0.148366   -0.0436534     0.114922     0.290626    0.0353834   -0.0993025  -0.00898819     -0.11604    0.0276032     0.252942     0.629435     0.130321   -0.0974521    0.0942978    -0.112026     0.117214     0.200919    -0.133399    -0.080126    -0.153119    -0.230324    -0.147432     0.173616    -0.274217     0.346426    -0.267363     0.208767    -0.283437
   -0.133459     0.433495    -0.271639    0.0590154   -0.0297977     0.208253   -0.0379846    -0.112966    -0.108994   0.00123027     0.219222   -0.0435158     0.205776    -0.145353    0.0243073     0.219326    -0.183225    -0.358118     0.427728     0.465347    -0.525673     0.486923     0.269839     0.375467     0.303667    -0.315711  -0.00466711    0.0278514    -0.159522     0.285049     0.132594    0.0462089
   -0.188999    -0.231062   -0.0649824     0.121642    -0.459457   -0.0492787     0.647604    0.0472384    0.0125322    -0.368891   -0.0205202     0.283068     0.327203   -0.0579928    -0.146078     -0.11153    -0.151446     0.119679   -0.0449732    -0.263208  -0.00341636      0.13877    -0.129827    0.0164216    -0.620057     0.125646     0.394177     0.188342   -0.0692934    0.0428074    -0.449259     0.145701
     0.29094    -0.235201     -0.18355     -0.69132    0.0244543      0.57362  -0.00521935       0.2093      0.14144     0.541809    -0.113729     0.562536    -0.559546    -0.406923     0.344302     0.336549     0.570918    0.0876316   -0.0757844     0.644981    -0.253557    -0.109422     0.376748    -0.367245    -0.207544    -0.387078    0.0236129    0.0547235    -0.100602    -0.143162   -0.0542644     0.370098
  -0.0381344    -0.104111     0.194377     0.448382    0.0899806     0.332457    -0.313634    -0.157171    -0.173212    -0.349572      0.59002    -0.245883   -0.0616832  -0.00620404     0.321192    0.0417832    -0.127229   -0.0744047   -0.0625668    -0.213264    -0.453687    -0.165975     0.448642     0.144114    -0.227775     0.542639      0.22314    0.0358654    -0.248979    -0.230025    -0.364761    -0.295003
     -0.1118    -0.260773    -0.121727   -0.0965477    -0.130599   -0.0704567     0.192127   -0.0136994    -0.345479    -0.276219    -0.456369     0.332688    -0.432014    0.0286508     0.343387   -0.0136844     0.332404   0.00546653    -0.106707     0.560208   -0.0892004    -0.248711    -0.193453     0.330881     0.334551     0.166595    0.0286447    -0.325034   -0.0723247      0.49963    -0.134504    -0.028139
    0.137788     0.286348    -0.103789    -0.204921    -0.452596       0.1486      -0.3269    -0.618601     0.597933   0.00164273    0.0105514     -0.53837     0.567512    -0.674432     0.199671     0.150093    -0.271312    -0.198857    -0.481949    0.0986136     0.160154     -0.11597    0.0395036     0.484395     0.135692     0.309172     0.508959    -0.226957   -0.0573777    0.0981987     0.285118    -0.126863
    0.107753    -0.197301   -0.0254429     0.362955        0.233    -0.201925    -0.247934    -0.216433     0.027213   -0.0175233   -0.0705259     0.040334     0.103604  -0.00989613      0.13214   -0.0853312     0.589483      0.21866    -0.528267   0.00658366   -0.0383846   -0.0223611   -0.0667266   -0.0243316    -0.525094    0.0438982    -0.412396    -0.402469     0.180395     0.110497    -0.369853     0.239314
    0.263884      0.38829     0.332765     0.478551    0.0743789    -0.397074      0.11955     0.224333     0.454869    -0.286421    0.0985905    -0.306325     0.533292    -0.718677     0.332392     0.137232     -0.22257    -0.715792     0.414873     0.230085   -0.0758349     0.183779     0.195235     0.160615     0.201525     0.539458   0.00426595   -0.0744763     0.361953   -0.0886531   -0.0842133    -0.118135
  -0.0162818     0.361065    0.0737259     0.187926     0.218391   -0.0858724    0.0912616     0.123065   -0.0578878    -0.348019     0.167966   -0.0189595     0.168669     0.033927     0.276488     -0.17894    -0.386203    -0.297597     0.398173   -0.0496082    -0.160315     0.340081     0.343554     0.711268    0.0272132    0.0190864     0.194841     0.500104    -0.350604    -0.145418    -0.293899      0.36526
    0.116234    -0.307295    -0.102519    -0.256212     -0.65949    0.0719888    -0.710182    -0.577398    -0.765588   -0.0432163    -0.166932   -0.0617981     0.129567     0.226743    -0.253327    -0.372275     0.314785     0.376542   -0.0976373    -0.518412    -0.220683    0.0259109    -0.348866     -0.32645    -0.128638     0.101862    -0.262274     0.192578     0.255052    -0.275837    -0.129325     0.138185
    0.153911      0.18824   -0.0107185    -0.114665   -0.0622502     0.184003    -0.313689   -0.0901534     0.285802    0.0287641    0.0746991    -0.326377    -0.208822     -0.09097     0.104165    0.0467702   -0.0804442   -0.0356735   -0.0982096    0.0881169     0.469842     0.125257     0.476754   -0.0612717     -0.37337     -0.21138   -0.0561399    -0.648387    -0.350942    -0.455395   0.00969133    0.0377392
   0.0353739    -0.187108    -0.138854    -0.748928       0.1113    0.0928678    -0.135801   -0.0538817   -0.0336596    0.0249985     0.099399     -0.17285   -0.0998497     0.166278     0.260221   -0.0984448     0.114884    0.0295538   -0.0209508     -0.26864    0.0846954  -0.00424724     0.248433     0.031417    -0.347265    -0.240874     0.155607     0.307903    -0.455187    -0.271648     0.123144    0.0421065
     0.76035    0.0563702    -0.202535        0.266    0.0176222     -0.24302     0.219731    0.0046371    -0.043827      0.28341     0.152975     0.301687     0.656424   -0.0627092    -0.122527   0.00498731    -0.133662    -0.970999    -0.105325     0.123812   -0.0800898    0.0929711    -0.296962    0.0094753     0.407441     0.303362     0.594724    -0.388529       0.8609     0.106777    -0.163956   0.00994969
   -0.218596   -0.0432851     0.230296    -0.210943   -0.0093766   -0.0703033    -0.562717    -0.413746     0.216257   -0.0543172     0.708209     -1.04282     0.173267   -0.0777217    0.0463263     0.289738    -0.147712    0.0115249   -0.0130689  -0.00373115   -0.0983729    -0.353001   -0.0794438     0.468815    -0.282672    -0.221907    -0.166171     0.285631   -0.0837306   -0.0130118    -0.114409     -0.70806
    0.239245    -0.190254    0.0232033    -0.374964   -0.0717181    -0.291081   0.00193477     0.185043     0.262627     0.187022    -0.139108     0.482647    -0.576205   -0.0615985     0.112815    -0.195046     0.044917    -0.111324   -0.0876955     0.336258   -0.0802434    -0.336278  -0.00413939   -0.0478692    -0.260183     0.165097    -0.014428   -0.0251599    -0.427416   -0.0316069     0.237955     0.279569
    0.488432   -0.0584064    -0.332104    -0.669535    -0.180386    -0.121976     0.177538    -0.353415    -0.125135     -0.17113     0.277242    -0.467721   -0.0823752    -0.046729     0.223817     0.580947    0.0504985     0.344293     -0.27135    -0.194807   -0.0748727    -0.397059    -0.612519     0.287122     0.132313    -0.408375    -0.273804     0.216189    -0.422589   0.00122569    0.0828197    0.0155428
   0.0190163     0.198415    0.0245862     0.294105   -0.0382107      0.45715     0.210683    -0.114988     0.013122   -0.0875889     0.386827    -0.312988    -0.310707     0.133566      0.21704     0.190319    -0.352642    -0.196031    0.0423513     0.134039    -0.188655      0.30565    0.0959754     0.591208    0.0580874     0.664192   -0.0951014     0.563512    -0.250117   -0.0525429    -0.159456    -0.038493
   -0.303929     0.185316    0.0384487    -0.261818    -0.372907   -0.0426155     0.231961   -0.0837135     0.212499    -0.172313    -0.295941    -0.238882   -0.0733133     0.186116     0.601085   -0.0119921   -0.0195689    -0.143553     0.182849     0.347211     0.330799    -0.106842     0.264687     0.186093     0.259261     0.404785     0.456912     0.108753    -0.115842     0.228589    -0.405963    -0.180906
    0.232174   -0.0273806     0.190456     0.247819    -0.138109    0.0480513     0.578382    -0.246654    -0.177042    -0.176146    -0.548704    -0.142267     0.129681    -0.150046     0.230551    -0.147985     0.168717     0.327184    0.0195294     0.248664    -0.733683     0.522014     0.137257   -0.0434725   -0.0379586    -0.378573    -0.155173    -0.252409      0.24842    0.0115157    -0.949742    -0.295264
   -0.022106    0.0870677      -0.1373     0.332956    -0.141136    -0.174106      -0.3464     0.110023     0.131356    0.0162304   -0.0368789    -0.598437    -0.354541     0.108533      0.21234     0.153583     0.405239    -0.183096    -0.104422     0.064344    0.0404708     0.195136    -0.275084    -0.171221   -0.0229354    -0.297582    -0.290568     0.137481     0.204423     0.313001     0.284136    -0.109946
    0.128573     0.200715    -0.274003    -0.119397      0.29126    -0.123894    0.0984735    0.0944899     0.250794   0.00515706    0.0738482   -0.0410268     0.184916    -0.102618     0.251152     0.359113     0.183241     0.062575    -0.201709     0.225195     0.233461    -0.206762   -0.0626764     0.127945   -0.0394709     0.157928    -0.113605     0.253886    -0.154118     0.148946      0.19364   -0.0766478
     0.45031     -0.39936    -0.324118     0.190177    0.0127186     0.253595     0.313252     0.116981    -0.390967   -0.0907196   0.00355002     0.319047     0.157259     0.396098     0.184381   -0.0988162    -0.317915    0.0493474    -0.145101     0.164317    -0.479189     0.139715    0.0216492     0.150482     0.351843    0.0349153     0.100235   -0.0183516     0.241432    -0.139542    -0.297186     0.110194
    -0.17311    -0.147005    -0.127299     0.228735    0.0864134    -0.177934     0.132207     0.241104   -0.0911768    -0.100371     0.212057    -0.137332     0.308952     0.264967    -0.293535     -0.38856    -0.191251     0.143105   -0.0883699    -0.133781     0.107031    -0.318704    0.0660335   -0.0456848    -0.156042    0.0659996     0.597295     0.201231    -0.312484  -0.00796594    -0.143157    -0.462721
    0.479869    -0.018126    -0.338225    -0.120629     0.245064    -0.181496  -0.00222276    -0.354297     0.417167    0.0554538   -0.0873681    -0.351411     0.123255    -0.232481    -0.247262  -0.00633282    -0.334379     0.171985   -0.0979846     0.455972     0.137496    -0.199418     0.103484     -0.17178     0.388458    0.0868228     0.311066   -0.0738864     0.283395     0.272474     0.676033   -0.0891984
    0.375493    -0.400577    0.0038885    -0.417806     0.211467     0.139442   -0.0332363    -0.216644     -0.28588   -0.0033902    -0.481021      0.20162     0.214175    0.0177971    -0.027855    -0.361393   -0.0414575     0.137002     0.244965    -0.170246    0.0477847    0.0573495     0.369177    -0.305206     0.109538   -0.0849305     0.133897    -0.361587   -0.0355054     -0.16541    -0.131375    -0.191448
  -0.0426592    -0.120611    -0.437552    -0.313009    -0.350126    -0.481094     -0.40013    -0.258109     0.108077    -0.104683    0.0882322     0.258888    -0.299711   -0.0318843    -0.288881     0.301645    0.0935527    -0.859765     0.107794     0.375454    -0.137898    -0.150647    -0.444936    -0.438483     0.342312    -0.338408     0.190387   -0.0983049     0.375933    -0.197919   0.00888505    -0.133489
  -0.0409644      0.20818    -0.371314    0.0770658     0.494887   -0.0808845    -0.385463    -0.200938     0.238996    0.0783538     -0.35881     0.441344     0.436291     0.178972    0.0335891   -0.0801448    0.0548309    0.0161803    -0.173147    0.0898426    0.0986736     0.126856    -0.292372     0.264689     -0.43763     0.387615    0.0361528    -0.164558    -0.386193     0.287207    -0.177386    -0.322765
  0.00148605    -0.136264     0.322107   -0.0114837     0.403619    0.0867222     0.183862   -0.0459109    -0.204832    -0.237847     0.524819     0.116061     0.199826    -0.373961   -0.0204313     0.190026    -0.333102    0.0655969    0.0293839     0.371325     0.384724    -0.627859     0.120122     0.233541    0.0246121     0.282939   -0.0750224     0.147376    -0.400407    -0.142409   0.00322534     0.215941
 -0.00841792     0.149307     0.265065   0.00769635     0.229199    0.0731576       0.1925      0.27033    -0.395038   -0.0609468    -0.167674   -0.0620522    -0.502846     0.393027    0.0346755    -0.379902      0.13228    0.0202848    -0.297977    0.0630826   -0.0871799    0.0556891     0.168408    -0.397774     0.459101    -0.361059   -0.0629626    -0.344837     0.117436    -0.148668  -0.00394702   -0.0240644
    0.505462    -0.103638     -0.32697    -0.157384     0.278713    -0.830835   -0.0380979     -0.29728    -0.379274      0.14253    -0.130612     0.524383    0.0714727    -0.381802  -0.00803036    -0.419456    -0.308614      0.12441    0.0864132   -0.0207082   -0.0501612    -0.171012    -0.264925     0.162033    -0.184699     0.235097     0.283033    -0.152193     0.161347    0.0316501     0.413925     0.163976
   -0.272074     0.325807    -0.452348    -0.349068    -0.042597     0.356798    -0.295363     0.215447    0.0233108    -0.107533    -0.472157     0.315892    -0.668421    -0.381548     0.473366     0.120292     0.274324    -0.499877    -0.265289     0.573413     0.439222    0.0357523    0.0871328     0.064948     0.302964     0.175146    0.0472049    -0.724173   -0.0669775    0.0388836    -0.249784     0.457847
   -0.317541    0.0136474    -0.177153      0.19491   -0.0709224     -0.21411    -0.156737   -0.0161367    0.0964109    0.0132862     0.236912     0.117418    -0.301102     0.145252     0.109261    -0.105467     0.372539    0.0372739    -0.066697    -0.117018     0.253948    -0.213976    -0.303252   0.00316928    -0.454467    0.0823407   -0.0160728     0.302483    0.0215974   -0.0923571     0.253526     0.257604
    0.652831    -0.220922    -0.299764     0.326343    -0.264716     0.161217    -0.485125   -0.0908099    0.0804114     0.301195     0.302197    -0.149746     0.411096   -0.0817985    -0.359674     0.202484    -0.143559  -0.00510683     0.502284     0.201214    -0.744335   -0.0695886     0.148153     0.353413     0.367401   -0.0379421    0.0814972    -0.373557     0.616046   0.00779068    -0.246957    0.0519655
  -0.0269564      0.38714    -0.248163    -0.211296    -0.343907     0.203019    0.0882131     0.262293     0.299217    -0.253366    -0.554545   -0.0604413    -0.183471   -0.0431984    0.0824277     0.420615   -0.0144038    -0.186918    -0.295613   -0.0577524   -0.0607331     -0.41327     0.149666    -0.481674    0.0272243    -0.136838     0.394423     0.191311    -0.351964     -1.10931     0.405907     0.519598
   -0.302453      0.10267     0.611469   -0.0432661    -0.129551      0.19516     0.370551     0.128264    -0.124518    -0.113958     -0.19484    -0.471049    -0.258997    0.0525041      0.15507   -0.0761902    -0.122439   -0.0535259    -0.887479     0.230602    -0.188821    -0.156996   -0.0243922     0.108796      0.38333    -0.494933      0.11484    -0.114095     0.137559     0.429523    -0.333951    -0.583552
    0.309587    -0.148456    -0.364326     -0.12615   -0.0255529      0.16933      0.32682    -0.342347     0.494115    -0.158625     0.265223    -0.121486    0.0660246     0.379605     0.119513      0.16402    -0.383709    -0.221906   -0.0870658    -0.255746    -0.260222    -0.279155      0.19165   -0.0411891     0.397267     0.380495   -0.0221608     0.539361     0.344579     -0.11774    0.0608218   -0.0967931
   -0.120518     0.338007    -0.322591   -0.0620166    -0.148063    -0.289029     0.149569     0.103337     0.159121    -0.161378   -0.0611591     0.153459     0.332832     0.354583   -0.0714489     0.017259   -0.0247131    -0.669571    0.0745975     0.118577    -0.826501      0.36901    -0.186117    -0.059978     0.186251     0.311423    0.0130668    0.0475023     0.177503    -0.288425   -0.0885406     0.049624
     0.46848     0.128155   -0.0855637    0.0539421    -0.236035    -0.228207    -0.139004     0.113229   -0.0833359     0.322619   -0.0515785     0.283526      0.50465     0.120864    -0.305884      0.15918     -0.17701    0.0337112    0.0953471   -0.0173004    -0.412508     0.135626    0.0475353     0.029201     0.034433      0.48766      0.33957     0.113441   -0.0337771    -0.101776     0.195447     0.289884
   -0.234026     0.197726     -0.11552     0.481529    0.0209031     0.358914      0.11531     0.383484    -0.486143    0.0587228      0.29889    -0.246936    -0.412466    -0.473512     0.233913    -0.231787    -0.286584    -0.185001     0.218404    -0.126298     0.258646    -0.294033     0.202084     0.405806     0.464461     0.790599     0.200882    -0.537224   -0.0596119   -0.0857525    -0.162961     0.373067
   -0.197806    -0.265415     0.441269   -0.0682669    0.0365457      0.21817     -0.10335    0.0279242    -0.408634   -0.0877129     0.289228    0.0421484   -0.0700387   -0.0573687    0.0818468    -0.411998    -0.104349     0.424884      0.13519    -0.268738    -0.161863   -0.0816292     0.098323    -0.255898    -0.212596    -0.516419     0.162087     0.132495   0.00874468   -0.0496228    0.0491467    -0.292999
     0.11532     0.755494     0.182117      0.33914     0.244834    -0.160978     0.362357   -0.0800014      0.30363     0.227902     0.655737     0.253035    0.0605705    -0.617069    -0.210609    -0.254989    -0.260596    -0.455392    0.0637296    -0.299029     0.344116     0.408975     0.295993     0.181176    -0.106287    -0.378855     -0.15944     0.544782    -0.119403     -0.31432     0.339112     0.337726
   -0.560426     0.154633      1.01981     0.111767  -0.00248243      0.51121     0.269671   -0.0695437    -0.675894     -0.32223     0.178148    -0.379666    0.0341738    0.0418805     0.222597     0.220735    -0.297806     0.108202     0.391698    0.0590119     0.317725    -0.135161   -0.0340304     0.376561    0.0924535    0.0820269    -0.183719    -0.125293   -0.0233144    -0.173827    -0.903932    -0.146853
     0.24144    -0.278127     0.101439   -0.0982397     0.193796    0.0809419     0.544838   0.00806355    -0.208971    -0.300457    -0.137492     0.148041    -0.389832     0.121201     0.254628    -0.126663     0.480855    0.0350803   -0.0209418     0.399616     0.252139     0.082059    0.0420515     0.347268    0.0859436     -0.38461    -0.275198    -0.323844     0.230344    0.0837009    -0.146628     0.202145
    -0.36261     0.386653     0.176725   -0.0581771    -0.442412    -0.262142     0.302664     0.136909    -0.035656   -0.0983785     0.296859    -0.557837     0.122767     0.195008    -0.312982     0.342398      0.27888    -0.444732      0.08179   -0.0412724     0.259116     0.328124     0.110303     0.565209    -0.717505    -0.180205      -0.4619    0.0158742    -0.554464    0.0202174    -0.511338    0.0662247
    0.369201     0.252146     0.353539     0.666668    0.0268465     0.342062      0.24413    -0.123654    -0.431955   -0.0970888     0.631092     0.194981     0.497081    -0.119405   -0.0130216   -0.0246818    -0.379274    -0.348142    0.0197895     0.131485    -0.441963    -0.226444     0.113453    -0.414095     0.650275    -0.125165    -0.185099   -0.0427761   -0.0604649     0.208853    -0.397977     0.264066
 -0.00510097    -0.296939  -0.00513984     0.374723     -0.52429   -0.0147427    0.0841829    -0.234646    -0.045328    0.0473192     -0.53379     0.287619     0.187108    0.0617163    -0.198684     0.235885    -0.207316    -0.172054      0.17499     0.266577     0.565086    0.0679034   -0.0995716    0.0759074     -0.31935     0.530214     0.313024     0.127042     0.600593     0.412644    0.0659358    -0.295579
   0.0248068     0.206092     -0.21071    -0.210812     0.214894    -0.107563     0.526875   -0.0848612   -0.0332413    -0.345069     0.331507    -0.518248     0.300498     0.423199    -0.157562   -0.0133884    -0.256186    0.0652954     0.261212    -0.377525    0.0159924   -0.0432763   0.00786394     0.258406    -0.128509    0.0612749     0.150651     0.225094    -0.278635     0.132937   -0.0369764    -0.347283
   -0.120595     0.106312    -0.119568    -0.216856   -0.0663258    -0.326769    -0.382581    -0.328961    -0.077279    0.0289878     0.339758     -0.46746     0.262155   -0.0542586    -0.193146    0.0416529     0.176524    -0.191552    0.0280743   -0.0391393    -0.458455     0.391147     -0.18548   -0.0818158     0.109987   -0.0764596    -0.125561    0.0672396    -0.267594   -0.0073611      0.44974    -0.172342
   0.0709788    0.0462044    -0.203345    -0.554908     0.134371    -0.251495     -0.30404    0.0734299     0.542238   -0.0683942    -0.343176     0.147554     0.010774    0.0168114     0.370941     0.464562     0.299157      0.22772     0.127609     0.323619    -0.603668     0.379037    0.0677811     0.012049     0.136282     0.382656    -0.161809     0.099765     0.288124    0.0588134     0.307951    0.0199364
    0.037275    -0.224316   -0.0507459    -0.025905    -0.161971    -0.354933     0.561922    -0.188696    0.0637165   -0.0680837    -0.446605    -0.227398     0.293569     0.412883     0.356696   -0.0502583   -0.0358708  -0.00854282     0.241673     0.129168    -0.231958    -0.136497    -0.139869    -0.336977    0.0402839    0.0703075     0.132981    0.0456097     0.120054     0.146185    -0.247926     -0.50177
   -0.257613   -0.0817887    0.0691566     0.331513   -0.0923451    -0.202717   -0.0518114    -0.219057      -0.1652    -0.211035     0.273766    -0.780065     0.751812      0.82981    -0.208738    -0.400638     -0.24699    -0.496052    0.0930707    -0.784269    -0.399446     0.213448    -0.361914     0.130108    -0.857676     0.334559     0.047342     0.116937    -0.228976      0.24886    -0.442414   0.00753968
   -0.147393    -0.189886     0.272729     0.104841    -0.190476    -0.300469     0.136659     0.163817    -0.422463   -0.0673918    0.0774938      0.52549     0.353671     -1.10037     0.123316    -0.101593    -0.335049    -0.649867     0.758938   -0.0912639     0.139312     0.235435    -0.186733    -0.253097     0.305758     0.700571     0.190627   -0.0131227     0.160784    -0.201153    -0.229942    -0.220621
   -0.243839     0.264879     0.291661    -0.378011    -0.274644    0.0529249    -0.361567    -0.247201    0.0693106    -0.229696     -0.28526     0.650915    -0.393288    0.0300887    -0.167822    0.0348121     0.181393    -0.529175   -0.0293485     0.368295     0.296585    0.0639621    -0.166706   -0.0961632     0.167009   -0.0583391     0.066276   -0.0498815     0.205632     0.294434      0.12904     0.102041
   -0.146996    -0.267365     0.139674    0.0274399    -0.493632    -0.172691    -0.263325    -0.192949      0.48337   -0.0922139    0.0415328    -0.202718     0.242205     0.161048     0.472848   -0.0424752    -0.403854     -0.70249     0.622713     0.339064     0.280936     0.312216    0.0128766      0.43305     0.435278     0.238772       0.1081   -0.0809158    -0.259729   -0.0494731    0.0387771    -0.363731
    0.131384     0.241989      0.35187    -0.558163    -0.187683     0.220803    -0.628875    -0.170692     0.323294   -0.0262121    -0.169931    -0.459198   -0.0437776     0.410289     0.535706    0.0273778   -0.0587561    -0.366967      0.23938   -0.0237807    -0.617033    -0.113159    -0.539473   -0.0241066    -0.219127     0.171432    -0.026725     0.122794    -0.425882    -0.181198    -0.231092     0.082203
  -0.0710289    -0.013661     0.218247    -0.379847    -0.241034    -0.152059    0.0963559     -0.23342      0.12969   -0.0109254    0.0677382    -0.417944     0.344949    -0.188769     0.223981     0.257547     0.159005    -0.378797     0.159212    0.0232756   -0.0575824   -0.0469132    -0.506696    -0.186716    -0.178038     0.031178    -0.015677     0.337247    -0.327303     0.278636    -0.194399    -0.663078
      0.3949     0.504658     -0.31281    0.0986037    -0.108653    0.0520401    0.0435643     0.652841     0.161123    -0.381295   -0.0732529     0.408323    -0.045802   -0.0741379    -0.427963    -0.053512     0.225484      0.11511   -0.0883248    0.0700106     0.203372    -0.128642     0.154537    -0.170658    0.0798268     -0.29948     0.245165    0.0377622    -0.183113    -0.254551     0.400308     0.208479
     0.10666    -0.364077    0.0929191    -0.281233     0.198327     0.016986     -0.42553  -0.00994085     0.173696     0.131721    -0.292148   -0.0399536     0.055807     0.103886      0.64401     0.450192    -0.440833    -0.517431  -0.00372826   0.00893603     0.203163      0.43777    -0.671349    -0.162828     0.688609    -0.073637     0.384344     0.135259   -0.0819867    -0.103278     0.111457   -0.0724761
    0.241392  -0.00855263    0.0155724     0.180592    -0.274681     0.449698   -0.0792288    0.0233303   -0.0136109     0.301467    -0.107797   -0.0701092   -0.0491501    0.0728686    0.0278651    -0.127634    -0.635501     0.159593   0.00588811    0.0117964     0.062301    -0.278043    -0.253948    -0.238276    0.0554936     0.479262    0.0775008     0.387921     0.328567     0.117703    0.0560329     0.388522
   -0.479056    -0.419416    0.0150929      0.36246     0.216736    -0.454053     0.387354    -0.498973   0.00589047    -0.109374    -0.171595   -0.0340809    -0.333289     0.301803     0.249662    -0.131746     0.108983    -0.495746    -0.256241    -0.219882    -0.267523    -0.172523    -0.334676    0.0837565     -0.95772    -0.230773    0.0336233     0.101651    0.0777424    -0.470174     0.324595     0.395722
    0.252304    -0.790989    -0.231596   0.00680519    0.0647891   -0.0556822    -0.116308    0.0773737    0.0966352    0.0511207    -0.204839     0.645237      -0.1365      0.20391    -0.267675    -0.175543     0.376333    0.0416579     -0.36277    -0.150379    -0.356968    -0.211108    -0.275545     -0.23687    -0.144584    -0.128248  -0.00277284    -0.127559  -0.00537482    0.0211661    0.0797915    0.0408335
    0.243218    -0.336879    0.0294816    -0.126498    -0.304757    0.0750591   -0.0990793    -0.315705     0.714346    -0.142319   -0.0184094    -0.288029      0.20254    -0.272137     0.141982    -0.148285    -0.311534    -0.399247    0.0717483    -0.549759    -0.228588   -0.0037771   -0.0761712    -0.308959     0.019093    0.0527535     0.387762    -0.233706     -0.19724     0.175877    0.0876809    -0.123403
  -0.0599086     0.216373     0.391583     -0.20565    -0.345646     0.309016    -0.222649   -0.0745926   -0.0270895    -0.379936    -0.198933  -0.00216749    0.0345421    -0.528072  -0.00522297    0.0764246    0.0999471   -0.0339918    -0.122358    -0.114257     0.193727    -0.172721      0.19869   -0.0907278      0.33951     0.242524     0.316012    -0.061964   -0.0262011    0.0936577    -0.266699    -0.166074
  -0.0224041     0.164249     0.064617    -0.178401    -0.496255    0.0880813    0.0542921    -0.573677    -0.147544    -0.154433     0.211574     -0.69904   -0.0433608    -0.838875    0.0932367     0.280942    -0.116689    -0.715041     0.362894    -0.230765    -0.193325     0.211041   -0.0434546     0.101508     0.581353     0.179084     0.355954     0.467345   -0.0665522   -0.0270168     0.326167    -0.130691
    0.126663     0.322721   -0.0422518     0.113588    0.0529067     0.325743     0.567265    0.0686348    -0.154146   -0.0894572     0.237174   -0.0718793     -0.17762     -0.49525     0.254109    0.0723596    0.0129665     0.470973     0.291537      0.23138     0.130201     0.186039     0.618659    -0.191973     0.287386     0.204969   -0.0833841     -0.32487   -0.0254072    -0.143191   -0.0549457     0.094596
  -0.0204528    -0.182266    -0.191858    -0.519554     0.188495    -0.689152     0.100589    0.0808434     0.192785     0.316957    -0.123024     0.137863   -0.0546981     0.375118    0.0156729   -0.0293603     0.272928    -0.382831   -0.0484472     0.117098    0.0549677   -0.0440487    0.0730987     0.222789   -0.0292015    -0.276303   -0.0316236    -0.153292    -0.120719    -0.490596   -0.0169516   -0.0839318
  -0.0731578     0.182713     0.269592    -0.227446    -0.151825   -0.0071012     0.378642     0.095126     0.244666    0.0597206    -0.433261    0.0683445     0.164123    -0.477431     0.480473    0.0832275    -0.750924    -0.349478     0.114438  0.000414437     0.375907    -0.220307    -0.523005    -0.232098     0.557582    -0.156636     0.236712  -0.00831171     0.320454    -0.169786     0.150433    -0.154875
    0.193541     0.506183    -0.251095     -0.67064    -0.287349  0.000134545    -0.756171    -0.159253     0.431989    0.0346317     0.489708    -0.023691     0.593113    0.0935022    -0.489334    0.0999745     0.452013    -0.106921    -0.429369   -0.0369072    -0.119335    -0.222373    -0.388154    -0.023707    -0.508948    -0.517091    -0.387057     0.117735   -0.0463997     -0.28131      0.12457     0.126558
   -0.169087     0.201436   -0.0743856   -0.0551312   -0.0458696     0.121229     0.016996    -0.189487     0.283078    -0.108125    -0.522859    0.0504756    0.0379313    -0.150843     0.205204    -0.112168    -0.225005    -0.359274   -0.0469147    0.0766587      0.10292   -0.0338647     0.167682    -0.452836    -0.213668    0.0343236   -0.0491077   0.00842338     -0.10135    -0.114529     0.669931    0.0738446
    0.339944     0.138548    -0.235418    0.0235257    -0.119497    -0.382946    -0.218185    -0.163094     0.479906    -0.145218     0.235333     0.446066     0.121557    -0.179739    0.0653015     0.100103    0.0933342     -0.29866     0.517655     0.329279    -0.223159     0.629911     0.211449   -0.0557512     0.435555   -0.0774644     0.527912       0.2194   -0.0749746    -0.172767     -0.26636    -0.124361
   -0.211324 -0.000842726     0.204238   -0.0415056     0.330814     0.187407     0.234645    -0.147776    -0.152407    -0.152431     0.391529    -0.628302     0.355663     0.173869     0.118827    0.0476592   -0.0365491    -0.184103     0.141145    -0.222445     0.141557   -0.0730683     0.125446    -0.348409   -0.0102531    -0.467052     0.535101     0.456417    -0.102089    -0.503455     0.319072    -0.293552
    0.119504    -0.201126    -0.401033     0.115471    0.0669709    0.0799657    -0.453098    0.0627082    -0.348451     0.113202    -0.280625    0.0891185     0.176707     0.108263     0.415335  -0.00583634     0.437947     0.322794     0.235441     0.289777     0.213472    -0.141338    -0.498756    0.0644158     0.154233    0.0602169  -0.00802729     0.284392     0.180821     0.295587   -0.0391127     0.165558
   -0.186006   -0.0225407     -0.48387   -0.0836315    -0.497279    -0.217804    -0.152018    -0.190283    0.0772737   -0.0995396    -0.291649    -0.447408    0.0961124     -0.18458     0.176441    -0.132618    -0.370923    -0.304381     0.640733    -0.232322    0.0779965     0.151252    -0.197104     0.255726    -0.197908   -0.0350657     0.142214    0.0579183   -0.0729236    0.0178427     0.528816    -0.300467
 -0.00684047   -0.0701623     0.110281     0.375769     0.109321   -0.0642626    0.0889465     -0.29226     0.188749    -0.188829     0.951859    -0.032946    0.0374862    -0.198547    -0.221404     0.121024     0.141554   -0.0580508    -0.133271    -0.322633    -0.250463    -0.393349   -0.0848944    -0.380844    -0.113163    -0.259107    -0.544926    -0.131408    -0.124172    -0.412521     0.697013     0.103221
   0.0546097    -0.358596    -0.215634   -0.0486155    0.0659961    -0.205888    -0.101704    0.0529973     0.285514   -0.0290113   -0.0172683   -0.0277625   -0.0969282     0.242485    -0.213032     0.137835   -0.0299363     0.229118     0.372071     0.151567   -0.0295071   -0.0133335   -0.0648407    -0.288603   -0.0752096    -0.234468   -0.0185154    -0.122632    -0.289339  -0.00298172     0.216196    -0.233766
    0.304482    0.0423061   0.00939864    -0.128527    -0.071864     0.279759   -0.0114013     0.198718      0.32609     -0.14903     0.332505   0.00306496    -0.098026      -0.4805     0.289248     0.108694    -0.253718     0.454233   -0.0940353    0.0312196    -0.281464     -0.09882     0.145563   -0.0965273     0.280524    -0.122725    -0.141186    -0.178389    -0.243157     0.069396     0.324286    0.0983593
   -0.261296     0.111115   -0.0505467     0.112735    -0.270104     0.360605     0.266419    -0.215185   -0.0421812    -0.289027    -0.037307     -0.49324    0.0574134    -0.138136     0.342398     0.250109    -0.714227    -0.229455     0.468556    -0.262398     0.216494    0.0701519    -0.246486     0.589564     0.343362     0.676792     0.172317     0.129953    -0.149991    -0.189722     0.156138    -0.115009
   -0.279916     0.506468     0.218099    -0.467107   -0.0411931   0.00894673    0.0201505    -0.778591     0.141347    0.0405756     0.431385    -0.800353    -0.238794     0.642206     0.283098     0.101655     0.246015    -0.131842     0.257665     0.189771   -0.0263954     0.124729    -0.365263     0.064214     0.174996    0.0741928    0.0145594     0.644674    -0.129745    -0.216313    0.0527377    -0.364086
     0.41505      -0.1713    -0.178545     -0.10487    0.0303495     -0.21527     0.126295  -0.00487324    -0.222469   -0.0334746     0.171707     0.253589   -0.0862204     0.223206    -0.358989     0.010309    -0.162301     0.200225     0.252235    0.0416005     -0.47064    -0.461661    -0.234163    -0.354484    -0.263016     0.244082    -0.466295    -0.134943     0.138151    0.0148235     0.309604     0.108004
   -0.510452    0.0722194     0.241323     0.157319   -0.0870242     0.209635     0.138615     0.155838   -0.0161145    -0.336133     0.313825    -0.256428   -0.0331705    -0.245602    -0.216146    -0.411223    -0.173839    -0.680012    -0.314352    0.0137716     0.317101    0.0630098     0.263717     0.137802     0.270077     0.151032   -0.0993824    -0.386141    -0.231755     0.224437    -0.167632     0.100064
   -0.176125    -0.307512   -0.0696148   0.00906451     0.122476    -0.169251    -0.143309    -0.233299   -0.0539148    -0.189269     0.235865    -0.907554     0.344455     0.505863     0.130903   -0.0609938   -0.0421104     0.125219     0.080767    -0.507766    -0.275193      0.20296     0.219653    -0.464861    -0.208862    -0.202974     0.122567    -0.209902    -0.169239     0.199405    -0.261078    -0.428986
   -0.231919     0.107644   -0.0811023    -0.389633   -0.0197039    -0.294802     0.445128     0.319532     0.128872    -0.591911    -0.219206      0.24569    -0.582812     0.314586     0.192629    -0.182048    0.0740491    0.0106419     0.376934     0.431823   -0.0472428     0.535041    0.0119805   -0.0890029     0.118997    -0.309377    0.0984196   -0.0171176     0.228964   -0.0714613    -0.200061     0.329083
    0.417538    -0.468815    0.0459264    0.0790174    -0.209915    0.0350982     0.158741     0.139092      0.06343      0.35322     0.511268    -0.260813     0.128186   -0.0658743    -0.112481     0.124003    -0.323343      0.18186     0.292755    0.0892394   -0.0701899      0.04365     0.467324    -0.452027    -0.244999    0.0557082     0.188717    -0.233076     0.035557    -0.178402    -0.167769    -0.154875
   0.0607481    -0.342308     0.263963     0.122748    0.0479887    -0.119785     0.459361     0.222168    -0.189814  -0.00991472     0.073513  -0.00660502     0.197747    -0.464391    -0.195697     0.420059    -0.382079    0.0644012     0.137612     0.336236     0.483299     0.321171    -0.150665   0.00573711     0.372673     0.193947    0.0590317    -0.513217      0.29737     0.135716    -0.371173    -0.640531
   0.0895733      0.34918    0.0155797   -0.0133323     0.281244     0.347742   -0.0224892     0.427003     0.199842     0.277401      0.13057    -0.760536     0.444883    -0.331272    -0.299468     0.256549     -0.34626     0.013698    -0.110827    -0.227711     0.253008     0.142205    0.0734372     0.078451     0.482549   -0.0190206     0.326012    -0.212553   -0.0394599     0.334011      0.21695     0.127542
   -0.229915    -0.434019   -0.0482713     0.462272    0.0808746    -0.399535   -0.0993004     -0.30577   -0.0948496    -0.216488   -0.0236587     0.436513   -0.0864706     0.141041   -0.0388149    -0.229441    0.0991303    -0.446242     0.273057    -0.220639   -0.0551254    -0.255238    0.0500544     0.264375    -0.148027    -0.196033     0.389127    -0.280068   -0.0536872    -0.216827    0.0722675     0.055574
  -0.0107083   0.00620413     0.711672     0.223643    0.0831526     0.302251     0.013105    -0.210588    -0.212237    -0.169426     0.243438    0.0591214     0.353537    0.0278622     0.190234    0.0950399    -0.405982    0.0814475    -0.172594     0.157795    -0.351841    0.0974978   -0.0623182    0.0537479     0.329082    0.0896128   -0.0597885   -0.0373875    -0.178639    0.0933088    -0.222117    -0.157473
    0.017704    0.0961142   -0.0215867     0.431589    0.0820636   -0.0656976     0.607065     0.548586   -0.0488822    0.0655308   0.00801785    -0.294921     0.259414     0.108428      0.45248    0.0969937    -0.176871    -0.318478    -0.216889   -0.0665612    0.0360929     0.278599     0.247171     0.321303   -0.0211111      0.24889     0.342995   -0.0417024     0.142054    -0.482948    -0.419133   -0.0125638
   0.0358173    0.0500034     0.143868    -0.148528   -0.0184184    -0.314579     0.122315     0.312856     0.259622    -0.148408    -0.333082    -0.249332     0.536138     0.581984    -0.120533    0.0284764    0.0944305    -0.286799    0.0202312   -0.0926665     0.168404     0.449592    -0.391563    -0.193693    0.0837274    -0.293567       0.2992     0.157806     0.105057     0.525793    0.0262467    -0.509644
    0.375355   -0.0935652     0.345801     0.310142    -0.140185     0.125224    -0.245591    -0.368282    -0.028887    0.0629381     0.523836     0.320577     0.577614   -0.0157791    -0.582656    -0.235353    -0.004904     0.199049     0.557107    -0.439551    -0.210011     0.282038   -0.0886863   -0.0603652    -0.204627     0.172924     0.254722    -0.301061     0.147772     0.393011    -0.562676     0.146104
   -0.264238    -0.285248     0.174612    -0.318752     0.519609    -0.080504     0.174886     0.219736    -0.505079   0.00684228    -0.200152    -0.277101     0.400187     0.423047    0.0640442    -0.558053    0.0562769     0.560584     0.200537    -0.300265     0.264428    -0.270516    0.0514202    -0.308373    -0.240053     -0.36346    -0.161571   -0.0970483     0.119432     0.234399   -0.0891862    -0.707053
    0.243524    -0.197593    -0.216493    0.0627016    0.0981604    -0.187894    -0.566332    -0.430643    -0.142035    0.0377171     0.342389     0.404575     0.178541     0.241114    -0.387686    -0.493864   -0.0534163     0.198262     0.383609    -0.379231    -0.365037    -0.513103    -0.231605   -0.0488015   -0.0676173      0.44411   -0.0762612     0.135635    0.0715693     0.288368    -0.257473      0.17905
   -0.206872     0.151913    0.0776451     0.103942   -0.0349482    -0.200258     0.584176   -0.0747315    -0.303481     -0.31954      0.25469    0.0232043   -0.0159382     0.328162  -0.00400857    -0.347444   -0.0096373    -0.231789     0.223073   0.00964403    -0.121866     0.108757     0.591627     0.110683     0.184065     0.261506     0.212944   -0.0492687   -0.0039115    -0.103182    0.0245529     0.154755
    0.411294     0.176042   -0.0655522      0.28071    -0.237299    -0.160954    -0.230373    -0.039352     0.213729     0.312334   -0.0116764    0.0678055   0.00701043   -0.0771714     0.153402   -0.0967009    -0.270881    -0.703678     0.205562   -0.0074704     0.253045    0.0935288    0.0344004    -0.227304   -0.0332719     0.346365     0.178347     0.214745   -0.0545264    -0.273568     0.142945      0.31746
    0.353492    -0.350013    -0.569327    -0.631607   -0.0663457     0.124628      0.19499   -0.0710983     0.371649    -0.265853  -0.00100344  -0.00343068    0.0981754   -0.0495131     0.299188     0.610922    -0.021948   -0.0861813    -0.110677      0.18967    -0.215375    -0.171183     0.414041    0.0352475     0.169331    -0.324498    -0.125368   -0.0577353       -0.292     -0.69844    -0.452224     0.381825
   -0.153236     0.226572    -0.217337    -0.233864     0.121473    -0.236261     0.213973     0.120617    0.0821794     0.063136    -0.296963    -0.213618     0.106477   0.00304481    -0.113774   -0.0144507   -0.0620553    0.0111571    -0.246543    -0.264271     0.248271   0.00210235    0.0363986    0.0366805     0.282807    -0.296614    -0.266115    0.0117393     0.297844     0.110696     0.154468     -0.15782
   -0.193726     0.272359    0.0669052    -0.141434   -0.0213189    -0.178607     0.191432     -0.31555    -0.137966    0.0297527     0.199378    0.0435973    0.0898416     0.489338    -0.325676    -0.265923     0.352693    -0.600867   -0.0532149   -0.0499689     0.267244    0.0209491   -0.0387891      0.55922    0.0679704    -0.255326     0.111466    0.0615205   -0.0905172    -0.280531    -0.623673   -0.0855486
    0.408218      0.11364    -0.278156    -0.242854    -0.200714     0.371471    -0.162551    -0.024842     0.230914     0.454956     0.457902    -0.134947    -0.290954    -0.243858     0.250231     0.151268     -0.14729      0.33108    -0.182459     0.197476    0.0683582   -0.0792528     0.207843     0.192511     0.516206     -0.24835    -0.267047  -0.00488055     0.394622   -0.0998055     0.111373    -0.122139
  -0.0447363     0.594807    -0.039191    -0.338013    0.0111257     0.125869     0.424418    -0.210002  -0.00683557   -0.0620163     0.127118    0.0290389     0.485467   -0.0053996      0.40848   -0.0101137   -0.0325556    -0.221528     0.155424    0.0572549    -0.122331     0.226266    0.0933829    -0.067946     0.472566    -0.349346     0.248416   -0.0393669     0.391414    0.0626384     0.228491    -0.168004
  -0.0365661     0.224069    -0.268538     0.466157     0.225093    -0.134762     0.673588     0.144258    -0.533344   -0.0932802    0.0709996     0.369589    -0.172155    -0.282812     0.274661   -0.0433875    -0.286858    0.0488054    0.0611171     0.232065     0.353418    -0.339025    -0.181364   -0.0507799    -0.153476     -0.17637    0.0258019   -0.0931971    0.0496294     -0.21514   -0.0487065     0.323504
  0.00853286    0.0628685     0.385277    -0.325955    -0.373166  -0.00769705    -0.406235   -0.0763416     0.251141    -0.318877      0.50501    -0.235722   -0.0183636   -0.0348832    -0.205414    0.0703505     0.176747     0.629749    -0.460738    0.0287725    -0.332242   -0.0821208    0.0206559     0.171953     0.158635    -0.238428    -0.268005   -0.0337782    -0.157952     0.137971     0.268767   -0.0716455
   -0.197427    -0.104125     0.610629     0.220435     0.242396     -0.29523    0.0959283    -0.235046      -0.1713    -0.027512     0.153821    0.0974688     0.296378    0.0518525     0.226323   -0.0286453    -0.235933    -0.456094     0.236097    -0.324578    -0.311314    -0.297037    0.0470165     0.158979    -0.573239      0.24015     0.140604     0.390662    -0.135002   -0.0325234     0.305549     0.293982
   -0.137952     -0.54423      0.31733     0.535393     0.206723    -0.180825      0.39244    -0.238755    -0.452676     0.301676    0.0650643       0.7577     0.326206    0.0184871     0.169548   -0.0945741    -0.399634      0.34697    -0.315659    -0.279174   -0.0101193    -0.380649    -0.207912   -0.0588417    0.0107939      0.14278     0.375931   -0.0774795     0.237236     0.238083    -0.431588    -0.180587
    0.472293    -0.404328     0.114037    -0.893595    0.0217094     0.313694   -0.0246637      0.18301     0.101127      0.18603    -0.561601    -0.220572    0.0291053     0.359726   -0.0439893    -0.115173    -0.097725     0.759961   0.00584012     0.013162   0.00975182     0.152841   -0.0513084   -0.0370767      0.29061    -0.131293    -0.120015     0.196638   -0.0948632     0.321483    -0.249914   -0.0604857
   -0.122164   -0.0921498    -0.116899    -0.464796   -0.0335332    0.0996391      -0.3096   -0.0204898     0.236314     0.159218    -0.182485    -0.397332     0.166087     0.436316     0.415908  -0.00362364    -0.155905    -0.145921     0.601851    0.0339278    0.0748811     0.120907   -0.0718828     0.246818    -0.443643    -0.275208   -0.0373451     0.506347    -0.322924    -0.333059     0.439633     0.225513
   -0.368199   -0.0128087    -0.137815    -0.106685    -0.208186     0.139845    -0.516296    -0.035172   -0.0134041     0.142734     0.260827   -0.0772134     0.304178    0.0198455    -0.198695   -0.0426197    0.0563071  0.000673199   0.00170284    -0.503104    -0.145887    -0.175742   0.00801336     0.315922    -0.170763     0.329092     0.180945     0.298506    0.0956568   -0.0815625     0.197907   -0.0540059
    0.370669     0.185918    -0.156942     0.445595    0.0272095     0.228587    -0.087444     0.360194     -0.10175   -0.0677442     0.614249     0.261021    -0.245285    -0.502838     0.297945   -0.0336845     0.164698     -0.33099     -0.90889     0.490337    -0.245345    0.0882208     0.596879     0.409441     0.323055    -0.281609      0.12313     -0.57353    0.0360543   -0.0191164    -0.351588    0.0444488
    0.133167    0.0924694     0.221808     0.166274     0.401378     0.184775    -0.181245    0.0454167     0.446446    -0.145301     0.510343    -0.356509     0.315427     0.483694    -0.327312    -0.046409     0.464119     0.254579     0.225806    -0.209811    -0.758164    0.0787446     0.375541   -0.0928593    -0.511118    -0.532118    -0.099921   -0.0246587    0.0661842   -0.0248585   -0.0332683    -0.197939
    0.367003     0.234354    -0.307409     0.163744   -0.0689192    -0.122339    0.0555728     0.379091    -0.293861   -0.0624902   0.00776554     0.526302     0.116774   -0.0880173    0.0267432     0.162961    -0.134828     0.140218    0.0686603   0.00626495    -0.287276    -0.194578    0.0638612    -0.324688     0.428174    -0.340822    -0.410791    0.0530614     0.452826     0.240075    0.0174402     0.130615
   -0.118474    0.0145571    -0.368253     0.210699   -0.0876023    -0.526008    -0.159803    -0.287236   -0.0105398    -0.215807    -0.208088    -0.534897     0.381656     0.438529    -0.284723   -0.0657351      0.12697    -0.399992     0.281268     -0.34903    0.0891583    0.0846642    -0.267309     0.370765    -0.673747     0.163118     0.122093    -0.076243   -0.0820728    0.0402242   -0.0890898    -0.241696
     0.17929    -0.391044   -0.0645169     0.250487    -0.257343    -0.101982     -0.25812      0.49638     0.211107     0.244495    0.0378053    -0.028202    -0.183027    -0.165168    0.0754594    0.0075954    0.0963354    0.0535815     0.392229     0.449968   -0.0159995      0.16968     0.140097     0.147024     0.276044    -0.355877    -0.181332    -0.177216     0.458107  -0.00526762     0.208817    0.0993458
  -0.0133059    -0.174536     -0.26478    0.0669472    0.0277547     0.330335     0.413984    -0.163193       0.2075    -0.304859     0.169709     0.038672     0.510014     0.199002     0.291047     0.314068   -0.0626328     -0.15144    0.0203488   0.00845949    -0.321526     0.123324    0.0183748     0.290501     0.488646      0.08793     0.346603   0.00305334      0.56564   -0.0122548    -0.032116    0.0766395
