 -0.0882787     1.08844    0.933674   -0.375564  -0.0399641   -0.366961    0.493521    0.427221   -0.206623     0.56528   -0.339815    0.280506   -0.957565   -0.769817     0.21288   -0.374822   -0.563004    0.804773   -0.198953   -0.113669   -0.866272    0.193827   0.0452357   -0.340728    0.244128    0.273619   -0.054316    0.549302   -0.153822    0.111553    0.429027    0.613328
  -0.044168    -0.99346    0.116168   0.0318467     -1.2105    0.301109    0.673464    0.225669   -0.150849    0.119769   -0.127339    0.693021     1.04502   0.0950442   -0.113764    0.387344     1.06094    0.198191     1.43059    0.170822   -0.407448    0.171151    0.132234    0.540346     1.55216   -0.373172  -0.0225139    0.109912    0.354992    0.575399    0.189131      0.5643
   0.654372  -0.0217122    0.626351      0.3202    -1.08047   0.0410211    0.444625   -0.428658    0.814682   -0.711328  -0.0802399    0.106995   -0.591162    0.809103    0.240168   -0.282557    0.315744   -0.210118   -0.130176    -0.24072   -0.978758   -0.750538  0.00786966    0.225211    -1.15901    0.398579    0.512862   -0.445804    0.430298   -0.896272     1.07625   -0.334226
   0.571471    -1.42346    -0.22342   -0.450228     1.62148     2.97965     1.64144     1.00195    -3.15609    -1.79897    0.118326     0.52278   -0.424747   -0.509788    -1.97763     1.50672    0.261439    -2.03362     -1.8309     2.25248   -0.187253    0.227987   0.0445955     1.63302      2.7969    0.720819     2.49179     1.19261     2.17057     4.03667   -0.168184   -0.937101
-0.00357066   -0.360751   -0.337201   -0.327051   -0.602832    0.362584      -0.388  -0.0781579    0.636105   -0.579877   -0.191265    0.330992   -0.446981    0.636097   -0.634628  -0.0170705   -0.741698    0.170502   -0.779004   0.0211216    0.423197   -0.197199   -0.489822    0.164256    0.277569   -0.122786   -0.372481     0.41182   -0.232691    0.335866     1.08428    0.096561
 -0.0284488    -0.54015   0.0341502   -0.650673    0.328576   -0.812081    0.149827  -0.0228445     1.19258   -0.166752   -0.601453   0.0980648    0.310676    0.725967   -0.467573    0.467818    0.744915   -0.473391   -0.415044     0.10398   -0.718864     0.21335   -0.184868   0.0945262    -0.79288     -1.7325   -0.142119    0.258111     1.01928    0.648119    0.380744    0.695224
  0.0115653    -1.11829    0.143529   0.0678364     0.64674    0.386254   -0.265672   -0.317732   -0.160667   -0.680755    0.946605   -0.858562   -0.350606   -0.332227   -0.603021    0.690716   -0.611662   -0.754667   -0.365732    0.127483  -0.0048181     0.52762    0.162132   -0.206617    -1.10104    0.383259   0.0870808    0.663206   -0.251291    0.361482    0.430579   -0.394352
   -3.88666    0.237472     1.12068    0.408722     3.47594    0.394566   -0.312496   -0.390399  -0.0606838   -0.180923    -1.27219    -1.16245     2.80942   -0.631018    0.263915      1.1372      1.2369   -0.158862   -0.887045    -0.82683    -2.04389   -0.249807    0.388268    -2.49884    -1.19334    0.187883    0.603658    0.932359  -0.0640832     1.08734     1.41398     1.09005
   0.235607      1.9943     1.20796    0.517375    0.493372   -0.291313    -1.95083    0.978478  -0.0723706   -0.269634     1.40558     -1.5467   -0.275274     1.70581   -0.511162    0.990718   -0.858518     1.30034     1.72436    0.897244     1.98958     1.16862   -0.604745    0.228929     2.02461    0.209872  -0.0851197   -0.518466    -1.32867    0.133589    0.995199    0.335986
    2.57412     1.68844    -1.42492   -0.570322     2.61155    0.766786    0.209561   -0.821375    0.973625  -0.0727386     1.03852    0.190823    -1.00703   -0.667042     1.57398    -3.04583   -0.963909    0.755344     2.63292   -0.213943     2.43184    0.762771     1.64327     2.70314     -1.5251    -3.61815    0.270819   -0.175163    0.801907    -1.79652    -4.35291   -0.875901
   -2.05347  -0.0349885    0.959328   -0.317778    0.888605    0.459171    -0.36146    -1.13693     0.16141   -0.207974    0.139362   -0.298221    0.582493   0.0330108     -1.0854    0.547838     1.46425  -0.0500899    -1.07768   -0.841341   -0.606734    0.328173    0.413279   0.0398798    -1.32414   0.0651604    0.073112    0.336307    0.245205    -0.43364    0.553053   0.0785762
   0.797937   -0.244019    0.124917  -0.0769137    0.140477    0.202926    0.429735    0.449449     0.81946    0.278843   -0.344167   -0.334067    0.114592   -0.669286  0.00442369   -0.766796     1.35495  -0.0487287    0.437066   -0.469009    0.208823    0.442497    0.419979     1.00008     1.03871   -0.589156    0.715035   -0.146404   -0.789571    0.152207   -0.912823    0.351895
    1.19401   -0.768646   -0.423992   -0.390082    -1.09372   -0.325768   -0.108309   0.0553778   0.0857145  -0.0172234    0.371268   -0.681712    -0.83937   -0.319612     1.04381   -0.535018    -1.48477    -1.13749  0.00384815    -0.44238     1.04074    -1.25326    -1.00349     -1.0471    0.951678  -0.0636217     0.31654   -0.181653    0.670137   -0.246088   -0.882511   -0.232573
     4.3361  -0.0197223    -1.30266    -0.24087      1.4709    0.777747    0.897936     -2.2389    -1.40154   -0.400261    0.507622    -0.27846    0.713322  -0.0447259   -0.176828    -1.18317   -0.515533   -0.583225    0.439575    -1.15419     2.18245   -0.280096   -0.385188    0.982565     1.02334    -2.76098     1.69924    0.581805   -0.519424   -0.815087    -1.63162   -0.373833
   0.694885    0.386763   -0.640479     1.57831    -1.17784     -0.9732    -1.43166     0.48317     2.30257    0.416731    -1.22946     1.19288    -1.26652   -0.274382    0.777134    -1.30592    0.345479     2.59681     2.04962   -0.456935   -0.692018   -0.948524    0.218596    -2.36503   -0.965391   -0.422521   -0.383802    -1.21915    0.585483    -1.03257   -0.540107     1.80261
  -0.411018    0.501411    0.588146     1.07436     1.30064    0.690605    -0.73321    -1.01825     0.80871   -0.166179   -0.157632   -0.924834   0.0979889    -1.19215   0.0956468     0.99923   -0.214808   0.0116983    0.628871   -0.225807    0.128926     1.41708   -0.134453    -1.39942   -0.707806   -0.367809     0.88539     1.00319     2.26486   -0.155856     2.01232   -0.250539
   0.453043    0.643905    -1.11055     1.00926    -2.51277    -1.58105    -1.31363   0.0392348    0.956011    0.331296   -0.211853    -1.45937    -2.69307   -0.065012     1.10852   -0.617952    -3.18423     1.09419    0.618057  -0.0856731   -0.176982    0.491381    -2.74939   -0.123215     1.24561    0.931954    -1.15279    -1.73328    -1.18001    0.146824   0.0502855     1.39521
  -0.313981   -0.413187   -0.659599  -0.0593072    0.453119    0.259502    0.249194   -0.244535    0.254166    0.210671    -1.12114    0.362428   -0.390496   -0.400031   -0.426471    0.484905    0.108013    0.323661   -0.659359   0.0640214   -0.118528    0.122234   -0.625086   -0.641909    0.734114   0.0833621   -0.807646   -0.223233   -0.103228    0.451126    0.504376   -0.164035
    -0.2118    0.640801    0.243513   0.0662972   0.0720255   -0.560401   0.0643678   0.0672443   -0.201113   -0.102625   -0.272539     0.59782   -0.396825   -0.112844    0.263636   -0.705534    0.490664   0.0427273  -0.0492623    0.302503   -0.462262    0.338534   -0.507883   -0.400304   -0.104685    0.645886   -0.505656    0.305152   -0.229995    0.256494   -0.221158    0.369732
   -0.33195   -0.440659     1.69774   -0.726738    0.738891     3.04184     3.04214    0.406462   -0.591478   -0.449765     1.63698     1.84576      1.2891    -2.00286    -1.76233    0.748543      1.6172   -0.819805    -0.72214    -0.23181   -0.757649     1.46138    0.385778     1.13575    -2.92121    -1.94941     1.19047    0.835155     1.73968     1.26412     2.27487   -0.632421
    1.19154    -2.24278    -2.11657  -0.0163028    -3.07207    -1.29667    0.923092   0.0556629    0.431507   -0.693174   -0.925812    0.367997    -2.17722    0.497118    0.381678   -0.659803    0.071445    -1.58244    -1.84991   -0.415329    -1.86378      -1.105   -0.486805   -0.424268   -0.435531   -0.061106  -0.0443425   -0.634284    0.297642    0.685079   -0.219449   -0.363837
   0.322149   -0.598671    0.526289    -0.52001    0.110887    0.325983    0.269935   0.0919321    -0.20658    0.283709    0.803591    -1.01814   0.0506839   -0.682045   -0.165331    0.854681    0.582457   -0.669703    -1.25716   -0.916957   -0.142092  -0.0102029   -0.380608    0.713314   -0.792244   -0.371807     0.87455    0.143375    0.822447    0.855475    0.707256   -0.495916
   0.657486     1.62553    0.734466    0.465692   -0.967803    0.668799    -1.67702   -0.974736     1.47844     1.64815    -1.63029  -0.0877969    0.345532    0.187135     2.04206    -2.07483   -0.827606    -0.58077  -0.0913546   -0.278224    0.582754   -0.174923   -0.731418    -1.59046    -1.69545      0.3617    -1.46718    0.940282    0.652535    -2.35217    -1.47763     1.40149
  -0.964584  -0.0443024    0.972939   -0.185461  -0.0236968    0.221432    0.536884   -0.559151  -0.0625681   -0.616438    0.282114    -1.82517    0.987285    0.591692    0.211037     2.26113    0.293139   -0.801468   -0.715283    0.209216   0.0236147   -0.391895  -0.0301831   -0.628922    0.379536     2.47447    0.943986   0.0319074    -1.13703    0.625367     0.65279  -0.0498915
  -0.164014    -0.54022   -0.394298   -0.342137    0.180485  -0.0152906    0.760629    -1.12511   0.0990865    0.262748    0.237365     -1.0087    0.574715     1.10586    0.325079    0.195237    0.844667   -0.665877   -0.259222    0.317007  -0.0654566    0.240873   -0.661981   -0.558035   -0.688294   -0.500717    0.579801   -0.663226     1.62887    0.298104    0.326284   -0.990688
  0.0476582    0.474081    0.530361   -0.274454  -0.0606132    0.407006    0.342579    0.069013   -0.232953   0.0236488   -0.446624     0.14253   -0.100779    0.122143    0.127924     0.54888    0.205704    0.152028   -0.327942   -0.174485  -0.0792533   -0.116538    0.625678    0.139412    0.561861    0.252156    0.311637   0.0403877    0.479558    0.412777   -0.499877   -0.709266
 -0.0645366    0.687582    0.795055   -0.556072     1.36771   0.0222755   -0.334612   -0.642268   -0.773932   -0.688571   -0.440897   -0.747752     0.24751   -0.475434    0.222084    0.715926    0.270082   -0.578235    0.643606   -0.922031  -0.0634776   -0.543819    0.104805   -0.645278   -0.573782    0.977291   0.0188847    0.708159    0.063465   -0.700122   -0.819533    0.520107
  -0.724941    0.348331   0.0498224    0.396297    -3.81394   -0.743094  -0.0839198   -0.248976    0.317766   -0.836622     1.17457     -0.8732   -0.502617       0.392   -0.884354     1.85692    0.624884   -0.615993    -4.33764    0.301646    -1.54299   -0.717914   -0.657386    -2.17774    -2.42438     1.55506    0.305629   -0.331089    -1.44651   -0.152597     2.66018     1.87749
   0.753362   0.0101198    0.216144   -0.720467   -0.654618    0.142224  -0.0181523      1.0719    0.118284    0.542471     1.91645    0.254529    0.686427    -1.00342     1.03249   -0.541436    0.934633   -0.715142    0.292436    -0.83136    -1.10531   -0.661354    0.401116     -0.5185   -0.998317    0.755554    0.199843    0.576744    0.212723     0.11489   -0.273227   -0.394102
   0.421671    -1.00213     1.02037   -0.474103    -0.10796    0.887814     1.43214    -1.26113   -0.256483   0.0702733     1.64817   0.0909773    0.428899   -0.326343   -0.237246  -0.0510383    0.535959      -1.165    -1.12145   -0.458793  -0.0606507    0.216738   -0.241105    0.868158   0.0816544    0.210673     1.41862    0.653731     2.45717   -0.454371     0.70131    -1.80406
  -0.899596   -0.307885    0.159323    0.522922     0.10743   -0.165752   -0.123162   -0.464461     1.17558    0.379138   -0.117761    0.861604    0.142476   -0.217242   -0.571029    0.578834  -0.0265687   -0.140727    0.605687    0.648349   -0.383906     1.00684   -0.700639    0.214586   0.0337281   -0.726379    0.959013  0.00115234   -0.399097     0.67386   -0.199225   -0.435103
   0.209887   -0.657232   -0.764121   -0.203189     0.77064 0.000783133   -0.297306    0.073672   -0.438322    0.257927     -1.5911     1.56632   0.0790935   0.0180961   -0.659462   -0.502489    0.242403    0.952148     0.97924    0.175542    0.724835   -0.445442     1.61648  -0.0702568     1.52386   -0.949815    -1.36528    0.732709   0.0862805   -0.760179   -0.400738   -0.350524
