    0.045227
   -0.733526
   -0.181993
     2.02295
    0.149226
   -0.463378
   -0.263645
    -1.34973
    0.933579
   -0.102039
   -0.496578
  -0.0432274
   -0.739713
   -0.941792
    -1.55406
    -0.68555
    0.287519
   -0.541584
    0.149957
   -0.408659
   -0.320034
    -0.34087
    0.361016
   -0.189373
    0.185329
  -0.0603036
   -0.927194
   -0.434678
   -0.128767
   -0.135851
   -0.437635
    0.663044
    -2.09686
    0.380059
   -0.200027
    0.465093
    0.669122
   -0.377872
   -0.275759
    -1.03484
   -0.193035
   -0.522458
    0.210209
   -0.386886
      0.1815
    -1.49894
    0.231806
   -0.264434
   -0.779468
    -0.12447
    0.312199
    0.210539
    -0.13933
    0.010485
   -0.179911
   -0.136373
   -0.809099
   -0.781885
   -0.522692
   -0.103546
    0.676713
     0.16482
   -0.978155
      1.5678
   -0.180058
   -0.279531
   0.0626197
   -0.165834
    0.030153
   -0.123359
   -0.120442
    0.143524
   0.0288617
    0.275619
    -1.39307
     -1.8066
   -0.604501
    -0.15369
   -0.459727
   0.0219391
   -0.828704
   -0.207757
   -0.206112
    -0.12736
    -3.48697
   -0.411421
   -0.394424
    0.121784
    0.257879
  0.00215265
    -1.61221
   0.0246913
    0.155386
    0.766703
  -0.0923511
   0.0308301
    0.160011
    0.770999
    0.303195
    0.394557
   -0.309221
    0.676587
     0.69354
     1.15251
    0.158497
    0.143733
   -0.301211
    -0.33145
    0.356278
    0.108924
    -0.30967
   -0.263784
   -0.553156
   -0.764049
    0.443263
    0.309669
   -0.543787
      0.2816
      0.2752
    0.108037
   -0.520341
-0.000166802
   -0.126989
   -0.739686
    0.134558
    0.294951
   -0.887133
   -0.646344
