   -0.189926     0.339773     0.171915    -0.204471    0.0944129    -0.332284    -0.429927    -0.122904     0.180433    -0.261799    -0.142339    -0.115947     0.071458    -0.197792    0.0419956      -0.5044     0.132832     0.295092    0.0997767    -0.575791     0.452841    -0.493981      0.16849    -0.978677    -0.167106    -0.191009     0.133698     0.385929     -0.17912    -0.621769    0.0966469    -0.189884
    0.434256    -0.207029     0.240487    -0.416447    -0.813716     0.707494     0.341713    -0.112794     0.181591    -0.410832     0.723342     -0.10268     0.302731    -0.407434     0.318129    -0.328183   -0.0239534    -0.317512    -0.210977     0.373745    -0.265425    0.0734367    -0.583625     0.795759    -0.467729    -0.153036    0.0558147   -0.0923304    -0.649449     0.227601     0.398752    -0.462059
    0.292953     -0.15161    -0.277205      0.28966   -0.0330603  -0.00586716     0.326335     0.070353     0.437225     0.169636    -0.305348     0.163009   -0.0338513    0.0602733    -0.245746     -0.59845     0.525373    0.0330367     0.439649     0.045656    0.0576115    0.0212373     0.802218     0.535411   -0.0883513    -0.177713     0.205347     0.229089    -0.125351    -0.351953    -0.271365     0.826866
   -0.450484     0.221067     0.295613    -0.228174    0.0524802    -0.196878     -0.17379   0.00542129      0.61377    -0.191727   -0.0538087    -0.158363     0.175624   -0.0255182    -0.151763    0.0361598   -0.0270501     0.299936     0.100777    -0.488076      0.11149   -0.0749002    -0.346849   0.00816127     0.181034      0.47089  -0.00658729    0.0628625    -0.117181    -0.471561    -0.181301    -0.414195
    -0.14918     -0.27471    -0.739241     0.120494    -0.419915     0.292359     0.447232    -0.235563     0.244909     0.513098    -0.759776     0.472088    -0.234889     0.478165     0.289555     0.645155    0.0276407    -0.514881    -0.069987     0.333133     -1.46119   -0.0541173  -0.00186761     0.228089     0.629061     0.128857    -0.727458    -0.220913     0.235263     0.780717    -0.157945     0.332768
   0.0234745     0.436278   -0.0235776      0.21034    -0.431061     0.161383    0.0009256    -0.165895     0.342451   -0.0438816     0.351212    -0.401408     0.299523      0.38691     0.518786     0.941519     0.491848    -0.753646     0.300245     0.210352     0.633542    -0.523437    -0.516481    0.0493556   -0.0106078    -0.308308     0.355409   -0.0663552     0.118955     0.179675    -0.242598    -0.481336
    0.244037  -0.00189815    -0.370011     0.407974     -1.78152     0.332715     0.185798   -0.0514787    -0.594977    -0.666781    -0.330846    -0.980082    -0.315724    -0.631638     0.872126     0.657128     0.571714     -0.82622    -0.588522     0.472623    0.0537829    -0.402914    -0.537345    -0.207302     -1.98381     0.794917     0.508223    -0.395054     -1.69528     0.343434     0.977802     0.237748
    0.139353     0.305219   -0.0295574    0.0595267    -0.615814     -0.67508   -0.0813953    -0.646764     0.173004   -0.0134415    0.0049232    -0.284582    -0.241928    -0.105965     0.375023    -0.307646     0.377631     0.183757     0.265133    -0.244408     0.379404   -0.0512387     0.109846     0.271166      0.33306     0.429163    -0.137553 -0.000555533    -0.118143    -0.224104    -0.222714   -0.0430024
    0.174935     0.771357     0.470166    -0.442571    -0.633865   -0.0552386     0.240255    0.0995606      0.32211     0.716389    -0.329134     0.161478   0.00195043    -0.408797     0.106487      0.21183     0.672202    -0.374212     0.558012     0.527258   -0.0995851      0.57573     0.629798   -0.0687137     0.440716     0.556055      -0.4901    -0.132916      1.21755    -0.187777   -0.0125609    -0.446605
     0.11917     0.114512    -0.412521     0.491633     0.356872    0.0371535     -0.46502     0.677996     0.116989     0.265334     0.621955   -0.0354961    0.0817618    0.0387116    -0.400726     0.061197    -0.248445   -0.0148944     0.754502    -0.124683     0.193182    0.0671036    -0.267354     0.505062     0.275084   -0.0136569     0.795678    -0.412848    -0.106887    -0.460847    -0.020238    0.0182392
    0.148799     0.158092     -0.73556      0.37292    -0.356095   0.00564065     0.312581     0.432267    -0.056275    0.0633659      0.43167     0.738989    -0.661294   -0.0768592    -0.231934    -0.704225     0.265685     0.328813     0.255105    0.0559449  0.000154391     0.192918     0.224256    0.0710831     0.206961    -0.571035    -0.377612     0.502997     0.732438     0.368488     0.333687      0.86355
  -0.0895469    0.0454714     -0.57179    -0.199085   0.00031326    -0.335222   -0.0932939    -0.215125   -0.0648379     0.279847    -0.427283     0.291656    0.0166287     0.367701     0.228548    -0.348482     0.182767     0.379307    -0.327101    0.0956275     0.240604    0.0608519     0.277207    -0.077273   -0.0201496    -0.102771    -0.380377    -0.511233   0.00747883     0.193921   -0.0702383    -0.106607
    0.154173     0.476456      0.20465    -0.232427    -0.255816    -0.451649    -0.292335    -0.325841   -0.0719455     0.142023   -0.0475956      0.17885   -0.0719952     0.213864      0.61012     0.162239    -0.309431    -0.248936     0.164051    -0.317793     0.412661     0.116301    -0.192725    -0.369617     0.569664     0.283748   -0.0216813     0.140712     0.331619     0.174059     0.214083     0.250323
    0.269312    -0.452962     0.561598     0.275823     0.146681     0.122147     0.655577     0.128595   -0.0424676   -0.0839217    -0.189519    -0.160502     0.650461     0.265139    -0.354107     0.423336    0.0753424    0.0959592     0.303504     -0.13354    -0.300222     0.452563    -0.231524     0.430752   -0.0523824     0.220813     0.221527    0.0094789     0.154957     0.254842    0.0381923     0.218467
   0.0849221     -0.23946    -0.194695     0.346006     -0.36868   -0.0863217    -0.001539     0.700738    -0.124677   -0.0540776    -0.280576 -0.000695111   -0.0778703    -0.121696    0.0188422     0.103759    -0.266561     0.162525      0.36884     0.107585    -0.202556     0.144825     0.211778     0.421156     0.186244     0.334282    -0.023651    -0.124038   0.00503741     0.301942    -0.385961     0.322765
    0.712835    -0.711915    -0.104218    -0.138848     0.149607     0.374494 -0.000179499     0.509285     0.633244    -0.172095     0.607039   -0.0901042    -0.648659   -0.0471988       0.3387   -0.0427295      0.68642      1.40083     0.959885   -0.0705173    -0.601088     0.314466   -0.0355021     0.287651   -0.0371996     0.124525     0.638511     0.281928      1.04173     -0.54165     -0.47267    0.0724468
    0.658572    -0.715353    -0.700408     0.395566     0.434872     0.659444    -0.392603    0.0119979     -0.77589    -0.248697     0.747401    -0.691635      1.21297     -0.15205    -0.192088   -0.0385785     0.334656    0.0101625   -0.0610262     -1.07992    -0.158682   -0.0174281    -0.116419     0.662506     0.198007    -0.318327       1.2496     0.256584   -0.0889259    -0.642457    -0.506694    -0.146273
   -0.433862     0.395028    -0.238989    -0.421926      0.22347     -0.50556    -0.220878    -0.283253     0.207357    -0.134273     0.367425     0.137822    -0.353424   -0.0551479   -0.0130505     0.484091    -0.268464     0.114204    -0.126461    -0.541461   0.00995332    -0.238499    -0.192572    -0.727416    0.0307968   -0.0434865    -0.270577   -0.0230467     0.174539     0.106079     0.614884    -0.457594
    0.946734    -0.350255    -0.136516   -0.0804084   -0.0337705     0.327603     0.121265     0.274306    -0.743038    -0.429028     0.208165   -0.0479176     0.256366    -0.655577    -0.205396     0.904633     0.718818   -0.0618151    0.0674707     -0.28924    0.0714603    -0.777094   -0.0374754     0.373905    -0.206071   0.00801474      0.77587     0.284141 -0.000232257    -0.493506    -0.513549     -0.62205
   -0.134483      0.21982   -0.0361004    -0.401801    0.0519831     -0.54735     0.226932    -0.190674     0.591134    0.0524354   -0.0441393     0.278047    -0.217754    -0.348498    -0.269541    -0.278071     0.353703     0.584882    -0.172403    -0.370284     0.486682    -0.477324    -0.131434     0.362402     0.049398   -0.0724011   -0.0714369     -0.37643    -0.118031    -0.168311     0.230162   -0.0429337
    0.112736     -0.07929    0.0380279    0.0835257     0.863139     0.150061     0.703508   -0.0161131     0.412289     0.123439    -0.407668     -0.21797     0.149109    0.0734925    -0.355813    -0.680505     0.145601     -0.45748    -0.120192    0.0735122     0.195749     -0.27218     0.515252     0.173847   -0.0899078   -0.0984769     0.252469    -0.509186      0.34176    0.0198672    0.0377547    -0.355101
   -0.162886     0.538683     0.467923   -0.0702108     0.292643     0.130803     0.534388      1.23982    -0.162359     0.761207    -0.381608    -0.199327     0.392093    0.0441899   -0.0116188     0.322491     0.336072     -0.21471    -0.447667    -0.244599    -0.329077    -0.337138    -0.409903     0.023789     0.203826      0.98558    0.0857495    -0.324909   -0.0505447     0.363969    0.0422221     -1.41238
    0.666503    -0.593313    -0.332018  -0.00223643     0.103286    -0.438444    -0.882302       0.2265    -0.351089    -0.134303     0.473075     -1.41902     -0.21676     0.464103   -0.0706108     0.416852     0.404931     0.548885     0.342822    -0.250981     0.197474     0.134764    -0.438627     0.908013      1.33312    -0.153746    0.0988403    -0.287227     0.898513    -0.430428    -0.253253     0.580442
   0.0150353    -0.548128    -0.299305     0.101271     0.146834    -0.571581      1.51231     0.901021     0.083611    -0.154019     0.532542    -0.532715     0.217283    0.0721616    -0.375482    -0.121884     0.172485    -0.156939    -0.301656     0.102068   -0.0579037     -0.20521    -0.710001    -0.365707    -0.881797    -0.693698     0.329091     0.464573  -0.00743477     0.841995     0.615504    -0.137474
   -0.153616     0.221909      0.33156    -0.546206     -0.29676    -0.549404     -0.41689     0.358443    0.0107251    -0.242578     0.274061    -0.634704    -0.187191    0.0733019    -0.335089     0.102478     -0.37915     0.223078     0.154505     0.350374  -0.00223033    -0.403492    0.0179732     0.462871     0.488935     0.299757     0.209521    -0.578987    -0.421437    -0.502475     0.086496    -0.273892
   0.0754904    -0.689642    -0.758991     0.497827    -0.420318    -0.347183   -0.0483725     0.324775    -0.340255    -0.267052    -0.136219     -0.30837    -0.654329     0.513461    -0.462802   -0.0269369     -1.23075     0.112755     -0.36249     0.926278     0.396417   -0.0185051   -0.0694338    0.0791349    -0.451171     0.316528    -0.230548     0.719523    -0.322884     0.859899     0.799412     0.876769
    0.243616   -0.0308756   -0.0758509     0.115766     0.352515    -0.475891    -0.286444     0.194107     0.106659    -0.747967     0.230742     0.531863    -0.182572   -0.0847805     0.266653    0.0271084      0.68402    -0.389824    -0.143527    -0.192915     0.387607    -0.300897    0.0323197    -0.356127     -0.59814    -0.622633     0.306722     0.524241    0.0432906    -0.444599     0.304731    0.0725716
   0.0229108     0.568056     0.503754     0.502276   -0.0301915    -0.174059    0.0897386     0.517474   -0.0542841    -0.178551     0.513193    -0.225446     0.109205    -0.448322    -0.147453     0.245716     0.195311    0.0326923     0.505444      0.59218    -0.296139  -0.00662618    -0.200875     0.436227    -0.297248     0.604552    0.0946044    -0.147317    -0.329626    0.0198695    -0.415055     0.144375
    0.264276    -0.077857     -1.01037     0.202698    0.0950283     0.127153     0.276108      1.55009    -0.666196   -0.0231001    -0.750463    0.0486419    -0.881109    -0.462004     0.607042    -0.605102    -0.597276    -0.857746    -0.629169    -0.697278     0.351778    -0.193567     0.900997    -0.558807    -0.224108    -0.423025    -0.685726     0.355117   0.00782612     0.711498     0.797102     0.831638
    0.496864     0.088566    -0.198381      0.17842     0.357143     -0.45898    0.0800977    -0.403625    -0.311633     0.173848    -0.848287    -0.322706   0.00766374     0.370265    -0.146328    -0.231653     0.509211     0.578723     0.476955  -0.00562956     0.479576     0.399122     0.019459    -0.337951    -0.353803     0.639608    -0.383237    -0.185481     0.388341    -0.532468    -0.175318     0.365256
    -1.07258   -0.0461635    -0.539298     0.224536     0.325625    -0.245097    -0.784283     0.967488    0.0692515    0.0106405     -0.26523     -0.29976     0.172241    -0.188832     0.018566     0.407696    -0.540513    -0.415506    0.0303462      -0.3705   0.00343906     0.106819   -0.0457875     -1.05415     0.357153      0.46933    -0.189875    -0.146569    -0.180415    0.0880588     0.455037     0.225856
    0.643361     0.352494    -0.286014     0.394201    -0.531059     0.313796     0.119317      0.21921     0.289896    -0.240834    0.0342875     0.171227   -0.0367896     0.731543     0.144468    -0.196731    0.0100037     0.179892     0.385691     0.536845     0.230838    -0.685145     0.545988     0.308778    -0.658908    -0.163397    -0.393871    -0.289548    -0.307075  -0.00362003    -0.354462    0.0106067
   -0.129172    -0.131535     0.419349      1.25779    -0.107022     0.227604      1.02496     -0.09383     0.103129     0.106925     0.533462    -0.437563     0.141693    -0.117395     0.554898       1.0618    -0.169347   -0.0281701     0.461583     0.284064      0.61058    -0.539861     0.151001     -0.68289     0.227901    -0.448662   -0.0624862     0.310901    -0.245262   -0.0497916    -0.165144     -0.28518
    -0.20114    -0.599221    -0.400209     0.191566    -0.681964     0.517276    -0.252495     0.469218   -0.0546912    -0.343674    0.0567449     0.835406    -0.238294    -0.196355     0.212933     0.513301    -0.214701    -0.505162    -0.231863   -0.0557925    -0.459112    0.0380589    0.0991464    -0.613914     0.526032     0.321739    0.0359887      0.32508     0.243518     0.525149     0.159073     0.257341
     0.33327    -0.970226    -0.339854     0.415389     -1.20417    -0.301466   -0.0988578    -0.221507     0.396913     0.475823    -0.306955    -0.638355    -0.484879     0.248906    -0.900882    -0.367611    -0.181703    -0.492817    -0.719927    -0.202392     -1.30259     -0.11326     0.231448     0.539633    -0.395527     0.148324    -0.154416    0.0970966     -0.24547    -0.598135    -0.110822     0.473332
    0.266493      0.31468    -0.610916    -0.387747      0.20344    -0.169934     0.301835    -0.776216     0.419384     0.334621    -0.191967    -0.102826     -0.10142 -0.000776595   -0.0612071    -0.539348     0.207042     0.259951     0.434217    0.0208251     0.621043    -0.333236  -0.00137134     0.675699     0.127713    -0.278926     0.343684    -0.307924    0.0704231    -0.435617    -0.895566     0.282157
    0.376604    -0.424291    -0.248576     0.162782   -0.0717967   -0.0282623    -0.107141     0.497338     -0.37796   -0.0114816    -0.511246    -0.165038     0.541693    -0.337888     0.126183     0.105667    -0.196441    -0.218282     0.156294    -0.647621      0.19214    -0.370093     0.375906    -0.145458    0.0276931    0.0077093    -0.372485      0.62675    0.0957396     0.201118    -0.170699     0.244233
   -0.093336   -0.0923725    -0.312452    -0.180376     0.194729    -0.760061    0.0773432     0.185844    0.0385298    -0.431542    0.0778277    0.0523672    -0.128108    -0.262937    -0.179219     0.113114    -0.246597    -0.124876    -0.647702     0.194016     0.311207    -0.140742    0.0833461    -0.183515    -0.227379      0.19138     0.278469    -0.286327   0.00509318   -0.0102855     0.090322    -0.350459
    0.125036     -0.15164     0.451607     0.381087     0.143146     0.296548     0.188505     0.742035     0.479089    -0.437019     0.261777     0.366498     0.357351    -0.369082    -0.198998    -0.140024   -0.0974796     0.127625    -0.147518     0.229982     0.131558   -0.0578449     0.145862     0.403248   -0.0257016    -0.346227     0.145242    -0.380681    -0.284483    -0.524666     0.126246   -0.0286189
   -0.428961    -0.629431    -0.581592   0.00385989     0.172681   -0.0470059     0.141969    -0.324004     0.292163   0.00903272    -0.312267   -0.0714175    0.0756504     0.111288    -0.922097     0.230374   -0.0376912     0.376701     0.226338   -0.0329575    -0.214254     0.489109     -1.15405  -0.00923866     0.525288    -0.330908     0.328492    -0.484194    -0.446086     0.384521    -0.344215      1.32812
     1.29896    -0.182802    -0.321629      0.52316    -0.657363     0.246794    -0.648046   -0.0441995     0.356704   -0.0916391     0.222672     0.817459   -0.0700032    0.0663849     0.154193   -0.0205895     0.546834     0.110845     0.523404      0.23735    -0.222038     0.189494     0.245644    -0.610434    -0.266504    -0.591385    -0.177281  -0.00683155    -0.806255    -0.503517    -0.810327     0.401456
   0.0564853    -0.235241  -0.00895294     0.362409     0.198799     -0.17056     0.220143    -0.104516    -0.533978     0.312288     0.585688    0.0143769     0.212182    0.0879176     0.252996    -0.342289     0.250675    -0.776259     0.172106     0.022137    -0.374804       0.4311    -0.455043     0.239893     0.360084    -0.297504      0.52124     0.365017    -0.019101      0.43227     0.270882    -0.176703
    0.274019     0.101882    -0.117444     0.448596    0.0641509   -0.0320973    -0.053215    0.0642398    0.0366808    -0.167307    -0.439549    0.0898723    -0.170353     -0.13527     0.015096    -0.394337    -0.149078     0.117119     0.227283     0.220242    -0.155845   -0.0293735    -0.309191     -0.42798     0.313807    -0.253576    0.0768029     0.284957   -0.0200575    -0.379609    -0.235128     0.387038
   -0.303633     -0.52759     0.428477    -0.626255     0.533114     0.578434     0.741865     -0.13164     0.287109      1.03898     0.827294     0.848993     0.386946     0.197587     0.171786    -0.185766     0.465194    -0.924575    -0.722585   -0.0035135     -0.38231     0.392226      0.79042     0.052372    -0.615926     -1.21378   -0.0401518     -1.26607     0.129296      0.69213    -0.416753    -0.216831
    0.228224    -0.491341     0.625956    -0.411363     0.261472     0.101217     0.165882     0.210668     0.916567    0.0992901      0.45188    -0.221444     0.387601     -0.31068     0.146036     0.606734 -0.000483811     0.261272     0.956432    -0.107525  -0.00793809    -0.398214 -0.000369825     0.153397    -0.193514    -0.638631     0.109299      0.39892    -0.752476    -0.246383    -0.396557     0.325811
     1.16846    -0.886919     0.311829   -0.0792182     0.331723  -0.00261619     0.742108     0.827417    -0.967813     0.329153      0.76641    -0.245888   -0.0566086      0.36737     0.091034    -0.051291      1.22594     0.281056     0.258482     0.061514     0.107743    0.0933532     0.686456     0.453275    -0.518023    -0.096376   -0.0762514    -0.122515     0.222799     0.243772     0.572793     -1.18083
   -0.233206   0.00429553    -0.125999    -0.280791     0.257429    -0.581066     0.405326     0.254907     0.292748    -0.113756     0.360488    -0.263022     0.227918   -0.0686712    -0.193549    0.0685159    0.0931436    -0.203529     0.107119    -0.300893    -0.303292    -0.296113   -0.0630851     0.614572    -0.303965    -0.165633     0.480342     0.122505     0.315241    -0.092371     0.628317    -0.766569
   -0.643592    -0.101372     0.104159    0.0992081      1.28811    -0.191933   -0.0120062      1.46526    0.0872251     0.090234    -0.484474     0.207272     0.634887    0.0425065   -0.0399287     0.728936    -0.317364     0.071266     0.312799    -0.189716     0.631228     0.341622    -0.549178     -1.10008      0.47895     0.463423    -0.220579    -0.798371     -0.31482     0.247758     0.208635      0.62036
   -0.427332   -0.0621798    -0.390516    0.0879782    -0.117088     0.156243    -0.316288     0.178328    -0.101221     0.254125    -0.139082     0.371227     0.358108   -0.0317245    -0.645475     0.605683    -0.159955    -0.549413    0.0691733    -0.779263     0.694633     0.153291    -0.516043     -1.23989     0.735218    -0.585418     0.139866     -0.64244   -0.0404716     0.447654     0.499457    -0.715384
    0.225513      0.35984     0.558736    -0.226421   0.00306239     0.233124     0.500007   -0.0246434     0.171428    -0.263388    -0.172053    -0.222566   -0.0409362    -0.372426     0.278918     0.148581    0.0148104    0.0340455   -0.0386181     0.283099    -0.274239      -0.3509     0.414453    -0.141781    -0.853464    -0.854871     -0.34441     -0.01663    -0.168723     0.144315     0.303531    -0.174877
    0.566356   -0.0540063     0.362051    -0.113925     0.594401     0.123118     0.777113    0.0655908    0.0408622     0.178473      0.60458     0.270972    0.0955533    0.0469955    -0.512785      0.31565    -0.552108   -0.0482798   -0.0830861     0.216169    0.0052959    -0.127575   -0.0814294    -0.361301      -0.4493      0.23768     0.155324    -0.204566    -0.458378     0.606511    -0.274854    -0.655005
   -0.271574    -0.297529    0.0644709     0.567572     0.319005    -0.755151     0.414435   -0.0622952     0.198888     0.463297    0.0409289    -0.250746     0.395838     0.242516    -0.156046     0.220355     0.725712     0.188432    -0.469996     0.011877     0.458672    -0.139292       0.3833     0.448406   0.00667541    -0.298954     0.486245    -0.019082   -0.0774629    0.0227228    0.0541232   -0.0126932
    0.659211     0.107753     0.472199    -0.122375    0.0366735     0.130142    -0.230556    -0.131564    -0.494756    0.0669118     0.711215    -0.102539     0.644837     0.290954     0.268455      0.24654    -0.628932     0.192712     0.774681     0.592697    -0.389918     0.805486   -0.0579786     0.207123    -0.346396     0.307521    -0.352159     0.335207     0.103674    0.0430232    -0.346852     0.521094
    0.287358    -0.174975    0.0118222    -0.822734    -0.759396     0.464479     0.463983     0.667299   -0.0429164  -0.00386631     0.431305     0.347353    0.0160991    0.0126702     -0.28813     0.298055    -0.105559    -0.561894     0.213126     -0.43986     -0.71595   -0.0040881    -0.222767     0.269639     0.257271     0.387991    -0.369051    -0.142139    -0.233333    0.0168241    -0.428169    0.0734857
   -0.274697    -0.257077    -0.282745    0.0280067     0.517114     0.490131     0.387308    -0.244683     0.513932     -0.13841    -0.499506     0.828641    0.0285041     0.243628     -0.46091    -0.200279    -0.202103      0.55583    -0.537713    0.0916312     0.354382     0.277592     0.237575      0.57615    -0.142438    -0.166306     0.416794     0.527715    0.0890283     0.483138    -0.361362     0.239722
  -0.0556439    -0.392053   -0.0341336     0.522605     0.104953   -0.0162331     0.284687      -0.2726      0.12116    -0.141051    -0.354083     0.102453   -0.0815447    0.0814151     0.277685     0.029036    -0.605692     -0.11112    -0.409498     0.166824   -0.0554953   -0.0015272    -0.355531   -0.0983877   -0.0388175     0.223486    -0.125865     0.264057     0.961175    -0.151051     0.235684     0.359208
    -0.62387    -0.203879     0.726423    -0.368306     0.600964    -0.255152    -0.265435    -0.280211     0.325638     0.892702     0.330793     0.451071 -0.000296878    -0.130136   -0.0298707    0.0883426     0.300746     0.374967    0.0740017    0.0828445    -0.325642    -0.112846     0.313294    -0.397174    -0.358225    -0.186153    0.0690042    -0.271747     0.134798   -0.0509196     0.613678    -0.307574
    0.546276    -0.523708    -0.155477    -0.157575      -0.3621    -0.433559      -1.1108     0.291722     0.450559     0.172945    -0.456093     0.367685     0.199347     0.379477    -0.365853     0.167889    -0.740796    -0.498685     0.184558     0.133634     0.131089     0.359014   -0.0565867   -0.0338597    -0.464662   0.00786008     0.589432    -0.491294     0.158991    -0.118148    -0.166523     0.561688
   -0.479323    -0.666531     0.165388    -0.081026    -0.068932 -0.000661561    0.0568121    -0.124067    -0.154243     0.276661     0.355688    -0.303519     0.202928     0.374382    -0.502986     0.490163    -0.228148     0.233229   -0.0223991     0.199905    -0.440773     0.252696    -0.404684    -0.118498    -0.169969     0.224683    -0.416141    -0.631883     0.185867      0.12781   -0.0634492    0.0261964
    0.150267     0.409847    -0.225039   -0.0912907   -0.0399954    -0.992312    -0.373418     0.293174     -0.41407     -0.44746    0.0309709    -0.148857    0.0302353    -0.333827     0.535126    -0.317462     0.796473  -0.00443005     0.491931     0.374688    -0.136839    -0.181175    0.0909755    -0.322565    -0.374808     0.529491     0.471454     0.139588     0.306049    -0.461935    -0.888519    -0.048716
     0.24596     0.434541     0.069885    -0.180006     0.152616     0.268385     0.756165     0.604309     0.748069    -0.585847    -0.290281   -0.0400271    -0.163663     0.117549    -0.243092    -0.111511     0.134939     0.252268     0.197797   0.00691952     0.289122    -0.159857    -0.218668     0.653774    -0.568235  0.000227062     0.332607     0.323339    -0.369355    0.0909981     0.254214     -0.60591
    0.114215    -0.735439    -0.201287     0.290546     0.118083    -0.676917    -0.393719     -0.63493    -0.387357     0.174947       0.2214    -0.429291     0.196391    -0.469903    -0.501185     0.481574     0.295316    -0.459814     0.211557    0.0401728     0.025909    -0.291094    -0.280149     0.261908     0.101403    -0.167498     0.264419    -0.372784    -0.218448    -0.139948    -0.432055    -0.102058
   -0.150527    -0.215363    -0.220055     0.108664    -0.105747     0.265923     0.475383     0.474912    0.0961358   -0.0277882     0.230936    -0.145113     0.155645   -0.0130244     0.602014     0.698171     0.506893     0.352788     0.676221    -0.320059    -0.239026  -0.00119869    -0.282539    -0.431647     -0.20205    0.0449183     -0.69078     0.238321     0.574938     0.362441    0.0170213     0.527341
    0.250157    -0.200754    -0.493836     0.239315     0.304307    -0.145056     -0.20622   -0.0436275    0.0373676    -0.109837    -0.122755    0.0301096    0.0326487    -0.080741     0.102389     0.144677     0.160972     -0.27636    0.0604916     0.152244    -0.191985     -0.18555    0.0518752     0.287044     0.346057     0.111564    0.0498205     0.177604    -0.230516   -0.0707436   0.00729079   -0.0293914
    0.332998     -0.12378     0.674634    -0.251802    -0.782881    -0.636553    -0.582359    -0.438511    -0.398415    -0.123213     0.248597    -0.617374     0.270558     0.113274     0.439255     0.529741    0.0195336    -0.757045     0.633568     -0.72237      0.25609    0.0891612    -0.760241     0.263369     0.584909    0.0273454    -0.339939     0.593966    0.0655097    -0.193292    -0.355926     0.131438
   -0.596146    0.0349762    -0.103625     0.492906     0.259977   -0.0934782     0.378997     -0.42062     0.276429     0.306798    -0.158114    -0.260615     0.315988     0.350104   -0.0809952     0.119585     0.497621     0.358836     0.201463     -0.13549    0.0219339     0.235504    -0.345352     0.144262     0.061705     0.167937   -0.0817209    -0.155421     -0.10882     0.040241    -0.406883    -0.235599
    0.439667     0.369397      0.28764     0.436356    -0.391997    -0.315366     0.364519     0.139159     0.196518    -0.235671    0.0883523   -0.0816938     0.339804    -0.411967     0.129052    0.0573005     0.573716     0.506856    -0.042818     0.267655     0.513775    -0.294063   -0.0591292      1.15123     0.300415     -0.36512   -0.0287965     0.420578    -0.322502    -0.612559    0.0206053    -0.339381
  -0.0662404    -0.474506     0.194149     0.128553    -0.639644     0.332762     0.371014     0.302318    -0.191499     0.169719    -0.501728     0.591567    0.0580367    -0.662138     0.240496     0.615775     0.406828      0.52133    -0.113664     0.120997     -1.55446     0.261434     0.314448     0.347358   -0.0195248    -0.496135    -0.154173     0.552729    -0.456928     0.539922    0.0882846    -0.692723
   -0.319021   -0.0295241     0.225882   -0.0534893   -0.0491281    -0.716321    -0.516593     0.149649     0.125233    -0.213259    -0.670099     0.233156    0.0670607     0.138397     -0.24954    -0.113135   -0.0838459     0.224071   -0.0809282    -0.375166    -0.234105   -0.0475371    -0.202611     0.106674      0.31759  -0.00470519    -0.142562    0.0406137     0.211286    -0.375639     0.216308    -0.714193
   -0.628982     0.585997    -0.395966     0.275447     -0.31473    -0.337263    -0.513836    -0.171933   -0.0169654    -0.086177     0.290183     0.297278   -0.0740604      0.38214     0.336163    -0.590175     0.100566    0.0617528     0.178243    -0.546954    -0.460555    -0.212595   0.00162275    -0.141577    0.0822068    -0.328726    -0.147457    0.0213538    -0.154188    -0.381398   -0.0424617    0.0309515
   0.0262128     0.073586   -0.0349716    0.0861418     -0.57663    -0.410004   -0.0456934     0.731717    -0.588441     0.202081     0.339253    -0.855152   -0.0968262   -0.0724535     0.400767    0.0220474   -0.0226549     0.318275    -0.262126     0.344076   -0.0572672    -0.486907     0.624893     0.438231    -0.639748     0.368387    -0.760078     0.088099     0.354276     0.388045     0.304591     0.221892
    0.208161     0.360846     0.885153     0.567585   -0.0570023     0.160894     0.125242    0.0041062     0.877076   -0.0475936     0.628947     0.677503     0.166199    -0.420763    -0.322782     0.558399    0.0383262   -0.0510178     0.272204     0.316889     0.287851    -0.214795     0.122464     0.491997    -0.644571     0.411742     0.190112   -0.0411006     0.178812    -0.503039   -0.0605725    -0.485116
    0.475158    -0.281235     0.113545    -0.201071    0.0618812     0.252046     0.165042    -0.624856     0.844699    -0.447179    -0.114188    -0.125162    -0.215837  -0.00350278     0.210909    -0.548019   -0.0170944     0.829145     0.102932    0.0493945  -0.00465045     0.547103    -0.145445     0.485254    -0.331615    -0.148556   0.00926468     0.199275     0.190334    -0.342989    -0.168933    0.0722497
  -0.0515542     0.268102   -0.0367572     0.497081    -0.348741    -0.262672    -0.102101     0.138697    -0.441067     -1.15217     0.344155    -0.498484    -0.591249    -0.285913    -0.437116     0.405602  -0.00174835    0.0169161    0.0874872    -0.377913     0.356778    -0.542534    -0.424914     0.684487     0.289168     0.692685     0.767852      0.40377    -0.396451    -0.377663     0.478146   -0.0663692
    0.217084    -0.304062     0.162368     0.142673     0.110807    0.0225491     0.470509     0.220615    -0.895773     -0.36625    0.0341378    -0.309481    -0.500576   -0.0213634    -0.458377     0.465465    0.0773383    -0.243436     -0.12755    -0.209411    0.0458558      0.14059     -0.32856    -0.192164    0.0676318    0.0746212   0.00031963     0.596717    -0.308506    -0.340991   -0.0898568    -0.107547
    0.927541     0.255137     0.739092    -0.194859     0.477919     0.136215     0.114589   -0.0804709    -0.112183    0.0842061     0.869577    -0.106559    -0.283135    -0.343793    -0.394904     0.939584      0.40602    0.0334832     0.540896    0.0413732     0.287051   0.00660017   -0.0184173      0.37004    -0.894012    0.0557072    0.0704969   -0.0549867     0.455956    -0.115672    -0.501519    -0.488496
   -0.349118     0.250105     0.346418     0.305075     0.189997    -0.506665     0.149289    -0.629775     0.109151    -0.248004   -0.0225418    -0.411371     0.173694     0.566524    -0.281396   -0.0640236    -0.130374     0.443548     0.261109   -0.0857533     0.186991    0.0189714    -0.699126     0.396556    0.0875167    0.0243056    -0.897596     -0.15582    -0.586593    -0.468543     0.205654    -0.483512
    0.623839     0.259079    -0.486678    -0.361883    -0.209759     0.781664     0.521413     0.167817     0.420017    -0.114917    -0.412325    -0.135745      1.06467    -0.836439     0.185537   -0.0637067      1.63601     -0.14176     0.349775    -0.185879    -0.402589     0.206823   0.00826779    -0.389043    -0.497002    -0.775676     0.478714    0.0690153     0.845474    -0.442001     -0.28472    -0.150611
   -0.176696    -0.632185    -0.157487     0.911245    0.0315543     0.294251     0.642423      0.57295    -0.542535    -0.409952     0.372355    -0.176619     0.464336     0.114277     -0.33808     0.813887    -0.396093    -0.903765    -0.437537     0.365478     -0.20243     0.461684   -0.0325651    -0.685579    -0.372802    -0.384871     0.787337    -0.494244   -0.0555741     0.876397     0.488127    0.0453822
    0.259471    -0.537349     0.210771    0.0245848     0.307833     0.225098     0.499715     0.274673     0.890859     0.589484    0.0689722     0.395638    -0.189794    -0.106723      0.37851    -0.552912    -0.143074     0.653524      0.15516    -0.436276   0.00239263     0.036689   -0.0255674     0.723767   -0.0679171    -0.058851     -0.41661   0.00794718     0.503054     0.152192    -0.325873    -0.254507
    0.422727     -0.35603     0.115552    -0.275585     0.506081     0.313966     0.661763     0.441737     0.396658    -0.492933     0.107103   -0.0267639     0.677879     0.475606    -0.530264  -0.00580854    0.0145929    -0.575956     0.298368     0.633212    -0.252887    0.0806534     0.206938     0.722041    -0.252714    0.0907278      0.32795    0.0300074    -0.190097   -0.0590252     0.426909    -0.115451
    0.440439    -0.680778     0.352752   -0.0318336    -0.100731     0.438008     0.366586    -0.698971   -0.0633228     0.470315     0.136222    -0.382263   -0.0108089     0.362492    -0.102948     0.970903    -0.114522    -0.338362    0.0243991     0.512051   -0.0723792     0.240413    -0.197338     0.193386     0.290541   -0.0987708     0.218073    0.0161198     0.441016    0.0251126    -0.260752    -0.112481
  -0.0973959    -0.308977    -0.678301    0.0691245    -0.295648    -0.225416    0.0308419    0.0541258     0.135863    -0.466924      0.18385    0.0612159   -0.0456791     0.306277    -0.042741     0.472016    -0.172281    0.0148624     0.101257    -0.462437    -0.390233    -0.396531    -0.199586    -0.104657   0.00812331     0.499391    -0.172596    -0.214393  -0.00595057      0.15259     -0.17332      0.49134
  -0.0716566     0.296264    -0.276406    -0.127729   -0.0184904   -0.0240004    -0.302183  -0.00888183    -0.286185     0.748271     0.283493    -0.299291     0.175082    -0.266826     0.465637     0.352608     0.291929   -0.0681089     0.423141    -0.379964     0.285734  -0.00739841     0.515009     0.220372    -0.718805    -0.352406    -0.154122      0.33159     0.860011    -0.988571     0.313751    -0.915758
   -0.236456    -0.361708    -0.601599     0.217259   -0.0916275    0.0908584     0.389607     0.783208     0.191443    -0.235243    -0.135465    -0.363202     0.307455    -0.220605     0.403291     0.180128   -0.0376227     0.506982    -0.223252     0.304764     0.033258     0.160386     0.205046     0.385524    0.0632024     0.463333     -0.17705     0.149151     0.062424     0.357797     0.209249     -0.19917
   -0.834975   -0.0732309    -0.744944      0.12062     0.412579    -0.119872    -0.179086     0.170475     0.714994    0.0478681    -0.490362     0.163416    -0.284263    -0.204398    0.0313943     0.190047    0.0261347      1.07588    -0.345517    -0.227582    -0.211191   -0.0992242    -0.575405    -0.171468   0.00356882     0.293789     -1.54041    0.0144062    -0.155373     0.240086     0.114425     0.213968
    -0.61835    -0.615541     0.134499     0.593392     0.674635    -0.540642    -0.279296     0.318062    -0.177192     0.120307     0.419555    0.0175622     0.553135     0.176765    -0.433791     0.165796     0.401177     0.551891     0.226675   -0.0751717    -0.618827     0.775842    -0.358644    -0.474849     0.530423    0.0865207     0.392201    -0.230775    -0.118515     0.329574    -0.324597    0.0652495
   0.0697922    0.0102441    0.0787287    0.0822124   -0.0402317    0.0089327     0.300557    0.0193013   -0.0665971    -0.584743     0.253709     0.175642     0.047284     0.461298     0.833522     0.187299     0.108422    -0.265663   -0.0219307    -0.148458     0.224159    -0.793159    0.0849418     0.102592     -0.10526     -0.14565    -0.213566    0.0177488     0.337654     -0.35799     0.188908    -0.278604
   0.0713783    -0.569262     0.195454     0.184801    0.0476061    0.0675293      0.24548     0.390616      0.17225    -0.124608    -0.070143    -0.133631    -0.465771     0.204265      -0.1494     0.348546     0.819369     0.241689    -0.070625    -0.204439     0.039134    -0.151773    -0.123985     0.281726     0.100808    -0.456895    -0.204852   -0.0922836    0.0253138     -0.67202     0.261881    -0.175598
   0.0629297   -0.0467906    -0.102452    -0.438904    -0.478366     -1.00304     -1.02542    0.0573203     0.302908    -0.254408   -0.0570456    -0.560977    -0.120088     0.247381    -0.273573    -0.322962    -0.101209    -0.328975    -0.548549    -0.699174     0.012409  -0.00403569     0.473407     0.279769    -0.203482     0.182123     0.313152     0.704637    -0.393675     -0.23472    -0.225687     0.814384
   -0.361471    -0.139678    -0.248995     0.143369    -0.437362    -0.509902    -0.355854     0.209106    -0.229058    -0.109451     0.179283    0.0954304     0.257313    -0.221794    -0.303182     0.537974   -0.0725326    -0.114215    0.0407433    -0.360296     0.185361   -0.0706287    -0.247801    -0.421458     0.490515     0.549251  -0.00694549   -0.0849531    0.0560539      -0.2711    -0.290612     0.723329
   0.0419029     -0.51616     0.481288    -0.133639    -0.451856    -0.371452     0.343785     0.403112     0.388276     0.155448     0.456842   -0.0580677   -0.0433107    0.0463142     0.225924     0.485103     0.506947    0.0736248    0.0143789    -0.324106     0.249286    -0.107881   -0.0523291      0.61364    0.0781661    -0.109132     0.183941     0.516643    -0.571765    -0.344433     0.522707    -0.635186
   0.0234388    -0.442514     0.409432    0.0196175   -0.0716425    -0.046705      -0.1029     -0.70489   -0.0738028     0.226316     0.505292    -0.221403    -0.264316    0.0111385     0.112052   0.00542575     0.109455     0.142856     0.274687    -0.165671     0.307825    -0.231024      0.16052     0.906676     0.301481    -0.182957    0.0216538   -0.0441312   -0.0809536    -0.278864    -0.477625    -0.215182
   -0.360802    -0.447492   -0.0106609    0.0749797  0.000299584     -0.14416     0.357268     0.172637     0.114282    -0.212346     0.532182    0.0836945    -0.238471    -0.559123    -0.206152     0.397186     0.271788      0.10225  -0.00552391     0.548759    -0.165859     0.266117   -0.0457431     0.561819    0.0229527    -0.119558    0.0235164    -0.208113    0.0425632      0.49444    -0.248265     0.164418
    0.478568     0.259806    -0.220473     0.768765     0.506963     0.306596     0.230426      0.23497     0.651005     0.108061    0.0789799     0.662178    -0.520382    -0.334483     0.266453   -0.0249906    -0.449423     0.618087    -0.253824    -0.193725     0.729122    -0.117078    -0.153737     0.930448    -0.926726   -0.0507659      0.41308    -0.497579      1.44354      0.23811     0.309949    -0.607693
   -0.179856    0.0411277    0.0215959    -0.706911    -0.348946     0.333405     0.248161     0.412748    0.0694303    0.0163232     0.514666    -0.257161    -0.129107     0.404332   -0.0170439      0.03591      -0.3115    -0.576066    -0.514695  -0.00352542    -0.721404    -0.503748   -0.0428662     0.733464    -0.052048     0.401466     0.202593    -0.184419    0.0291035    -0.207708    0.0250642      0.24648
   -0.295481    -0.545573    0.0169054    0.0284351   -0.0964312    -0.165772   -0.0241707    -0.154164     0.050816    0.0849178      -0.2128   -0.0137946     0.149355    0.0344212    0.0265422     0.375151     0.280419     0.167134     0.352381    -0.271376    -0.396733     0.266772     0.343763   -0.0378302    -0.354108    -0.596789     0.504617    -0.388989   -0.0200241      0.17087   -0.0550463    -0.150378
    0.176241    -0.283026     -0.36833    -0.352636   -0.0369126     0.323026    -0.125635     0.300724    -0.486831    -0.492476   0.00845947    -0.162281     0.299965     0.392452    0.0289169   -0.0526898      0.18895     0.118665    -0.205786    0.0154819    -0.215657    -0.543152     0.312907      0.75939     -0.28313   -0.0371453     -0.17393    -0.177722    -0.159146     0.202542    -0.323371    -0.353988
   -0.394191     -0.28116     0.357665     -0.28327     0.343088    -0.162233     0.559053        0.105      0.27581    -0.248897     0.751977     0.514253     0.749333     0.311462    -0.659311    -0.335433    -0.165054     -0.06796     0.224717     0.311458    -0.716469    -0.301562     0.436303      0.13839    -0.147004    -0.532736     0.382516       0.4815     0.137429   -0.0113049    0.0210832     0.122965
   -0.227595     0.300677     0.290402    0.0414202    -0.561744    -0.333937    -0.453681    -0.798794    -0.250794      0.24998    -0.612879     0.292344    -0.359399     0.602484     0.346861     0.020812    0.0766312     0.381224    0.0795027    -0.391677    0.0384631   -0.0323822    0.0686891    -0.870746    -0.268018    -0.234804    0.0972441    -0.406257     0.410968     -0.71372    -0.328404    -0.086628
   -0.121446   -0.0798323     0.258255     0.650851    -0.294765     0.107856    -0.122689     0.278786   -0.0474899    -0.474366     0.151759     0.162597   -0.0797135    -0.300222   -0.0181678    -0.297948   -0.0354644     0.594981     0.043839    0.0180406    -0.116564     0.199132    -0.299037     0.873141     0.242851     0.473434   -0.0104702     0.141269     -0.42739    -0.284614    -0.201196     0.147197
    -1.20613     0.138887      0.24668     -0.51614    -0.259672   -0.0112713   -0.0637176    -0.657375     0.912689    0.0638707    -0.128635     0.793445    0.0576004   -0.0506767     0.204417     0.462935     0.329997     0.525107   -0.0461344    0.0904963    0.0431979    -0.131685     0.801816    -0.867075     0.475324   -0.0737286    -0.545381     0.591873    -0.625374    -0.189372     0.759526     0.259343
   -0.587396     0.551871   -0.0674717    -0.651504   -0.0693677    -0.253844   -0.0292566    -0.278185     0.517417       -0.313    -0.214296    0.0752538    -0.132781     -0.10088     0.579054    -0.902191    -0.207764    -0.061787   -0.0183601    -0.774218     0.164505     -0.29901     0.370962     0.647914   -0.0880308     0.242255    -0.276002     0.817371     0.150248     0.107558    -0.440766    -0.238776
    0.307154    -0.321466     0.528326      0.15058     0.223437     0.325838      1.30903     0.465792     0.589101    -0.580724    -0.207479    -0.179493    -0.123831   -0.0853606     -0.22078     0.490042      1.67899     0.460184     -0.36278   -0.0458772    -0.748812    -0.544505    -0.210985      0.24504    -0.654484    -0.932261    -0.422483     0.170215     0.553719    -0.803618     0.424654     -1.12744
    0.134824    -0.115609     0.233479   -0.0537315    0.0434878   -0.0504532     -0.23995     0.526194   -0.0440425    0.0922589    0.0902211     0.152403     0.355024    -0.217126    0.0816091    -0.295972   -0.0439753     0.617509    -0.150094    0.0936868    -0.503737   -0.0270153     0.301307     0.271394    -0.435399     -0.15381    -0.265312    0.0942004    -0.530642    -0.178408    -0.356852     0.632504
   -0.279898     0.511097    0.0813047   0.00699509    -0.146738     0.142273    -0.216981     0.174094    -0.332844    -0.344108   -0.0768948    -0.158322    -0.438123       0.2814     0.518763     0.374263    -0.416328   -0.0588613     0.159781     0.841865     0.533597   -0.0216258    -0.467066     0.779663     0.558325     0.399516    -0.124148    -0.144118     0.487092      0.15002     -0.33238    -0.083941
      0.4455    -0.576904    -0.274721     0.355004     0.252342    0.0494605    0.0979722     0.125108    -0.725245     0.632118     0.209977     0.125025    -0.362191     0.300739    -0.184913     -0.32852    -0.682383    -0.416825    -0.502057     0.143643    0.0155744     0.542304     0.335788     0.459022    -0.269519    -0.582687     0.315682    -0.043451     0.142314     0.398099    -0.136599      0.77136
    -0.36113   -0.0354995    0.0695438    -0.550646     -0.46544    0.0869913     -0.61666    -0.787813   -0.0497787     0.314192    -0.149178     0.211021    -0.182168     0.663023    0.0966353    -0.397076    -0.326841    -0.120173    -0.309815    -0.481577    -0.324888    -0.406839    -0.654889   -0.0669012    -0.628635     0.855636     0.826721    -0.401277     0.380807    -0.573481     0.317582     0.369789
   -0.213469   -0.0379633    0.0234644    -0.124905    -0.314934    -0.220002     0.168749    0.0795971    -0.212631    0.0603247   0.00947399    0.0149917    0.0743908    0.0624181    -0.210749     0.166378   -0.0279851     0.278926    -0.633949     0.185233     0.554394    -0.262804     0.116393   -0.0277159     0.422499      0.13916    -0.318931   -0.0531861    -0.270646     0.109091     0.304863    -0.115594
    0.715894    -0.318173    -0.258638    0.0624193    -0.306468     0.433391     -0.22083     0.998034    -0.694111    -0.143201    0.0615967   0.00745462    -0.589814    0.0167539     0.270229     0.208322    -0.376691     -0.56989     0.169356     0.123612   -0.0942617    0.0201296     0.227455     0.401007    0.0915886    -0.159205   -0.0987429     0.066696    -0.164874    0.0250607     0.117947     0.655503
    0.469897    -0.630324    0.0731971    -0.233465     0.613575     0.193484    -0.294687     0.342583     0.305921     0.170713   -0.0920111       0.4584    0.0770817    -0.179105    -0.321218      0.47241     0.119982     0.644428     0.372468     0.537148    0.0651583    -0.265483      0.44607     0.405447    -0.203619    -0.664515   -0.0479862     0.220756    -0.067259    0.0988918    0.0751465    -0.104401
    0.351101    -0.243532    0.0149506     0.138627     0.313226    -0.299344      0.11149     0.977102    -0.423681    -0.401258    -0.262542     0.145932     -0.70763    -0.698467     0.831216     0.470221   -0.0529792     0.279979     0.614118     0.290539    -0.493498    -0.505706      0.83043     0.157121   -0.0902626    -0.122702    -0.517842      0.83817     0.107952    -0.524278     0.417525     0.817327
   -0.373822     -0.21864     0.322099     0.229335      0.34666    -0.510072    0.0778451   -0.0193313    -0.823899     0.302363      0.68868    -0.715096      0.70729     0.221976    -0.608231     0.422997    -0.323608     -1.04001     0.539984     0.101292     0.290634     0.624328    -0.516673    -0.116791      1.32859     0.659322     0.511517     0.388416    -0.935099     0.102474    -0.164129      0.91144
   -0.318989    -0.198598   -0.0534513     0.295914     0.217415     -0.15697     0.508377   -0.0520505    -0.476236     0.309468     -0.29725     0.287855   -0.0157269     0.580161    -0.376777    -0.295382    -0.150561     -1.11018    -0.729786     0.574694     0.160193     0.610474    -0.119817    -0.177222   -0.0605656    0.0162072     0.498652   -0.0735881     0.270371     0.105578     0.679177    -0.505046
  -0.0806949   -0.0799169     0.459175     0.111742   -0.0780282     0.215092    -0.349292    -0.182804     0.369195    -0.486304     0.186162    0.0158361     0.257891    -0.209529     -0.11021     0.172018     0.359847     0.305634    -0.553115    -0.431866     0.319279    -0.205132       0.6912     0.266347    -0.537847     0.741941     0.583169     0.406194    -0.146585    -0.286505   -0.0686664    -0.439892
  -0.0923188     0.365681     0.382877     0.761583    -0.302549   -0.0965447    -0.293233     0.241959    -0.467406     -1.17736     0.434648    -0.623323     0.137756    0.0126249   -0.0879723     0.126013     0.384839   -0.0802946    -0.185303    -0.367553     0.489409   -0.0479986    -0.303401     0.607522     0.832383     0.544159     0.881065     0.773613    -0.140604    -0.181753     0.390901    -0.168964
    0.138926    -0.531338     0.587702   -0.0858748    -0.428213     0.143071    -0.573075   -0.0185446    -0.386315      -0.1322     0.191483    -0.261245    -0.104653   -0.0464063    -0.011391    0.0844561    -0.488353    -0.750712      -0.2138     0.239737   0.00996227   -0.0830778     0.461062     0.403188      0.25686     0.251582     0.152348     0.203588    -0.213672     0.109982   0.00366953     0.149597
    0.208163    -0.856107    -0.184587     0.202892    -0.108051    0.0795398  -0.00513404     0.368233   -0.0273123    -0.124103    -0.209032    0.0171691     -0.55113    -0.382595     0.567919    0.0984496    0.0264432     0.164489    -0.368065    0.0572942    0.0279669     -0.48469     0.017644     0.473362    -0.321928     0.204701     0.241174    -0.211993     0.708407    -0.050846     0.123979    0.0411742
   -0.228015    -0.527202    -0.900416     -0.23359    -0.118789    -0.380411     -0.35655    -0.729534     0.968601     0.541675     -0.79938     0.561038     0.232471    0.0634998   -0.0936076     0.611083    -0.159308     0.624374     -0.25503    0.0579388    -0.483584     0.193108     0.243185     0.118156    -0.418459   -0.0233357     0.472656     -0.16562     0.425923     0.177981    -0.455556   0.00176476
    0.344465    -0.262597      0.28892     0.264011    0.0194924     0.419452     0.611973     0.444883     0.222238    -0.174774     0.227476    -0.212514   -0.0131559     0.445172    0.0135181     0.858294    0.0478835     0.455047    -0.135583    -0.271848    -0.574784    -0.242912    -0.228418    -0.143081    -0.334682     0.261077    -0.218235    0.0558989    0.0440859     0.286672    0.0205761  -0.00745994
   -0.102962     0.276629      0.24459    -0.335813     0.135045     0.372091     0.270689     0.050025     0.257515    0.0741696    -0.116367    -0.103737     0.110626    -0.706673    0.0301464     0.518823     0.465709    0.0661356    -0.536268   -0.0401166     0.137057     0.243509    0.0485595     -0.39904   -0.0411113    -0.253944     0.310778    -0.593299    -0.447496     0.471616     0.729602    -0.714045
    0.176029     0.916754     0.882451    -0.133287    0.0155464    0.0693397     0.106346    -0.267787    0.0995584     0.108176     0.349499    -0.103417    -0.431807     0.638954     0.481411   -0.0031907    -0.298446    -0.133673    -0.304392   -0.0702369    0.0617604   -0.0790945     0.652088     0.188661    -0.464192     0.616796     0.379436    0.0584494  -0.00365701    0.0933437    -0.324052    -0.989841
    0.300403      0.05671     0.184074      1.25008    -0.818853     0.131998     0.653989      1.80673    -0.419007    -0.107923      0.24372   -0.0403109    -0.505619    -0.114052    -0.366073     0.967181   -0.0200029     -0.81617    -0.146935      1.09603   -0.0482417    -0.145883    -0.366837     0.374281     0.936093     0.899689    -0.176213     0.934304    -0.293292     0.653934     0.796741    -0.301274
   -0.373562   0.00298172     0.276335    -0.151113      0.76924     0.250809    0.0226725     -0.54775     0.411843     0.373038     0.238348    0.0289979 -0.000736226     0.247041     0.196339    -0.564664    0.0888879     0.658139    0.0486785    -0.438064     0.494259    -0.150778    -0.713259     0.325867    -0.362021   0.00754133     0.155971    0.0924253   -0.0820892    -0.291129    -0.917042    -0.612664
    0.409059     0.819323    -0.098454      0.30225    -0.126522    0.0804855     0.353593      1.58764     0.978654    -0.802993    -0.262676     0.328517     0.475622    -0.464511    -0.589319    -0.153752    -0.423309     0.038605    -0.300548    -0.152037     0.130102     0.183498    -0.683575      1.23392    -0.584768     0.129272     0.042836    -0.594319     0.180644    -0.576538     0.813555     0.839195
    0.403347   -0.0780187    -0.332474     0.222946    -0.335958    -0.147611     -0.66676     0.157418     -0.55724    -0.252488    -0.636383     -0.57833    -0.708144    -0.116061     0.261721    -0.368048      -1.6303   -0.0889436     0.842219     0.360532    -0.708157    0.0865314     0.691006    -0.107943       1.1454      1.31743    -0.328412    -0.210169     0.153007   0.00306325    -0.246483     0.826659
   -0.451814     0.354815    -0.671141    -0.164006    -0.142807    0.0308169     -0.38722    -0.242901   -0.0195751     0.129626    -0.324613    0.0620837     0.323355    -0.637883     0.193932       -0.121    -0.626302    0.0223617    -0.537252     -0.25752   -0.0274549    -0.124367     -0.17052    -0.701957   -0.0292666     0.218139     0.404722    -0.107652    -0.429775     0.772512     0.298414     0.517143
  -0.0976521     0.297306   -0.0902042     0.384289   -0.0918429     0.345272     0.168701     0.081405      0.69788     0.377308    0.0467813     0.184948     0.478756     0.373831   -0.0590538     0.766292  0.000612476    -0.275763    -0.244832    -0.115854     0.056993     0.487751    -0.741705     0.177176    -0.155429     0.549452      1.30876    -0.320858     0.386513     0.581336     0.264444    -0.309134
