    0.117468    -0.259593    -0.139878    -0.359733    0.0557833      0.35741    -0.653276    -0.176503     0.100253    0.0629846     0.388914     0.241502 -0.000164882     0.270732    -0.172024    -0.254681    -0.120777     0.272633   -0.0398753    -0.127494    -0.624287    -0.904178     0.288243   -0.0539652    0.0244561    -0.279518      0.45862     0.219663   -0.0423566     -0.26464   -0.0755907      0.34699
   0.0427466    -0.173515     0.354844    -0.206908    -0.416727    -0.182994    -0.421421    -0.159268     0.154726    -0.260366    -0.106688    -0.196014    0.0515923    -0.504403    -0.241682      0.35696   -0.0337057      -0.4176     0.303879     0.258831     0.196371     0.151528     0.130935    -0.237111     0.032483     0.344608     0.273065   -0.0719201     0.239525    0.0628283      0.21668   -0.0458425
   -0.113864    -0.219758   -0.0382883    -0.409449     0.151887    0.0636337     0.233724     0.555484    0.0559268    -0.171931    -0.435105     0.252981    -0.164147     -0.16402    -0.302068   -0.0293162     0.146018     0.115416    -0.226544     0.455842    -0.638648      -0.1918    -0.113422    0.0374987    0.0805695    0.0927167    -0.674644     0.110806    0.0130194     -0.15555   0.00492832    0.0131636
    0.770105    -0.226697    -0.369464     -0.39459    -0.219394   -0.0516904    -0.416697     0.617806     0.420361   -0.0110545    -0.314805      0.24676    -0.422599  -0.00812575    -0.796951    -0.648668    -0.669908  -0.00434469     0.472772     0.167624     -0.25085    -0.556041     0.637014     0.217037   -0.0822653    0.0863487     0.349573   0.00573308   -0.0521225    -0.363192    -0.184846     0.546246
   -0.280444     0.080985   0.00744269    0.0558215    -0.210972    0.0572817    -0.354542    -0.405601    -0.135792     0.384585     0.267531     0.179296    -0.252717     0.204221   -0.0735682    0.0996549   -0.0731636   -0.0623625   -0.0832368   -0.0783783    -0.143133    0.0880084      0.11727     0.295985    0.0505197     0.479412     0.313405     0.326903  -0.00147578    -0.230481     0.463845     0.169695
   -0.119929   -0.0824335     0.646002     -0.13398     0.126736     0.103206    -0.312115    -0.648078    -0.567537    -0.271033    0.0960102      0.01812     0.359271    -0.344184     0.584132   -0.0109762     -0.16173     -0.26031     0.401171     -0.38556    0.0814331   -0.0673727     0.508194    -0.503287     0.232344    -0.414636    -0.132357     0.562238     0.727085    -0.726997    -0.103715   -0.0186357
  -0.0563267  -0.00902912    0.0982434    -0.113055    -0.524116     0.106131     -0.39563    -0.500355    -0.213632   -0.0303939    0.0363613   -0.0151789    -0.127381     0.155311   -0.0628463    -0.201585    -0.522655     0.396283     0.376251    -0.075687    0.0689592     0.425602    0.0100723    0.0283811     0.899395    0.0551366   0.00675311    -0.351127    -0.324109    -0.137917    0.0557644     0.119897
   -0.261604    -0.143435     0.014882    -0.304698     0.293627     0.046057     0.274988    -0.219046     0.162412    -0.109547     0.625877    -0.461771   -0.0796103   -0.0949463   -0.0883882     0.130095    0.0759114     0.202786     0.148609     0.140803     0.255594    -0.189437     0.621049     -0.30044     0.160359     0.255147     0.268097     0.352488    0.0968861     0.207949    -0.174391    0.0311164
   0.0754634    -0.152434    -0.303416     0.245141  -0.00981328   -0.0313175    -0.264641     0.135416   -0.0112584     0.206147    -0.186531     0.317061     0.306195     0.272479      0.31689     0.132799    0.0362397     0.160156    -0.185042    -0.165981    -0.382965     0.100079    -0.122922    -0.161405    -0.185794      0.01461      0.31003      0.10413    -0.273544   -0.0528719   -0.0572935     0.114278
   0.0089459    0.0462221    -0.224786    -0.157766     0.224927    0.0533055    -0.371461   -0.0663764     0.196407     0.384802    -0.381031     0.554469     -0.21991     0.365959    0.0684219    -0.691714    -0.279705     0.313392    -0.405924     0.221547    0.0404753    -0.457067     0.040705    -0.415847   -0.0319534     0.189603     0.517401   -0.0932143    -0.131306    -0.398238    -0.332567     0.196577
    0.544943     0.203769     0.315394    0.0506082     0.125678     0.352507    -0.176668     0.173031    -0.725723    -0.313393     0.430442    -0.112217      0.17926     0.332419     0.218968     0.164931     0.389049    -0.277835     0.158585    -0.139731    -0.437104    0.0701723     0.358362     0.492492   -0.0320146   -0.0387659     0.317473     0.193545    -0.114678    -0.395323   -0.0290331    -0.218307
    0.120791     0.135625    -0.131935    -0.271887     0.313115    -0.161806     0.010174    -0.237683     0.169676     0.645467    -0.283962    -0.118357     0.244197    0.0879696     0.301163    0.0128682     0.537972     0.183028   -0.0226375    -0.309424     0.447324   -0.0912191    -0.122289    -0.293949    -0.158919   -0.0805416      0.53217       0.3315     0.160138    -0.184584    -0.149335    -0.367796
    0.255062   -0.0808372   -0.0831946     0.208648     0.135646     0.034674    0.0639527     0.417926     0.108115     0.050034     0.119836     -0.36535   -0.0835971     -0.28239    0.0221986  -0.00161329     0.395336    -0.189058     0.187296   -0.0314946    -0.174836    -0.130206    -0.194255     0.113784     0.128864    -0.198655     -0.17239    -0.233635    -0.541647    -0.301322 -0.000387717      -0.8856
-0.000132836    -0.518364     0.301003     0.221926    -0.167123     -0.14025     0.154799    0.0848762    -0.123346    -0.148423     0.374846    -0.244281    0.0502581  -0.00920293    -0.294011     0.465661    -0.228468    -0.136488    0.0463515     0.342714     0.141593   0.00800129    -0.158451       0.2234    0.0498067      0.11257      0.13865     0.147703    0.0450489   -0.0332096   -0.0719605     0.367185
    0.161216     0.253918     0.327916    -0.281931    0.0328305    -0.211455     0.981647     0.321007     0.541719     0.117646      0.13037    -0.300213  0.000907934     0.346422     0.103901     0.251394     0.541301    -0.409621    0.0011369    -0.251401     0.513433    -0.111349   -0.0216404    -0.169392   -0.0825823    -0.590407     0.689528     0.287937      -0.9401     0.136051     0.319349     -0.36446
    0.142069    0.0256547       0.2714    -0.148068   -0.0314092 -5.16257e-05    -0.128019     0.358157    -0.376943    0.0322972    -0.642515     0.551501    0.0204614    -0.166118     0.198829    -0.244612    -0.255053  0.000897614     0.184577    -0.162436    -0.743444   -0.0418688     0.685772   -0.0163581    -0.305781     0.101519      0.11053    0.0214496    0.0696989    -0.506365     -0.62163     0.116374
    0.300111     0.279775    -0.456868    -0.298065    -0.036402     0.226908    0.0895569    -0.130173     0.167327   -0.0707669    -0.244567     0.252679    -0.129369     0.199759    -0.176424    -0.523161     0.171941      0.93063     0.384333    -0.115019    -0.329395     -0.43755    -0.479684    -0.169958     0.059633    0.0835382    -0.436373    -0.305431    -0.248166    -0.449145    -0.491087     0.535604
     0.69505     0.149567   -0.0498767  -0.00298293    -0.505552    -0.162802    -0.265219    -0.240217    -0.340094      0.15435    -0.193807    0.0810661    -0.576138    -0.156135     0.277502    -0.332088     -0.12601    -0.275505   -0.0507113     0.153746     0.200774    -0.206057  -0.00568299     0.210444    -0.202989     0.436316    0.0432198     0.228411    -0.173887    -0.207358     0.490735  -0.00916228
    -0.41995    -0.318792    0.0939987    -0.157649    -0.187383   -0.0940504    -0.252077     -0.15625    0.0358758   -0.0406393    0.0217455     0.107874    0.0644996    -0.429145     0.163132    -0.111501     0.145405     -0.11464     -0.04157    -0.214681    -0.686889    0.0510429   -0.0239116   0.00061905    0.0128318   -0.0108508   -0.0536559      0.21675     0.195353    0.0261081     0.549608     0.329149
    0.190403    -0.188797     0.230986    0.0695232    -0.412073    -0.151301    -0.547849    -0.482575     0.386641    -0.273428    -0.327178     0.486317    -0.202211     0.161637    0.0409164    -0.234059   -0.0340187    0.0742435    -0.130883     0.057593    -0.297821   -0.0043413   -0.0508206  -0.00162072     0.267831     0.420139    -0.153754     -0.21157     0.102478    -0.201531    -0.214513     0.349332
   0.0130187   -0.0462579    -0.300418      0.23346    0.0163758   -0.0263395   -0.0298407    -0.252684   -0.0268683    0.0638538      0.14919     0.183933    -0.179696     0.180871    -0.439781     0.121798    0.0805985    -0.253047    -0.148287    -0.593058     0.213292    0.0822375  -0.00527542    -0.440512    -0.367666    -0.276657     0.169593     0.186306    0.0885643     0.496124     0.559999     0.155459
   -0.135292   -0.0816464    -0.372303     0.187184    -0.254582     0.010477    -0.275766    -0.284189      0.17563     -0.02589     0.420755    0.0502678    -0.304129   -0.0769786    0.0290884    -0.329394     0.147467     0.209595     0.238136     0.211941    -0.128625     0.156673     0.344285     0.543427     0.105714   -0.0280574   -0.0914686   -0.0660799    0.0509345    -0.260728    -0.576046    -0.388827
   -0.116444    -0.241398     -0.38298     0.112187    -0.236958    -0.220059    -0.340463    -0.489501     0.107605     0.345574   -0.0047549     0.875011    -0.305387   -0.0736397   -0.0511351    0.0200677    -0.253657     0.238261     0.133107   -0.0956811    -0.447948    -0.112778    0.0254426    -0.146179   -0.0724082     0.136667     0.182551   -0.0429164     0.242928     0.245031    -0.709936    -0.144919
  -0.0537392    -0.101561     0.083448   -0.0523574    -0.338564    -0.238713   -0.0659498    -0.142406     0.250787     0.207487     0.338709     0.267665    -0.112866    -0.399516    -0.295921    -0.292401    -0.482489     0.041162    0.0534243     0.135411    -0.114062     0.112368     0.106729     0.337034    0.0915443    -0.268285     0.353868   -0.0611874    -0.181348     0.115955     0.149643     0.170285
    0.190649    -0.821124    -0.499586     0.216498      0.19133     0.266705    -0.220529      0.54122    -0.211623    -0.152558    -0.198954     0.150912    -0.650826     0.279941     0.142417     0.249956    -0.241796    -0.397036     0.149436     0.356243    -0.477693     0.162366    -0.595469    -0.156851     0.394672    -0.390414    0.0358774    -0.366309    -0.648188     0.437464     0.221924     0.672383
   -0.110052    0.0831793    0.0874472   0.00567898    -0.129275     0.253153    -0.373414   -0.0433272    -0.484319    -0.404238    -0.204166     -0.35559     0.398432     0.162534     0.159487   -0.0519233    -0.193795    -0.193666     0.354175     0.134662     0.135783    -0.169745     0.406376    -0.394208   -0.0528126    -0.066639    -0.252585    -0.089115    -0.314896      0.15558     0.282434     0.105021
   -0.102552    -0.148066     0.237345     0.255722   -0.0922998    -0.134201    -0.207397     0.352871    -0.053619    -0.457036     0.350072    -0.055852  -0.00308771    -0.452937    -0.732692     0.399921    -0.304578   -0.0591613     0.246342   -0.0240807     0.537769    0.0159744    -0.289166    0.0713297    -0.215207     0.787662   -0.0275728    -0.442199    -0.389525     -0.63994    -0.584566     0.263562
  -0.0970177   -0.0620119     0.293376    -0.211155    -0.361354    -0.126459    -0.232216   -0.0358475    0.0160254     0.163819   -0.0541391    -0.040291     0.394617    -0.125152    -0.196157   -0.0254079     0.222815     0.267738    -0.525962   -0.0432095    -0.137014     0.145179     0.207056    -0.154781    -0.319264      0.43213     0.395254     0.271216     -0.34146    -0.342546    -0.171983    -0.113471
  -0.0155541      0.14504     0.328644      0.19694    -0.233817     0.362191      -0.2275     0.399688    -0.100302      0.31227     0.133665     0.144311    -0.105622      0.23557    -0.256494   -0.0537818    -0.186433  0.000905017     0.259029    0.0594945   -0.0527012    0.0291024     0.195413   -0.0279578     0.360104    0.0229572   -0.0610005    0.0830084   -0.0923004   -0.0748743    0.0809431    -0.106586
   0.0643568     0.118729     0.309588    -0.245174    -0.132688    -0.411417    -0.612552    -0.569195    0.0333863    -0.134598     0.207841    -0.195665    0.0755147   -0.0310315      0.20947    -0.488097    -0.243721     0.104804      0.27063    -0.233144     0.474619    -0.301729     0.263897   -0.0419808    0.0647451     0.255147     0.259218    0.0473283   0.00286981    -0.430819    0.0392944     0.193794
  -0.0167866   -0.0320734    -0.258695    0.0583816     0.020042    0.0992932   -0.0506593   -0.0191668     0.512042     0.376296   0.00634288    -0.413089     0.114721     0.816887    -0.198299   -0.0536638     0.346251    0.0282231    -0.202554  -0.00578961     0.732107   -0.0438674     0.436419   0.00829585    0.0164313    -0.277832     0.500572     0.499075      0.29851     0.132753     0.553818     0.107452
  -0.0076385     0.361462    -0.347154    -0.372551    -0.759223    -0.174981   -0.0966805   -0.0835931     0.171008     0.673853    -0.276242     0.594635    -0.588707     0.866887   -0.0982623     -1.28492    -0.351114      0.52925     0.366347     -0.49002    -0.298961    -0.546706    0.0899772     0.148402    -0.145786     0.274984     0.553535     0.964184    -0.170667    -0.415827    -0.868568    0.0983808
   -0.215003    -0.279682   -0.0884259     0.108448     0.284866    -0.195094     -0.07646     0.179291    -0.537401    -0.230714     0.183326    -0.455621    -0.147865    0.0372954   -0.0875379     0.286675    -0.297636    -0.524024    0.0689916     0.166077    -0.192406   -0.0293416   -0.0836518     0.263467    -0.158336    0.0856515    -0.216878     0.213483     0.231873   -0.0500379    -0.170596     -0.16038
    0.353046     0.383673     0.146908     0.219815    -0.126316     0.359502    -0.728148   -0.0647039    -0.466713    -0.270107    0.0244027     0.390314     0.188868    -0.109209     0.351461    0.0857765    -0.402516    -0.344411     0.540598    -0.373396    -0.196697    0.0710748    -0.165926    0.0472859     -0.60546   -0.0376748    -0.310168    -0.210988     0.349775    -0.181312     0.233087     0.200717
    0.189956    -0.345104    -0.378449    -0.329989    -0.390645     0.350553    0.0610391   -0.0460031     0.391723     0.105047     -0.23216     0.816953     0.170165    0.0827779    -0.308486    0.0927963    0.0890277     0.138677     -0.67109     0.315781     0.136091     0.239324    -0.194311     0.140187    -0.250128   -0.0274273     0.215118    -0.123007    -0.100339     0.707652    0.0474977    -0.262979
   -0.487062     0.571044    -0.461411    -0.289122     0.216845   -0.0380485    -0.141668     0.305674    -0.280416    -0.258329    -0.297209     0.138985   -0.0783267    -0.493947    -0.140863     0.352441    0.0862843    -0.415643     0.675164     -0.66301    -0.195719    -0.350585     0.117715    -0.528888     0.463761    -0.711148   -0.0964545      0.55222   -0.0916075    -0.463796    -0.661909     0.232112
  -0.0817283     0.177118     0.546936   -0.0138103    0.0141846    -0.171611    -0.530668    -0.179302     0.343644     0.348846     0.197095     0.138127    0.0615072   -0.0802358    -0.219365    -0.231502    -0.163697     0.263146     0.370951    -0.489427     0.355796     0.203891     0.472541    -0.405478     0.372662     0.660164     0.658792    -0.417774   -0.0450626    -0.264847     0.184593     0.362236
   0.0281552     0.127657    -0.309986    -0.258193    0.0321644   -0.0725391    -0.412944    -0.169035     0.405487    0.0130651    -0.233888     0.140618     0.335694        0.226    0.0695634    -0.013573    0.0573117    -0.595379     0.291852    -0.242422     0.479127     0.560007     0.275392      0.28132     0.109051    -0.220242     0.596112   -0.0711117    -0.278886    -0.773746   -0.0885718     0.528969
   -0.312287     0.383584   -0.0507871     0.309488    -0.189965    0.0998932    -0.345505    -0.587494    -0.106181    0.0264562     0.604143   -0.0765656    -0.314713    -0.709172      0.21099   0.00752656    -0.455935    0.0582986   -0.0453712     0.130312    -0.232503    -0.447326    0.0579968     0.580746    -0.589105     0.197976    -0.150599     0.210882     0.935081    0.0709867    0.0376579    -0.072731
    0.298207    0.0709632     0.182701     0.129699    -0.286232     0.302236     0.445706     0.378559    0.0703592    -0.375124    0.0726454     0.400157    -0.214831     0.119146    0.0895525     0.591183    0.0152779     0.129464     0.333864      0.23328     -0.92062     0.111458   -0.0549324    -0.201421     0.522525   0.00830052   0.00995629     0.356952    0.0977886     0.224577     0.313995    0.0668546
     0.67045    -0.286512     -0.41629     0.274012     0.209008     0.146645     0.190494     0.498099    -0.249844     -0.36828   -0.0112645    0.0417255    0.0653729    0.0989799     0.256229     0.156261    -0.234254    -0.382442   -0.0309114     0.175087     0.168495    0.0314707     0.135765     0.309051    -0.142926    -0.151083    -0.135755     0.700225    -0.382363     0.275928    0.0691045     0.224301
   0.0313167  -0.00955936    -0.681711    -0.171578     0.161763    -0.147661    -0.149078    0.0885702     0.415593   -0.0406673    -0.385498    -0.448326    0.0148013     0.305735    0.0125705    -0.561214    -0.161749    -0.318909     0.142025    -0.264188    -0.452799    -0.237475     0.317585     0.154603    -0.444112      0.65344     0.324191    -0.299729       0.5051    -0.188122     0.341437     0.604104
  -0.0818119    -0.262317   -0.0970061    -0.120663    -0.608911     0.167538    -0.123775    -0.195677      0.12512      0.11341    -0.448743     0.394176    -0.345087     0.217077     0.256143   -0.0798335    0.0918317     0.122872    0.0955054    -0.254465    -0.113917    -0.248383    0.0334763    -0.147091   -0.0545349    0.0878013    -0.545687     0.453679    0.0202011     0.101303    0.0692552    0.0083149
   -0.399044    0.0205998     0.666857      0.26445     0.601943   -0.0660533    0.0338928     0.602491    -0.137425     0.111405     0.401645    -0.704158    -0.052472    0.0282791    -0.468618     0.487148    -0.112768   -0.0600766     -0.35347     0.872558     0.348865     0.193209      0.26289     0.342807     0.226405    -0.103317     0.434912     0.237901    0.0359434     0.832054      0.39936    -0.414474
   -0.301577    -0.107215    -0.644554     0.146125     0.804652    -0.201887    -0.359988     0.762717     0.154974    0.0102981    -0.503705    -0.241955     0.594649     0.734796     0.174928     0.320089    -0.354877     0.418144    0.0323883     -0.31293     0.462181     0.348332    -0.538863    -0.491626    -0.474262     0.702347     0.444135    -0.159198    -0.453393    0.0553802    -0.212855    0.0396319
   0.0966918    -0.294066    -0.140257     0.112913    -0.212126    -0.335559    0.0462967     0.276875     0.163631    -0.352916     0.167934     0.199519   0.00867348   -0.0256443     0.220574     0.401242   -0.0942982     0.122107     -0.17397     0.355175      0.10706    0.0978295     0.116788     0.590613     0.556908    -0.173351    -0.287477     0.507399   -0.0741708     0.304488   -0.0187973     0.211456
  -0.0228517     0.111481    -0.290058     0.193301    0.0802172   -0.0262152    -0.129682     0.213732     0.139824   -0.0818166     0.136336     0.235077     0.372209     0.319697     0.110077    -0.185067     0.116664  -0.00482755     0.146043    -0.322122     0.430401     0.138069   -0.0180464    -0.043927     0.252497     -0.46276    -0.243483     0.122375    -0.758577     0.158326    -0.335726     0.358358
   -0.202656   -0.0046033    -0.351334   -0.0877001     0.315704    -0.295627    -0.279268     0.178031     0.448374   -0.0303201    -0.385717    -0.519285     0.214923    -0.277028   -0.0299652    -0.208227    -0.193409     0.454067   -0.0436837    -0.215677    -0.283225   -0.0112501    0.0135131     0.110307     -0.11948      0.14758    -0.497112    -0.657331    -0.366574    -0.335561     0.194852    -0.320982
   -0.124838    -0.256397   -0.0621212    -0.214059    -0.359694     0.354273    -0.283467    -0.245482     0.291338    -0.139507   -0.0621102     0.597178   -0.0417624    0.0922998    -0.247314    0.0923209   -0.0474626     0.279073     0.248497    -0.159243    -0.114389    -0.401063    -0.241617    -0.370822     -0.46188     0.125382    -0.103111    -0.204633     0.314996    -0.307906   -0.0176187    0.0364124
  -0.0438308   -0.0352424    -0.296898    0.0646747    -0.168372     0.143852    -0.383387     0.293241    -0.181855    -0.378209    -0.195447    0.0739087    -0.318698     0.458528     0.115986    -0.328144    0.0446379    -0.189982      0.02414     0.100155    -0.182041    -0.441285     0.172035     0.549901     0.134379     0.229283    -0.644376     0.243815   -0.0667518     0.159229    0.0678337    -0.180538
    0.227904    -0.476483      0.19543    -0.673186     0.437631   -0.0175829    0.0432153    -0.261513     0.403393     0.178173     0.719658   -0.0373709     0.132828   0.00229003     0.162711    0.0168064     0.577309     0.323603   -0.0975658      0.18769       0.6235    -0.347812     0.617277     0.139663    -0.258288    0.0969025   -0.0239487   -0.0378833    -0.441035     0.181678    -0.269582   -0.0273821
   0.0427977     0.337092     0.350931    -0.200204    -0.288853   -0.0213117     0.134948    -0.289484    0.0655308   -0.0473889    -0.154724    0.0577742  -0.00944761     0.181743     0.132282     0.045775   -0.0716051     0.206427    0.0852174    -0.057414    -0.125206     0.189362    0.0267097   -0.0366916   -0.0569391    0.0990926    -0.183131      0.24405     0.090477    -0.303935      0.32605    -0.281895
   0.0630866   -0.0760529   -0.0880738   -0.0656032     0.155399     0.140932     0.110687     0.226915    0.0169142    -0.312129     0.329409    -0.179738    -0.112017    -0.203043     0.233671     0.166484    0.0941624     0.542102    -0.188077      0.14301    -0.155637   -0.0991255   -0.0526526     0.234826    -0.406917    0.0893359    -0.348172     0.212083    -0.156325    0.0812725    0.0737631   0.00455965
    0.347088    -0.124124    -0.170923    0.0135726     0.238848    -0.066129    -0.407656     0.241556     0.141383    -0.131197    -0.370854     0.194522    -0.216616     -0.25938  -0.00680743    -0.655274     0.386655     0.380217    0.0477839    0.0978509   -0.0385475    -0.270313     0.521971     -0.22478    -0.298101     0.217405    -0.502299    -0.265057    0.0184463    -0.341478    -0.150355     0.376007
   0.0759442   -0.0948209    -0.126596   -0.0549967    0.0602668     0.267754    -0.326087    -0.183263     0.139778    0.0404396     0.145207     0.364272    -0.147541  0.000158283     0.524268    -0.400296    0.0834054     0.576433    -0.205832    -0.083222   -0.0352767    -0.512517     0.285345     -0.25117    -0.357254    -0.365667    -0.154564     0.281607     0.189186   -0.0442029    -0.231306    -0.352528
    -0.29016     0.432648     0.239073    -0.254686   -0.0734299    0.0180487    -0.245095     0.235959     0.393626     0.105482   -0.0180727    -0.141621    -0.185908     0.197822      0.23598    -0.349078    0.0901817   -0.0366053    0.0788907     0.157787     -0.32945   -0.0388559     0.295281    -0.205271    -0.198458    -0.131389     0.196182    -0.133405    0.0641178   -0.0728528    0.0483485    -0.319228
   -0.169603     0.564243    -0.145158    -0.105955    -0.315315    -0.275061    -0.101972      0.34238     0.131128   -0.0916322    -0.179307    -0.087412     -0.14865     0.302362    -0.253022    -0.479978    -0.184037     0.229514     0.115007  -0.00815642   -0.0634255    -0.473601     0.149512     0.192524    -0.159315   -0.0874632     0.118795   -0.0253508    -0.598981    -0.379965    -0.308501     0.168649
   -0.121242    -0.335903    -0.197202    0.0701895    -0.429955     0.351554     0.217149     0.135197    0.0373811    0.0712225     0.496213    -0.435272     0.486605     0.067147    -0.386812     0.270461     0.201625     0.193791     0.377486    -0.448154    -0.164279    -0.355901     0.479692    -0.418301     0.556006    0.0102651     0.185915    0.0894334    -0.268672    -0.196063    -0.360695    -0.160023
  -0.0792561      0.29235    -0.214553    0.0103475     0.429933    -0.198718    -0.253731     0.334346    0.0744731    -0.243703    -0.291435    -0.128768     0.107431     0.200271     -0.18497    -0.331313    -0.322026    0.0385547     0.133876   -0.0513216     0.148893    -0.110788     0.512774    -0.414672    -0.357704     0.526984    -0.319845    0.0191071    -0.523488    -0.458375    -0.226227     0.821194
   -0.198719    0.0291907    -0.344191    -0.572862    -0.407437    -0.335024     -0.68637     -0.44273     0.103693        0.114    -0.073677   -0.0116859      0.44812    0.0398466     0.633188    0.0997404    -0.116072     0.295796     0.317004    -0.368624     0.282469    -0.395439     0.183732    -0.277452 -0.000982964     0.308788    -0.529204    -0.329332    -0.230653     0.149658    -0.865145     0.102961
   -0.177216    0.0493898    0.0639861    -0.356222     0.559853     0.447172    -0.269061   -0.0272201    -0.463743    -0.145365   -0.0166096   0.00421053    -0.233273      0.23387    -0.318487     0.464614    -0.541438   -0.0893089     0.561591    -0.150033     0.110959   -0.0953274     0.131724     0.575756     0.410809     0.559711    -0.820247    -0.316217    -0.212998    -0.116657    -0.211126     0.450986
  -0.0898599    -0.297332     0.115147    0.0958009   -0.0669479    -0.868509   -0.0981058     0.281077    -0.117591    0.0289382     -0.21227    -0.126243     0.431068     0.395564     0.465642    -0.313044    0.0201075  -0.00557936     0.844242     0.356933     0.090715     0.232123   -0.0899241    -0.655252     0.422617     0.334084    -0.150509   -0.0560386     -0.43156     0.414195   -0.0462056     0.694186
    0.119561    -0.464333    0.0421069     0.115715     0.429252    -0.205771     0.324838    -0.204041    -0.101341   -0.0660715     0.221539    -0.218639     -0.25581    -0.399665  -0.00539205    -0.111245    0.0832933     -0.23617    -0.152363 -0.000552544     0.205622    -0.184004      0.41204    -0.180215    -0.232261    -0.410195    -0.218076    -0.100727  0.000717495   -0.0166661       0.2073     0.364277
   -0.373647     0.042269    -0.284784    0.0212317      -0.3884    0.0472851    -0.471325     0.425902     0.131502   -0.0186723     0.264838     0.529845    -0.200492   -0.0598733    -0.376588    -0.447579    -0.145897     -0.20839    -0.400083      0.15676    -0.563223  -0.00651561    0.0221114     0.108393    0.0534061     0.204559  -0.00539932    -0.297686    -0.205021    -0.162304    0.0842445      0.36557
   -0.348652     0.138292    -0.281195     0.112645    -0.204188     0.185647    -0.279595    0.0224621    -0.482216    0.0212339    -0.459289      0.18348     0.135343    -0.456861     0.380528  -0.00162701     -0.55028    -0.494004     0.167555    -0.235566    -0.542749   0.00071428     0.304131    -0.176194     0.576368   -0.0259456      -0.7174     0.116502     0.376469   -0.0635449    -0.302827    -0.287968
    0.174976    -0.478865    -0.257538    -0.152653      -0.2029     0.195043    -0.401093     0.223848     0.172412    0.0887148    -0.221108   -0.0247155    -0.150232    -0.135445   -0.0155653    -0.454629    0.0779907   -0.0530067      0.20578    -0.298199     0.213096    -0.176985     0.126695     -0.25882     0.177304     0.256822   -0.0655187    -0.233723     0.220093      0.13305    -0.527912      0.42425
   0.0485095    -0.216268   -0.0238662    -0.225903     0.169822    0.0888063     0.771437    -0.170349     0.126477  -0.00860237    0.0624704    -0.207418     0.231047    -0.126563     0.210204     0.235137    -0.344389    -0.410881    -0.160745     0.128273     0.196896     0.204504    -0.167138    -0.227319     0.117687     0.187941     -0.15327   -0.0373203   -0.0080418     0.688379     0.171117     0.277911
   -0.146537     0.243508   -0.0989413      0.23321    -0.231043    -0.062333     -0.55538  -0.00415015    0.0591464    -0.151922      0.28752     0.433443    -0.239027   -0.0623402    0.0792828    -0.240725    -0.388537     0.290469   -0.0351344    -0.296372   -0.0902297   -0.0873617   -0.0229689   -0.0553184   -0.0209895     0.161146    -0.334101    -0.219444     -0.11818    -0.480748   -0.0416892   -0.0406847
  -0.0444717     0.622245    -0.111606     0.377356      0.15081     0.360826    -0.651247     0.503067    -0.548147   -0.0462673    0.0201641     0.142165     -0.18633   -0.0900521    -0.215272    -0.244488    -0.516872  -0.00901156     0.383949     0.549521   -0.0940054    0.0684575     0.285759    -0.187098     0.224266    -0.209417   -0.0201368     0.362282    -0.402333    -0.294766    0.0814703     0.125189
  -0.0342417     0.418449     0.346247     0.392806    -0.526535    -0.506957    0.0215297    -0.320231     0.356954   -0.0825141    0.0167798    -0.178158    -0.196362   -0.0644748    0.0597306   -0.0637483    -0.160223    -0.152015   0.00814754    0.0991434     0.301692    0.0741162     -0.12763   -0.0152197     0.451429     0.172639   0.00587868     0.444636    -0.236365   -0.0124981     0.185691     0.139325
   -0.396907    0.0977409    -0.747061    -0.100779   -0.0452349    -0.270658    -0.424309     0.062018    -0.509023    -0.548677      0.08164    0.0570398     0.260909    0.0834296     0.400914    -0.160382  -0.00881711    -0.435767    -0.235023    -0.115077     0.310588    -0.105464     0.127916      0.21633    -0.207009   -0.0353803   -0.0419711   -0.0613543   -0.0834548     0.320562     0.156048    -0.243639
    0.106227     0.378629     0.101927    -0.233578    -0.220378    -0.141632     -1.01196    0.0447418    0.0625846    -0.141519    -0.122417    -0.511807    -0.186893   -0.0943676   -0.0655995    -0.127212    -0.515769   -0.0775122   -0.0853433     0.178134     0.213544    -0.140474     0.049321     0.177434    -0.317304      0.28993    -0.291501    0.0190754    -0.299711   -0.0380068     0.414788    -0.321181
   -0.348598   -0.0301253     0.321969     0.167176    -0.309613    -0.357623    -0.179271   -0.0969008      0.18235    -0.167535   -0.0801223     0.156664      0.32746     0.423798   -0.0831201     -0.19167    -0.113133   -0.0823566     -0.09723    0.0631385    -0.142016    -0.378906   -0.0115727    -0.227887    0.0636263     0.302277  -0.00726824      0.17194   -0.0992757    -0.174408    0.0727992     0.223223
   -0.620996   -0.0631975    0.0161117    -0.510169   -0.0108678    -0.624535   -0.0698138     0.500823     0.222914    0.0383189     0.174255     0.118848     0.463466     -0.22184      0.24739    -0.381682   -0.0658648     0.523847     0.424248    -0.289315    -0.248672    -0.483967     0.103344    -0.874569     0.340798     0.277146    -0.102447    0.0198873    -0.270009   -0.0372059   -0.0608822     0.410071
  -0.0679019     0.377311    -0.285801     0.211983    0.0623966    -0.237653    0.0987457     0.419875     0.515825    -0.386606    -0.717625   -0.0336243    -0.206466    -0.188599    -0.269494     0.132242    0.0578309     0.128891     0.191602     0.348361     0.279435    0.0493759    -0.296118     0.162149     0.651324     0.846624      0.25939     0.384309    -0.316369   -0.0376029    -0.551696     0.312034
    0.081565     -0.16833    -0.308229     0.305058     0.133113    -0.294107      0.22855    -0.108941     0.444856     0.125496    0.0952365    -0.449228    0.0320489    0.0425309    -0.193095    -0.512188    -0.082335    -0.391474    -0.209261    -0.283401     0.650163    -0.056021     0.155438    -0.014746   -0.0791362    0.0419834    -0.198026     -0.13997    0.0637023     0.330972    0.0521821     0.243056
   -0.148439    -0.264815  -0.00281868   -0.0762285     0.142505   0.00715443    0.0249599    -0.327019    0.0272613    -0.158775      0.14846   -0.0392065    0.0985361    -0.322869    0.0768681    -0.336373     0.133953    0.0139431   -0.0102225    -0.448215   -0.0297456     0.115465    -0.259786     0.220961     0.383126     0.458715    -0.194501   0.00688199    -0.179749    -0.022434      0.31912   -0.0768333
 -0.00582238  -0.00316597     0.207241     0.119356    -0.294541    -0.186237    0.0373913     0.126232    0.0189161    0.0442624    -0.143559   -0.0134794     0.175534      0.36676     0.580849    -0.319252     0.040962  0.000341982    0.0558123    -0.512489    0.0296261     -0.22712    -0.253102    -0.323378    -0.187011     0.768254    -0.201317    0.0782883    -0.148358    -0.278685    -0.159827   -0.0980903
   -0.435749    -0.057742   -0.0241328     0.315968    -0.487328   0.00278406    -0.230151     0.262777    -0.311024     0.362777    -0.260764   -0.0655019    0.0863237     -0.50543    -0.371597     0.151579     0.033782     0.154723     0.158142   -0.0891777     0.127955    -0.274279    -0.140486    -0.291083      0.19694     0.281496      1.12107    -0.329294    -0.388725     0.142452    -0.171971     0.178533
    0.320965      0.26637    -0.119911      0.27626     0.132411     0.141991    0.0245211    -0.635649    -0.108249    -0.298441   -0.0505184    -0.152835     0.376879     0.288732    0.0773357    -0.213686    -0.682657    -0.123508     0.306206     0.294525   -0.0403481     0.424538   -0.0874315     0.458427    -0.284807    0.0133928     0.054553    -0.154589    -0.194207    -0.284955     0.199116    -0.300765
    0.081057     0.541841    0.0956927      0.15701     0.316576     0.206286     0.200679    -0.390603    -0.453968    -0.304302    0.0149924    0.0822766   -0.0415726     0.312587     0.135357  -0.00646354     0.103622    -0.253621     0.813743    -0.651252     0.381824    -0.429112     0.208506    -0.153005     0.419984   -0.0370934   -0.0606726     0.098849    -0.284747    -0.402426    0.0115471   -0.0219958
    -0.27021     0.335353     0.260822    0.0876118    -0.559945   -0.0494534    -0.517617     0.289661    -0.284162    -0.373795    0.0466575     0.169599    -0.287963     0.301402     0.139486    -0.545161    -0.510002    -0.320643    -0.723847    -0.159324    -0.329764    -0.445222     0.284769     0.116315     0.165929     0.172863    -0.152807    -0.123763     0.165989    -0.229776     0.467039     0.238291
   -0.143485     0.672397   -0.0191236     0.145873    -0.444623    -0.635539    -0.697445   -0.0810755    -0.364642    0.0852056     0.177047     -0.15184     0.128368     0.234194    -0.457121    -0.517106   0.00320058    -0.466999      0.14091     0.186079    -0.119955     0.299355     0.650916   -0.0948253     0.155057    -0.190959     0.102832    -0.329768    -0.381585    -0.367299     0.148544     -0.04886
    0.101408    0.0380751    0.0760556  -0.00141071     0.354511    -0.282486    -0.644042    -0.566401    -0.242009     0.240195   -0.0518079    -0.337605    0.0767972    -0.564955      0.20035     0.085482    -0.257448     0.219187   0.00681682   -0.0596911   -0.0108866 -0.000975949    0.0238829      -0.5938    -0.134882    -0.294931    -0.446496     0.127415    -0.347086   -0.0287463   -0.0956276     0.121367
   -0.058973      0.14477     0.299372     0.322925    -0.183669    -0.210704    -0.430004     0.174667    -0.215758  -0.00594551      0.35321    -0.319992   -0.0427608     0.269553    0.0772979     0.362205   -0.0222394    -0.388986   -0.0334287    0.0978368    -0.141683     0.351532    -0.281937     0.178487    0.0250532    -0.452154    -0.162459    0.0196202    0.0965242    -0.408985   -0.0261965    0.0876218
  -0.0521643    -0.248157     0.202459    0.0917406     0.153948      0.12587     0.313704     -0.22549     0.144128     0.139509     0.134199    -0.430235    -0.418894      0.22627   -0.0672019    0.0665666    0.0831743   -0.0671376     0.310108    -0.273035     0.253752     0.148604     0.229607    -0.335534    -0.240068     0.240259    -0.599496     0.108261   -0.0103039     0.170226    -0.256992     0.510857
   -0.296527      0.17044    -0.153451    0.0507014     -0.11068    0.0721131      0.28638       0.2803    -0.116847   -0.0704057    0.0772224     0.136662    -0.409558     0.153113   -0.0561099     0.258272    0.0913309    -0.106027    -0.122624    -0.143163    -0.225315     -0.40106   -0.0336328   -0.0354915    -0.102846     0.320941    -0.298256    0.0373965     0.103884     0.080362     0.212094     0.191519
   0.0649427     0.565839     0.188282    -0.212468    -0.250053    -0.176217    -0.546409   -0.0928244    0.0633367    0.0322007    0.0389728     0.289284    -0.101806    0.0149372     0.249525    -0.491982    -0.353174     0.333652     0.265019    -0.227301    -0.511247   -0.0197064    0.0119634    0.0901218     0.243543     0.153007     0.381372    0.0215989    0.0732193    -0.423199     0.155795     0.135716
    0.144863    0.0710628   -0.0583187    -0.159746     0.110467    -0.251375     -0.11749    0.0024079      0.71518     0.362312      0.46059    -0.112725     0.586672     0.114089    -0.146544   -0.0650486    -0.327049     0.168143    0.0386548     0.130983     0.911427     0.322054     0.215631    -0.659768     0.511755    -0.407286     0.444541    -0.359602      0.05315     0.245181    -0.810043     0.169307
   -0.216319   -0.0273733    0.0271484     0.135314     0.175114   0.00654214     0.058426    0.0570201    -0.023227      0.11392    -0.215377      0.43583      0.21059    0.0154362     0.164055     0.146962     0.173655     0.305831    -0.163906    0.0464307   -0.0295412    0.0785269    -0.166219   -0.0270429    -0.025879     0.162987    -0.223967    -0.127836   -0.0652676    -0.258852    0.0736663     0.133795
    0.314431   -0.0304422    -0.399567     0.276508     0.251329   -0.0185288    -0.128555     0.468596    -0.271665    -0.194659     0.339784    -0.694481   -0.0284776    -0.244444    -0.338213   -0.0377168    -0.123848    -0.170309    -0.199801   -0.0148353     0.278679    -0.370045     0.015474     0.276538      0.27599    0.0981886    -0.241261     0.166802   -0.0177653   -0.0618035    -0.198149     0.145931
  -0.0125168  -0.00715623  -0.00733736     0.377818     0.254777   -0.0190814    -0.235425    -0.127102    -0.160813    0.0591397    -0.149341    -0.187669     0.172234     0.378677    -0.419159    -0.193069    -0.158805     0.118344    -0.195797     0.151813    0.0837949    0.0813708   -0.0701746   -0.0519606   0.00356907     0.051501     0.115308   -0.0992305    -0.217988    -0.292474    -0.489168      0.33651
    0.279413    -0.169119     0.263198     -0.19194    -0.418064    -0.217711    -0.354005    -0.111655    -0.178713     0.199314   0.00539352  -0.00224978      0.20175     0.480945     -0.58919      0.44172    0.0801922    -0.382684    -0.030159    -0.202211    0.0601431     0.307403   -0.0237763    -0.294659     0.408686   -0.0773574    0.0644372      0.14067     0.204423    -0.103247     0.161145     0.154363
   -0.239122     0.197339    -0.580457   -0.0767882    -0.618753   -0.0939401    -0.305245    0.0484596     0.102926    -0.549077     0.200512     0.197986    -0.112498    -0.025707     0.550859     0.325881     0.336793    -0.253241      0.37795    -0.524782    -0.279363   0.00629377     0.434497     0.138935    -0.151191   -0.0329734   -0.0447678   -0.0922918     0.236149      0.23435     -0.37795     0.526953
    0.154179   -0.0222979     -0.29934   -0.0984704     0.013517     0.447618    -0.129761     0.471475     0.218766    -0.319677    -0.510917     0.383977    -0.203025    -0.126418       0.1831     0.224717    -0.248232     0.036477     0.175432   -0.0313548    -0.332028   -0.0199941     0.262919     0.109194      0.20456    -0.351692     0.143978     -0.13104     0.198625     0.257598    -0.404569     0.160512
   -0.520207     0.245173    0.0593888    -0.564653   -0.0243555      0.17759     0.044839     0.225016    -0.514453     0.192077    -0.377666    -0.245053      0.39152     0.218624     0.202418    0.0985109    0.0938066   0.00733932    0.0991054     -0.17488      0.29519   -0.0261012     0.433239    -0.200328    -0.469351     0.118567     0.076863   0.00936349     0.368872     0.167248    -0.076732   -0.0235074
  -0.0869997   -0.0192782     0.110389    -0.636665    -0.369261     0.413333    -0.396835    -0.348914     0.261966    -0.249535    0.0383694     0.268752       0.2304    0.0527951     0.134471    -0.116143    -0.288526    -0.447893    0.0537999    -0.430034     0.127055    -0.581825   -0.0172448    -0.343912    -0.089784     0.607397    -0.179809    0.0635854     -0.20856     0.104619     0.327708     0.130279
   -0.661284    0.0462356   -0.0202019     0.226176     0.097075     0.254616     0.113454     0.667168     0.288909     0.224028    -0.150735     0.293555      0.13668     0.593215    -0.171029    -0.125067    0.0975011    0.0804857     0.130137    0.0536502    -0.182311   -0.0914975     0.257154     0.302588    -0.413174    -0.365563     0.190639     0.217499    -0.479998    -0.080087     0.302707     0.275025
    0.112815    0.0347993  -0.00917571     0.386142    0.0837474    0.0457002     0.312507    -0.451114     0.247508     0.026217     0.361267    -0.226888    -0.121823   -0.0286977    -0.270166     0.202771    -0.218251    0.0810799    -0.291969    -0.129709      0.46009    -0.151874    -0.344403    -0.183201    0.0707399     0.383729      0.41369     0.360264   -0.0462401    0.0437029     0.139899     0.259357
    0.933028     0.485451    -0.227808     -0.21498     0.230208    0.0917513   -0.0232176    -0.287046     0.335813    -0.204903    -0.443368     0.173101    -0.505162    -0.335783    -0.179636     -0.47962  -0.00116874     0.969554     0.454594     0.576669     0.218269   -0.0512737     0.365128     0.383917    -0.153574    0.0178856     0.451949    0.0659119    -0.169369    -0.305723    -0.597532    0.0785027
  0.00638622      0.32415    -0.227256     0.179501   -0.0490561     0.312272    -0.349211     -0.29975    -0.410481    -0.138307    -0.221455    -0.168875    0.0891044     0.302181     0.137137     0.130011   -0.0378354    -0.183234      0.06472    -0.057659   -0.0674162     0.283577     0.129458     0.204254    -0.361891   -0.0050743    -0.410438     -0.13389    -0.320808    -0.293814     -0.33631     0.130684
    -0.58742     0.647699    -0.126812     -0.36121    -0.701036     0.394211    -0.381633    -0.205263     0.409686    -0.159508     0.328342       0.2123     -0.40066   -0.0712106     0.324737    -0.751473    -0.427747   -0.0648181  -0.00907692     0.486315    -0.671174      0.37577    -0.513633    -0.320574     -0.42363     0.281521       0.4178    -0.296256     0.599044     0.050509    -0.171336     0.971333
   0.0721663     0.139538    -0.220744    -0.537754    -0.844952   -0.0565354    -0.129876    -0.214494     0.101741     0.311588    -0.164998   -0.0737045   -0.0658422    -0.436945     0.644755    -0.752388    -0.121783   -0.0604413    -0.228493    -0.618886      0.55427    -0.591844     0.165686    -0.183807    -0.190478    0.0579321      -0.1392     0.522806     0.436018    -0.818706     0.900788     0.379122
    0.246292     0.309559     -0.27811     0.182087    0.0198058     0.169235     -0.28634     0.195701     0.267468     0.166139    -0.159614    0.0778329    -0.262854    0.0430815     0.490531    -0.386306     0.107815     0.191481     0.357839    -0.412494   -0.0518963   -0.0929079     0.503099    -0.237233   -0.0415887   -0.0880709     0.271181     -0.37819    -0.175309    -0.416136     0.062985     0.251028
   -0.604313    0.0900268     0.526876   -0.0782002    -0.315693    -0.349058    -0.302912     -0.14042     0.240772    -0.118079    -0.252101    -0.273327     0.154893    0.0414084  -0.00165739    0.0855124    -0.239287   -0.0404228     0.244699    -0.140804     0.202699     0.371128     0.133839     -0.31664      0.15918   -0.0184136    0.0612446     0.205456    -0.503047   -0.0606415    -0.352568     0.243517
   -0.566395     0.128703     0.185164    -0.429238    0.0482943     -0.17902    -0.300695     0.123725   -0.0225459   -0.0792737     0.422675      0.23254     0.320471      0.12105     0.325006    -0.209199    0.0848005    0.0225034    -0.182435      0.42357    0.0813089    -0.467111     0.340186     -0.21562    -0.165514     0.107078     0.135379   -0.0893304    -0.750634     0.127588   -0.0938258    -0.135451
   -0.245782    -0.194133    -0.425459    -0.303367     0.396332     0.202187   -0.0446139     0.464148     0.452334     0.698444    -0.371254    -0.470981      0.27574      0.42957   0.00537387     0.110168    -0.309437     0.513181    -0.174699    0.0182838  -0.00896945     0.104211    -0.674889    -0.460248     -0.42268     0.202011    -0.129687    0.0835808    -0.379801     0.322864    -0.425332     0.274444
  0.00709192  -0.00579992    -0.459472    -0.317446     0.488831   -0.0315163    -0.155845    -0.267325     0.366174   -0.0322694    -0.707514    -0.216858    -0.241508    -0.351352      0.08963   -0.0891116   -0.0252561     0.289928     0.025652    -0.430986    -0.166225    -0.452803     0.330299    -0.366261    -0.260936     0.400548    -0.441046     0.306566     0.645579      0.11069     0.196893    0.0336017
    -0.39484    -0.523754    -0.686037     0.253824    -0.240976    0.0113131     0.371947   -0.0515156    -0.498301      0.13612     0.337419    -0.239127   -0.0686549     0.241727   -0.0353915     0.211154    0.0533109    -0.229116   -0.0467043     0.160125     0.141006   -0.0172277      0.45852    0.0119524     0.141074     0.109929     0.351399    -0.279389     0.467996     0.339496    -0.453753    0.0216507
   -0.195373   -0.0556497    -0.358266   -0.0328663      0.14359   -0.0821362    -0.347856    -0.161307     0.252334     0.155594   -0.0593763    0.0609373     0.322512     0.348397     0.173458     -0.31941    0.0813144    -0.138001    -0.177897     0.257235     0.311243    -0.415721     0.207739    -0.242223    -0.331245    -0.283949   -0.0228975   -0.0590721    -0.343871     0.156158    0.0360931    0.0951803
    0.101866    0.0100577     0.324238   -0.0147566  -0.00113761   -0.0262974     0.133541      0.22084    0.0141923      0.02949     0.301188    -0.311149     0.274374    -0.268691    -0.136586     0.149716     0.377269     0.201747    -0.504861      0.26533    0.0511607     0.110929      0.36238     0.244559     0.242259     0.329824    0.0156905     0.265493    -0.455432     0.175042     0.118744    -0.270112
   -0.262744     0.383808    -0.049178     0.138219     0.674168     0.337702     0.462836   -0.0646547    -0.246025    -0.107085     0.403349    -0.269103   -0.0899524     0.172384     0.166871     0.372295    0.0264608     0.221197    -0.280968     0.172947    -0.267748    -0.225222     0.352588     0.284425    0.0183157     0.229691    -0.189343     0.130904    0.0752459    -0.266136     -0.29574     0.197459
   0.0349134   -0.0258908    -0.106427    -0.536804    0.0794309    -0.256776    -0.428555    -0.327806    0.0852411    -0.451042     -0.34706    -0.181923    -0.058048    0.0134881     -0.18435    -0.516167     0.345307    -0.194686    -0.134976   -0.0875745    -0.344893    -0.182268     0.222634   -0.0708261    -0.300237    -0.322429     0.116579     0.113011    -0.142746    -0.217561   -0.0547095      0.17148
   0.0866042    -0.105372    -0.353099     0.252989     0.288598     0.135963    0.0909471     0.902764     0.106567    -0.170625    0.0183359    -0.561981     0.215307    0.0646099   -0.0188812  -0.00496523     0.147011     0.322706    -0.257491     0.132224     0.223163     0.406238     0.106202    0.0905719  -0.00837735     0.267001   -0.0369568     0.131404    -0.245293     -0.17887     0.364211     0.159329
  -0.0206328     0.362313    -0.238315    0.0148004    -0.463498    -0.696883    -0.503868     0.222283    -0.551427    -0.163589    -0.610235     0.131439     -0.11967    -0.287851     0.353631    -0.296742    -0.562687     -0.56508     -0.56276     0.604395     0.158659   -0.0878807     0.091757     -0.64746     0.704824    -0.163742    -0.153238      0.27414    -0.308001    0.0143527     0.405814     0.535158
   0.0298185     0.804692    0.0455939    -0.596206   -0.0576969    -0.323675    -0.162019    -0.124844    -0.327531   -0.0475395    -0.145387    -0.230198    -0.519179    -0.324642     0.326029    -0.596273     0.170687     0.405008      1.00903     -0.76938    -0.243099    -0.688677     0.311831   -0.0701166    -0.544966    -0.267921     -0.16093    0.0506056    -0.570981    -0.640549   -0.0493253     0.503261
   -0.338391     0.424623     0.272983    -0.373391     0.144603    -0.139993    -0.083072     -0.35808     0.171849   -0.0315381     0.166593    -0.137324    -0.358994   -0.0163505    -0.172529     0.481998   -0.0511319    -0.175057     0.120135   -0.0319157    0.0416469     0.239869    -0.299998     0.330006     0.161261     0.306888    -0.175758    -0.154816    -0.112987    -0.194932    0.0207095     0.211516
  0.00347695     -0.55748     0.138956    0.0855067     0.357562     0.271348     0.294686     0.660191     0.500843    0.0275889    -0.440696    -0.320226    -0.554318    -0.122936     0.150673    -0.251433    -0.480337     0.637123     0.463665     0.251527    -0.135152   -0.0746813     0.321125     0.166492    0.0028379     0.376894    -0.436786    -0.292698    -0.256672     0.217971    -0.354134  -0.00262482
    0.134149    -0.258476    -0.433373    -0.203151    -0.157673    -0.200775    -0.655202   -0.0922566    -0.225436   -0.0559434    -0.476904     0.331703    -0.241461     0.196548     0.150041    -0.360376    -0.265855     0.607097     0.126444     -0.11344    -0.123548    -0.013251   -0.0775589    -0.335252    -0.227197     0.327953    0.0258285   -0.0832904    0.0117579    -0.432048    -0.185752     0.437056
   -0.161661     0.228113   -0.0393608     -0.29356     0.340669     0.292048    -0.271733    -0.454293   -0.0329209     0.477924    -0.103168   0.00301885   -0.0224193     0.122821     0.312107    0.0691487   -0.0225016     0.336373    -0.209511   -0.0246315    -0.291165     0.145996    -0.195392    -0.449794    0.0788591     0.243544     0.113849    0.0678347     0.488629   -0.0553622    0.0469451    -0.187621
    0.326907     0.421409    0.0578654     -0.27721   -0.0155946     0.108019    -0.303277    -0.222718    -0.123379     0.235342     0.269958   0.00855162     0.247805     0.304767   -0.0901276    -0.209132    0.0832979    -0.199404     0.125486    -0.103767    0.0804068     0.526084    0.0372597   0.00597832    -0.413386    -0.113797     0.880362     0.057186   -0.0317396    0.0443293     -0.15893    -0.505704
    0.164998    0.0159021     0.153076     0.097592    -0.445279      0.29666   -0.0491511     0.515594    -0.022146     0.102498     0.101638   0.00937211    0.0440987     0.249816     0.222796    -0.217615   -0.0662119   -0.0369252   -0.0770665    0.0887971    -0.234247    -0.171076     0.276976     0.200484    -0.196876    -0.312802     -0.28474    -0.133217    -0.177321    -0.059628     0.261971    -0.143106
   0.0229429      0.11057    0.0286616    -0.536651   -0.0390257    -0.376278    -0.640796    -0.177369     0.147295     0.155015    -0.515115    -0.312965    0.0189531    -0.127622     0.322505     -0.55688   -0.0932698     0.197931     0.454562     -0.11877   -0.0949168     0.165021    -0.130923     0.142598   -0.0384926     0.328314     0.114557    -0.324387     -0.32483    -0.278357    -0.417436     0.163514
    0.181495     0.466929       0.1047      0.26037    0.0631665     0.307864    -0.291543     0.219076    -0.514503    -0.196777  -0.00624707     0.551684   -0.0188092     0.435159    -0.170075    -0.197905    -0.360596      0.21936    -0.143437    -0.403214     0.355764   -0.0575329    -0.167458    -0.284316    0.0201897    -0.299725     0.307282      0.21586    -0.124888    -0.164759    -0.289448    -0.320776
   0.0923569    0.0926559    -0.275795    0.0233902     0.211818     0.089214   -0.0853449     0.184183     0.266109     0.410878    0.0288559     0.233319    -0.143303  -0.00416052     0.150119    0.0198572    -0.129289   -0.0729502     0.285078     0.188838     0.140947     0.015899    -0.212854    -0.167934    -0.608654    -0.221023    -0.209466    -0.590366    0.0277552     0.408858    -0.268927    -0.181247
  -0.0431449     0.580436    0.0738508   -0.0373145    -0.497713    -0.135833    -0.365022    -0.104506    -0.121566     -0.10847    -0.463019    -0.106912    -0.134018     0.269562     0.700139    -0.148153    -0.439947    -0.183214    0.0993642     -0.27866    0.0989978    -0.032127     0.209456     0.288875    -0.300345     0.282466    -0.127318     0.191182    -0.269761     -0.13297   -0.0224864     0.252401
    0.198492    -0.148306     0.121397    -0.238609    -0.421393    -0.295685  -0.00801325    -0.167185    0.0263977     0.126305     0.348411    -0.216297    -0.152653    -0.526836     -0.21237     0.341719    0.0301052    -0.126457    0.0226956      0.25938     0.153657      0.11546    0.0645672     -0.30201     0.147972     0.368655    0.0984584    0.0319964    -0.273538    0.0220331     0.231448    -0.137294
  -0.0448596   -0.0263857    -0.102848     0.237337    0.0367268     0.205779    -0.118033    0.0845271   -0.0417665     0.179322      0.21265     0.388164    -0.165748  0.000173115    -0.383766     -0.16533    -0.362941     0.226947    -0.109048      0.38955    0.0357086    -0.139703     0.845734    -0.181758    0.0612363     0.259878    -0.204785    0.0992301     0.487116     0.274178    0.0855764    0.0365207
