  -0.273941
  -0.748046
   -1.15466
    0.69309
  -0.126227
  -0.408327
  0.0315677
  -0.232375
    1.55387
   0.470397
  0.0856666
  0.0490981
   0.379654
  -0.521459
  -0.524226
  -0.607807
  -0.760575
   -1.27455
   -0.23949
   0.101106
   0.313897
   -0.28546
    0.23998
0.000910311
  -0.865892
  0.0558036
   0.133711
  -0.418178
   0.270052
   0.264549
  -0.872142
     1.1623
   0.869861
  -0.218291
   -1.62387
  -0.482064
   0.799953
  -0.460991
  -0.683207
  -0.680362
  -0.522114
  -0.576106
  -0.260126
  -0.887778
  -0.459157
   0.165339
 -0.0672397
 0.00447972
  -0.126821
  -0.169147
  -0.448916
   0.149353
  -0.377616
   0.199294
  -0.232975
  -0.126049
  -0.577376
  -0.355233
  -0.434497
  -0.138654
  -0.174921
   0.241854
  -0.968617
    1.75293
   0.408611
  -0.201209
   -1.47256
  -0.420189
  -0.133802
   0.422963
 -0.0154564
  -0.124111
   0.324899
  -0.454192
   0.627045
  -0.538851
   -0.32922
  -0.225383
  -0.166299
   0.199236
  -0.738311
  -0.580083
  -0.455397
  -0.410491
   0.502931
  0.0706301
  -0.207323
   0.324101
  -0.466324
  -0.969102
   0.550595
  0.0335147
  -0.759107
   0.564911
   -0.53972
 -0.0667504
   0.277389
  -0.311807
   -0.16384
  0.0537712
 -0.0932371
  -0.667327
  -0.103306
    1.10104
 0.00438838
   0.128938
  -0.161852
  -0.437969
   -1.48089
 -0.0265987
  -0.306008
  -0.210208
  -0.435782
   0.131258
  -0.807763
   -0.91745
  -0.437657
   -1.51546
   0.541606
  -0.440695
 -0.0939713
  -0.344921
  -0.281467
   -0.22754
  -0.628995
   0.482295
  -0.249774
  -0.132075
