  -0.0466476    -0.339417    0.0437755    -0.024424  -0.00675669     -0.20157     0.384853    -0.193503     0.236041   -0.0973266   -0.0440424    -0.142176    -0.401356   -0.0790505     0.112239     0.306984    0.0480065    -0.108372     0.204816    -0.078078    0.0199522   -0.0394969    -0.613804     0.200995    -0.117389     -0.35714     0.134493   -0.0567521    0.0914235    0.0849682   -0.0309531    -0.239413
    0.118974     0.106673    -0.681437    -0.641567     0.596161    -0.174456     0.426455     0.174799     0.269322     0.271954     0.175163    0.0456603    -0.360183     0.202545      0.22793     0.119545     0.411114    -0.201216    -0.151866     0.358321    -0.549974    -0.213847    0.0645077     0.229938    0.0197427     0.388339     0.358787     0.611143    -0.181884    0.0677452    -0.294471     0.258293
  -0.0692276    -0.537676     0.345345     0.132001      0.35515     0.320697     0.504216     0.219615     0.237961     0.492997     0.169958    0.0184111    -0.330902     0.651001    -0.225494     0.402127     0.177042    -0.144945    -0.134376      0.40736    0.0937139  0.000855702   -0.0364695   -0.0719446     0.130249      0.29605    0.0324003    -0.256331     0.379958     0.547008    -0.179561   0.00785527
    0.479056     0.131658      -0.3038     0.258884    -0.182005   -0.0940993    -0.433177   -0.0554469   -0.0801744    0.0759195    -0.107141     0.576465    -0.212194     0.307839   -0.0155166     0.211667    -0.187473    -0.223319     0.429535     0.383789      0.13664    -0.146567    -0.443606     0.364222     0.182994     0.686817    -0.117162   -0.0295135    0.0404683     -0.17329  -0.00523763    -0.254183
 -0.00451285   0.00455443    -0.513136   -0.0815644     0.125897    -0.404629    0.0998507    -0.152233    0.0877553     0.236144    -0.428584   -0.0392326    -0.034214    -0.283451     0.103876    -0.126502      0.38341    -0.262713    -0.137516    -0.306617     0.116763     0.306188    0.0653458    0.0776964   -0.0732657     0.300585     0.125013    0.0355152    0.0583293    -0.156882    -0.263135    0.0130917
   -0.395345    -0.365733    -0.115264      0.39994     0.402127    -0.142482     0.235374    -0.310149     0.618122    0.0700719     0.201416    0.0130095    -0.013499    -0.384854    0.0277376     0.166692     0.474267     0.116124    0.0474293    -0.654635     -0.02906     0.474544    -0.453725   -0.0525603    -0.142599    -0.712547    -0.530891    0.0377338     0.423721    -0.196375     0.295296      -0.2827
   -0.371351     0.241585     0.248173     0.362975     0.323477     0.291724    -0.273934     0.137966   -0.0380734    -0.227888     0.112256   -0.0645626     0.195087   -0.0952469      0.50069     0.189927    -0.155791     -0.43667   -0.0509606   -0.0759172     0.487746    0.0513915     0.108079    -0.141492     0.308958    0.0237122     0.188712    -0.118923    -0.283838    -0.396698    0.0684512     0.181339
   -0.170247    -0.160106    -0.409615     0.124082      0.13205    -0.321511    -0.777364     0.470093   -0.0549234    -0.181582     0.218797     -0.53939       0.6023     -0.46847      0.69405    -0.144099    -0.551397    -0.745095    0.0172429     0.080532     0.851747     0.075253   -0.0632846    -0.544145     0.278307     0.298974    -0.470387    -0.303021     0.206155    -0.236804     0.370071    -0.332993
   0.0844182    -0.132761     0.109273      0.14197     0.264061     0.303179    -0.246365   0.00743018    -0.091372    -0.602877     0.167527    0.0809448     0.543349    0.0737788     0.223704    0.0696801    -0.111591     0.196428   -0.0828518    -0.348629    -0.259806   -0.0802621     0.298654     0.436519   -0.0156654   -0.0924179    -0.142037   -0.0721937    -0.169845      0.48106    0.0989234   -0.0132368
   0.0453273     -0.24869    -0.381686    -0.222707   -0.0439759    0.0453486      0.20982    -0.296002    0.0595726     0.411474    -0.134175   -0.0773432   0.00461371   -0.0620933     0.281688    -0.175946    -0.118187    0.0118023  -0.00661477    0.0735887     0.364352   -0.0648732    -0.183218     0.304894    0.0951211    0.0810767    -0.416194     0.194949      0.13926    -0.161085   -0.0349056    -0.382476
  -0.0198746   -0.0342395    -0.523913     0.233278     0.322342    -0.188115    -0.268493   -0.0355235    -0.266211    -0.327001   -0.0794479    0.0681362     0.573923   0.00621078     0.144867    -0.315861    0.0103849    -0.202099    -0.083655   -0.0718401    -0.560213     0.234983    -0.173546    -0.227965    -0.215166    -0.531581     0.195149    -0.248635    0.0924161   0.00794417     0.231266    -0.352125
   -0.140392    0.0317572     -0.18905    -0.344622   -0.0988533   -0.0394399    -0.106375    -0.164449     -0.12595   -0.0447353    -0.106726    -0.311268     0.218671   -0.0386792     0.279158     0.172571    0.0306846    -0.251999   0.00780992    -0.272962   -0.0128431     0.103175    -0.368044     0.176544    -0.181746   -0.0401709    -0.157933   -0.0431857    -0.419429   -0.0483878     0.181296     0.454036
    0.277318    -0.226647    -0.372447    0.0602165     0.143636    -0.197211    -0.239005     0.121932   -0.0682367     0.272306    -0.657727     0.177251    -0.164134    -0.145716     0.196044    -0.111547    -0.226964    -0.567532    -0.163034   0.00594414    -0.110612     0.200261   -0.0919451    -0.245665     0.311137    -0.286133   -0.0228822    0.0426225     0.364001  -0.00545831    -0.566835     0.019372
  -0.0314466    -0.101671    0.0390032   -0.0399591    0.0775176    -0.141048     -0.41768   -0.0850012    -0.344035   -0.0464782    -0.282119     0.105843     0.221668    0.0990391     0.483242     0.245459    -0.495358   -0.0333731     0.196749    -0.131896    0.0396024    -0.154793     0.620055    -0.202591     0.356549     -0.39553    -0.525513    -0.258235   -0.0917722   -0.0292647   -0.0606112      -0.0446
   -0.344971    -0.356895      0.03214    0.0286927     -0.58224    0.0368297    -0.613675      0.18044    0.0205665    -0.342233    -0.031939     0.100773     0.285261     -0.24179     0.764881    -0.245318    0.0746039     0.417271     0.407145     0.200255     0.877193    0.0953977       0.1021    -0.021178     0.322704    -0.939036    -0.581523   -0.0888649   -0.0441133    0.0488287    0.0172334    -0.615704
  -0.0289023     0.034595     0.410979    -0.267269     0.166734   -0.0114823    -0.126721    -0.116009     0.290432    0.0911295   -0.0287426     0.231118     0.284654    0.0709992   -0.0686287     0.184792     0.247997   -0.0367786   -0.0466692     -0.24944    0.0132332    -0.309688    -0.230687     0.184992    -0.316925    -0.139362    -0.240486  -0.00703561   -0.0410711     -0.13806    -0.421668     0.255613
   -0.211789    0.0741556    -0.283352      0.28409    -0.107349     0.158207   -0.0123063     -0.12572     -0.19985     0.028861    0.0496466  -0.00863215    -0.241287    -0.136862     -0.35826   -0.0403989    -0.304136    0.0340792   -0.0266109     0.590339    -0.236197    0.0284475    -0.184498    -0.249511     0.685181     0.466807     0.125552   -0.0045969    -0.344181  -0.00391298    -0.137715    -0.186299
  -0.0214092    -0.216846    -0.058384    0.0233745   -0.0158902    0.0559174    0.0827906     -0.14214    -0.213135     0.196124     0.178352   -0.0481987   -0.0802216     0.153328  -0.00822833   -0.0476763     0.380922    0.0101138    0.0254653    0.0737833   -0.0379132     0.100074     0.118654     0.087044     0.147009   -0.0930087   -0.0422695   -0.0273997     0.163681    0.0748727   -0.0991999    -0.176703
    0.285037   -0.0325104      0.16892    -0.283662    0.0677917     0.193152     0.132966       0.3784    0.0282127     0.314907    -0.329819    -0.197976    -0.126905     0.160749   -0.0573083    0.0108315     0.299847     0.129978     0.185898     0.039647    -0.150536   -0.0483277     0.216286     0.324025     0.128253     0.692606    0.0210445    0.0714675     0.478094     0.136671   -0.0558119    -0.101515
   -0.280392     0.117381   -0.0256689    0.0270064    0.0414708     0.164512     0.121658    -0.465692    0.0189601    0.0428477     0.332315     0.167308      0.21305   -0.0422592     0.360362    -0.183298     0.103018     0.145604     0.188437   0.00974202     0.538042     0.203243    0.0202392    -0.313272    -0.422165    -0.194284     0.109385    -0.107392    -0.255167    -0.299885   -0.0232808    -0.457492
   -0.340959   -0.0618712    -0.298298    0.0955373     0.271749    -0.302955   -0.0117514    -0.262631     0.432191    -0.175873     0.210119     -0.30686    -0.154588     0.232457     0.376519     0.134151     0.274606    0.0926156    0.0260083     0.141423     0.100387    0.0338927     0.081346    -0.133624     0.643652    -0.130964    -0.136284     -0.24415   -0.0139107    -0.107943    -0.130357    -0.705801
   -0.144955     0.116082   -0.0117108     0.190791    -0.444551    -0.312463     0.186763    0.0185104    -0.462127    0.0839838     0.009684    -0.226783     -0.23466    -0.102315     0.223595    -0.272086   -0.0572215     0.279902    0.0664942    0.0885921     0.328944   -0.0416305    -0.330991    0.0729369     0.396528    -0.385889    -0.379565    -0.280076   -0.0269388    -0.357011     0.141031    -0.494741
   0.0739137    -0.115995    0.0391685     0.594364   -0.0872211    -0.344608     0.466803   -0.0909974     -0.42349     0.318929    -0.312204     0.109592     0.104936    -0.626198  -0.00306183    -0.321473    -0.164779    0.0275139      0.64562     0.371273     0.465821     0.430093     0.491415    -0.629176      0.19687    -0.272513    -0.187872    -0.361337     0.199664     0.223163       0.1193    0.0142749
    -0.52623    -0.202521     0.223854   -0.0052577    0.0021498     0.232278    -0.304951    -0.136625   -0.0122097    -0.296604    -0.147104    0.0585246     0.386009    -0.337426   -0.0546143      0.23857    -0.188101    -0.226505      0.36453    -0.179842     0.263602     0.224335    -0.189279     0.117353    -0.326822    -0.316052    -0.165033     0.127275    -0.297285    -0.117856     0.584396     0.548342
    0.351632     0.121234    -0.166377    0.0653659    0.0399025    -0.357368     0.390824    -0.120259    -0.154266   -0.0407065   0.00829765   -0.0491473    -0.275724    -0.375948      0.45559     0.232427      0.26112    -0.117594   0.00669124      0.25008      0.22102   -0.0652639    -0.138503   -0.0785033   0.00842836   -0.0846401    -0.102562     -0.33999     0.206898    -0.358298     0.155521    -0.090628
   -0.147257    -0.180045    -0.214605     0.169493   -0.0310034   0.00916152   -0.0934752   -0.0435857   -0.0224606   -0.0364578    -0.323046     0.159931     0.214983    0.0373294     0.108467     0.201019     0.401193      0.12683    0.0322779    -0.250285   -0.0312311    0.0730429    -0.176657    -0.235737   -0.0709911   -0.0957155    -0.180517    -0.205427     0.159793    -0.205753     0.212524    0.0670358
    0.116162    -0.232706     0.129419     0.466852    -0.358396     0.167613    -0.620955    -0.417335      0.32432     0.231405     0.255562    -0.207045     0.143177    -0.262504     0.214664     -0.30479   -0.0339719   -0.0480215     0.315238     0.123162     0.405887      0.10227     0.105474    0.0930233   -0.0493635     0.442379    -0.358404    -0.229856    -0.618016    -0.264736     0.351107    -0.316816
    0.132467    -0.478866    -0.178382    0.0918159     0.201807     -0.15392     0.190941    0.0327098     0.223834     0.312547   -0.0561262     0.159253     0.121442    -0.015893    0.0973019    -0.130844     0.124396    -0.335354  -0.00535774     0.194265    -0.154463    -0.026133    -0.390875    -0.224435     0.128713    -0.215673     0.447282     -0.40008    -0.169764    -0.111198    -0.221687    0.0476714
   0.0298282    0.0497435    -0.254673     0.270548     0.183777    0.0620676    -0.110543    0.0950441     0.155705     0.106313     0.164859    0.0882929    -0.178542     -0.06566   -0.0615567     -0.13291     0.125282     0.197112     0.223774    -0.199762     0.147487   -0.0881964    0.0278064    0.0465551    -0.386618    -0.233671      0.10628    0.0739604      0.30484    -0.267957   -0.0844927   -0.0371212
   -0.194064     0.249078   -0.0980942     0.166786     -0.38583     0.210332   -0.0116488    -0.455151    -0.264323      0.16068    0.0832607     0.509313    0.0366745    -0.153365    0.0977851   0.00180234    0.0177333    -0.111443    -0.076332    -0.104026    -0.299988     0.338228    -0.149134    -0.083226    -0.324593    0.0439096   -0.0244153   -0.0458756    -0.374491    -0.106407    -0.201688    0.0416363
   -0.385406   -0.0677093    0.0388484      0.34289     0.196467    0.0352198    -0.551158    -0.292784     0.736871    -0.118898    -0.572763     0.254147    -0.305891    -0.102686     0.132866   -0.0614582    -0.180716    -0.378436   -0.0988878     0.154408    -0.121136    -0.632488    -0.307911      0.11827    0.0543521      0.38629     0.211311     0.212593    -0.367926     0.211137     0.235043   -0.0713392
   0.0956776     0.180931     0.273953    -0.436863    0.0505465   -0.0778708     0.316428   -0.0070808     0.195191    -0.712768    -0.367766     0.250436     0.771448    -0.188157     0.394596    -0.195614      0.33933     0.118304    -0.360838    -0.225943    0.0397805    -0.362157   -0.0531243     0.060154    0.0837314    -0.353949    -0.440587     0.224958    -0.429933    -0.392115     0.226938    -0.415103
    -0.21754     0.218531     0.256586    -0.399303     0.333911     0.680133    -0.326038     0.126437  -0.00926547    -0.133066     0.139003     0.117499     0.218164     0.244535     0.738254     0.226904    -0.189784     -0.48702    0.0695975   -0.0201115     0.352588    -0.129618     -0.01292     0.225904    0.0546397      0.60858    -0.569116     0.283259    -0.365088  -0.00703168    -0.185495    -0.433177
    0.203083    -0.277556   -0.0931279    0.0892563     0.241774     0.225225     -0.58937     0.415684     0.319434    -0.216584     -0.80894    -0.106578    0.0553523     0.424859    -0.707139    -0.496799    -0.257784    -0.278635    -0.267501     0.136598     0.105797   -0.0328742    -0.161692     0.544618    0.0616184    -0.596123    0.0861852     0.446085     0.468363  -0.00387231    -0.169351     0.229181
   -0.268231     0.364417    -0.247086    -0.035725    -0.289811   -0.0678579     0.340309    -0.284037    0.0515958    -0.181758     0.103113     0.194699    -0.098984  -0.00931686   0.00545001   -0.0581712    -0.368519    -0.229626    0.0387512     0.074795     0.158404  -0.00887925    -0.249325    -0.156455    -0.147083    -0.116571     0.128457     0.220336    -0.383492   -0.0552206    0.0142045    -0.117174
   -0.288498     0.190572     0.191353     0.241608     -0.47833    -0.097895   -0.0784358   -0.0373926     0.569029     -0.22655   -0.0574473      0.40033    0.0604498     0.374014    -0.737769     0.443791    -0.886357    -0.585455     -0.22186   -0.0548812      -0.5317     0.198354    -0.585676    -0.326599   -0.0710322     0.232294     0.736711     0.257455   -0.0377229     0.192648   -0.0687355     0.277105
   -0.104049     0.330444    -0.121676     0.252296     0.116787    0.0615157    0.0430076     0.346587    0.0786205    -0.334194    -0.207255    0.0382224      0.40664   -0.0611736    -0.184997   -0.0951016    0.0452676    -0.436983     0.279591    -0.122677     0.124483    -0.227211    -0.228083     0.113683      0.30659     0.226473     0.346029     0.276425    -0.127112   -0.0592768   -0.0842224      0.20957
    0.154376    -0.413904    -0.416987    0.0399151    -0.205703     0.191189    -0.459441     -0.25084  -0.00350526     0.128954   -0.0316047    0.0306899   -0.0749408   -0.0286723    -0.084475   -0.0617035    -0.496608    -0.250745   -0.0363216      0.34111     0.365945    0.0330088    -0.193938     0.215004    0.0213322    0.0374207    -0.479347    -0.501011    0.0386906     0.383252      0.14959     0.230416
   -0.323113    -0.168769    -0.221958     0.201728    -0.258175     0.365115    -0.426039    0.0172676     0.229362    -0.246527    -0.263257   -0.0638978     0.578275    -0.124995     0.372508     0.400658    -0.462175    -0.541292     0.250523   -0.0251901    -0.221597    0.0293672    0.0136264    -0.418622    0.0621591    0.0647053     0.397401     0.206556    -0.372864    -0.672121    -0.567949     0.690271
  -0.0499717     0.158428    -0.156946  -0.00169156    -0.167575     0.251596    -0.289631    -0.105128    -0.270235   0.00156766    -0.159359   -0.0171736     0.092344     -0.25196    0.0564599     -0.28522   -0.0906966    0.0306672    -0.182314     0.110319   0.00777673    0.0638679   -0.0620417     0.277715     0.403299   -0.0379996    -0.273444     0.335125     0.166709    0.0175216    0.0487603    -0.419786
    0.446815     0.515209     0.210393     -0.05438     0.490427    -0.033165     0.222051     0.538937    -0.141791   0.00798874    -0.149644   -0.0727102      0.22088     0.206625    -0.364048    0.0930869     0.304628    0.0509008    0.0763104    0.0567743     0.155636    0.0734078     0.130323   -0.0665274     0.237096     0.170622     0.104992     0.147761     0.342817   -0.0116873   -0.0157191    -0.103216
    0.146408   0.00064447    -0.369859    0.0268323    0.0677641    -0.068715    0.0213081     0.119833    -0.230682     0.170783     -0.18415   -0.0514739    -0.362995    0.0111803     0.228677    -0.402281     0.330424     -0.16031     0.134049     0.320324    -0.220939    -0.279523      0.39156      0.64954     0.471208      0.15743   -0.0132609    -0.115934     0.136171   0.00549066   -0.0151751    -0.136953
  -0.0744252    -0.118557     0.133469  -0.00472584     0.343151     0.271575   -0.0946229     0.148878   -0.0144902     0.315708   -0.0923775    0.0575048   -0.0643097    -0.108199    -0.132552    -0.244278     0.399795    -0.367619    -0.189036     0.144673    -0.245482    -0.365337     0.175525     0.206025    -0.194229     0.136849   -0.0931573    -0.170667   -0.0438105   -0.0475017   0.00189469    -0.130361
   -0.502096     -0.23054     0.103829     0.416117     0.094854    0.0142175    -0.132544    -0.134652     0.387898     0.531391     0.674953    0.0699696     0.373063     0.111927     0.175145     0.110839     0.229468  -0.00638309     0.482315    -0.217812     0.922698     0.465173     0.129327    -0.118484    -0.324445    -0.354551    -0.638015    -0.147669   0.00222016    -0.177232     0.353899      -0.3785
   0.0558781     -0.22793    -0.125032     0.343803    -0.135637     0.167609    -0.357739   -0.0202992   -0.0895753  -0.00724375     0.352118   -0.0744627    -0.160701    -0.296641     0.340972     0.322355     0.402421     0.451058     0.274176   -0.0337665     0.168603    0.0240826   0.00711558     0.273274    0.0373378    -0.289684    -0.125543   -0.0135317       0.1651   -0.0331992   -0.0967974    -0.251052
   -0.254933    -0.198426    -0.541063     0.435444    -0.169116    -0.180772    -0.304792    -0.408532    -0.002026     0.194862    -0.307648   -0.0987108     0.535248    -0.572535      0.96507    -0.171832     0.183289     0.075207     0.130818    -0.344202     0.630976      0.21735    0.0861652   -0.0636904     0.685024    -0.712881    -0.255624    -0.381852    -0.302232    -0.820906    -0.354707    -0.578584
   0.0779307    -0.481974    0.0686698     0.405274    -0.392531     -0.14227    -0.306762    -0.121559    -0.336343    -0.188338  -0.00424365   -0.0622025     0.254824    -0.319331      0.27804     0.254404     0.164955      0.24221     0.104722     0.256635     0.451675     0.380736    -0.146747     0.013605    0.0491773    -0.187287    -0.112825    -0.536509    -0.334704    -0.269498     -0.17767    -0.555132
  -0.0526884    -0.164196    -0.105252     0.100829     0.578469     -0.35389     -0.14449    -0.153239      0.22542     0.410296     0.143682    -0.111905     -0.13175     -0.26396    -0.292136     0.369118      0.15366    -0.225647     0.157772    -0.117793    -0.150358    0.0171288    -0.293557    -0.267652     0.178422     0.196024     0.340149     0.254493    -0.127285    0.0809938     0.113701   -0.0710205
    0.304121    0.0681128    -0.155601    -0.141819   -0.0383508    -0.145807    -0.191849    -0.152366     0.202877     0.383593     0.222167     0.171826    0.0301657    0.0237726     0.339867     0.151041   -0.0933398    0.0297605    -0.152949     0.288313    -0.472556    -0.258848     0.108027   -0.0914871     0.166408     0.590736     0.332611   -0.0955371    -0.260962    -0.127165   -0.0389188     0.327573
     0.13511     0.188075    -0.152984     0.216306   -0.0209721     0.569678    -0.192683   -0.0125257   -0.0348575    -0.295302     0.224853    0.0406909    -0.189099     0.214791    -0.350572    -0.344068    0.0506847    -0.506302   -0.0797218    -0.599024     0.432494    -0.104875     0.130662    0.0597887     0.080168   -0.0989757     -0.46987     0.121505      0.24537     0.109724     0.194756    0.0618939
  -0.0208333   -0.0857079    -0.431936     0.296989     0.355976     0.175506    -0.132948    -0.121236   -0.0106943    -0.148578    0.0518019     0.290119    0.0403011  -0.00360587      0.33164    0.0983201     0.249699     0.027236      0.10425    -0.083305     0.156002    0.0447327    0.0211585  -0.00546481    -0.557099   -0.0231651    -0.043955   -0.0221824     0.384294    0.0344426     -0.11847     0.276793
  -0.0609757    -0.127195   -0.0509933    -0.276161     0.433079    -0.172855   -0.0221096    0.0430272     -0.18607     0.177544     0.201977     0.146594    -0.125063    -0.438256     0.035615    -0.345511     0.152354    -0.338897    0.0667628    0.0954465     0.115824     0.111435    -0.134065   -0.0516259   0.00870221     0.299683    0.0327999     0.295008     0.156206    -0.169061   -0.0394597     0.119238
   0.0241769     -0.13878    0.0531776      0.10166     0.330519   -0.0189614     -0.14309    -0.136794    -0.190917    -0.156518    -0.131232     0.420291      0.13298   -0.0921757    -0.168554    -0.140211   -0.0670306     0.187816    0.0393223    -0.147904    -0.174941     0.087942    0.0667226   -0.0668416    -0.095663      0.22408     0.042525    0.0326558   -0.0904185   -0.0589918    0.0165764     0.118239
   -0.132893    -0.344767    -0.125094    0.0346402    0.0374863   -0.0846977    0.0415842   -0.0312115    -0.153931     0.520696     0.094461    -0.102124     0.114679     0.231516    -0.187214     0.616705    -0.243519    -0.277672   -0.0659167      0.14212    -0.125867     0.306615    -0.294264     -0.26039     0.132031    0.0404316    0.0342871     0.197364    0.0568169     0.103328     0.225361    0.0804848
    0.107833     0.002045    -0.441323     0.292762     0.155468   0.00906362    -0.221275    -0.296749    -0.100183     -0.14794    0.0442663    -0.185995    -0.111527   -0.0657676   0.00469375    -0.328847     0.020074   -0.0358939   -0.0695371   -0.0491921    -0.158459     0.293817     -0.10594      0.15686    0.0773099    -0.132831     -0.10532    -0.169341     0.328912     0.171144    0.0873618    -0.115569
  -0.0920049    0.0886809     0.347354      0.11818      0.23044    0.0156067    -0.530044    0.0851009     0.377157    -0.331254    -0.268511    0.0947239     0.342006    -0.212791    0.0582322   -0.0716057   -0.0205888    -0.158304     0.144395    -0.272715   -0.0515599     0.146876     0.259996     0.098519    -0.232834   -0.0618111    -0.133335    -0.263639    0.0720995    -0.276937    -0.214462   0.00187853
   0.0514437     0.130475     0.158601    -0.418079     0.215309   -0.0228441    -0.132004     0.220366    -0.388131    0.0154605    -0.117432     0.121928    -0.053679     0.170212    -0.145816    0.0813783     0.164972   -0.0561714     0.283048    0.0645216     0.134044     0.124651   -0.0084971     0.247222     0.543892    0.0756608    -0.129785     0.158414    -0.136542     0.148179   -0.0249697     0.133578
    0.449704    -0.424819   -0.0024036     0.873212    0.0414506    0.0783304     -0.26436    0.0275223     0.144222    0.0211484    -0.199857     0.608059    0.0828804    -0.252444    -0.170709    -0.173714    -0.534953    -0.942341     -0.65221    -0.504617     0.314159     0.328518    -0.792469    0.0109339    -0.148678     0.903221    -0.212302     0.180781      0.18846    -0.603563    0.0965036     0.340231
    0.406583    -0.332678      0.39239    0.0886601     0.105954     0.160598    0.0308626   -0.0225798     0.287521     0.385049     0.397222     0.193102     0.205276    0.0581024   -0.0921972     0.570062    -0.228924   -0.0921564     0.185953  -0.00811987    -0.146167    -0.232656    -0.375795    -0.413101     -0.36029     0.165165   -0.0436505     0.640216    -0.357364    -0.134384    -0.299756    -0.316076
  -0.0497668    -0.312025     0.179265    -0.143544     0.155195     0.162922    -0.179027    -0.306337     0.223399   -0.0657763    -0.104649     0.144569     0.071282   -0.0213796     0.198327      0.36487   0.00338995    -0.290117   -0.0426583     -0.28802    0.0920262   -0.0663067   -0.0620076     0.199903    0.0524827    0.0535578    -0.307347     0.407229      0.11078     -0.10321   -0.0975424     0.247222
    0.152838     -0.33622    -0.550885      0.46081    -0.338029     0.466361    -0.441237   0.00298408   -0.0663054    -0.561537    -0.183408      0.13301      -0.1915    -0.128268      0.52163     0.281473    -0.278863   -0.0353873    0.0460207     0.432479    -0.157103    -0.418393     0.190026     0.345643     0.230424    -0.170261    -0.177915    -0.504913    -0.245534     0.192172    0.0648541    -0.417385
   0.0736814    -0.256468    -0.315254     0.253478     0.168109   -0.0378759    -0.159344     0.258324     0.173418     0.353258    -0.280958   -0.0406565    -0.218703    0.0367529     0.264924     0.144659     0.444798    -0.403493      0.21966     -0.23922     0.114175   -0.0149779    0.0564079   -0.0327959    -0.510924     -0.10951      0.10592    -0.125527     0.107191     -0.35779     -0.44277    0.0710124
   0.0819033   -0.0478909     0.513298    -0.154685    -0.230014     0.125774     0.163675     0.366641       0.1012     0.217789     0.333763    -0.441079    -0.165466     0.298996    0.0777668    -0.065662    -0.580299   0.00527447   -0.0890129    -0.136063    0.0758532  -0.00713461     0.115589     0.335735    -0.366105     0.340317    0.0884505    0.0539416     -0.37248     0.106321    -0.226304     0.137304
   0.0517883     0.483248    -0.366154    -0.602679     0.304524    -0.214335     0.376862     -0.27384    -0.316804     -0.77244     0.468841     0.482369     0.421787     0.473869   -0.0424608   -0.0693929     0.220501    0.0785495    -0.211204     -0.50157    -0.269579    -0.426747    -0.185895    0.0536885   0.00633873     -0.41561     0.030747     0.348954    -0.657235   -0.0927501    0.0549002    -0.066485
    0.176704   -0.0397356    -0.288662    -0.659004     0.479601   -0.0270059    -0.227368   -0.0500566    -0.115849   -0.0259842    0.0528979    -0.368273     0.170885     0.146551    0.0722995    -0.217586    -0.133612    -0.223118    -0.313101    -0.399623    -0.352869  -0.00479019    -0.139717     0.357624     0.369253     0.141905    -0.228048      0.23052    -0.408041    -0.199111   -0.0437068    -0.314063
  -0.0918137    0.0335356     0.427707     0.506453     0.209303     0.250215    -0.181984     -0.10705     0.125371    -0.166698    -0.453108     0.244845    0.0426358     0.149219    -0.475654    -0.185645    -0.381073    -0.385338     0.081385     0.201237    -0.197247     0.100493     -0.55089   -0.0128529   -0.0274116     0.753987   -0.0909634    -0.167068    -0.109327     0.219133     0.297616   0.00159958
   -0.292222      0.18349     0.179566    -0.385534     0.228542    -0.146345    0.0382132   -0.0164208    -0.314411    -0.203297     0.350575     -0.13426     0.121961     0.286077   -0.0890344    -0.357345   -0.0401532    0.0671467     0.151639      0.44903     0.203103     0.172036    -0.252776    0.0827308    -0.106729     0.287058     0.176758     0.167652    -0.224699    -0.167184     0.668839     0.115257
    0.187262    -0.772873    -0.247429     0.258869   -0.0938322    -0.212949   -0.0853663    -0.221841    -0.379813     0.012351   -0.0755149    -0.572331    -0.308805   -0.0387229   -0.0336138    -0.334503    0.0108107   -0.0363604   -0.0263162      0.13234    0.0557941     0.296117    0.0463365     0.139781   -0.0999244    -0.540433    -0.451304   -0.0892284  -0.00878021     0.190625   -0.0234717    -0.292028
   -0.369985     0.186848     0.258266  -0.00597886     0.118178     0.200375   -0.0897898     0.169557     0.427492     0.484735    -0.311065   -0.0111101     0.202915    0.0629639     -0.32523    -0.116023    0.0800543     0.118902    0.0345813    -0.390098     0.201974     0.162922   -0.0327984  -0.00451945    -0.415003     0.410019     -0.19231      0.10702    -0.294169    0.0488222     0.102745    0.0745751
   -0.318516      0.12235    -0.166271   -0.0410841   -0.0318152      -0.3482    -0.540731   -0.0656516   -0.0794292   -0.0852879     0.246414   -0.0358706     0.269868    -0.241597    0.0243747 -0.000885452    -0.153621    -0.208648     0.297931    -0.421455    -0.139291   -0.0202279    -0.168622      0.20514    0.0798059     0.231682     -0.03704    0.0853403    -0.364401    -0.137084  -0.00606904   -0.0126801
   -0.104686    0.0794838   -0.0293049    0.0879926    0.0958681     0.238531    -0.107887     0.101389    -0.170724     0.124021   -0.0453336    0.0274919     0.256955   -0.0492512    -0.104948   -0.0551942     0.568151     0.220517   -0.0906015     0.122263    0.0214788    -0.122712    0.0673909    -0.137728    -0.264732   -0.0939318    -0.129581     0.231024    0.0785034    -0.285475    0.0820932     0.072698
  -0.0744224  -0.00942774     0.232137    0.0258685     0.415758   -0.0127199    0.0651369      0.22937      0.46663     0.945169    0.0685022    -0.272145     -0.32894     0.127521    -0.273657   -0.0280446     0.102459     0.212255   -0.0729675      0.27273  -0.00722426    -0.147669   -0.0378553    0.0093624     0.282304     0.166027     0.290198     0.328127     0.398104     0.884632     0.107506    -0.243074
  -0.0869791    0.0693118   -0.0241409     0.475735     0.162715     0.202153    -0.185139   0.00292005     0.503307    -0.138578    -0.236551    0.0469937   -0.0219257    -0.251551     0.119555    -0.179675     0.136351   -0.0397946     0.285426   -0.0252733    -0.232261     0.153851    -0.309923     0.295426     0.366125     0.181986    0.0558004     -0.34676     0.021035     0.345419   -0.0861063    -0.352725
   -0.154401   -0.0555992    0.0671705     0.279785    -0.240854     0.162195    -0.154797    -0.464809    0.0947816     0.259401    -0.139372     0.485206    0.0859848      0.17585   0.00521804     0.329457   -0.0614287   -0.0988749     0.235984    0.0759242     0.599343    -0.128632    -0.311943    -0.217665    -0.341623     -0.38683     0.155148     0.199287    -0.274871    -0.178282    0.0312002    -0.280187
   0.0902787    -0.999044     0.372519      0.28222      0.21457     0.175045    -0.660562    0.0961016     0.881272     0.746096     -1.15129     0.248371     -0.44641    -0.494105    -0.319357     0.558184   -0.0856708     -1.09909    0.0348763    0.0187105     -0.81603     0.285434    -0.813168    0.0328065    -0.161226     0.323291     0.426791     -1.34454   -0.0550547     0.495013     -0.36433  -0.00825268
   0.0716055    0.0302036    -0.114327    -0.454331     0.181317     0.371228    0.0983363    0.0973135    0.0933367    -0.167955    -0.113065    -0.203354    0.0514329    0.0662403    0.0212281    0.0762901   -0.0202798    -0.217517     0.280966    -0.109638   -0.0805567    0.0334947     -0.38063      0.01879   -0.0907832      0.10737     0.135696     0.176675    0.0729479     0.510141   -0.0691079     0.232776
    0.100834   -0.0285388     0.177457     -0.10343    -0.197587    0.0105958    -0.178612    -0.298081     0.321157    -0.209335    -0.121092    -0.033904    -0.178746    0.0228466      0.14443     0.111445   -0.0247312     0.230965    -0.116524   -0.0415486    -0.172904     0.334659     0.166947   0.00326275   -0.0968452    -0.106208    -0.201815     0.192257    -0.233557    0.0563105    -0.107589    -0.244776
    0.251684    0.0150733    -0.141711    0.0123968     0.356687     0.165623   0.00717541     0.221349     0.103258     0.488671   -0.0694345   -0.0717939   -0.0943755   -0.0948198   -0.0413723    0.0899118     0.255919    -0.189409    -0.231213    -0.107657    -0.305533   -0.0155441    -0.244453     0.169773     0.345646     0.504359     0.488798    0.0338136    -0.250943  -0.00620427    -0.317723      0.44664
    0.204657   -0.0669874    -0.678447     0.219973     0.136617    -0.471869    -0.478283    0.0762702     -0.17924   -0.0635454     0.531293   -0.0153792    0.0209637    -0.243291      0.39418   -0.0317656     0.608177     0.141079     0.349626    -0.166582    -0.239486   -0.0736794    -0.107132    -0.261471    0.0771432    -0.487086     0.291261     0.203875   -0.0491362  -0.00745201    -0.146511     -0.43284
   -0.127263    -0.038824     0.471167   -0.0729251      0.24971     0.603652    -0.219021    0.0295016      0.24541  -0.00751854     0.349172    0.0269046     0.233011     0.335124     0.188051     0.095845     0.398535    0.0231721    -0.369845    -0.154498   -0.0162369    0.0947967     -0.12228     0.247478   0.00534203     0.550441    -0.202003     0.259478    -0.389799    0.0209685     0.180014     0.126854
    0.418257   -0.0454852     0.340729    0.0529037     0.725321     0.116137    -0.174221     0.150078     0.629129     0.684192     -1.07048     0.514226    -0.333313    -0.153922     0.149302     0.341463    -0.621392    -0.373463     0.124858 -0.000539089     0.285332    -0.499738   -0.0627431    0.0144132     0.176537     0.630212     0.566297   -0.0307706     0.246098     -0.42649    -0.474363     0.155205
   -0.213859    0.0340563    -0.147302   0.00355189     0.109403     0.243178     0.462935    -0.212316    0.0728205     0.142448    -0.261861    0.0739564    -0.210163     0.113313   -0.0603997     0.249612    0.0203129    -0.310515     0.171664   -0.0243146     -0.46448    -0.270581     0.143553     0.275844     0.145399   -0.0370494    0.0105713   -0.0300836     -0.02925    -0.319941    -0.177556     0.817317
   -0.192236     0.171178   -0.0081911   -0.0986743     0.534465    -0.225937    -0.560239    0.0180256     0.121004     0.270847   -0.0194339    0.0123431    -0.300968     0.141021    -0.219071     0.243386     0.206397    -0.186119     0.117107    -0.316418    -0.319352     -0.32165   -0.0519022     0.471167     0.202523   -0.0137638   -0.0810458     0.269517    -0.465504    0.0909141    -0.353158     0.310761
   -0.124963    0.0590308     0.038739    -0.244529     0.270738      0.14657    -0.114818    -0.218019    -0.232929    -0.153466     0.141786    0.0214752    0.0440765     0.277884    0.0964339    -0.293584     0.162156     0.267709     0.107931    0.0828031    0.0427103   -0.0059874   -0.0904262     0.345653    -0.249506    0.0046977    -0.213165     0.357648   -0.0850345     0.137185     0.296474     0.337494
    -0.34775     0.740266    -0.448957     -0.71475    0.0985663    -0.740322    -0.267674     0.652651    -0.638115    0.0230197    0.0803298   -0.0365048   -0.0072778    -0.410807      0.76678     0.834647    -0.415996    -0.810303    -0.153933    -0.663599     0.835816      0.27534    -0.283781     -0.57355     0.738653    -0.834612   -0.0214789     0.182248    -0.555332    -0.539907    0.0239371    -0.738986
    0.225079   0.00761017   -0.0701955      0.68018    -0.131364      0.18491    -0.219834    -0.149363     0.231101     0.282679     0.272165     0.102793    -0.371609    -0.414176     0.446885     0.197657   -0.0315439    0.0107735     0.792504     0.100831    0.0565344     0.252753     0.294081     0.103315     0.269799   -0.0497762     0.125323    -0.815128    -0.103049   -0.0251394   -0.0974504     -1.20155
   -0.189131     0.423845     0.335801    -0.372509     0.316665     0.297198     0.445745    -0.358944     0.275568    -0.009811    0.0720553    -0.111125     0.618189     0.420983   -0.0806696    -0.199867     0.179845    0.0157764    0.0260245   -0.0416882     -0.28796   -0.0356165    -0.343632      -0.3458    -0.195122     0.307605    -0.111094    0.0972371    -0.394582      0.22954     0.294356     -0.13389
    -0.17308    -0.527097    0.0856944     -0.06475   -0.0384576     0.328608   0.00283357    0.0483511      0.18507    0.0712924    -0.157772     0.385548     0.310417     0.230009     0.139925     0.222192    -0.167794    -0.311809     0.387572    0.0335519    0.0991279     0.168567    -0.509325    0.0570249    -0.114016    -0.591074    -0.240829     0.118769      -0.4194     0.105747    -0.159326   -0.0701205
   -0.287171    -0.244187     0.462428     0.248322     0.139952    0.0412776    -0.321461    -0.697658     0.363204    -0.220318    -0.367937     0.111884      0.12019    0.0715928     0.312693     0.340398     0.818611    -0.103019     -0.62231     0.178976    -0.367847   -0.0339859     0.141571     0.634544     0.276861    -0.149176   -0.0302702     0.124602    -0.609545    -0.198909      0.51306     0.681764
   -0.235977     0.323093   -0.0822679    0.0164617    -0.636934    -0.407203   -0.0738735    0.0508726    -0.153316    -0.516417     0.405394    -0.247886   -0.0146931     0.163132      0.17853    0.0289572     0.127751    0.0188896    -0.513113     0.290379    -0.103388       0.3263     0.395597     0.272717     0.415699    -0.686541     -0.17136    -0.532063     0.314845    0.0646838    0.0380324   -0.0894619
    0.303096    -0.304839    -0.592942    -0.410039     0.282794      0.37562     0.684637      0.26479    -0.229406    -0.650558    -0.614283    -0.380536     0.449882     0.389601     0.457954    -0.836727     0.197412     0.113974     0.560217   0.00962993     0.210127    -0.273676     0.211699    -0.252198     0.531432    -0.477333    -0.143464    -0.138649    -0.201328     -0.40037    -0.197774     -1.04383
   0.0545866    -0.272832    -0.121559    -0.294155    0.0530984    -0.137212    0.0396846     0.169313    -0.145894    0.0172171     0.437776    -0.138479     0.100921     0.282493   0.00512883    -0.237148      0.42243   -0.0752093    -0.155525    -0.153362   -0.0725645    0.0282093    -0.180701     0.132522    0.0335484    -0.375981    -0.229273    0.0532782    -0.205558   -0.0829179     0.312073     0.169291
   -0.223927     0.315285   -0.0577498    -0.184338     0.249203    0.0123782    -0.152429    -0.179825     0.522188    -0.124563    0.0533879    0.0298776  -0.00757906    0.0342553    -0.148904     -0.25558      0.24655    -0.379348   -0.0486398   -0.0128694   -0.0979551  -0.00111806    -0.283671     0.203116    -0.351545   -0.0249289     0.280073     0.223468     0.226866     0.208202     0.363906     0.234685
   -0.396942    0.0461094     0.237102     0.052917    -0.332803     0.232609     0.123262    -0.494268    -0.130913    -0.504084   -0.0526783    -0.021307     0.161194     0.396837     0.405578    -0.445213      0.15231     -0.13608     0.420792     0.213235     0.515271     0.418108   0.00238558    -0.189362   -0.0246853     0.239003    -0.198133   -0.0938469    -0.347291    -0.103076    -0.274744    0.0546757
 0.000962814   -0.0633085     0.122512     0.202591    0.0224443    -0.311671    0.0411876      0.24688     0.114645     0.222149   -0.0996138    0.0147381   -0.0685392    -0.381571    -0.179411     -0.38271    -0.240777    -0.461404      0.10883    -0.115586     0.397843  -0.00166075    0.0907575    -0.200603   -0.0234315    -0.239477    -0.132281   -0.0502955     0.234858    -0.171428    -0.141367    0.0435073
   -0.317299   -0.0777474    0.0272546    -0.357638    0.0157641    -0.269519    0.0216406    -0.100866     0.191876     0.372961      0.22305    0.0419665    -0.118958     0.121314    -0.135728    -0.159914     0.375218   -0.0481212    -0.453406   -0.0567367    -0.449251      0.20252    -0.426601     0.234713    -0.325489     0.264103    -0.224502    -0.213415     -0.59381     0.430249     0.286141     0.415413
   -0.207516    -0.492819    -0.116225     0.142517    -0.169487    -0.250823     0.107946     0.200024    -0.450093   -0.0603849     0.253165    -0.068792    -0.182729 -0.000445569     0.165737    -0.151899     -0.12243    -0.277238    -0.302858   -0.0226879    0.0254064    0.0706566    -0.135939    0.0502574    -0.152856    0.0742803    -0.303045      0.20763    -0.368145     0.316524      0.45416     0.198175
   0.0420589     -0.15748   -0.0243313    -0.258287     0.258249  -0.00699513    -0.007774   -0.0627741   -0.0916094     -0.22838     0.492558    0.0609543     0.268494     0.154277   -0.0914596   -0.0548913    0.0605928     0.215017    0.0802251    0.0460581    -0.328415    -0.391566      -0.2371      0.25366    -0.144532    -0.201941     0.200869    0.0579625     -0.50504     0.222324     0.291513      0.32142
  -0.0543081     0.410143   -0.0693789    -0.193427     0.369682   0.00240125     0.255523     0.313579    -0.187251     -0.15896    -0.160846    -0.291349    -0.128306     0.141772  -0.00613989   -0.0549082     0.214176     0.136023    0.0670443   -0.0288349    0.0725574    -0.559645   0.00868606     0.256427     0.155547   0.00382617    -0.594709   -0.0476455     0.174535    -0.256517    -0.032602    -0.179496
    0.147788    -0.598455     0.143917    0.0295699     0.458394    -0.111121     0.279428     0.185599   -0.0451424     0.445652     0.202177   -0.0928474     0.139404    0.0302714    0.0203955   -0.0610426      0.31312     -0.10517     0.268627  -0.00635655  -0.00897211    -0.193524    0.0212036    -0.663321    0.0939589     0.545846    0.0489521   -0.0742435    -0.653192     0.159368     -0.27715    -0.020458
   -0.107209   -0.0449349   -0.0329053    -0.212434   -0.0855261   0.00511433    0.0930173     0.287845     0.174172    0.0656584      0.04845   -0.0561146      0.25422     -0.11782     0.133772   -0.0143186     0.186315   0.00553988     0.346717    -0.132917   -0.0822318    -0.110447   -0.0696701      0.29728    0.0242675     0.292671    -0.290949   -0.0278588     0.145797     -0.28545     0.113098     0.040752
  -0.0354641      0.17019     -0.22013    0.0512113    0.0625339   -0.0532808     0.129961   -0.0252309    -0.283811     0.191886     0.281889    -0.310794    0.0644681     -0.17498     0.491395     0.440887     0.123144     -0.24021    -0.500609    -0.363385      -0.3493    -0.349189     0.294968     0.203172     0.116106     0.600831      0.40361    -0.149177     -1.01979    -0.209822   -0.0196326     0.643946
  -0.0942253      0.58874    -0.217097     0.193712    -0.540429    -0.511867    -0.162008    -0.578966   -0.0289863    -0.564415     0.694614    -0.133237   -0.0921246   -0.0057916     0.114565     0.087298    -0.222495      0.29611    -0.375433     0.430099     0.158295    0.0290475     0.218374     0.652299   -0.0451353     -1.29134     0.233892    -0.226708     0.119778      -0.2693     0.425529    -0.453388
 -0.00602357    -0.193172    -0.157378    0.0426036    -0.136584    -0.439134   -0.0111936     0.376807    0.0420941     0.183353    -0.321809     0.168057    -0.202281     0.149682     0.240349   -0.0212917    -0.152587   -0.0488333   -0.0389938     0.434423   -0.0344027   -0.0453695     0.292982     0.187897     0.108484    -0.585037     0.152922    -0.113551     0.237963   -0.0239281    -0.115517     0.151363
   -0.122149    0.0357142       0.3554     -0.38197    0.0654326    0.0427371     0.390334     0.238901     0.214535     0.412312     0.246769     0.125879    -0.151204  -0.00580716    -0.396975     0.185875     0.758856     0.211933    -0.379899    -0.220638     -0.29965       0.1267    0.0354719    -0.133232   -0.0781409    0.0326687    0.0494445    -0.146938    -0.152848    0.0219985     0.480299     0.487776
   0.0346955     0.241173   -0.0739362      0.60346   -0.0904295     0.227439    -0.114915    -0.131983    -0.162715     0.101496    -0.222748     -0.13164    -0.170079   -0.0837276   0.00596499    -0.288168    -0.074356     0.106168     0.287316   -0.0160698     0.192412    0.0651835     0.153769     0.132977   -0.0400322    -0.359271   -0.0502305    0.0883051     0.173929    -0.202302    0.0844823     -0.19921
   -0.137318    -0.103559     0.398441     0.323163    -0.301754   -0.0907251    -0.237448     0.101353    -0.393644     0.450034     0.299323     0.501789    0.0837838     0.154366    -0.521259     0.179437    -0.614523    0.0374095    0.0589462     0.220269    -0.333157     0.206773   0.00691575    -0.106649     -0.37447   -0.0733994     0.280683    0.0736604    -0.426595     0.478552     0.207208   -0.0836447
   -0.343008    -0.169123    -0.258716    0.0225165    -0.611895     0.252119    0.0822167    0.0485037    0.0235425    -0.237982    -0.499265     0.117244    -0.477535     0.160838    -0.382351      0.23824   -0.0494809   -0.0349924     0.270545   -0.0923949     -0.13382     0.183074     -0.45179    -0.195048    -0.119096    -0.171981     0.302855  -0.00425202     0.189739     0.214054     0.166732        0.105
   -0.206038    -0.212334    -0.371625     0.267376     0.460178      0.16087   -0.0302362     0.328569     0.428212    -0.204931    -0.212493   -0.0713478   -0.0705088    -0.290361    0.0329826   -0.0365111     0.708438    -0.220264     0.704424    -0.375212    0.0762201    -0.142591   -0.0706938     0.105262      0.16775    -0.231618   -0.0127017    -0.540733     0.900735    -0.352747    -0.112288    -0.434804
   0.0734727    0.0897556  -0.00131543     0.132757     0.184712     0.108064   -0.0812278     0.280445   0.00880632    -0.178017    -0.224466    -0.318968    0.0770773  -0.00463898      0.23852   -0.0378949     0.263589    -0.304739     0.163118     0.122952      0.11622   -0.0857911  -0.00319651    0.0639112   -0.0196727    0.0836675    -0.184794    -0.160233     0.238726     0.368708     0.169891    -0.164439
    0.209378    -0.161073     0.270261    -0.380726      0.23164    0.0522676    -0.294833     0.234199    -0.191956     0.108982     0.370953    0.0561116     0.249004     0.202995    -0.280715     0.336541     0.174589   -0.0164764     0.220935     0.074433     0.122285     0.173135    0.0731495     0.105469    0.0731855    0.0384581    -0.071417    -0.297619     0.111445   -0.0102015     0.169464     0.092008
    0.132972   -0.0266676    0.0233938    0.0582813    -0.374712    -0.259065    -0.448727   -0.0806225   -0.0596716    -0.155324   -0.0236451    -0.211094     0.654924   -0.0536119     0.865328   -0.0532042    -0.580651   -0.0935321    0.0500075    -0.057563     0.583233     0.148251     0.449006    0.0644656     0.586006    -0.467169   -0.0871703      0.14771   0.00140009   -0.0309594    -0.317162    -0.481386
   0.0418934     0.260845    -0.309318    -0.108878    0.0273271     0.112929      0.32883    -0.149394    -0.223121  -0.00275141     0.304849    -0.138963     0.431681     0.204609    -0.030236   -0.0206391    0.0244218     0.159388     0.141995    0.0251522  -0.00141687    -0.118871   -0.0395196   -0.0243686       0.2205    -0.542969    -0.360088    -0.109683     0.116522    0.0115252    0.0355501    -0.558109
   -0.459551    0.0651502    -0.109734    0.0974204     0.586618     0.121966    -0.369092   -0.0610772   -0.0801474     0.390983    -0.193859    -0.403975    0.0707403    0.0873039     0.205948     0.656603    0.0489819    -0.394428     0.390118    -0.378113    -0.352685     0.196214   -0.0473539     0.437112     0.322504   -0.0884471    -0.268761   -0.0730556    -0.131199    0.0487915    0.0087935   -0.0753864
   -0.162334    0.0635545    0.0343439   -0.0837664  -0.00943021    -0.202226     0.204123    -0.121143      0.20906    -0.159728    0.0537019    -0.343773     0.377658  -0.00369567     0.237958     0.222792     0.189958    -0.183199     0.451041     0.132584     0.349336      0.23857    -0.496198   -0.0803003    -0.304792      -0.2928     0.126291   -0.0628867    -0.318913    -0.378402     0.144699     0.116786
   -0.123009     0.393137     0.203265     0.319498     -0.27814    0.0144848    0.0966608     0.237873     0.241069    -0.160039     0.273564   -0.0720185     0.330627     0.252575       0.1876     0.268072    -0.153442    -0.273798    -0.346872     0.520338     0.552683    -0.128152    0.0492947    -0.118877     0.333858     -0.40995     0.592892   -0.0462914   -0.0706059    -0.502133     0.184622    -0.216209
   -0.281266     0.333353    -0.323784    0.0537119     0.134862    -0.589887     0.362355   -0.0355242     0.242992     0.184234    -0.154055    -0.269936     0.547454    -0.414801     0.276504  -0.00981497     0.101804    -0.188626   -0.0242024   -0.0106457   0.00575536     0.688615     0.471958    -0.614964     0.331228    -0.626511   -0.0559346     0.484301    -0.426396    -0.339759     0.266315    -0.205345
   -0.214326     0.215689     -0.24198    0.0312661    -0.173984     0.401156     -0.11878     0.286098    -0.247829   -0.0348939    -0.225543     0.359582     0.114166    -0.506547     0.128401    -0.186454   -0.0368567    0.0492087     0.113376    -0.420271      0.36782     0.395054     0.172703    -0.380172    -0.136895    -0.110935     0.103944     0.170432    -0.201898    -0.461172    -0.328656   -0.0294777
    0.167183   -0.0300216    -0.317842    0.0520089   -0.0183122    -0.446523    0.0775094     0.319046    -0.417739     0.567509      0.23176    -0.124818    -0.328174    -0.291256    0.0286405    0.0965277     0.125106    0.0845642    0.0272745    0.0164408     0.163186       0.3047    -0.111204    -0.268594     0.141662   -0.0861264    -0.367928    0.0967957   -0.0336551     0.415712   -0.0312553    -0.121902
   0.0513835     0.172834    -0.436792    0.0726888    0.0690629    -0.555578     0.113862    0.0300648   -0.0712666     0.129476     0.199621    -0.631769    -0.280904   -0.0838771     0.270355    0.0453133     0.172622    -0.269432    0.0769147     0.216803   -0.0244241     0.153057     0.101574    0.0879569     0.359531    -0.595191     0.261226     0.164375     0.186822    -0.376817     -0.24601    -0.442791
    0.132154    -0.167488     0.167617    -0.540666   -0.0616513    -0.206835     0.234756    -0.147601     -0.24034     0.280866     -0.34884     0.037954     0.170869    -0.233537     0.301835     -0.20961     0.344601     0.256543     0.388178    -0.228134     0.173706  -0.00531053   -0.0985951    -0.189571   0.00073155    -0.282314    0.0974208    0.0359208    0.0212497   -0.0422056    -0.193954    -0.527486
    0.268434    -0.242919     0.263305    -0.102944   -0.0717086    -0.534453     0.177475    -0.284419     0.100809    -0.203477   -0.0942094   -0.0542705   -0.0426412     0.369196   -0.0695598    -0.521286   -0.0180392   0.00302396   -0.0329355     0.329066    -0.111036     0.123061    -0.038194     -0.26854   -0.0542367       0.1272    0.0036345    -0.153409   -0.0203696   -0.0978965     0.130529    0.0506043
   -0.262964     0.172849     0.126894     0.180126   0.00686355    0.0678562    -0.144105      0.08336    0.0993612     0.075814   -0.0598202     0.100137     0.144789    -0.218712    -0.106492     0.290765    0.0934652     -0.13692     0.258481   -0.0255144     0.168565    -0.105904     0.150303    -0.184111    -0.062988    -0.101427   -0.0305546   -0.0861864     0.121056     -0.42873   -0.0316315    -0.292228
  -0.0455764     0.123201     0.391728    0.0968224     0.164602     0.196394     0.152376     0.185787     0.359422     0.480416   -0.0287008   -0.0322826     0.222494   0.00527691     0.230298   -0.0613661     0.233465    -0.387915    0.0444129   -0.0545862     0.135207    -0.330309     0.139133     0.264272   -0.0261216     0.517298     0.329795     0.282365     0.382209    -0.315887   -0.0810398     0.258898
   0.0807441   -0.0345244     0.188543    -0.276224    -0.371657     0.229994     0.338713   -0.0694681    -0.517517    0.0905091    -0.257314   -0.0433135    -0.151549     0.103859    -0.191614     -0.15622   -0.0137305     0.124962    -0.141467   -0.0549176    -0.149981     0.224557     0.101776     0.176387    -0.204264     0.147469    -0.323702    -0.292401    -0.118437    0.0727559    -0.198504  -0.00624656
  -0.0457002    0.0621188    -0.201482    -0.203861      0.55536   -0.0386378    -0.294188     0.136948     0.129674     0.351484     0.107007     0.212116     0.229094    0.0957295     0.129726     -0.42029     0.426544   -0.0545842   -0.0860616      0.03792    -0.345828    -0.308653     0.233829   0.00594689    0.0831696     0.179109    0.0328848    -0.175438     0.164605     0.217152   -0.0688956     0.377646
   -0.192212   -0.0671725    0.0871895     0.483244     0.257899    -0.442613   -0.0656364   -0.0160653     0.176086    -0.487262    -0.031273    -0.126824     0.561981   -0.0917552     0.212409     0.170009     0.215384    -0.177885     0.395133    -0.342447   -0.0252747    0.0489714    -0.271879   -0.0974416     0.543793    -0.453721    -0.269157     0.177669      0.15285    -0.317235    -0.209952    -0.668375
    0.459998     0.134978     0.474618    -0.486799    -0.398529   -0.0388868   -0.0221571    -0.214319   -0.0741353    -0.299208   -0.0916671    -0.151439    -0.126513    -0.134926   -0.0673963     0.115062   -0.0390644     0.220278    -0.344204   -0.0338641    -0.416192     0.397719     0.113283     -0.22369      0.19062     0.146729     0.256684     0.147524    -0.253322      0.55649    -0.245301    -0.131403
