  -0.196214   -0.132354   -0.060477    0.496935   -0.144357   -0.675731     0.49312   0.0790101  -0.0522838    -0.13643   -0.158204    0.214153    0.303364    0.611985   -0.206876    0.206464    0.534089   -0.779116   -0.571188  -0.0365718   0.0930049   -0.256035   -0.387211   -0.207208    0.244901   0.0331738    0.498134    0.505314   -0.183076    0.224225   -0.355751   -0.341027
   0.565992    0.054929   -0.474037    0.758439   -0.116046   0.0718864   -0.508543    0.367878    0.395935    0.853787    0.684215  0.00405773    0.510714    0.206494   -0.641067    0.126061   -0.268435   -0.104898   -0.206914    0.313272    0.282922    0.588477     0.63291   0.0573866      0.1136     -1.1232   -0.198924     1.05092   -0.756741   0.0189449   -0.730189   -0.146926
 -0.0161267   -0.116104    0.280103    0.586355  -0.0634545    0.263158    0.771599    0.810407    0.431231    0.335363    0.227778   -0.533104    0.803443  -0.0477458   -0.189846    0.887826    0.601081   -0.366144   -0.833927    0.475773   0.0117612   -0.167674    0.151986    0.184403  -0.0872022   -0.279951   -0.451565    0.111638   -0.285471    0.325864    -0.27315    0.441169
  -0.293466  0.00596334   -0.157488   -0.513791   -0.667801   0.0983577   -0.230637   -0.256126    0.334841     0.34138    0.392963   -0.220731    0.366368   -0.128708   -0.760299    0.818941   -0.447262     0.53881   -0.106441  -0.0227179  -0.0946136   0.0660179    0.483673    0.512548    0.136582   -0.341689   -0.724201   -0.132763   -0.278939    0.549667    0.278277     1.03716
   0.276432    0.122468   -0.252227   0.0534252    0.289832   -0.186139    0.174924    0.624735    0.649591   -0.112738 -0.00639868    -0.12616    0.191174   -0.646353 -0.00320147    0.126569    0.304589    0.356606   -0.177695   -0.363085   -0.611054    0.314219    0.324441    0.209543    -0.25801   -0.331034    0.139599   0.0652935   -0.292458   0.0621463    -0.36843    0.264435
   0.629937   -0.429903   -0.520851    0.497457  -0.0335292    -0.65961   -0.271719   -0.189615    0.685271   0.0561911   -0.280553    0.034538   -0.201992    0.549773   0.0947433    0.184404    0.510722     0.08433    0.300954    0.524442   -0.495435    0.445545  -0.0581768     0.43296    0.497253  1.7697e-05   0.0896158  -0.0429121   -0.342224    0.356012    0.194325    0.592967
  -0.419122     0.39706    -0.21836  -0.0905852    0.241704   0.0173576    0.217128    0.337539     0.34479    0.135419     -0.9833   -0.415167  -0.0297837   -0.444107     1.02317    0.226689   0.0988439    0.919554    0.267169   -0.514037   -0.875771     0.31384    0.318404    0.540164    -0.18793    0.242317   -0.107176   -0.628773   -0.165198    0.363633    0.155163    0.816677
  0.0410555  -0.0938503   -0.678866   -0.766938   -0.611671   -0.417398   -0.482561   -0.280653     1.36905   -0.154971   -0.407346   -0.144922     0.18749   -0.811516   -0.235229   -0.121469    0.301908   0.0428249    0.462548    0.130181   -0.810735    0.728494    0.607378    0.218929   -0.561238    0.114361    0.177734   -0.689639   -0.653857    0.383922   -0.412045   0.0991483
  -0.215631   -0.152899    0.173802   -0.289596    0.361357   -0.307142   -0.796684  -0.0186297    0.524528     0.20208    -0.45267   -0.364138    0.157142   -0.706618   -0.468373    0.447223     1.24967     1.01961    0.122015    0.326668   -0.641264   0.0727388  -0.0720432     0.70498   -0.138898    -0.13661   -0.306435  -0.0268675    0.531069    0.366545    0.191736  -0.0826587
    1.08515    0.234788  0.00310615     1.08061   -0.116856   -0.147544    -0.39928    0.778361   -0.137335   0.0807589    0.246369   0.0360263    0.237707    0.753663   -0.620956   -0.330725    0.975079    0.118001   -0.274577    0.346285   -0.203744   0.0364146  -0.0259749    0.564928    0.645359   -0.435409  -0.0861935    0.989398   -0.548788    0.386376    0.887922    0.254416
  -0.498915    0.437694    0.475208   -0.308641     0.32008   -0.292448    -0.22476    0.327693   -0.302334   0.0213328     0.23089   -0.174811    0.341673   -0.213165    0.241118    0.817302   -0.030876   -0.412887    0.286175   0.0862575   -0.440001   -0.377416   0.0730236    0.758191   -0.232934    0.687412  -0.0303913    0.227997    0.299922   0.0711056   -0.354047   -0.220528
  0.0338175    0.439723   -0.448122    0.419902   0.0227435    0.355416   0.0297441   0.0749422    0.300547    0.124122    0.376048    0.700152     0.35265    0.590871   -0.581259   -0.127676   -0.688345     0.37162  0.00341453   0.0809227  -0.0256438   -0.181473    -0.15754    0.333944  0.00135906   -0.363609    0.120638   -0.258352   -0.524182   -0.342063    0.768401  -0.0120212
  -0.466452     1.02774    0.691569    0.639432   -0.522605    0.859156    0.635654   0.0365431    0.650074    0.630164    0.395566     1.33484   -0.130278   -0.419736   -0.663713    0.477186  -0.0855829     -1.3942   0.0177593   -0.218101    0.384802     0.43853     1.06273   -0.722767   -0.325772    -1.10302    0.348555   -0.710593   -0.900309    0.772246    0.201281     0.14715
  -0.184976    0.179004    0.161027  -0.0170005   -0.358434   -0.105428    0.872988    0.471658   -0.131833   -0.463078   -0.859563    0.240561     1.16532    0.349217    0.155632  -0.0219141    0.578057   -0.266678   -0.911137     0.46152    0.535517  -0.0217513     0.81017    0.100486  -0.0345218    0.537195   0.0348959   -0.770494    -0.74573   -0.195622    0.902529     1.19577
  -0.205099    0.567274     1.24445   -0.142468     0.65319  -0.0687304    0.239523    0.140706    0.188071     0.83988   -0.410575    -1.14172    0.657785   -0.230943    0.355062    0.306391    0.503455   -0.635555 -0.00282908    0.238223   -0.189585    0.579399     0.16611    0.209604    0.285362   -0.213529   -0.253876   -0.206453    0.633216     0.12193     1.29864  -0.0996305
   0.331341    0.667102    0.269078    0.247243    0.294186   -0.179159   -0.252769    0.187037    0.443257   -0.102282    0.807381    -0.54644   -0.401537    0.278866  -0.0960414    0.404643   -0.518535    0.538638   -0.592736   -0.250017    0.137518    0.550756   -0.358022     0.30883   -0.371201   -0.751937   -0.242968    0.635842   -0.456778    0.217552    0.484761    0.363546
  -0.261934  -0.0824848    0.695464    0.172757    0.178079  0.00794165    0.513654    0.413336    0.401534    0.297296    0.190219   -0.161706   -0.125436   -0.331087    0.405379  -0.0978048    0.119411    0.388907   -0.218043   -0.496656   -0.312418   -0.449437   -0.178639   -0.459853   0.0662486  -0.0273181    0.371382   -0.494764  -0.0899037  -0.0316768     1.10851  -0.0913604
   -0.77543    0.394626    0.880552     1.34829    0.282406  -0.0786603    0.668642    0.930015    0.141717     1.14614    0.169649    -0.44904    0.214535    0.012698    0.877012    0.313315   -0.173765  -0.0882397     0.44062    0.339214    0.396806   -0.324447   -0.266057     0.43654   0.0299788    0.368239   -0.835437    -0.89482   -0.297858   -0.259905    0.611196    0.287835
  -0.714677    0.698845  -0.0403619   -0.326264 0.000167629  -0.0653551    0.685984  -0.0501044   0.0453803   -0.695973   -0.246405   -0.170037  -0.0453095   -0.378895    0.429761    0.249914    0.545316  -0.0317457    0.118163    0.383884   -0.629035    0.705866   -0.889528    -1.07588   -0.115237    0.061206   -0.626088   -0.132818   -0.175853     0.15419    0.445353    0.257769
   0.128279    0.342585   0.0796468   -0.748848    0.520154   -0.703227   0.0866041   0.0148341    0.348045    0.122603    0.176141    0.481344   -0.722368   0.0742916    0.496907    0.564843    0.706723     0.34527    0.586984   -0.150703    0.336299   -0.688005   -0.383378   -0.100679   -0.200722   0.0106237   -0.273143   -0.430727    0.260959   0.0837289   0.0122949   -0.098059
  -0.293556   -0.513914   -0.373864    0.349436    0.944579   -0.214113   -0.522514     0.54647  -0.0633142     1.17911    0.424189    0.435022    0.882383   -0.176025    0.184135     -0.9276   0.0456326   -0.135176  -0.0340762  0.00825117   -0.800599   -0.023698    0.163261    0.252251    0.165078    0.228343   -0.145777   -0.218157   -0.576902  -0.0230156   -0.183834   -0.209879
 -0.0668309   -0.222064    0.115847    0.458851    0.379083  -0.0163059   -0.651814    0.594608    0.435267    0.654567   -0.773006   -0.459258    0.579501   -0.383921    0.107648   0.0861128   0.0770125    0.621169   -0.887679   -0.263185    0.267424   -0.539345    0.469488    0.334866   -0.180465   0.0263687     -0.1831     0.11464   -0.657302  -0.0856518    0.141428      1.0545
  -0.495563   -0.107319   -0.791426    0.666134    -0.23484    0.328293   -0.477222    0.307556   -0.143419    0.384769    0.506194   -0.452823    0.323262   0.0890805   -0.420229    0.339483    0.176894    0.045968   0.0267192   -0.201187   -0.395252    0.679727   -0.124717    0.225416   -0.150025   -0.374846   -0.518025    0.145762    0.023705  -0.0735388   -0.377027    0.476716
  -0.314301    0.240902   -0.460658    0.186012   0.0021861    0.542525    0.464457    0.460836   0.0186407    0.785651   -0.255095   -0.236921    0.522124    0.297596   -0.333782    0.554995    0.269325   -0.216385   -0.231708    0.319389   -0.422178    0.610517   -0.220535   -0.332797   -0.156228   -0.920769   -0.659658   0.0694414   -0.221573    0.461147   -0.406548    0.192685
  -0.681246    0.266813   -0.114539   -0.467694   -0.281757   0.0873627     1.00264   -0.051634    0.729983    0.237684   -0.116503  -0.0194686  -0.0764421    0.368345   0.0589789   -0.108958   -0.747661   -0.166531  -0.0114077    0.935236   -0.260758    0.851254     0.77704    0.306289   -0.313238   -0.582032    0.548404     1.12251  -0.0775012   0.0374394   -0.268897    0.191448
   0.193749    0.667548    0.251997   -0.512328    -0.11721     0.81936   -0.277645  -0.0315722   -0.575676   -0.703373   -0.107885    -1.01936    0.302614     1.47708   -0.516655    0.102864    0.438876    0.523127   -0.518243   0.0583339   -0.356576    0.143695     0.14317    0.402176    0.149544   -0.434899    -0.61872    0.194919    0.500016   -0.349364    0.981185    0.085237
  -0.287668    0.425448    0.677232   -0.485792    0.217637   -0.291659     0.59774   -0.289807    0.242989    0.424677   -0.306361   -0.249195    0.231556   -0.150576    0.417479   -0.175837   0.0526796   -0.682631     0.15022   -0.262907    0.591007    0.231365    0.317279    0.376439   0.0597954    0.367796    0.137716  -0.0604899    0.572292    0.397223   -0.377448   -0.822407
  -0.783205   -0.789284   -0.299661   -0.227667    -1.00263    -0.40709     1.44256    0.605151    0.332383   -0.115751   -0.204749   -0.980661    0.929999    0.951876   -0.212737     0.57256    0.457856    -1.02685     0.26287     1.28137   -0.508755     1.23791   -0.388374   -0.299415    0.444414    0.247046    0.151543   -0.665903   -0.195036    0.557346    0.199706   0.0896912
  -0.173541    0.384399    -0.24571    0.964546     0.50314   -0.234439   -0.117374    0.683318   -0.323767    0.336022   -0.177458   -0.145628    0.866516    -0.14304    -0.24446    0.371588    0.171667   -0.120247    0.022564    0.210965   0.0848899   -0.267885    0.680393    0.754213   -0.377733    0.175434   -0.208384    0.322851   -0.399588    0.494264   0.0571569    0.201229
  -0.492199   0.0773156   -0.617949    0.976367    0.487717    0.382172   -0.085453  -0.0968036   0.0756869    0.113578   -0.142313    -0.55727     1.00267    0.704873    -0.33547   0.0345542   -0.113908    0.184436   -0.371413    0.222271    -0.11721    0.443262    0.793165   0.0600069    0.435835   -0.150668    0.191848    0.524274  -0.0585793   -0.233821    0.332521    0.456323
  -0.034936   0.0823808   -0.888494    0.702558   0.0171668  -0.0400437   -0.224467    0.616001     0.17839   -0.110883    0.266337   0.0991593    0.927969    0.559112    0.251317   -0.129051  -0.0169561    0.360842   -0.259425    0.551287    0.270112     0.47992     0.45235  -0.0243757    0.129524   -0.142475   -0.627836    0.471096   -0.708831    0.813075  -0.0954535    0.640821
   0.290978    0.145714    0.281699    0.185616    0.308647    0.114721   0.0778616   -0.332865    0.170375   0.0606139  -0.0854577     1.11436    0.320837    0.428116    0.148604   -0.444525   -0.623465   -0.765638     0.66083   -0.521675  -0.0539142   -0.222548    0.650269   -0.250196   -0.448901   -0.165309    0.414473    0.177808  0.00926951   0.0530262   -0.492474   -0.249461
