    0.627423     0.101771   -0.0904015     0.169631      -0.1185     0.217674     0.171789    0.0178972     0.183084     0.118038    0.0682345     0.192513    0.0963844    0.0488136    -0.159225    -0.133039
  -0.0934093     0.339874   -0.0695449    -0.170235 -0.000863632     0.192478    -0.310514    -0.235368   -0.0409321    -0.215117     0.118373     -0.10033    -0.060133    -0.080965   -0.0728482    -0.110459
    0.268161    -0.393641   -0.0972068    -0.258804    0.0777014    0.0081815   -0.0176329     0.390793   0.00960024     0.378972     0.232122     0.211355     0.319439     0.235296    0.0742059   -0.0994586
  -0.0257675     0.438227   -0.0602007     0.342589     0.206179      0.54257     0.239946    -0.250167     0.140214    -0.242363     0.145276   -0.0913921  -0.00622081       0.2142   -0.0806924     0.139078
 -0.00332787    -0.120094      -0.0646     0.224228   -0.0465944      0.04175      0.13928     0.244276     0.125792     0.042639    0.0595385     0.113682   -0.0400137     0.018927     -0.10479    0.0660561
    0.228072   -0.0402579    0.0180425     0.229774    -0.057449     0.121297   -0.0625439    0.0170012     0.168553    -0.133841   -0.0294307     0.101638    0.0964101    0.0379159   0.00415912    0.0647863
   -0.186834    -0.427149    0.0257944    -0.119045    -0.148448     -0.17784    0.0216895     0.228007    -0.278241      0.16763    -0.331628    0.0489335    -0.203876     -0.13299   -0.0484859   -0.0215645
  -0.0916993   -0.0892488    0.0304694  -0.00153151   -0.0340428    -0.197963    0.0773738     0.244191   -0.0441549   -0.0688265    -0.124969    0.0939169    -0.196786    0.0518752    -0.120649   -0.0391906
    -0.10547    0.0936083    -0.141187     0.224183    -0.096868     0.061291   -0.0750371    -0.132932    0.0302178    -0.045004 -0.000481872     0.117952   -0.0737495     0.109276    0.0361022     -0.12526
   -0.285883     0.158439    0.0959431     0.281214    0.0550557   -0.0392475    -0.146336    -0.233276    -0.102433     -0.34161   -0.0304503   -0.0189592    -0.410548    0.0421398    0.0960214     0.251624
   -0.172926    0.0255416   -0.0845121    0.0244957   -0.0534652    -0.050338    0.0474636    0.0199157    -0.109001   -0.0390517    0.0089878     0.112659    -0.185628    -0.123192    0.0984803   -0.0175212
    0.100631    0.0257575   -0.0267661     0.217186   0.00702148    -0.209745      0.25039     0.117151    0.0136185    -0.147664     -0.15697     -0.13625    0.0222473    -0.108358    0.0840634     0.025561
  -0.0989344    0.0404376    -0.110163   -0.0891003    0.0161456    -0.202717      0.12107    -0.203611    -0.100889    -0.124365   -0.0439011    -0.162916   -0.0559347    -0.256492   -0.0418554    0.0822502
   -0.434973    -0.161665    0.0960651   -0.0445887   -0.0816252    -0.144538     -0.21894    -0.454675    -0.264027    -0.103561    -0.287804    -0.397924    -0.125998    -0.257293    -0.250641    -0.031335
    -0.18028   -0.0936169     0.133085     -0.15008    0.0683197     0.102907   0.00143968    -0.193228  -0.00595425    0.0493431    -0.175261   -0.0355379  -0.00717112   -0.0177147    0.0556286    -0.145213
  -0.0658523    0.0619367    0.0576726   -0.0914617   -0.0587493    0.0491004   -0.0668634    -0.143634    -0.253731    0.0513396    -0.147511    0.0197871    -0.194548    -0.253572   -0.0233821   -0.0371876
   -0.115776     0.532082     0.160431    -0.217684    0.0416396     0.257571    -0.255941    -0.164845   -0.0623966   -0.0166093    -0.114252    0.0598035     0.131059   -0.0340209    0.0392925   -0.0843088
  -0.0476617    -0.020663    0.0498967     0.106378    -0.124175    -0.151852    0.0770468    -0.002543    0.0681788   -0.0453945    -0.120452   -0.0454358     -0.15819   0.00577289    -0.181413      0.16724
   -0.133055     0.118836     0.132191    0.0731071   0.00499739      0.14797    -0.010466  -0.00153775   -0.0943277   -0.0909928   -0.0266822   -0.0558146   -0.0457945    -0.176081    0.0331801    -0.198848
  -0.0287315      0.17668  6.10451e-05    0.0548502   -0.0249296    0.0486008   -0.0759053    -0.214274   -0.0562624   -0.0342187    -0.216031     0.179132    -0.191505   -0.0639198     -0.10774    0.0841329
  -0.0378792    -0.106512    0.0429506    -0.137344   -0.0614666   -0.0757338    0.0226487     0.119907     -0.14903   -0.0379543    -0.217353   -0.0694947   -0.0427685    -0.189449    0.0592655    -0.042205
    0.154712     0.111676    -0.179056     0.202861    0.0803813    0.0703405    0.0573868     -0.13329   -0.0726419    -0.105766      0.26561     0.186196   -0.0393559    0.0937301    0.0470151    0.0555753
   -0.057394     0.709194   -0.0578457    0.0515775    0.0462905     0.218333  -0.00642726    -0.403145   -0.0402114    -0.339337     0.413504    0.0410334    0.0323934     0.320416    -0.336028     0.141761
 -0.00340461   -0.0530303   -0.0843683    -0.163261    0.0531098     0.247363    -0.135718      0.13603    0.0485925     0.233816    0.0277907     -0.15606     0.143025      0.14285   -0.0831769    -0.135163
   -0.137221     0.108088   -0.0623993     0.155526   0.00273774    0.0465602   -0.0060167     -0.02395     0.309904    -0.357286    0.0159729    -0.118071    -0.166063     0.130063     -0.18524   0.00602278
    0.206287    0.0665313    -0.265031   -0.0400322   -0.0452214     0.241501     0.083078     0.238583     0.125619   -0.0106135   -0.0301245     0.143034    0.0796865     0.102007    -0.101323    0.0560232
   0.0011481   -0.0588478   -0.0391868    -0.128218    -0.103753   -0.0349482   -0.0560946    -0.127563    0.0102492     0.164886   -0.0197122   -0.0485415    0.0993132    0.0392605    0.0108814    -0.023142
  -0.0139961   -0.0415528     0.207426   -0.0687532   -0.0139945   -0.0443866    0.0484662    0.0519991     0.129781    0.0143556     0.031415    0.0675613     0.121116     0.090402    -0.220528     0.101772
  -0.0593224     0.241942     0.134259     0.363322    -0.264593     -0.27823     0.146844   -0.0547227     0.250229    -0.270512     0.195024    0.0163407    -0.519199  0.000786415    -0.179401      0.14292
      0.1421   -0.0966161    0.0871581     0.213394    -0.185099    0.0883268    0.0819442   -0.0685226    0.0787319   -0.0316565   -0.0715312   -0.0566237    0.0879562    0.0338573    -0.104202    0.0405196
    0.174901      0.03721     0.107189   -0.0113557   -0.0659293    -0.144088    0.0258942   -0.0338105   -0.0313396    -0.106323   -0.0690302   -0.0986479   0.00572082     0.193678     0.118718    0.0408208
  -0.0836901    -0.139783  -0.00583977     0.082279   -0.0727549   -0.0637265     0.175675     0.018109     0.128982    -0.075948   -0.0817489   -0.0512524    0.0480031      -0.2421   -0.0042888    -0.101739
  -0.0145537    0.0597965   -0.0198952   -0.0538661   -0.0603764   -0.0812842     0.068418     0.082685   -0.0182497   -0.0249926  0.000334384   0.00520798    0.0448816     0.252749    0.0125514    0.0885993
  -0.0637607    -0.038986    -0.105466    -0.181263    -0.018175    -0.183756    0.0918831      0.14479     0.162048    0.0911198    0.0832696   -0.0389517    -0.119341    0.0181766    -0.128972    0.0406758
   -0.273489    0.0467988     0.116975    -0.248864    0.0652983     0.141614   -0.0769677    -0.315467    -0.202838     0.459565    -0.117642    -0.259858      0.43963    -0.308476     0.208572    -0.258973
    0.182191     0.184987    -0.127097    0.0125948    0.0104698    0.0543564    0.0161677   -0.0659972     0.165637    -0.125749     0.200913    -0.116513   -0.0436045   -0.0787567    -0.179863     0.157845
   0.0877551     0.161764     0.143444    -0.137822     0.233674   -0.0301354   -0.0894789    -0.394265    0.0626513   -0.0789622    0.0758105   -0.0431279    0.0712805    -0.113906    -0.101824    0.0807927
  -0.0977465   -0.0429594    -0.095144   -0.0443973   -0.0625834    -0.254056     0.036734    -0.159529    0.0321828   -0.0071219     0.169589   -0.0156248  0.000428406     0.209059    0.0868923    0.0896788
   0.0214152   -0.0114427     0.107132    0.0378989   -0.0365937   -0.0229265     0.101355  -0.00108382    -0.116836    0.0830647    -0.206888     0.106799   -0.0827476   -0.0233123   -0.0935168   -0.0308825
   -0.115349    -0.143478     0.052194    -0.133914   -0.0286792    0.0538472    0.0139909   -0.0931257   -0.0348433    0.0497931    -0.145825    0.0585256    0.0598437    -0.131439   -0.0105061   -0.0395782
    0.043408    0.0951293   -0.0911461    -0.140283     0.142672    -0.113859   -0.0339715    0.0705107    0.0813707    0.0410788    0.0428954     0.172229    -0.209147     0.204612    0.0963864   0.00131655
   -0.295416    0.0416566      0.15656    0.0861026    0.0267814    -0.170077 -0.000526301     0.020292    -0.114884    -0.249507    0.0045367    0.0804929    0.0333071   0.00158934    0.0950711     0.020928
   0.0650283     0.125782    0.0733199   -0.0290152   -0.0260356    -0.297477     0.102843    -0.143009    -0.115134   -0.0502723    0.0221212   -0.0289212    -0.175242    -0.132129   -0.0835322    -0.052886
   0.0387676   0.00764567   -0.0420792  -0.00954144    0.0661402   -0.0553193   -0.0820474    -0.251246   0.00665132  -0.00141972    0.0579356     -0.25155    -0.039987    -0.139097    -0.125192       0.0993
  -0.0727122   -0.0388246    -0.133481    0.0602035    -0.230619    -0.153591     0.229955    0.0626194   -0.0734598   -0.0307522     0.107511     0.236703    -0.166564    -0.123957  -0.00997962    0.0555038
    0.195963    -0.128318   -0.0964305     0.118111     -0.16915    -0.251932    0.0212469  0.000535952   -0.0659644     -0.21895    0.0710819    0.0162415    -0.337053    0.0348921    0.0715001     0.211413
    0.197819    -0.113165    0.0490414    0.0211778   -0.0790921    0.0147373   -0.0245564    0.0232275     0.061719     0.120852   -0.0952712     0.108621    -0.113446    0.0864832    0.0134862    0.0237763
    0.159101    0.0325169    0.0558013    0.0507491    -0.112793   -0.0889497   -0.0354375    -0.176899     0.259111   -0.0444818  -0.00782277     0.152897     0.128715    0.0638883   -0.0439217     0.155611
  -0.0822608  -0.00855633    0.0674115    -0.106034   -0.0133523    -0.118696   -0.0419953   -0.0892528    -0.197499 -0.000815819    0.0590965    -0.110749     -0.26151     0.162154    0.0215105     0.131224
  0.00535876     0.386183   -0.0336891     0.405688   -0.0438644    -0.130096     0.150551   -0.0872796     0.159697    -0.234075     0.254359    -0.119956    -0.158799     0.173078   0.00919304     0.256022
   -0.529721    0.0805828     0.394547    -0.213504     0.218487      0.18296    -0.250114    -0.580583    0.0712863     0.444622    -0.523011    -0.253431     0.381736    -0.465057    -0.148334    -0.252779
   -0.873163     0.307081     0.664498    -0.048568    0.0168767    -0.397401    -0.412883    -0.575066     -0.62972    -0.673291    -0.394723    -0.493216     -0.42661    -0.520813    -0.324001     0.131861
  -0.0400193    -0.104331   -0.0508911  -0.00106939   -0.0468389    0.0448628  -0.00246858    0.0892185     0.106855    0.0272587   -0.0354555    0.0173966    -0.111621  -0.00775844    0.0191447     0.061496
   -0.331407    -0.111719    0.0396887    -0.430924    0.0717945    0.0669401     -0.11381    -0.140788    0.0225276     0.158161    0.0829486   -0.0783728   -0.0275419   -0.0565998    -0.118376     -0.15518
    0.230801    0.0542952     0.117433     0.261352    -0.161127   -0.0480713    0.0511581    0.0382708   -0.0383889     0.149228     0.148561     0.028372     0.199965    0.0452276     0.021378     0.073284
   -0.348936    -0.210071     0.258713    0.0243639   -0.0955401     -0.17994     0.063629    -0.272662    -0.174073     0.157731    -0.501682    -0.360053    -0.208053     -0.10402    -0.163509     0.172122
   -0.412901     0.426482     0.383105     0.192632   -0.0334061    0.0315235    0.0478225    -0.544736     0.104761    -0.461922    -0.465695    -0.388845    -0.242468     0.282171    -0.356942     0.441323
   -0.149354     0.263272     0.305315    -0.139704     0.032794    -0.172042    0.0291872     -0.12784   -0.0281951   -0.0741876   -0.0587765       -0.191    -0.127078    0.0288138    -0.117731    0.0920184
   0.0932823    -0.158197   -0.0801187   -0.0291318   -0.0791496    -0.182082     0.201697    0.0327945     0.186779    0.0959139     0.187962     0.128677    -0.136194     0.199446    -0.160139    0.0969806
   0.0687533    0.0200942    -0.172277   -0.0523013   -0.0525792   -0.0628583   -0.0909312     0.169074   -0.0224309      0.10619    0.0315908    0.0351128   -0.0877855    0.0283245    0.0860291     0.048754
  0.00892489     0.219808   -0.0612991   -0.0902146    -0.138904     0.289364    -0.117736    -0.125733    -0.100994    -0.420521   0.00597129   0.00060277   -0.0770292    0.0820905   -0.0434164   -0.0950125
   -0.319982    -0.111648    0.0612435  -0.00291727   -0.0602877     -0.10641     0.082365  0.000225753    0.0697709    -0.260024  0.000390093   -0.0588185   0.00259356   0.00949177    -0.159273     0.109689
   -0.392584     0.138925      0.25298    -0.088708    0.0674514     -0.18112    0.0705259    -0.333054    -0.100099    -0.049676    -0.285929    -0.236425     -0.48154     0.177599    -0.105275   -0.0161418
   -0.324437   -0.0693647     0.353547   -0.0274485   -0.0259336    -0.233719    0.0900872     -0.28031    0.0538486    -0.142209    -0.223542    -0.196622    -0.214832    -0.230689    -0.174136    0.0868074
   -0.218644    0.0684672     0.244407   -0.0677726     0.128192   0.00896881   -0.0900791   -0.0168368     0.117672    -0.282551    0.0320647    -0.030658    0.0290351    -0.171908    -0.158576    -0.051341
   -0.273568      0.29313     0.176967     0.144076    0.0582041     0.430627    -0.180571    -0.326608   -0.0707579  -0.00466424    -0.385214    -0.329626     0.190997    -0.228222    -0.100445     0.085947
   -0.217237     0.121846     0.331584    -0.198046    -0.150954   -0.0456492    -0.150341    -0.277463     -0.17971   -0.0747243    -0.327474    -0.190899  -0.00127616   -0.0820773     -0.12888     0.239447
  -0.0995579      0.12359     0.145279    0.0169308     0.101473    -0.114789     0.109918    -0.250698    -0.102611    -0.165674    -0.089336    -0.205202   -0.0931856    -0.111258    -0.182065     0.074595
   0.0131264   -0.0915031    0.0512095   -0.0231311   -0.0219746    -0.138651   -0.0477891     0.071092   -0.0424629    0.0693953   -0.0755849    0.0730951    -0.340266   -0.0186585    -0.131434     0.108115
    0.141925   -0.0921231    0.0190457     0.292284    -0.149213    -0.240966     0.055902    -0.172121    -0.113025    -0.419799    0.0195702     0.104097    -0.100739    -0.104828    -0.198965     0.384522
    -0.23385     0.155966     0.416035    0.0673523     0.242386   -0.0111622   -0.0169254     -0.21541   -0.0619583    -0.474663  -0.00425504    0.0196675   -0.0950276      0.10522   -0.0885472   -0.0735414
  -0.0142046    -0.118182    -0.116867     0.310458    0.0632728    -0.166929    0.0542725     -0.22208    -0.132269   -0.0862425    0.0747891   -0.0644388    -0.028123     0.108068    -0.120495  -0.00421084
    -0.19853    0.0658118    0.0423974    -0.145491     0.100809   -0.0820032     0.109463    -0.251139     0.091542    0.0729451    0.0332739   -0.0441068  -0.00175884    0.0947948    -0.233518   -0.0976851
   -0.370246     0.316851     0.309756     0.081828    0.0930815    -0.154834    0.0142261     -0.82724   -0.0953736    -0.120291    -0.101023    -0.324492    -0.150844    0.0422089    -0.271761    -0.148459
   -0.145772    0.0566675  -0.00473137   0.00975096   -0.0469162    -0.127668    0.0930043    -0.232164   -0.0219906   -0.0748382   -0.0339854    -0.160324    -0.230914     0.108487    -0.123437     0.018695
   -0.224878     -0.18858     0.122253   0.00151104     -0.30244    -0.349462    -0.030078    0.0456136   -0.0356868    -0.313307   -0.0510326    -0.120443    -0.241551     0.156229    -0.242589     0.131752
    0.521942    -0.307922    -0.226526    -0.060869    -0.176345    0.0566302     0.263851     0.315606     0.271032     0.104445   -0.0590526     0.263828     0.126698     0.129382    0.0673538    0.0399512
   -0.181539    -0.255864     0.135953   -0.0503585      0.14926   -0.0566198     0.194713    -0.125112    -0.149262    -0.128576    -0.175389    -0.328839    0.0515903    0.0170018    0.0105413    -0.032866
    0.133302    0.0153159     0.046004     0.215859    -0.164798    0.0315817     0.108052   -0.0693273   -0.0464462    0.0605591    -0.128847   -0.0676974    -0.119961   -0.0574931   -0.0108466    0.0197791
    -0.06016   -0.0934837    -0.239536   -0.0811187     0.098811     0.094536  -0.00900579    0.0183032   -0.0688001     0.231748   0.00137963     0.108448    0.0911167     0.148184   -0.0367536   -0.0800341
   -0.063992    0.0803142    0.0220705   -0.0116001     0.160102    0.0404486    0.0147392   -0.0637874   -0.0107127      0.20164    -0.277721    -0.168244   -0.0138521   -0.0259401     -0.12281     -0.17794
    0.330182     0.125674   -0.0141262     0.266913    0.0792986    0.0415678     0.146674  2.37614e-05   -0.0723961    -0.089823     0.278949     0.064677  -0.00145032    0.0767199    -0.158316   -0.0474296
 -0.00307951    0.0256167   -0.0534226     0.054019    -0.103185   -0.0593487     0.303714  0.000449959     0.183789   -0.0464152   -0.0863554   -0.0404917    -0.107385     0.176283    -0.140862     0.180009
   0.0985369     0.101391    0.0545003     0.265081    0.0792838    -0.188072     0.370635    0.0647115     0.183979     0.141142    -0.199525    0.0947261    -0.039288    -0.136226    -0.107668     0.138747
   -0.148264     0.163656     0.245585 -5.19537e-06     0.197813    -0.068858   -0.0796256    0.0847357   -0.0302737    -0.110321   -0.0396445   -0.0997087   -0.0715694     -0.18131    0.0128148   -0.0798478
   -0.331673    -0.162007      0.14193    0.0121123    -0.129973     0.042221   -0.0613719    -0.284315    -0.218681   -0.0388983     -0.46217   -0.0138781     -0.11876   -0.0139591   -0.0501452    0.0975967
  -0.0716125    -0.280632    0.0443469     0.041244    -0.128551    -0.229099   0.00082987    0.0256305   0.00960813   -0.0441529   -0.0591288   -0.0562774    -0.234382   -0.0980512    -0.146593   -0.0876387
   -0.127497     0.220742    0.0773717   -0.0838437     0.131452   -0.0683105    0.0337592   -0.0470582    -0.119225    0.0348074   0.00511878    -0.139934     0.119534    -0.131868    0.0555257  -0.00938907
    -0.17078     0.227421     0.064867     0.337695   -0.0931668    0.0586518     0.406856    0.0186181    0.0721824      -0.2901     0.101682    -0.173343    -0.117204     0.172887    -0.220132     0.122776
   -0.288615   -0.0396855     0.253847    -0.169314    0.0172613   -0.0262296      0.15768    -0.292894     0.311995    -0.308564   0.00997969    -0.175802  -0.00580714   -0.0363333   -0.0550295    0.0790965
  -0.0852154     0.238873   -0.0780995    0.0150567   -0.0333275    0.0657962     0.247216    -0.184226     0.129574     0.230873      0.05734    -0.137944     0.274242     -0.12253    0.0237208    -0.175994
   0.0257395     0.176712   -0.0399542   -0.0875266  0.000410921    -0.101351  -0.00234915    -0.327019    0.0260491    0.0354013    0.0518514   -0.0752037    0.0987368   -0.0666612   -0.0333443     0.168135
   -0.212834     0.225022    0.0766093    -0.135703   -0.0846333     0.336453     0.118981    -0.276154   -0.0273183   -0.0374977    -0.215461    -0.211553   -0.0827385    -0.063893    0.0926752  -0.00568691
    0.449465    -0.158437    -0.147269     0.191039    -0.264034    -0.176243    0.0458435      0.20326     -0.16137     0.184333    0.0909679      0.26299    -0.219257    -0.116343      0.16116     0.125084
   0.0399286    -0.018768    0.0122854    -0.149731    0.0713024    -0.152967    0.0841355   -0.0979839    0.0463703      0.15356    0.0615146   -0.0231715    0.0482598    -0.116468    -0.065315    0.0656405
     0.12248    0.0459519   -0.0537123    0.0266748    0.0285435    0.0305747    -0.104578   -0.0973446     0.133277   -0.0221692    -0.173377   -0.0666135   -0.0943986    -0.027358    -0.163846     0.046516
   -0.115379     0.158414    -0.011163     0.053452   -0.0315448    0.0580224     0.168278    -0.207388    -0.170887    -0.138233    0.0735767   -0.0202876    -0.213692    0.0263011     0.118758    0.0068634
   -0.519016      0.17386      0.44943    0.0650826   -0.0540858    -0.697452    0.0728588    -0.269556    -0.489307    -0.102663    -0.334675   -0.0883619    -0.534578     -0.40188  0.000732965     0.322201
   0.0690474    0.0714231     0.145782     0.128201   -0.0777286   -0.0634848      0.22769    -0.132238   -0.0631582    0.0362652   -0.0745879    0.0851392    0.0636387   -0.0720169    -0.226136     0.208494
   -0.179191    -0.162942     0.210156     0.129271    -0.246583    -0.380402     0.212381     0.242939   -0.0548827    -0.227671    -0.178261    0.0202068    -0.316204    -0.110964    0.0280135   -0.0716333
    0.121343      0.26283  -0.00206636     0.078355    -0.140963   -0.0733505   -0.0722944   -0.0279412     0.104243    -0.287055     0.306427     0.166779    -0.300942     0.224649   -0.0512567     0.269752
    0.134935     0.409553     0.320006      0.21217   -0.0108675     0.136768     0.242938    -0.349553     0.260937    -0.136512    -0.373705    -0.152111     0.136261   -0.0643202    -0.306043    0.0376917
   0.0143418    -0.228335    0.0579949   -0.0145298   -0.0870164    -0.114403  -0.00706408   -0.0524221    0.0136933     0.113156   -0.0689556     0.106261    -0.121957   -0.0963804    0.0416677   -0.0189831
 0.000712589    0.0794774     0.166143   -0.0588762    -0.186198   -0.0851354     0.165745    -0.157664      0.12694    -0.103033    0.0387178     0.133476   -0.0257031    0.0415146    0.0332873    0.0673195
   0.0510637    0.0562431   -0.0359369    0.0788392     0.201631    0.0721443    -0.222084   -0.0282858   -0.0764404     0.218125    0.0191775    -0.113553    -0.131311   -0.0465228   -0.0472026   -0.0476283
   -0.105282     0.240692    -0.198578     0.320611     -0.11345    -0.288894     0.226642     0.078558     0.110208    -0.354545   -0.0565874   -0.0210728    -0.249554    -0.210579   -0.0293715     0.325411
    0.152946     -0.12406   -0.0186338     0.149403    -0.200716   -0.0543478     0.145734    -0.268088   -0.0551781   -0.0289129    0.0433718    0.0311412   -0.0935048     0.177239   -0.0551688     0.252968
   0.0858216    0.0777516    0.0803577   0.00768297    -0.237111    -0.156559     0.179628    -0.122404  -0.00594394    -0.144409   -0.0198947   -0.0650086   -0.0850761     0.192669     0.110387     0.193827
  -0.0685074       0.0869     0.144738    -0.105952    -0.137577   0.00479961     0.114188    -0.287426    0.0196813   -0.0642404    -0.289693    -0.144819   -0.0998615     -0.25868   -0.0811785   -0.0839917
      0.1068     0.824438   -0.0103066      0.17458   0.00588299     0.292739     0.123219     -0.38833     0.461314     -0.31837     0.571353    -0.134264   -0.0177769     0.395504    -0.464386   -0.0290257
   -0.409205    0.0603962       0.1693     0.201645    -0.163314    0.0575875   -0.0869312    -0.332128   -0.0127639    0.0248418    -0.128931    -0.223353    -0.121012    0.0986283    -0.148246    0.0747253
     0.18731    0.0576456     0.129971   -0.0303123    0.0485458    0.0516069     0.139253     0.106361    0.0862959   -0.0537382    0.0474463     0.216721    -0.233305    0.0811612    0.0728603    0.0103118
   -0.179421    -0.300308     0.112644    0.0660034   -0.0766809    -0.216034  -0.00434562    0.0293477    -0.120678     0.147112    -0.381351  0.000672704    -0.315411    -0.396974    0.0152282   -0.0868192
  -0.0648459    0.0452294    0.0731053    0.0701973   -0.0642534    -0.204737    0.0983866    -0.204169  -0.00860673   -0.0352631    0.0317371   -0.0131911     0.131273   -0.0865066    0.0314488  -0.00800109
    0.184428    0.0184598     0.050495     0.153779    0.0417937    0.0392663    0.0912496    -0.186771   -0.0741213     0.020906   -0.0446596   -0.0550586   -0.0141445    -0.064881    0.0327947   -0.0343606
  -0.0817355   -0.0794759      0.15298    -0.393947    -0.157271    -0.259069     0.153089     0.144596    -0.108526     0.372954    -0.344404     0.124677    -0.164013    -0.180935    0.0704361    0.0172482
   -0.174651     0.124005     0.152764   -0.0637572   -0.0522074    0.0258687     0.117465     0.150949   -0.0609576    -0.102738    -0.191382    0.0319613    -0.191605    0.0137456     0.228901     0.135903
   -0.314464     0.377177   0.00198852     0.199902    -0.256096   -0.0435108   -0.0256605     -0.20694    -0.429224    -0.399816    -0.118991    0.0806921    -0.137359     0.179242    -0.173177   -0.0206723
  -0.0171376    0.0607799    0.0385997   0.00561006    0.0204579    -0.215237    0.0331848   -0.0609721    -0.203881    -0.120646    -0.130195   -0.0551456   -0.0951084    -0.169819   -0.0322561     0.145597
   -0.115068  -0.00291511   -0.0573464   -0.0103549    0.0937552   -0.0947425    0.0901166     -0.20692     0.280256   -0.0873127     0.118483   -0.0727104     0.169686     0.152839    -0.132921  -0.00621748
   -0.419243     0.146415     0.348638     0.135811     0.105712    0.0383506   -0.0609678    -0.440081   -0.0020908    -0.335829    -0.101106   -0.0495387    -0.033618     0.246319   -0.0612857    0.0829335
   0.0361024     0.258099   -0.0494615    -0.203489     0.262593    0.0238269    -0.147025    -0.140936     -0.21616     0.283824   -0.0362792    -0.167875     0.222627   -0.0855961   -0.0717452    -0.132983
    0.235548     0.207559     0.167416     0.231519    -0.232076     0.133953     0.238939    -0.158178    0.0966281    -0.157709     0.217349  -0.00608967   -0.0286956     0.118722     0.200476    0.0398467
   -0.120828    0.0156258     0.149678  -0.00531118     -0.13238    0.0679072   -0.0444804   -0.0926324   -0.0358696     -0.19755    -0.292834    0.0331679    -0.117071      -0.1324   -0.0136747     0.126657
 0.000939827    -0.125301    -0.124792     0.207502   -0.0835959    0.0144735    0.0254732     0.173011   -0.0815337   -0.0173667    -0.100564   -0.0949427     0.159441   -0.0360883     0.185037    -0.100051
  -0.0688865     -0.12205    0.0805781    -0.126657    0.0953942    -0.138159    0.0719204    -0.142597    0.0535987     0.228666    -0.160568    -0.207341   0.00254517    -0.314194     0.069449    0.0288389
     -0.1552   -0.0590012     0.160524    0.0898553      0.12588   -0.0601402    0.0267513      0.08651    0.0561455    0.0241099    -0.201451   0.00377865   -0.0306542   -0.0674212   -0.0607667    0.0235673
    0.185752    -0.241386    -0.123053     0.159944   -0.0542643    -0.117042      0.11509    0.0871327     0.260507     0.164926    0.0215455    0.0183186       0.1558      0.22328     0.115406     0.053349
