   0.153822
  0.0254609
-0.00972058
-0.00192399
   0.231848
-0.00753372
  -0.228397
 -0.0401614
  -0.272121
  -0.133921
  -0.033991
 0.00458963
  -0.101802
  0.0042925
   0.118903
 -0.0262044
  -0.184935
  0.0877087
   0.096677
   -0.16483
  0.0531533
  -0.142171
 0.00454931
  0.0125438
  -0.147994
  -0.292447
   0.295864
   0.218642
   0.328702
  -0.266594
   0.104839
   0.164732
   -0.20877
  0.0421495
-0.00982307
   0.172462
  0.0144695
  -0.141556
   0.117176
 -0.0536011
  0.0598729
  -0.331348
 -0.0235792
  0.0243037
  0.0115766
   0.147965
  -0.132111
  -0.247997
  -0.401087
   0.103944
  0.0990304
  -0.155218
0.000671526
   0.223755
  0.0682542
  0.0112097
  -0.374442
   0.202337
  -0.123682
  0.0783377
 -0.0671774
  0.0591854
   0.133567
  -0.128497
  0.0522048
  -0.154866
  0.0264941
   0.129765
 -0.0371188
  -0.140679
  0.0817489
  0.0485304
  -0.103859
  -0.725378
  -0.150985
  -0.146535
  0.0076026
   0.162351
 -0.0280684
 -0.0385184
 -0.0525554
-0.00227461
 -0.0499429
   0.186701
   0.272102
 -0.0933969
  0.0446498
  0.0216641
  0.0951266
  -0.225443
  -0.152676
  -0.017576
  -0.186966
  -0.211341
   0.054064
   0.193643
 -0.0302196
  0.0747847
  0.0449359
   -0.23668
   0.074287
 0.00201332
   0.169316
  0.0442713
 -0.0318327
 -0.0766033
  -0.179253
 -0.0251562
   0.212726
   0.236165
   0.032126
  -0.246746
   -0.12199
  0.0272247
  -0.123404
   0.405617
   0.178182
   0.118014
  0.0750715
   0.151846
  0.0932129
  -0.057613
 -0.0510655
   -0.12576
 -0.0412815
   0.190421
  0.0576052
 -0.0265851
