   -0.506987     0.298555   -0.0938609    -0.299694     -0.11345     0.278152    -0.200377    -0.210862    -0.374015    0.0848852   -0.0438459     0.245331     0.803977     0.248866      0.22852    -0.264598    -0.145216    -0.308524     0.180796     0.564783     0.141041    0.0569255     0.296226    -0.118548     -0.10088    -0.753792     0.454297    -0.547389    -0.147816    -0.408967    -0.403292    -0.109084
     -0.1238     0.139067    -0.200053     0.195644    0.0747629    -0.183011     -0.35134     0.385427   -0.0848571    0.0854388   -0.0279519     0.239933    -0.127721     0.323391     0.183451    -0.201501    0.0664092    -0.132616    -0.122963    -0.155192   -0.0771711     0.171105     0.135742   0.00173585     0.167886    0.0560406     0.234772     0.131653    0.0630134     0.157863     0.130798   -0.0709342
      0.1593     0.170062   -0.0587442    -0.208011   -0.0626226    0.0376224      0.28249     0.274023     0.145944   -0.0231491  -0.00645789    0.0714964     0.552674     0.147751     -0.12452    -0.184125   -0.0863399    -0.157305       -0.147     0.217921   -0.0342675     0.192378     0.237023     0.146202   -0.0200877    0.0716808    -0.194466  -0.00476989    0.0341043     0.238735    0.0845715     0.153594
   -0.183933    -0.317624     0.108783   -0.0707372   -0.0974221     0.164046   -0.0379007     0.604395    -0.124586    -0.292921    -0.299049    -0.172393    0.0219028     0.227755    -0.249232   -0.0822721     0.058471    0.0124681    0.0847909   -0.0602738    -0.436876    0.0805915    0.0905368   -0.0260583    0.0308718    -0.125209     0.309635    -0.099006   -0.0728961     -0.56657    0.0308727     0.148823
    0.185806    0.0218255    -0.106318     0.325408     0.112724    -0.246114    -0.354963     0.333325   -0.0774362    0.0194264     -0.05413     0.212167    0.0564876    -0.295798   -0.0734749     0.184448    -0.374104     0.072795    -0.278552      0.45773    -0.227917     0.185579    0.0827516    -0.192533   -0.0840652    -0.100593    -0.244223    -0.015334   0.00297141   -0.0431495 -0.000562234     0.104642
    0.214593    -0.112736     0.350892     0.169312    -0.169407    -0.103697    0.0415195  -0.00509609    -0.265168    -0.285299    -0.158032     0.372127     0.055887     0.172673     0.247195     0.151654   -0.0316359     0.419822   -0.0581172     0.134447     0.209652    -0.317195   -0.0178116     0.134973     0.252947    0.0219473    -0.244024     0.504145     0.232803    -0.134741    -0.198359     0.230158
   -0.138302   -0.0721393    0.0672694     0.194887   -0.0683512     0.009566    -0.154486     0.145495 -0.000836204    0.0555759    -0.042346     0.161873   -0.0482614     0.104337     0.186769     0.109024   -0.0823452     0.198881   -0.0477207  -0.00293065    -0.106492     0.142532   -0.0932679    -0.230086      0.33438   -0.0861153    -0.056478    -0.151902    -0.136457    0.0215303    -0.146853     0.316163
   0.0586122      0.13968     0.316918   -0.0122292    -0.051842    0.0767889   -0.0861822    -0.122246     0.348879    -0.238888    -0.163604     0.278853     0.077643    0.0109277     0.240864    -0.157569    0.0716241     0.278469   -0.0727176    -0.170096    -0.208472    0.0371788    0.0136691   -0.0664585     0.034833    0.0914203     0.359158    0.0627078    0.0464407    0.0148183    -0.035263   -0.0220677
   -0.121168    0.0743211     0.431611    -0.259606    -0.232496     0.221117    -0.124215     0.233605    -0.332496    -0.172458   -0.0231663   0.00449334   -0.0758916    0.0975121    -0.142837   -0.0259779    -0.128057     0.205715    0.0381799    -0.159952      0.19938    -0.192251    -0.250947     0.451671   -0.0519034   -0.0355362     0.104021     0.349931   -0.0826027    -0.159126   -0.0732064    -0.116447
     0.16864    -0.102276     0.407135   -0.0104918    0.0592636     0.232866   0.00658698     0.148937    0.0825971     0.182395   -0.0640774    -0.156401   -0.0483787    0.0964293     0.352685     0.485158    0.0501765  -0.00702643    0.0524429      0.12183    -0.337302     0.204621     0.450857     0.280492     0.133907     0.196515    0.0920484     0.336869   -0.0166171    -0.493206    -0.347836    -0.101011
   0.0252555    0.0283006   -0.0454065    -0.206586    -0.204876     0.204314     0.100739   -0.0762346     0.103611   -0.0635504    -0.149493    0.0928119   -0.0334201     0.344878    -0.346713    0.0495481    -0.054003    -0.101092   -0.0520349     0.199468    -0.237785    -0.019165     0.123023    -0.135853     0.101673     -0.34887    -0.173223    -0.206078     -0.13729    0.0563242   -0.0424223    -0.146233
  0.00727806     0.236376    -0.121004    -0.078113    -0.312933   0.00288717     0.270816     0.230541     0.238155      0.42486    -0.114418    0.0612566    0.0613222    -0.129731   -0.0511279     0.125655    -0.194707    0.0751234     0.128651    0.0717061     -0.14611    0.0808315     0.434862   -0.0930123     0.112267    -0.173761   -0.0165999   -0.0183594   -0.0455247      0.28747    0.0451811    0.0779721
   -0.155053     0.230805     0.319614    0.0564805     0.125838    0.0221365   -0.0514831    -0.245219    -0.198644     0.207049     -0.12485    0.0817786     0.133913    -0.253904   -0.0255971   -0.0418891     0.177618    -0.138792   -0.0836583    -0.163504     0.270741    0.0953445      0.10997    0.0926837   -0.0479971   -0.0645319    -0.237286   -0.0172802    -0.174308     0.126954   -0.0235219       0.1226
   -0.236212    -0.112856  0.000206225      -0.1034    -0.119968    -0.331253     0.100103     0.469707    0.0751963  -0.00714771    -0.347173     0.267548    -0.048825    0.0550778    -0.198947    -0.110247    -0.226356    0.0126794    -0.418093   -0.0243945    -0.340648     0.224557    0.0691136  -0.00728056    0.0546149     0.037647    0.0675949     0.216076    -0.176978    -0.227082    -0.137577    0.0287052
  -0.0508684    0.0587647    0.0784511   -0.0264607    -0.505765   -0.0835037     0.320228     0.270576   -0.0847096     0.105757    -0.198988     0.221049     -0.20504      0.34123    -0.311417    -0.189926   -0.0260828     0.144771     0.196523    -0.163908    -0.373043   -0.0411667    0.0536181    -0.231493     0.362282   -0.0222983    0.0172775     0.448679     0.085017     0.106786   -0.0987905    -0.199287
  -0.0770663    -0.191822      0.19325    0.0118613   -0.0850661    0.0856773     0.189598      0.13508    0.0651375    -0.205193    0.0396621     0.131726    -0.157103    -0.180556    0.0487781     0.165446     0.351557    -0.134941    0.0166081     0.254703   -0.0697363    -0.225867     0.223032      0.16502    0.0237884    0.0873224    -0.471492    -0.154822    0.0760661    -0.224881    0.0835297    -0.112068
  -0.0999299   -0.0446164    -0.177012    -0.120631    0.0296182    -0.151465    -0.119083    -0.268563    -0.170643    -0.172116    -0.381707   -0.0437174   0.00776912     0.127263     -0.19011     0.011631    -0.159491   -0.0455215    0.0583376   -0.0330984      0.16396    -0.191905    0.0666029   -0.0753384     0.363684    -0.205456     0.329311    0.0933905    -0.275578     0.255342     0.350047     0.269179
    0.112781    0.0300115    -0.148711   -0.0568182    0.0214596    -0.374546    0.0392458     0.104766   -0.0557857    -0.122142    0.0159106     0.133447    -0.124178    -0.162415  -0.00207509   -0.0435063    -0.225733    -0.112362     0.456161    -0.171213    -0.114912    -0.223346     0.147465   -0.0479064    -0.121667    -0.110909    0.0991436    -0.158387    -0.061772        0.155    0.0754415    -0.382056
   -0.113855     0.349551    -0.150508    -0.292273    -0.344603  -0.00771828      0.10503   -0.0441498     0.132397     0.240899     0.133812     0.288319    0.0517064     0.164682    -0.484587     0.253489   -0.0481034    0.0440865    0.0163247   -0.0422042   -0.0088788    -0.198837     0.254261    -0.187543     0.260813    -0.346534   -0.0861721    -0.192185    -0.364577    -0.265256   -0.0453438    0.0407335
   0.0296521     0.106466    0.0323737      0.22881    -0.235614   -0.0111646   -0.0840015   -0.0216274     0.185872    -0.184939    0.0705552    -0.164245     0.177956    -0.137916    -0.209498    0.0538726     0.208109     0.136976    0.0613394   -0.0694176     0.135092     0.237225     0.253653    0.0243678    0.0660994     0.072546    -0.156828    -0.141054     0.269521     0.160172    -0.191856     0.163933
  -0.0504599     0.257437     0.226797   -0.0373251    -0.340503     0.209509   0.00374917     0.392758    -0.181207    -0.330968    0.0411834     0.108922    0.0568846     0.519856    0.0726437    0.0820916    -0.154309     0.522102    0.0443414    0.0635005    -0.189014     0.142666   -0.0582704     0.411554    0.0718716     0.216112     0.129443     0.165873   -0.0441095     0.132018    -0.247794    0.0830533
   0.0294171    -0.115121    0.0507973   -0.0285493    -0.145818   -0.0208307     0.231998     0.183095    -0.113147      0.18253    0.0673502     -0.22085       0.1373   -0.0166805     0.142909   -0.0354982    -0.152777    -0.119644     0.127573     0.133916    -0.172562   -0.0369981     0.136428   -0.0839179    0.0891321   -0.0543266     0.301807   -0.0318652    -0.160559     0.130706     0.256653    -0.250822
    -0.15818   -0.0308675     0.145214    0.0622097     0.065819    -0.105511     0.142213    0.0215878     0.167796    -0.181016    -0.158594     -0.20304     0.055114    -0.192824     0.202253    -0.235328   0.00236956   -0.0814555     0.154749     0.172966     0.160397    0.0466652    -0.112568     0.259558    0.0943933    -0.248268   -0.0680878   -0.0589537     0.323255      0.21998     0.175189    0.0334804
  -0.0828624   -0.0543341   -0.0958293  -0.00155168    -0.087952    -0.175849    0.0465944     0.469714   -0.0704763     0.336289  -0.00716454   -0.0838751     0.135924    0.0843347     0.164969     0.170789    0.0400498     0.251756     0.173874     0.177139    -0.227599    -0.188576   0.00134299    -0.140536     0.569659   -0.0665679     0.103163   -0.0985009     0.313942    -0.202489    -0.080504    -0.100998
  -0.0506709    -0.137497     0.223253     0.100407    -0.118607    0.0422792    -0.242436     0.400893   -0.0781607    -0.196848    -0.114418    -0.226863    0.0791243     0.122431    0.0403652   -0.0775946   -0.0890571     0.187445     0.229396     0.015207    -0.294087    0.0770227   -0.0338908     -0.30379   -0.0625167     0.260027     0.281554    -0.115474    0.0261974    -0.276444     0.129208    -0.127103
    0.101326     0.274969     0.104439      0.16243   -0.0360312     -0.18298     0.241205     0.518522    0.0470745     0.118192    -0.166143     0.171391    -0.181904     0.264581    0.0654185    -0.144285    0.0704723    -0.138695   -0.0370496    0.0315703    -0.357556    -0.164295     0.259117   -0.0899328     0.125443    -0.323125     0.223687   -0.0888459     0.115925     0.122712    -0.197927     0.115156
   0.0529658    -0.134841    0.0886001    -0.198885    -0.206126    0.0222544    -0.134601    -0.126388     0.335789    -0.135238    0.0498648   -0.0930433    0.0531187   -0.0870375    -0.195293     0.100643    0.0296416     0.030957     -0.18305    0.0218179  -0.00693248    -0.197757     0.257943   -0.0281863    0.0549043    -0.181517   -0.0697311    0.0903849     0.137924    0.0144096    0.0472474   -0.0717528
  -0.0223676     0.230074     -0.03947    -0.076541    0.0864018    -0.175013      0.16275   -0.0528453    -0.216439     0.103615     0.198856     0.147313     0.162511   -0.0940412     -0.12618     0.117063    -0.158703     0.144721     0.038459   -0.0797939     0.192169    -0.100796     0.190949   -0.0545111    0.0119587   -0.0882803    -0.315231  -0.00504365    0.0447714    -0.106051    -0.272045     0.190554
    0.402187    -0.291927    -0.328107     0.646293     0.192567    0.0667272   -0.0856946     0.248719     0.183865    0.0761545     0.134727    -0.233938    -0.317215      0.16053    -0.191612     0.158816    -0.135949    0.0770419     0.475123   -0.0826397   -0.0536865    -0.124115     0.205558      0.13049     0.295793    0.0585621     0.311315     0.129402    0.0580093  -0.00975695     0.392284  -0.00245376
   -0.157852     -0.10377   -0.0846007     0.185676   -0.0324923    -0.127997     0.222199     0.329696    -0.142631     0.204881    -0.175006     0.332468    -0.430845     0.395844   -0.0713835     0.190673   -0.0927685    0.0817656    -0.130503     0.114777    -0.269445     0.459754    -0.136059    0.0784573     0.107293    -0.061914   -0.0595779   -0.0441767     0.378415     0.337474    -0.103998    0.0947445
  -0.0248975     0.259373   0.00754307   -0.0480399   -0.0372656    -0.215153     0.184698     0.361992    -0.139028   -0.0968964    -0.253762     0.195958   -0.0191745    -0.202349    -0.116368    0.0348327    -0.412599     0.227307      0.17819     0.182682    -0.403081     0.128343    0.0587812    0.0059204    -0.112843    0.0192285    0.0952996    0.0743339    0.0846203    -0.220419   0.00747157    -0.318834
   0.0251278    0.0610136     0.019455   -0.0172638     0.251625     0.323523   -0.0307717    -0.105939    -0.159874    0.0185064     0.146596     0.178381      0.11678    0.0716435   0.00347444      0.20717  -0.00418959      0.17359    -0.340637    -0.309759     0.148925    0.0789478    -0.232426    0.0369877    0.0105325     0.184083    -0.127347    0.0997812    -0.278638     0.248128     0.155578     0.171502
  -0.0306869     0.218315    -0.174608    0.0548434    0.0971419     -0.12129    0.0563144     0.330446   -0.0779429     0.232917    -0.333317     0.218971    0.0708087    -0.110058    0.0666618    0.0624158    -0.308091     -0.46707    0.0499521     -0.41808   -0.0918442     0.187431     0.269151    -0.112393     0.105399    -0.195457    -0.172131     0.297686   -0.0204715    0.0893315   -0.0704445   -0.0271107
   0.0850885    -0.109805     0.212201    0.0738797     -0.12647     0.036154     0.119661     0.113822   -0.0391927   -0.0286632    -0.146359   -0.0443253    -0.263739     0.360656    0.0485951    0.0259875   -0.0134789    -0.169796    0.0361841     0.134169    -0.300139    -0.098568    0.0126561    -0.143615     0.149555    -0.236996     0.192762    -0.100254    0.0196833   -0.0709996   -0.0272633     -0.18285
   0.0433563     0.127599     0.121924   -0.0865851   -0.0815097    -0.172164     0.144752   -0.0447966     -0.15789   -0.0106538    0.0136032    -0.132605   -0.0755121   -0.0759908   -0.0435272     0.118838    -0.216453    0.0130988   -0.0131598    0.0703619    -0.204891  -0.00240053     0.173708   -0.0814403   -0.0602092     0.210363    -0.132123     0.102623   0.00952838    -0.100386   -0.0510357   0.00683864
    -0.12957    0.0231727    0.0552622    0.0451553    0.0764566    -0.321264     0.145876     0.109816    -0.148245     0.087245    0.0664775   -0.0133338  -0.00902899    0.0230228     0.354129     0.150544     0.149482    0.0175236     -0.11458   -0.0547692     0.148256   -0.0812099      0.21034     0.006621     0.128869    0.0511992    -0.069733    -0.266672     0.198232    -0.108135    -0.283365     0.243733
   0.0641287    -0.109909    -0.130546    -0.181465    0.0682539    -0.114624    -0.118325   -0.0952768     0.243123     0.322858     0.178608     0.196148    0.0872731    0.0449432     0.136386     0.108592   -0.0890396    -0.331052  -0.00282863     0.342897    0.0638859     0.196129     0.174665   -0.0490452    -0.234845     0.250421     -0.14127    -0.275178   -0.0660306    0.0222048     0.189722      -0.3795
   -0.119097    0.0220005    -0.107646   -0.0574733   -0.0809345     0.152777     0.268465     0.407307   -0.0597571    0.0627893    -0.140487  -0.00190063     0.221094     0.258593    -0.173198     0.107035     0.077734    -0.237633      0.31007     0.052477    -0.282263    -0.267695     0.268343     -0.27201     0.102877    -0.122285   -0.0343872   -0.0913247     0.128738    0.0377959     0.169194   -0.0753986
   0.0839494     0.330491   -0.0389684    -0.114352    -0.137857     0.238788    0.0656425   -0.0673221     0.219346   -0.0720696      -0.1845   -0.0288978     0.276505   -0.0705419    -0.151368    -0.159292    -0.286969   -0.0927068    -0.101368   -0.0521034    -0.227696    -0.301331    0.0532172    -0.266591     0.174206    0.0326456     0.122629    0.0711618    -0.269956     0.357578    0.0732469    0.0985446
  0.00920944    -0.162047     0.242569     0.198914   -0.0565012     0.055842   -0.0989925   -0.0475168    -0.313008    -0.356941     0.013483    -0.132102     -0.47842     -0.20104    0.0414738     0.035162    0.0549759     0.381645    0.0566368     -0.12232     -0.22356   -0.0265173   -0.0538062   -0.0864498     0.178764    0.0724323    -0.158358     -0.16185   -0.0220158    -0.189444    -0.228447    -0.135333
 -0.00331331    -0.124339     -0.07241    -0.311956    -0.115868    -0.231536    0.0916493     0.451306    0.0543959   -0.0710597   -0.0839867      0.12162    -0.196553   -0.0718299    -0.133803    0.0588907    -0.213649      0.23489    0.0134467    -0.238534    -0.421321   -0.0152529      0.22822    0.0131726   -0.0286529   -0.0914391    -0.306553   -0.0377116    -0.398526      0.10831    0.0604493    -0.148661
    -0.24475    0.0924449     -0.10551     0.282166     0.147785    -0.355105     0.229255   -0.0726835    -0.175413   -0.0986377    0.0695681   -0.0096255  -0.00756959     -0.19901     0.107559    -0.503117  -0.00633838   -0.0880741    -0.120185      0.19822       0.1114     0.172295     0.431445  -0.00835887     0.257419   -0.0450086     -0.11345    -0.126696     0.192654     0.322614     -0.16291     0.232226
   0.0428578    -0.163595    0.0409911     0.225789    -0.192849    -0.155282    -0.338342     0.392687     0.178865    0.0461351    0.0304558     0.147415     0.111029     0.036515    -0.502313    0.0537702    -0.309689    0.0871644    -0.249606   -0.0361017    -0.456181      0.31724   -0.0363187     0.328848     0.148411    -0.097708    -0.126377 -0.000921385     0.274569  -0.00321187     0.185556     0.224479
 -0.00184895    -0.145777    0.0106147     -0.10173    -0.325339     0.350921    -0.122302     0.119416     0.170033    -0.452923    -0.250602     0.300403     0.397271   0.00814371    -0.476054     -0.34783     0.120471     0.202803    -0.256914   -0.0299591    -0.250337    0.0926723     0.195416   0.00568316    0.0514743   -0.0520497   -0.0174059     0.202465    -0.192146    -0.109554    -0.129357     0.194464
   -0.076928    -0.129938   -0.0148425     0.111522    -0.125256     0.166904   -0.0312443     0.446432    -0.458605    0.0385418    -0.202958     0.477948     0.102686     0.489306    -0.148526    0.0112162     0.207036     0.210978     0.329729     0.428254    -0.256393    -0.124524    -0.289154    0.0227057    -0.302612    -0.354474     0.294546    -0.298399    -0.290298    -0.515039     0.498605     -0.49275
   0.0157814     0.157641     0.109109     0.226479   0.00785917    -0.122301    0.0949165     0.293036   -0.0332789     -0.17942    -0.197969    0.0945385    0.0470551   -0.0104018     0.134829    -0.121184    0.0557566    -0.075628   -0.0228532     0.081153    -0.234367    -0.195193     0.287786   -0.0311639    0.0267332   -0.0884402   -0.0998233   -0.0792789    -0.111995     0.187563    0.0592801     0.138598
   -0.183649     0.149827   -0.0649746   -0.0352995    -0.117146    -0.058801    -0.112747     0.190872    -0.265084  -0.00614112     -0.11693     0.124786   -0.0180815     0.122811   -0.0444379    0.0792157   -0.0602821      0.02716     0.263709      0.10832    -0.092704   -0.0873513     0.247004    0.0314916  -0.00263111   -0.0573003     0.174926     0.356517   -0.0583797    0.0749087   -0.0326088     -0.18007
    0.188381     0.380938     0.199457    -0.218112    0.0112641    -0.158259     0.111031     0.244769    -0.225017     0.329794   -0.0583032    -0.190744    0.0776623     -0.17427     0.229251    -0.138052   -0.0777628    -0.117479    -0.393085   0.00153899     0.150987     0.185073    0.0479086    -0.126727    0.0840643     0.421227    -0.255035    -0.143641    0.0986682  -0.00487841     0.189087    -0.054527
   -0.322309    0.0336429     0.178815    0.0327376   -0.0648362   -0.0322481   -0.0433314    0.0291768    -0.221479    -0.101856    -0.344862     0.160097     0.253651   -0.0771766   -0.0251644   -0.0301651   -0.0459111    -0.105821     0.151441   -0.0488314    0.0271275    -0.295202   -0.0360504     0.104579    0.0759373   0.00551488     0.111508    0.0970505   0.00237282    -0.259625     0.231837    -0.266241
    0.012549     0.295525    0.0202784   -0.0246133    -0.131576     0.154758    0.0827688     0.153699     0.135863     0.119123    -0.417763    -0.281799     0.129129   -0.0087578    0.0418687    -0.192428   -0.0810705    0.0551682    -0.186031   -0.0963061     0.142391    0.0454938    -0.175854   -0.0940005   -0.0311039     0.159058     0.162378    -0.142012     0.126362     0.265156   -0.0754073     0.113568
   -0.191726     -0.14682    0.0251766   -0.0290792   -0.0474216      0.10093   -0.0956233     0.237695    -0.208974     -0.10353     0.122512     0.126492   -0.0711035   -0.0163583     -0.35113    0.0105975   -0.0648918     0.198187    -0.161268    0.0872525   -0.0738674    0.0303054     0.150898     0.251657    -0.146742    -0.106888    -0.213275    -0.207228     -0.11425    -0.209729    -0.223286    0.0920612
   0.0937776     0.259864    0.0523213    0.0423868     -0.19423     -0.27095  -0.00725531     0.226151    0.0578544    0.0653919    -0.305507     0.224675   -0.0292506   -0.0688099 -0.000495126    -0.432691    -0.223555     0.198029    0.0918736    -0.189755   -0.0859744    0.0235402    -0.104683   0.00447758     0.199493   -0.0388032    -0.348006     0.267891    -0.205651    0.0946239    -0.177748    -0.127742
   -0.123255    -0.104003    -0.242023      0.10008    0.0242626   -0.0450902    0.0627363     0.046646   -0.0755227  -0.00127931    -0.180737   -0.0382225     0.021859    0.0995716     0.145633     0.232942   -0.0278585     0.279987    -0.183249    0.0684235    -0.361656     0.214477     0.536872    -0.174685     0.131739    -0.340223     0.202792    -0.160281     0.343915   -0.0351596     0.206656   -0.0960052
   -0.280725    0.0542748  -0.00287243    0.0402343   -0.0235471    -0.341448     0.183652     0.348092     0.053437    0.0527158    -0.209541   0.00584497   -0.0945596    0.0805186    -0.151184   -0.0752785    -0.165186  -0.00462159     0.015041    -0.107024    -0.239899     0.114458    -0.175641     0.133219    -0.174863    -0.074557     0.267589     0.245086    0.0573345    0.0186416    -0.212267     0.143189
  -0.0907304    -0.290151     0.137562     0.137943    0.0473845    0.0963996    -0.193564   -0.0537481    0.0151271     0.166494    0.0365076   -0.0826609    -0.457775    -0.344138    -0.155525     0.101006   -0.0209274     0.297537     0.240643     0.207125   -0.0924703    0.0145828   0.00431193    -0.141427     0.139783     0.074301    -0.293398    -0.251961    -0.131864    -0.201271    0.0494021    0.0299801
  -0.0556556     0.221697     0.149931     0.198251      0.09926     0.145509    0.0583399   -0.0341998    0.0363293     0.162024     0.231551  -0.00764877    0.0293557    -0.185097     0.191784    -0.110019     0.311198    0.0581165    -0.147299     0.169208   -0.0380672     0.104291     -0.18524    0.0347359    0.0344595    0.0303063    0.0102899    -0.112301   -0.0253302    -0.161962     0.138417   0.00863284
    0.175381    -0.262164    0.0305392     0.121223    -0.358795     -0.25681      0.26847     0.306432    -0.357417     0.103206    -0.468921     0.320748    -0.122566    -0.159937    -0.211155      0.20374    -0.258303     0.173878     0.234331    0.0889246    -0.123429     0.076717    -0.116992     0.136332   -0.0785978    0.0169216     0.355011   -0.0259775    0.0701375   -0.0522034     0.010746    -0.387197
    0.315893     -0.19144    -0.149464    -0.213562    0.0453744     -0.11131    -0.118603    0.0119674     -0.23677     0.208328    0.0802484     0.153562    -0.157609     0.151032      0.01683    -0.081894     0.245778     0.143832     0.229872   -0.0895646   -0.0231243     0.102253     0.099312     0.148316    -0.192595     -0.21259    0.0521674    -0.221343    -0.189282     0.306768    -0.134264     0.371258
   -0.207164    0.0132435     0.197626    -0.023708    -0.392633      -0.1455     0.380538    0.0817203    0.0795401    -0.218697    -0.180799     0.117549    -0.163768     0.109383    0.0100285    -0.406534    -0.245127    0.0873735    0.0609663    0.0551198   -0.0335383    -0.357803   -0.0636026    -0.171258     0.135929   -0.0416221     0.164091     0.127128    -0.247825     0.258907  -0.00480878    -0.114912
    0.120218     0.041003    -0.180094   -0.0280557   -0.0121562    0.0305156    0.0021887     0.158727     0.046695    -0.198027    0.0507542     -0.12435    0.0437013   -0.0694244    -0.108303     0.189154    -0.240216    -0.159211   -0.0373993     0.053943    0.0221397    0.0723493     0.065776   0.00696777    0.0438399    -0.406446     0.102106    -0.374981    -0.053359    -0.262045     0.183852    -0.316831
   -0.109246   -0.0213451    0.0306377    -0.172063    -0.142401   -0.0203222     0.310503     0.133626     0.108791   -0.0301128    -0.298997    0.0329831     0.170873   -0.0993595    -0.124348    0.0149585    -0.200319    -0.154819   -0.0307069    0.0211694     -0.41143    -0.108203    0.0901871   -0.0622215  -0.00235254     0.128025     0.149081   -0.0636807    0.0146759  -0.00959074    0.0580848    -0.208008
  -0.0301982     0.119945     0.290428    -0.188496     0.117194    -0.173972   -0.0835159     0.319509    -0.153403     0.133663    -0.287365   -0.0673373     0.152303     0.343455     0.436116     0.178308    0.0415683     0.109907    -0.340158     0.275085    0.0517885     0.373313    0.0797364     0.504579    -0.295126   -0.0919395    0.0853222    0.0800973     0.176129    0.0880305    -0.155153   -0.0275147
   0.0925285    -0.209459    0.0552567     0.237992    -0.178074    0.0987832     0.167603     0.321876      0.10534    -0.287564    -0.328985    -0.317166     0.165488     0.194901     0.303608     0.064373   -0.0664447     0.426634    0.0557719   -0.0024913     -0.26716   -0.0499352   -0.0111589     0.449856     0.184175    0.0693083    -0.249149    0.0526931     0.154512     -0.12821    0.0917891    -0.237051
   -0.337874     0.211134     0.377536   -0.0724924   -0.0787137     0.110396   -0.0991623     0.226569     0.230917      0.32713    -0.150743   -0.0956311      0.37089    0.0319727     0.474854      0.01562     0.174173    -0.127812    -0.318548      0.41065   -0.0976033   -0.0126534   -0.0984043   -0.0708127    0.0279209     0.166492    -0.153664      0.11567     0.169578    -0.446927     0.271462     0.112604
    -0.11854     0.280229     0.321608     0.248482    0.0599842    0.0894332    -0.356232     0.382096     0.234769    -0.113506     0.010615     0.477606    -0.139887     0.267811   -0.0156626    -0.208666   -0.0681005    0.0617831  -0.00971941       0.2109    -0.297734  -0.00571265   -0.0281879    -0.155564     0.137679   -0.0399161    0.0865317    -0.457327    -0.129967    -0.149374    -0.165111   -0.0433358
   -0.284829    -0.187431    0.0479518    -0.325146    -0.167718     0.207702   -0.0331925     0.316355    -0.278516    0.0885324     -0.16852    -0.301914    0.0914204    0.0946578    -0.122394     0.187714    -0.211343    -0.357501      -0.2174     0.157332    -0.276488   -0.0925009     0.200357     -0.09743     0.290009   -0.0481868    -0.191505    -0.157594    -0.280038   -0.0105657     -0.03976  -0.00069385
   -0.113952     0.256133    -0.121423    -0.123641     0.217833     0.136287     0.256905    0.0253963    -0.228211     0.254411    -0.138268    0.0860832     0.137625    0.0414222    -0.188816     0.112199    -0.234029    -0.170481    -0.285685    -0.238329   -0.0548348    -0.148838     0.067599     0.224541    0.0645525    -0.254851     0.227029    0.0879614   -0.0412447   -0.0762412    0.0287525    -0.201071
    0.131663     0.184706   -0.0105232    0.0222297    -0.112479     0.502764     0.106502    0.0230499   -0.0970466    -0.113333    0.0549826    0.0768401     0.157663     0.152114     0.147106     0.151436    0.0754192   -0.0473385    -0.281092     0.092473   -0.0586413    -0.265142     0.137442    -0.129774     0.290499    -0.404768    0.0529441   -0.0868015  -0.00814826    -0.151544   -0.0199481    -0.231536
   -0.122666    -0.117682   0.00500007    -0.151039     0.244939     0.110416     0.141289     0.056082     0.007292    -0.160799    -0.112351    0.0528519    -0.665301    -0.207951    0.0816095     0.252283   -0.0191393   -0.0111618     0.294304     0.122692     0.100734    0.0143558    0.0524713   -0.0761253    0.0427283    -0.181917     0.213215      0.12972    -0.337339    -0.255052     -0.30205    0.0736764
   -0.228819     0.155434   -0.0767284     0.191746    0.0333933     0.293475     0.157617    0.0166271    -0.248747    0.0297291   -0.0263943    0.0851229     0.114314    0.0359254    -0.152873     0.155791     0.134629    0.0151847     0.123475   -0.0757748    0.0474085   -0.0384554    0.0519945    -0.303714    0.0808055     0.103636     0.305772    -0.101316    -0.245346    0.0442093   -0.0521663    0.0229474
   -0.249057     0.282907    -0.151037    0.0312914    -0.306572    0.0993122    0.0693422     0.305739     0.229593    -0.134102   0.00895294    0.0668072   -0.0473835    -0.123273    -0.181955    0.0853095   -0.0153797     0.200262    -0.089421    -0.183713     0.043018     0.150418  -0.00137334    -0.128376    0.0521393    0.0961736    -0.145886    -0.280439   -0.0638554   -0.0749286     0.137876    -0.433161
    0.128889    -0.204903   0.00606257     0.110164   -0.0853133     0.165556    -0.206341     0.143056  -0.00312014     0.131072    -0.241915    0.0287184     0.018051   -0.0525239   -0.0925929    0.0759791    -0.307031     0.075825    0.0652864     0.174374    -0.168772     0.140986   0.00419046    -0.124544    -0.063589     0.107015    0.0842251     0.203288    -0.216913    -0.217223   -0.0333694     0.105511
   -0.172831    0.0742612   -0.0553224     0.161194    -0.142775     0.271143    0.0702391     0.236602      0.07187    0.0553325   -0.0235343     0.291466     0.172056    0.0206053     0.149724    0.0228997   -0.0674864     0.140646    -0.163787     0.314282     0.108217    -0.153407    0.0986184   -0.0435378    0.0188795    -0.282844     0.123261   -0.0633836   -0.0454095    -0.167404     0.166626    0.0994387
   0.0614938      0.19367    0.0203336    -0.185021    0.0516066     0.365669    0.0703903    -0.201926     0.211712    0.0221041   -0.0619813     0.187219     0.326999   -0.0172416   -0.0972848     0.216933    -0.315758    -0.331335    -0.338779      0.27254     0.015377    0.0779915     0.369606   -0.0862285   0.00908972    -0.147611     0.171446    0.0786882    0.0444088    0.0202962    -0.139073    0.0222007
    0.116893     0.151289     0.570601    0.0312546     -0.11709     0.288192    0.0119982    0.0586742    -0.125327    -0.231319   0.00215764   -0.0285521    0.0403481     0.385507    0.0534147    0.0351783    -0.275097   -0.0776685     0.178092   -0.0828492     0.219489   -0.0899458     0.272592    0.0923923   -0.0526725    -0.286721    0.0100387    -0.163489    0.0261896    -0.179452    0.0823769     0.104813
   0.0892643     0.218378   -0.0818803    -0.038134    -0.350797   -0.0427452     0.226323     0.286377     0.195489    -0.255893     -0.20309     0.182931    0.0921924   -0.0705777       -0.583    0.0511968    -0.124796    -0.236348    -0.311091   -0.0594723     0.177156    -0.113966   -0.0441953   -0.0624643   -0.0181339    0.0579935     -0.20165    0.0327025   0.00759801    0.0632784     0.311979    -0.258792
   -0.036544    -0.182962    0.0453092   0.00260877   -0.0397435    -0.194427    -0.210243     0.152744    -0.378174    0.0547192      -0.3859     0.289946     0.187978   0.00644322     0.211141     0.279198    -0.239223     0.364355    -0.101449     0.070292   -0.0361988    -0.225837    -0.165587    0.0606642     0.034381    -0.614716      0.27107   -0.0809223   -0.0360425     0.190585    -0.365052   -0.0654211
    0.161234   -0.0223793   -0.0879697   0.00830509     0.172607   -0.0774035    -0.037495    -0.171419    0.0778968     0.281168    0.0156191     0.358002   -0.0715693     0.143172     0.147114     0.102442    -0.167122   -0.0320522    -0.019841    0.0480426   -0.0699618    -0.311662    0.0106702      0.10285     0.126611    -0.128888    0.0174868    -0.106435     -0.34882  -0.00104573    0.0821574     0.304317
  -0.0400851    0.0341426   -0.0221906    -0.204798     0.138339    -0.131349    -0.242282     0.117767     -0.13795    -0.202069     0.226414   0.00851827  0.000957704     0.262032     0.194561    -0.128401     0.134932   -0.0401447    0.0254575     0.277735    0.0706325    0.0159965     0.258034    0.0768284    -0.107846    -0.109059   -0.0806898    -0.138801     0.141586    -0.189645    -0.191488   -0.0849252
    0.247345     0.121632    -0.105185   -0.0209233     -0.13272    -0.088546   -0.0706685     0.108534    -0.013685   -0.0780216    -0.300611     0.177106   -0.0709348     0.305665     0.202156     0.184197   0.00487809     0.479575   -0.0928992    -0.244606    -0.399786    0.0372021     0.282618     0.103594    0.0870115     0.173277     0.198215     0.118463    0.0827421  -0.00615406   -0.0576444    -0.143265
      0.2717    0.0886598     0.127097     0.083679     0.246829     0.347228     0.266602     0.383627     0.191735    -0.138738    -0.238238     0.119182    0.0957855     0.198466    -0.257163     -0.20708    0.0494473    0.0434708    -0.177103     0.227606    -0.238121     0.260899      0.10755    -0.105903     0.180115       0.2259     0.234431    -0.124998    -0.453113    -0.311575   -0.0500425   -0.0953217
    0.139575     0.228349   -0.0704981    -0.109533    -0.146632  -0.00134908  -0.00409862    -0.128665    -0.232018    -0.234529  -0.00599624     0.230339     0.112211   -0.0630675    0.0343129   -0.0572028    -0.175885   -0.0387673    -0.173579     0.069728    -0.196752     0.116172    0.0391986   -0.0714741   -0.0878023     0.191068   -0.0302946    -0.123794     -0.27724    0.0497344    0.0514664    -0.192797
 -0.00178227    -0.191734    0.0226172     0.177875    -0.396317     0.299824     0.503767     0.242089   -0.0779496    -0.183119    -0.347331       0.2103    -0.117835     0.360494     0.123786     0.319849    -0.324281     0.427047     0.197301     0.148773    -0.222527     0.116059      0.36141    0.0479752     0.131349    -0.179703     0.228885      0.03786    -0.142462    -0.164125    -0.107136   -0.0761745
   -0.243598    0.0798826    -0.149543   -0.0155412     -0.21112    0.0317005    -0.130578     0.250688   -0.0332595   -0.0500163     0.133347   0.00724075     0.242667   -0.0645601   -0.0612037    -0.167661   0.00386274    -0.151996    -0.223199    0.0851204   -0.0330259     0.135125     0.162546     0.136715   -0.0696358     0.191135    -0.141207     0.150507   -0.0500531    0.0218249    -0.146475    0.0533602
    0.173153    -0.265648   -0.0155958   -0.0763664   -0.0504393    -0.192229   -0.0597625     0.349878    -0.250733     0.194906    -0.239452     0.240668    -0.102081     0.237644     0.350233    -0.122428    0.0676806     0.134893    -0.142778    -0.111122    -0.203263   -0.0278061  -0.00835421    -0.155654   -0.0820604     0.116908    0.0641753     0.021953    0.0538567   -0.0238568     0.102727     0.292792
   -0.437121     0.147821    -0.193097   0.00761716    -0.302363     0.243192    -0.122241     0.175716    0.0463553   -0.0968235   -0.0469367     0.345486     0.242217     0.253933    -0.207341    0.0264989    -0.202858    0.0998176     0.222722   -0.0298942    0.0382517    -0.299696    -0.134833   -0.0295909    -0.180077   -0.0841361     0.193338     0.143172   -0.0786407   -0.0948647    0.0913337     0.178543
   -0.141308     0.212119    0.0801754    0.0629226     0.137464    -0.242218   -0.0568578     0.182205   -0.0755682      0.17192     0.044905     0.164933   0.00873965    -0.270348     0.244974      0.14217   -0.0302149     0.285664    0.0306909    0.0805269     0.157512      0.46748      0.32479    0.0795443   -0.0934173    -0.123547    -0.141816    0.0938379     0.234584    -0.140575     0.015296     0.047425
   0.0793211    -0.127711    -0.227002    -0.423927    -0.297542    -0.215182    0.0792205      0.11409     -0.24995    0.0905481     -0.30844    0.0560508    -0.106192    0.0990114    -0.321494     0.248395   -0.0622727  -0.00308767    -0.193175    -0.125655    -0.267053     0.107527      0.11131   -0.0280001     0.424604    -0.111847     0.189495    0.0110381    0.0422068    -0.134074    -0.264823    -0.147784
   -0.127056     0.494463    -0.443703    0.0573228     0.197776      0.10545  -0.00338329    0.0231397    -0.272904    -0.236842     0.289018    -0.308181    -0.183602     0.360574    -0.263245   -0.0197804    0.0669471   -0.0240734     0.276756     0.135495    0.0161197     0.321368     0.278439     0.337948     0.089455     -0.47341    -0.394016   0.00929358     0.171233     0.134647    -0.488278    -0.313591
   -0.120638     0.192265      0.18903     0.132115    -0.416987     0.113861     0.097291     0.294394    -0.145201    -0.166193    -0.114844     0.170908     0.431965     0.287289    -0.293003   -0.0346147    -0.233285   -0.0624694    0.0417015     0.124906    0.0151071  -0.00847555   -0.0382332     0.176312     0.242969    -0.213288      0.14551   -0.0240092     0.112627     0.123834    0.0106501     0.187136
  0.00502155    -0.329852    0.0730995     0.272839    -0.087835    0.0140888    0.0456296     0.119926    0.0420294     0.113253    -0.256289     0.354791    0.0327722    0.0932316    0.0265459     0.119219    -0.274115      0.09752     -0.35344     0.135248    -0.396711      -0.1166     0.143981    0.0562806    -0.134218    -0.328107     0.265757   -0.0565052    0.0467462     -0.22798    -0.115709   -0.0487372
  0.00794077    -0.100347     0.191652     0.201966     0.080901   -0.0499774   -0.0697283    0.0293996   -0.0357667    0.0389576      0.16854    0.0233658   -0.0985941    -0.138646     0.240684     0.198373    -0.123233      0.13011   -0.0724801    -0.142467   -0.0945651    0.0428988   -0.0385355  -0.00634708     0.102882     -0.14565   -0.0442686     0.274919   -0.0370204   -0.0632751    0.0875773    0.0752484
    0.133695      0.07538   -0.0104948    -0.192068     0.154789     0.121196   -0.0271581     0.192664    -0.047218    -0.216347    -0.102641     0.102532   -0.0109563     0.061061    0.0585593    -0.010523     0.161802     0.218634   -0.0226862     0.116365    0.0518021     0.241467    -0.102801   0.00589959   -0.0109367   -0.0108451   -0.0859549    0.0418347   -0.0415641   -0.0402846     0.134124     -0.26295
  -0.0184914     0.175866     0.287064   -0.0733052   -0.0789147     0.167085     0.128472    -0.139414     0.157171    -0.153194   -0.0249134     0.434003     0.220668      0.32696   -0.0698128   -0.0256029    -0.122725   -0.0921653    0.0104047   -0.0258719     0.084776   -0.0426806    0.0654098     0.262302     0.103841    0.0621609     0.358023   -0.0890983    -0.175941    -0.352374     0.375845    -0.361977
   0.0867882     -0.18077    0.0601925    0.0302493     0.113104     -0.28467     0.126741     0.315376    -0.343131     0.232216    -0.368592     0.215133    -0.178725     0.110277     0.141301     -0.23065    -0.326733    -0.139887   -0.0912119   -0.0810882    -0.310667    0.0440467     0.275971     0.140164   -0.0199378   -0.0191398     0.171555   -0.0672036    0.0491667   -0.0760141    -0.153673    -0.305962
    0.280337     0.160392    -0.381928     -0.10613     0.334794    0.0743028    0.0912965    -0.260906     -0.30049     0.335209   -0.0891318    -0.129407   -0.0366117   -0.0574118   -0.0546703     0.106554    -0.209128   -0.0842408     0.434943    -0.224542    -0.108962    -0.251573   -0.0726815     0.281702    -0.109734    -0.304795   -0.0212726   -0.0729501     0.045957   -0.0743171    0.0617527    -0.438802
   -0.046406    0.0257817    0.0463119    0.0360362    -0.106282  -0.00359267    -0.256736    0.0653557      -0.1889    0.0571875     -0.11307   -0.0298845     0.135311    0.0543029    0.0968918  -0.00754187   0.00677056    0.0240431   -0.0354752     0.196722    -0.114451    0.0214381     -0.11415   -0.0723139    -0.190815    -0.115672    -0.154385   -0.0211678    -0.147488    0.0122854    -0.094376    0.0237659
   -0.467928  -0.00125313     0.105447   -0.0586927    -0.273223      0.23764     0.147559     0.335286  -0.00106553   -0.0542139    -0.231574     0.285635     0.267383     0.370595     0.050486    -0.159068   -0.0552296     0.282296    0.0117131    -0.134899    -0.210239    -0.126649    0.0290307   -0.0791341     0.276932    -0.110634    -0.121144    0.0584744   -0.0776515    -0.329791    0.0885993     0.245376
     0.18126    -0.242643   0.00404913      0.12744    0.0617006    -0.179227    -0.179351     0.237733     0.152987   -0.0207282    -0.324695    -0.055788     0.018274    0.0500626     -0.16642    -0.101737   -0.0686206    -0.063077    0.0845992   0.00150474    -0.247024     0.183149     0.224076    -0.139681     0.355531    -0.244902     0.190872    0.0808815   -0.0637119    -0.181039    -0.114625     0.282174
   0.0431983   -0.0883826    0.0860666     0.157645    -0.103138     0.181012     -0.25007     -0.13656   -0.0481478       0.0279    -0.312502   -0.0284541    -0.109906   -0.0568879    -0.231566     0.105471    0.0114182    -0.045396     0.104275     0.243826   -0.0834808     -0.15014   -0.0781324    -0.206125   -0.0929375    -0.177945    -0.138553     0.100377    0.0184104    -0.333296    -0.041542     0.142955
   0.0890489     0.137514     0.125723     0.441411   -0.0994284    0.0299733    -0.141001    0.0837064    0.0314577    0.0413478    -0.315194    -0.103165   -0.0538886   -0.0407208     0.118752     0.101679    -0.195673    -0.100731   -0.0896219   -0.0100529    -0.388158   -0.0667839     0.288613   0.00424887     0.178754    0.0672325     0.249671    -0.286326    -0.191314     -0.15921     0.152597    -0.240086
     0.36679    -0.107646    -0.167618   -0.0847274   -0.0802845    -0.061266    0.0358329   -0.0933594    0.0224671     -0.23067    0.0570423     0.233647     0.238621     0.225589  -0.00772938    -0.152788    0.0579869    -0.201575     0.139177     0.238396   -0.0308279   -0.0107552      0.19767    0.0645729     0.100887    -0.187688     0.110884    -0.146287   -0.0284742    0.0776086     0.103554    -0.292198
   -0.170198     0.140424    0.0904424     0.109313    -0.216071    0.0612632   -0.0466804     0.176024    -0.133439    0.0236832   -0.0200114      0.40758     0.556368     0.213409     0.173335    -0.202373   -0.0544016    0.0556545    -0.186002    0.0879264     0.025683    0.0257731    -0.135021     0.107394   0.00343283  -0.00482395   -0.0402953     0.378953    0.0813055    -0.143685    -0.174502     0.073794
    0.211004     0.170585    0.0825908    0.0969223     -0.14585     0.117165    0.0392363     0.149608    0.0636676    -0.104101    -0.321026   -0.0593276    -0.455066     0.300935     0.327271     0.335718   -0.0648957   -0.0569983   -0.0511757     0.129774    -0.334254     0.287307     0.200465    0.0272658   -0.0906102    0.0283962    -0.140572  -0.00515892       0.1482     -0.22528    -0.269309     0.200822
  0.00770497     0.177985    -0.298238   -0.0732786    -0.323163     0.078529     0.187247    -0.230293   -0.0779727     0.166804   -0.0963281       0.1917    -0.251091    0.0280669    -0.121851     0.211416    -0.325499     0.101091    0.0525976     0.128677    -0.118495   -0.0787585     -0.11484     -0.16842    -0.201928    -0.182138     0.253204    -0.143903    0.0829309      0.16355    0.0692663    0.0711287
  -0.0303251     0.207732    0.0085186     0.179938    -0.177981    -0.155923    -0.122367     0.204778    -0.194809   -0.0780489    -0.014024    0.0444733     -0.10696     0.203616    -0.136472   -0.0161905   -0.0491477     0.284367    0.0677796     0.261944    -0.184546   -0.0212258     -0.17567    0.0589946    0.0665267    -0.144403     0.174338   -0.0385431    -0.247892  0.000228551     0.104121    -0.027575
 -0.00633442    -0.029473      0.25846 -0.000790276   0.00650885    0.0825145   -0.0201663     0.395457   0.00023459      0.18511    -0.240655   -0.0980005       0.1843   -0.0859852     0.214136    -0.132464    -0.187923    -0.215464    0.0528513      0.12154    -0.243816     0.176549     0.114718     0.177837    0.0209867    0.0873453   -0.0358752     0.123804     0.236758    -0.258841    0.0793466    -0.160222
    0.159646   -0.0722596     0.210425     0.233607    0.0994759    -0.102742    -0.126695     0.186415    -0.122064   -0.0254122   -0.0436223    -0.151873    -0.131703    0.0752783    0.0115806     0.193154  -0.00299538     0.252612    -0.328566     0.149306   -0.0652428    -0.098394     0.101906    -0.145007     0.431567    -0.193138    -0.044705   -0.0227592    -0.064842     -0.20848    0.0826074     0.228906
-0.000218213     0.122334     0.158131    0.0150651   -0.0621348     0.110186    -0.307576   -0.0991527     -0.27357    0.0108263   -0.0291549   -0.0925553     0.207542    0.0432205   0.00941754    0.0602469    -0.144321     -0.23308    -0.374631     0.312106      0.10041    0.0107268    -0.305325   -0.0238013     -0.26915     -0.44796   -0.0123968    -0.153698   -0.0771793     -0.21394     0.121919   -0.0254708
    0.239368  0.000337562  -0.00876257  -0.00236536    -0.105469     0.185065     -0.29316    0.0811722     0.137887     0.391326    -0.448826     0.058296     0.213999   -0.0751939   -0.0669501  -0.00860174    -0.201021   -0.0445663    -0.459588     0.136424   -0.0189829   0.00530332  -0.00417479    -0.100839    -0.039836    -0.238908    0.0710366     0.107539    -0.150055   -0.0607934    0.0499177     0.300232
    0.313417    -0.375384    0.0419196    -0.172079     0.363125     0.212264     0.138095   -0.0212721    -0.173528     0.247024   -0.0289988   -0.0268208    -0.277422    -0.322749    0.0103573   -0.0511159    -0.242597    0.0688012    -0.307665    -0.239929     0.251864     0.128565    -0.277098     0.110709    0.0807897     0.180207    -0.218235    0.0740449    -0.458646   -0.0889125     0.377035     0.142778
    0.159755     0.250141    -0.103018    0.0814232   -0.0397728     0.120311      0.05301     0.193712     -0.11195    -0.175368    -0.175318     0.211195      0.13672     0.387811  -0.00188647      0.28985    0.0406842    0.0920028    -0.314298    0.0855336    -0.024387    0.0473594     0.140953   -0.0550872    0.0149727    -0.293917     0.101277     0.176155     0.181373   -0.0132034    0.0391898     0.197688
    0.015742    -0.184898    -0.148459    0.0942433     0.116752     0.312996     0.142936     0.102431   -0.0197037   -0.0929052    -0.344734     0.127828     0.166547      0.18495     -0.31607    -0.104739   -0.0731991    0.0446734     0.163127   -0.0831194   -0.0672162    -0.400687  -0.00119211    0.0441508     0.114657    -0.108569   -0.0230225   -0.0562306    -0.335895     -0.29576   -0.0147745    -0.230279
    0.139994    0.0624834    0.0276621    -0.127327   -0.0217646     0.257471   0.00152439     0.238964      0.19359   -0.0317756    -0.131829    0.0106084     -0.17561      0.27426     0.133913      0.46852   -0.0400787     0.230138     0.136272    -0.105633   -0.0704995    -0.268719     0.387883    -0.411595     0.285603    -0.325221    -0.205398     0.240793     0.114358   -0.0581291    -0.177875  -0.00166794
   -0.376825   -0.0961034    -0.160818     0.136085    -0.118153   0.00536322     0.124326     0.185037   -0.0408629   -0.0456327    0.0352755   -0.0509738    -0.123734    -0.286991    -0.142676  -0.00788621    -0.307723   0.00206051   -0.0578925    0.0583517   -0.0419835     0.131367   -0.0521714    0.0374821    0.0239746    -0.403288     0.106075     0.565432   -0.0110842   0.00189028    -0.198001   -0.0792855
   -0.062403    0.0874482     0.398734    0.0602656    0.0109522    0.0684112     0.116127   -0.0265221     0.198186   0.00847214     -0.21388     0.193613     -0.21721     0.205613    -0.181984    0.0724027      0.18114     0.294024    0.0428439     0.269893    -0.193236  -0.00128572    -0.165628    -0.145612     0.135841    -0.216157    -0.285313    -0.118247     0.237079   -0.0942044    -0.124617    0.0521681
    0.221667    -0.156721     0.103155     -0.02403      -0.2755    -0.447833   -0.0192307     0.250034   -0.0137393    -0.190154    -0.228882   0.00749217    0.0785995    0.0797511     0.343594    -0.359694    -0.282853     0.242801     0.147277    -0.308512    -0.227335   -0.0295113   -0.0898739      0.17293     0.512846   -0.0563896    -0.408521   0.00647145    -0.177275    -0.155422    -0.351056     0.110465
    0.131867    0.0688535    -0.128492     0.215574    -0.132622    0.0890758     0.114786    0.0415139    0.0215371    -0.116218    0.0600294     0.406561    0.0763622     0.239546    0.0115277     0.120635      0.18831     0.298571   -0.0365141    0.0491533     0.043318     0.157664   -0.0233105     0.306701   -0.0144905    0.0490883    0.0513553     0.216743     0.157775  -0.00344269    -0.327203    0.0110236
    0.290993  -0.00132188    -0.269811   -0.0851101    -0.361935     0.171453   -0.0664308     0.119571    -0.208642    -0.176747    -0.210724     0.193875    -0.036749     0.130292    -0.218521     0.266101    -0.329799     -0.13879    0.0920242    -0.179587    -0.133572   -0.0976595    -0.280328     0.357568    0.0211797     -0.26556     0.609036     0.100226   -0.0562366   -0.0980205     0.023232   -0.0624559
   0.0222214   0.00453089     0.340121     0.327899    0.0377554    -0.130604   0.00789104    0.0145297    -0.140626    -0.081449    0.0504154   -0.0717189    0.0229668    0.0493096    -0.100423   -0.0267396     0.106707   -0.0640624   -0.0985348   -0.0726543     0.126796     -0.16032     0.112413      0.13045   -0.0788181     -0.02059     0.286598   -0.0652799     -0.11866    -0.051444   -0.0152199     0.320511
    -0.30306    0.0627465     0.266334     0.442101   -0.0035755    0.0491323    -0.204119    -0.204034    -0.329471   -0.0577462   -0.0544202    0.0967797     0.401086    -0.167647      0.27123    0.0366632    -0.165029    -0.469369    -0.198166    -0.141795    0.0871834   -0.0923758    0.0835852    -0.119156    -0.168922    -0.364329     0.454908      0.46676    -0.194816    -0.230686     0.078216     0.421725
  -0.0889845    -0.070575    -0.093924     0.104748    0.0608123   -0.0550572    -0.194632     0.172444    -0.104359     -0.16246     0.202226    0.0478811   -0.0959031     0.192797     0.192906     0.130791     0.151841     0.219551   -0.0920279    0.0389559   -0.0460444     0.228398     0.146101     0.235716    0.0085075    -0.066339     0.104966    -0.125949  -0.00671515      -0.1848    -0.115366   -0.0650705
  -0.0634701    -0.077432     0.199126    0.0631525      0.13611   -0.0861107    -0.159117    -0.133447    0.0613515    0.0274332   -0.0235636      0.23986     0.328446   0.00146524    0.0196124    -0.028379     0.170891    0.0788778    -0.183473    -0.133479    0.0546009    0.0956595   -0.0377832    -0.129968    -0.236759    -0.194468  -0.00614048     0.133268     0.132287     0.183483    0.0459585     0.102305
    0.222333     0.070564    -0.212417    0.0831951    -0.186368    -0.206326    -0.051405    -0.234337    -0.103613  -0.00402055   0.00684114     0.174169   -0.0193891      -0.1365      0.05117     0.251467    -0.170129     0.326138    0.0755991    -0.258383    -0.196702  -0.00563927     0.187352     -0.10364   -0.0551076   0.00934263     -0.02997   -0.0868553   -0.0145729     0.287017   -0.0414673    -0.142164
   -0.120993    0.0694161   -0.0136295    -0.391152    0.0133785    0.0815512     0.400154    0.0119495    0.0995591    0.0441322    0.0474244    0.0562727    0.0943095   -0.0448994    0.0341061     -0.16175     0.056739     0.208106     0.331542     0.225178    -0.268747     0.230881    0.0259734     0.212056     0.258931    -0.287004    -0.169952   -0.0488455    -0.229366    0.0119389      0.30687    -0.237576
 -0.00151446     0.268684    0.0556518    -0.260546     -0.15431    -0.122831     0.129284     0.172849    -0.180021    -0.113747   -0.0607065   0.00707858     0.214611   -0.0728596    -0.257221   -0.0453628    -0.176874  0.000888558     -0.29915    -0.135034     0.133095    -0.157579     0.354622     0.312203   -0.0552399    0.0922594   -0.0559594    -0.114089    -0.127549    0.0427399    -0.338633    0.0968545
    0.106169    0.0236162  -0.00490317    -0.243588    -0.212984    -0.154273    0.0140977    0.0779659   -0.0443704    0.0756562     0.123409      -0.2533    -0.494511     0.159265   -0.0568634     0.132311     0.260212   0.00181239     0.140476    -0.467444    -0.391151   -0.0421851   -0.0815852   -0.0973592     0.163439    -0.123034   -0.0538075     0.260419     -0.19996    -0.167952    -0.440297   -0.0591053
    0.243216    0.0302043     0.156619     0.228321     0.116335   0.00757895    -0.307033    0.0931907    -0.187949    -0.264369   -0.0894168      0.08477    -0.190486   -0.0138868  -0.00228547     0.139196    -0.232914     0.121594     -0.19456   -0.0311041    -0.236382    -0.141033     0.100752   -0.0201076    0.0040538     0.151698  -0.00141865     0.171867     0.160305    -0.169216    0.0158576    -0.279621
