  -0.0552596     0.318951     -0.22274    -0.186139      0.10897     0.207303   -0.0265735   -0.0169206    0.0804421    -0.136448     0.331322     0.190203     -0.12995    -0.063599    -0.366831    -0.400671     0.520424   -0.0697931      0.20545    0.0556043    -0.266591    -0.322056    -0.259667    -0.240606    -0.160352    0.0774353     -0.44723      0.23729     0.235959    -0.337719     0.177575    -0.177184
    0.118892      0.24135     0.111971    0.0113824    -0.273457     0.290024    -0.383176  -0.00298209    -0.150064   0.00661838     0.336666   -0.0100832     0.336254    -0.277774   -0.0500569   -0.0941895    -0.357992     0.172208    0.0731793   -0.0869237    -0.287125    -0.168307    -0.164158    -0.161659   -0.0562512   -0.0481516      -0.0789    0.0109572     0.291348    -0.285644    -0.264255      0.24961
   0.0693486     0.186328   0.00724063    -0.271585     0.261693     0.145512     0.200527    -0.159347    -0.134939    -0.126568     0.112915     0.291399    -0.129272       0.1584   0.00794258     0.185787   -0.0788179     0.122488     0.107267    0.0252517    -0.167676     0.192445    -0.254019    -0.364569    -0.122044     0.196865   -0.0630114    -0.185367     0.213291   -0.0286198    0.0111631     -0.33996
  -0.0642612    0.0801103     0.147893 -0.000453075     0.103695    -0.227831     0.206951      0.32015   0.00465815    0.0881017     -0.24024      0.04903    -0.165711      0.22915    -0.135333    0.0349813     0.212593    -0.169543     0.146155     0.293702     0.331402    -0.363987    -0.561927  -0.00591734     0.131897    0.0825223     0.242568   -0.0422239    -0.134247  -0.00842894     0.112229     0.186512
    0.353569    -0.148536    0.0501715    0.0933355    -0.153992    0.0649929      0.24142   -0.0874588    0.0107825   -0.0580238     0.122602     0.108349    -0.124925     0.153893     0.098535    -0.031638    0.0284826     0.229895    -0.126409    -0.121852    -0.198255   -0.0165888    -0.223353    -0.213084   -0.0882879    -0.197863   -0.0878443     0.244665     0.263371    0.0053275    -0.324454   -0.0635923
   -0.203408     0.124736    -0.288994     0.200492     0.123616      -0.1712    -0.109635    0.0362122    0.0108292     0.288228     0.155358    -0.186273     0.125386   -0.0102558    -0.278229    0.0289253     0.197934     0.202865    0.0369575   -0.0913909     0.142378   -0.0520184   -0.0520953    0.0261036   -0.0180503    0.0316663    0.0508537    -0.137124    -0.379524    -0.090639     0.291939    0.0696554
   0.0139342     0.324508   -0.0248617    -0.225831      0.31526     0.134875   -0.0186792     0.112474     -0.07865     0.107699    -0.331703   0.00894908     0.112531    0.0337138    -0.131894     0.122176    0.0916985     0.309528     0.342796     0.204433     -0.16661     0.098873    -0.359205    -0.291402    0.0185886     0.175725   -0.0947234    0.0512341     0.235753    -0.334008    0.0657341    -0.143002
   0.0902042      0.11375    0.0353086    -0.190959     0.379434   0.00248582     0.126756     0.032346      0.10778    -0.186967    -0.385557   -0.0436768    -0.148491    0.0795925     0.230977    0.0201607    0.0813673    0.0376622     0.214653     0.186403     0.180588    0.0517017    -0.195053     0.240963    0.0253494     0.213287    -0.101939    -0.148602     0.106181     0.102028    -0.382525    0.0764174
   -0.395659     -0.24903    -0.380478    0.0464374     0.095865  -0.00538266    0.0661519     0.153544     0.277094     0.117486   -0.0717648     0.187058  -0.00210259     0.105329     0.149115   -0.0339177   -0.0302618   -0.0375695    0.0616576     0.125939     0.238477     -0.22438     -0.22538    -0.092085    -0.152572   -0.0922596    -0.160003    0.0481568     0.174951     0.187824   -0.0598165     0.208535
     0.15102   -0.0588188     0.199274    -0.138086    -0.222221    -0.145875   -0.0318228     0.335356    0.0823283    -0.419944    -0.234488    0.0380589    -0.138487    0.0243844   -0.0320391  -0.00857799    -0.132435   -0.0285921     0.120538     -0.11763    0.0895901    -0.209921     0.313577     0.111212    -0.128451    -0.103123    -0.003293    -0.069671     0.244459   -0.0204063   -0.0520118   -0.0855668
   -0.123062     0.208054    -0.163318     0.280093    0.0462045    0.0488444     0.147931     0.448505   -0.0538247     0.614663    -0.343295    -0.194504     0.119822    -0.414996    -0.482186     0.142888     0.668212     0.468851    -0.111005     0.100068     0.226879    -0.563215     -1.22927    -0.342369    -0.261271    -0.574223    0.0981221    0.0419345   0.00921707    -0.577875    -0.964591    -0.728201
    0.141717     0.325208    0.0343511    -0.206865     0.269041   -0.0202024     0.308708    -0.191505     0.104665    -0.106808     0.287166    -0.298925    -0.186927   -0.0846872     0.239549     0.145844    -0.324937    -0.242677     0.551196   -0.0195569     0.122731    -0.266642   -0.0708362    -0.463372     0.589321     0.285882   -0.0475983    -0.427038     0.136605      0.21885    -0.144251     0.074626
    0.194274     0.131916   -0.0835664     0.192133     0.196484    -0.193816    0.0365427    -0.216362    -0.212297     0.112475     0.158097   -0.0315028    -0.167496     0.234323    -0.027328   -0.0558087    0.0349325   -0.0438238   0.00909329      -0.3209   -0.0109286    -0.292153      0.17938    -0.328797    0.0319978   -0.0699643     -0.27545    -0.334255    0.0435922    -0.207769    -0.275358    0.0627885
   0.0380286    0.0388041    0.0174131   0.00512233     0.393423    -0.146758    -0.199181     0.304705    -0.240372    0.0771695    -0.193179    -0.192928     0.314172     0.283786    -0.208675     0.113029     0.402752    -0.146579    0.0179539   -0.0295441     0.155067     0.328284    -0.438641   -0.0185184   -0.0785884     0.213395    -0.233896    0.0491015    -0.241523    -0.347927   -0.0822664    -0.320674
   -0.226586     0.108249    0.0501949     0.201636     0.148985      0.24127     0.344309     0.270851    -0.101882    0.0325669     -0.36196    0.0820432     0.327121    -0.154345   -0.0229973    -0.195992    -0.108389    -0.223556     0.228033   -0.0642536     0.137669    -0.120882   -0.0328415    -0.210868     0.159388     0.303763     0.184325   -0.0136841   -0.0434478    0.0527699    -0.292812    -0.334236
     0.27948    0.0386055      0.34063    -0.135805      0.50743    0.0894389     0.157958     0.035668    -0.194085    0.0310887    -0.061287    -0.172573   -0.0560994     0.278162     0.147746    -0.393826   -0.0287498    -0.173186     0.175603    -0.464643    0.0582707     0.176733   -0.0495159    0.0725343   -0.0645117    0.0733498     0.343995  -0.00700815    -0.107436    0.0929214   -0.0605163    -0.352208
   -0.101686     -0.20196    -0.363287    0.0129893    -0.182586     0.363428    -0.217461    -0.165446     -0.24603     0.333401  -0.00257489     0.361479    -0.073604     0.198974    -0.144673     -0.30866     0.179764    0.0304739     0.145914     0.246491     -0.13551    -0.132413    -0.207303    0.0222046     0.139239      0.08702    -0.241373     0.380576  -0.00313528     -0.29781    -0.267809    -0.119968
  -0.0850891    0.0466388   -0.0459703   -0.0960592     0.111476     -0.16291    0.0201578    -0.109302    -0.252475    -0.401458    0.0292609     -0.11992    -0.101477   -0.0022327    0.0958308     0.140202  -0.00313929   -0.0626897    -0.138264     0.220484    -0.179888    -0.318743    -0.262556    0.0177623   -0.0655843    -0.114429     -0.30694   -0.0803411     0.133281   -0.0867397   0.00146917     -0.32093
   0.0298094    0.0659196    0.0654393     0.440654    0.0100027     0.120664     0.400203   -0.0361187    -0.127642     0.280695     0.103029    -0.326535     0.244201   -0.0861472     0.168264     0.103565     0.335446     0.179464     0.159313     0.332289     0.147044    -0.365212    -0.330226     0.627945    -0.256489   -0.0583892  -0.00163327     0.310047     -0.42286     0.185374     0.280192     0.153785
   0.0635788    -0.225797    -0.257738     0.355864     0.162561    -0.279802    -0.133396     0.203971     -0.24806     0.182262    -0.126598     0.127483     0.443997    -0.209126    -0.378342     0.437977     0.317956     0.146329    -0.409636  -0.00419262     0.168596     0.122032    -0.363567    -0.437816     0.150842     0.253378    -0.126714      0.31001    -0.353734   -0.0459744   -0.0273732   -0.0545102
    0.151208   -0.0504822    -0.375856  -0.00556704    0.0776251    0.0642574   -0.0433246   -0.0176735    -0.121025   -0.0926812   -0.0590744     0.330967    -0.124342    -0.183422    -0.054331    -0.446126     0.223454     0.131484   -0.0416051    -0.179836   -0.0721481    0.0712733   0.00371724    0.0343052    -0.122381    -0.276047    0.0854483    -0.178812   -0.0677246    -0.427588    0.0494794      0.29515
    0.228169    0.0381193     0.168109       0.1159    -0.180886    0.0253281     0.276224     0.132535   -0.0447033   -0.0196161    -0.155657    0.0658108    0.0593533    0.0724235   -0.0722522    -0.101998    -0.366626    -0.202872     0.216428    0.0348365   -0.0855735   -0.0753489    -0.005605  -0.00612601     0.277001     0.158901    -0.134698   -0.0953605     0.258327     0.189333   -0.0856056   -0.0105073
  -0.0985917    0.0354637 -0.000987424     0.261304     -0.15415    0.0614608     0.167309     0.413578    -0.101544   -0.0386303      0.17336     0.163514     0.172948    0.0799246   -0.0659242   -0.0464568     0.310239   -0.0823316     0.132316     0.141097    -0.151226    -0.045972    -0.250665    0.0649086   -0.0856028     0.122723     0.186209     0.100714    0.0541039    -0.139865   0.00746026     0.166761
    0.130208   -0.0943016    -0.270019    0.0852161   -0.0287612     0.558125     0.169609     0.357095    -0.181824    -0.144285   -0.0255437     0.206808  -0.00945421    0.0193968    0.0403334     0.158412      0.23166     0.162198     0.029317     0.176585    -0.151187    0.0762501   -0.0376706   -0.0199456    -0.026296      0.02277     0.414477     -0.10241     0.139149     0.113678     0.084606     0.536954
    0.188201     0.211637     0.160504     0.205749     0.160677    -0.173197     0.144739  -0.00813741   0.00913607    0.0206519     0.204671     -0.17588  -0.00100931    -0.248836    -0.272382       0.2086     0.158824     0.272388     0.348636     0.127953    -0.124484  -0.00667566    -0.141953     0.328847     0.192119   -0.0197087     0.216247     0.127537    -0.611762   -0.0221272   -0.0500539    -0.257849
   0.0133724    -0.110493     -0.26797   -0.0361939    0.0429192    0.0119124     0.117524     0.341084    -0.087709       0.2491    -0.188465    -0.185222    -0.202337    0.0153682   -0.0248923    0.0807028    0.0805814     0.170734     0.121336     0.307228  -0.00863324    -0.306975    -0.373214      0.10867   -0.0445189    0.0933072     0.242908   -0.0582912     -0.19844    -0.100323     0.278765     0.154861
    0.101446    0.0291195    0.0617045    -0.235697   -0.0846234    -0.153165   -0.0822772    0.0322366    0.0387832   -0.0100186     -0.13905     -0.18769    -0.491233  -0.00306438    0.0951338    -0.292979    -0.069803    0.0096613     0.282751    -0.152984    -0.106977   -0.0149801     0.293119   -0.0602533   -0.0927851     0.119714    0.0793072     0.308394     0.103103    -0.303205    -0.151788   -0.0488554
    0.187287   -0.0525208    0.0748711    0.0755233    0.0431122    -0.229066    -0.148486    -0.376555    -0.115026   0.00186419    0.0479872     0.127329    -0.501128    0.0508416    -0.120685     -0.22185     0.150116    -0.207743    -0.432442    -0.118218    0.0249145     0.107335   -0.0931319     0.114882    -0.270574   -0.0418453   -0.0986485     0.185656    -0.198875     0.186305    -0.168574     0.204148
    0.114863   0.00656114   -0.0700515   -0.0337834    -0.163361    0.0477823    0.0893468    -0.153767    0.0501113     0.123375     0.244441    0.0580651     0.127857   -0.0227572    0.0522242    -0.382248    -0.186843    0.0828103   -0.0398073     -0.13258   -0.0050169    -0.227592   -0.0544328     -0.23518     0.138799    0.0381542    -0.140348      -0.3271    -0.271195   -0.0995181    -0.220832   -0.0530576
  0.00983504     0.264051   -0.0900105    0.0518315    -0.126825     0.130725    -0.220207     0.035479     0.174742    0.0351209     0.385983     0.101302    0.0899906   -0.0604596   -0.0595639  -0.00423142     0.128108    0.0360313     0.238363    -0.074713    0.0413106    0.0254873    -0.484866     0.160145     0.168406    -0.252031   -0.0956906     0.281201    -0.496049   -0.0146764     0.264459     0.159132
   -0.221234    -0.102025     0.188769    -0.324328     0.114529     0.197803    -0.118344    -0.121438   -0.0495358    0.0156514    -0.190129    -0.168035    0.0906445    -0.349279     0.105912      0.03685    -0.173499    -0.121436    0.0953054  -0.00908446    0.0411118    -0.120096    0.0505808   -0.0848825     0.307958    -0.134187   -0.0132139    -0.253434   -0.0249732    -0.234329    0.0822517     0.302485
   0.0716672    0.0220883   -0.0883485   -0.0347343    -0.100117   -0.0148728   -0.0838361    -0.107441   -0.0250386     0.224164   -0.0783183    -0.102373   -0.0793658    -0.112819     0.216797    -0.202149     0.148445   -0.0803445     0.082135    -0.407886     0.122944   -0.0045332    0.0106418    -0.358767     0.144263    -0.285845    -0.143155   -0.0129093   -0.0540646    0.0186863    -0.323758     0.140803
   0.0651623    -0.199029    -0.192696     0.284935   -0.0528912    0.0218624     0.212146    -0.215072    -0.264821    -0.104211   -0.0605512      -0.2236     0.187294    -0.171384    -0.321911     0.420072     0.167597   -0.0429961     0.195932     0.131731     0.432455    0.0265289    -0.309885     0.236675    -0.137727    -0.148501    0.0331482    -0.134143    -0.319784   -0.0841104    0.0330495     0.145979
   0.0447545   -0.0549245   -0.0397258   -0.0382109    -0.362186     0.028065      0.12822    -0.163782    0.0858855     0.239466     0.108754     0.286111    0.0563139     0.097646    -0.316681     -0.20175     0.241439    -0.327664    -0.203341    -0.217311    -0.241916    -0.249412    0.0168718     0.157287   -0.0214511    0.0346737    0.0122847  -0.00836228   -0.0993026   -0.0847174     -0.04743    0.0604602
   -0.255199     0.332631    -0.266664     0.300294     0.316131   -0.0630229     0.343939     0.295629     0.510266   -0.0665499    -0.271712  8.98357e-05   -0.0639156    -0.284771     0.206378   -0.0708833     0.325171     0.354265    -0.211546      0.11229     0.234615    0.0509113   -0.0156103    -0.200577    -0.141218    0.0295419    -0.351945     0.359317      0.17921    0.0168598    -0.154654    0.0719468
    0.220248    -0.248002     -0.74161     0.108989   0.00647909     0.441617     0.387903    -0.205079    0.0177489     0.215549    0.0104998    -0.457592     0.127112    -0.634677   -0.0322907    0.0514367     0.962138     0.147172  -0.00796141     0.199683    -0.185641    -0.240069    -0.375371     0.382324    -0.244231    -0.320161    -0.550038     0.709461    -0.557925    -0.175805     0.228358    -0.263551
 -0.00589044   -0.0400872     0.377646     0.146391    0.0227768 -0.000644007     0.206566   -0.0614432    -0.131645     0.100783   -0.0018362   -0.0180481     0.228892   -0.0833118   -0.0350425    0.0358939   -0.0770271     0.025397    -0.216149   -0.0703467      0.23617     0.194075   -0.0241602    -0.153508    0.0286164   -0.0607092   -0.0249868    0.0243954     0.134689     0.138743   -0.0598184  -0.00153422
   -0.177262    0.0826647     0.148824     0.374286     0.145912    -0.154948     0.195823     0.264703   -0.0490844     0.110263   -0.0874468    -0.151312      0.37249    0.0441465     0.074226     0.191371    0.0584147    -0.129212     0.176226   0.00174534      0.26631   -0.0118725   -0.0246744   -0.0235659      0.37565     0.200164    -0.127732     -0.15459     0.267883    0.0512846    -0.662142    -0.111872
   0.0190505    -0.197648    -0.205265     0.169863     0.124904     0.134604     0.152063     0.172235    -0.093605      0.10137     -0.11527    0.0464844    -0.252996    0.0312393    0.0123456   -0.0831631    -0.231726  -0.00943934     0.226284    0.0245153       0.2277    0.0854559     0.164916   -0.0404881   -0.0966257   -0.0776436   -0.0106164   -0.0375831     0.044114     0.111829    -0.149883    -0.172934
    0.197849    0.0110544    -0.106454   0.00718095   -0.0673873   -0.0338339     0.134245     0.148334    -0.101218    -0.151291    -0.110592   -0.0755138   0.00695867     -0.31151     0.179854     0.238256      0.36355     0.249162     0.220405     0.103582     0.250589    -0.225443    -0.349289    0.0371609   0.00975999    -0.177396    -0.106219   0.00499966     0.263096    -0.253353     -0.36096    -0.196936
   -0.171732      0.23524   0.00364946   -0.0702837    -0.164262     0.139664     0.160522   0.00678433    -0.276191     0.174905     0.212395     0.094591    -0.177981   -0.0449726      0.11467   -0.0678697    -0.248503     0.216877    0.0741118   -0.0313316   -0.0924817      0.21973    0.0474913      0.23487    -0.231676   -0.0958743     0.143521    0.0903971   -0.0268173   -0.0176644     0.231976   -0.0263122
    0.145337     0.275747    -0.391763     -0.25619    -0.443889     0.519902     0.373548    -0.832475    -0.302735     0.056926     0.476099    -0.403646    -0.293806    -0.183123    -0.291371   -0.0982738     0.261308    -0.105895     0.328199    0.0784654     0.077127    -0.198868    -0.723225     0.246993    -0.672258    -0.348594    -0.278031     0.435483   -0.0393328     0.176643   0.00940525     0.308387
    0.330574    -0.220074    -0.207022    -0.131465     0.332801   0.00329649  -0.00194605    0.0481935    0.0466748   -0.0932563      0.11327     0.344848   0.00743508    0.0888322     0.153548   -0.0634818     0.284576     -0.42231   -0.0977004   -0.0694748    0.0762669   -0.0443106    -0.148035    -0.296346     0.239541    0.0983093    -0.324928       0.1522     0.296088    -0.117273    -0.121747    -0.322965
  -0.0607651    0.0658755   -0.0479517    0.0589154   -0.0985764   -0.0625913    0.0446567     0.115938   -0.0759446    -0.149645   -0.0302911    -0.167083      0.04258    0.0348304    -0.163921    -0.185181    0.0286489   -0.0137716     -0.23362   -0.0135892     0.197542     0.120792     -0.18594    0.0963403   0.00414171   -0.0476229     0.161273     0.155037    -0.130396   -0.0918659    -0.169722    0.0627653
    0.168317    0.0627004    -0.468152     0.157591    -0.211948     0.319386     0.407681      0.30188    0.0299371   -0.0843108     0.277642     0.029683      -0.2449   -0.0120186    -0.178389     -0.30318   -0.0919309    -0.155058     0.386532   -0.0595417    -0.364356    -0.070748    -0.199914     0.023379    -0.120527   -0.0882394    -0.331931     0.324894    0.0377698    -0.293744     0.171463    -0.129048
    0.369649     0.396294   -0.0280234    -0.143535    -0.052184     0.533426    0.0472763    0.0349433    -0.191776    0.0689284     0.124124      0.22232     0.252106  -0.00997066    -0.280441    0.0503886    0.0280965    0.0346583    -0.235641    -0.114277    -0.140601      -0.3198     -0.57922   0.00791072    -0.372872     0.286907     0.151323     0.325553     0.120266    -0.540014   -0.0656541     0.506776
    0.272933     0.136309    0.0239352    -0.020079    -0.105174      0.21295    -0.120812    -0.248464   -0.0842539    0.0574662    -0.356124     0.163159    -0.123723   -0.0417458      0.57183    -0.299686    0.0687501    -0.282862     0.200362    0.0536693    0.0703598     -0.14754     0.273956   -0.0769903    -0.105452    -0.162235    0.0639592   -0.0145464    -0.233903    -0.232486    -0.420421     0.365672
    0.231272     0.132096    0.0023074     -0.13217     0.257835   -0.0205722    -0.363352     0.193682    0.0311832  -0.00250854    -0.452613     0.214942  -0.00299941     0.215238    0.0374703    -0.253835    -0.130214    0.0263501   -0.0178802   -0.0126572   -0.0926185     0.433384     0.194797   -0.0628335    0.0649105      0.42496    -0.057821    -0.240806    -0.448085     0.151733    0.0897398    -0.420282
   -0.176606     0.043359    -0.297812   -0.0222185    -0.237445   -0.0237222     0.321217    -0.163052     0.128119     0.172646    -0.115214    -0.217974    -0.126425    -0.152427     0.280136     0.250891      0.14952   -0.0556522     0.035344     0.354043      0.38614    -0.269021     0.108217     0.399747     0.122177    -0.174037    -0.207056     0.381208     0.102148    -0.239751    -0.321288     0.138681
    0.165792   -0.0254774    -0.318362   -0.0479383    0.0669086    0.0501306     0.243815    0.0606918     0.156318    -0.212849     0.273486     0.177185    0.0921789    -0.244272   -0.0777117    -0.109449     0.137272    0.0829135    -0.101381    -0.168493     0.233338     0.169314    -0.155221     0.249376    0.0980874    -0.261843      0.10061     0.103132     0.158775    -0.108603    0.0875733   -0.0258788
     0.17403     0.227666   -0.0600656    0.0941439   0.00768698     0.125355     0.210495   -0.0836795     -0.52396    -0.127517   -0.0342912   -0.0286859    -0.178936    0.0225922    -0.283534    -0.113249     0.042357     0.228345    -0.130194     0.170288     0.096948    -0.172299    0.0414664    -0.552861     -0.37616   -0.0511833     0.130835     0.049869    -0.130616    -0.101234    0.0454244    -0.206105
   -0.122043    -0.290996  -0.00772986   -0.0615139     -0.80933     0.347835     0.231196    -0.373968     0.272156     0.552263     0.177766    -0.604017     0.442267    0.0698629    -0.494712   -0.0966815     0.106493   -0.0420191     0.277562     0.480749   -0.0275428   -0.0959941    -0.766257     0.308287   -0.0766238    -0.280813    -0.364449     0.292944     0.296299    -0.383709   -0.0129494     0.624429
    0.018948   -0.0654021    0.0841267   0.00812685   -0.0925932  -0.00968463    0.0981358     0.170544    0.0737958     0.143059     0.212878   0.00582851     0.098837    0.0939502    -0.226699    -0.182404    0.0921986    -0.058535     0.145605    -0.317779   -0.0113444     0.106678     0.108044    -0.284396     0.202496    0.0824487     0.162652    -0.100182   -0.0318585    -0.434202    -0.101285    -0.330732
    0.108659    -0.140858    -0.187788    0.0529984      0.09516   -0.0529923    0.0504314     0.257685  -0.00975065     0.249677     0.145066     0.276603     0.134882    -0.157833    -0.338928    -0.372408     0.537278    -0.222052      0.08285    -0.263748     -0.34216    -0.046167    -0.103578     0.123478     0.494604   -0.0988015    -0.215772    -0.296389    0.0943299      0.22801   -0.0918804    -0.586996
   0.0864821   -0.0645869     -0.06877    -0.118867   -0.0136968     0.164112      0.22868     0.258453    -0.163158    -0.154738     0.174972     0.337571     0.141833     -0.02773    -0.215676    0.0314642   -0.0761026     -0.27422     0.188862    -0.323822  -0.00906231    0.0616192    0.0617441    -0.425471    0.0855368     0.133509     0.135598      0.13595    0.0605547    -0.282479     0.311265    0.0304135
   0.0510259    0.0240062     0.568673   -0.0432223    -0.419273     0.257734   -0.0144047     0.147476     0.121375   -0.0516104    -0.135564     0.140344   -0.0632548     0.107854    0.0493801    -0.294375    -0.349891    -0.220969     0.310828    -0.175145     -0.13627   -0.0500184     0.384781     -0.56738   -0.0399494     0.112564     0.299139   -0.0623756      0.25345    0.0927126    -0.444611    0.0695673
    0.084584   -0.0605598    -0.268549      0.13757     0.133794    0.0223359     0.358526     0.116568     0.139804     0.152024    -0.169374    -0.104481    -0.146907     0.125903    -0.098348   -0.0261761     0.153261     0.201026    -0.112893    -0.180911    -0.162509   -0.0373572    -0.255374   -0.0976981   -0.0549425     0.060612    0.0186715     0.068855    -0.203055    -0.231218    -0.151738     -0.13184
    0.064403   0.00923917   -0.0863116   -0.0540586     0.454377    -0.239334    -0.409063    -0.106293     -0.33146    -0.189864     -0.10499    -0.121888     -0.12942   -0.0441559    -0.066641     -0.01603     0.346398    -0.129341     0.123026     0.151085    0.0327952     0.385769     0.282211    -0.245458   -0.0982127     0.173551    -0.167151     0.142808   -0.0161403    0.0696091    -0.376455    -0.600618
   -0.104628    -0.214164    -0.243881     0.105074   -0.0870571      0.13663     0.192866     0.170486     0.177878    0.0831099    0.0497651    -0.197812   -0.0837311  -0.00156433   -0.0298102  -0.00767943     0.133587     0.179168     0.210391   -0.0368717    -0.153111    0.0588316    0.0512464     0.233901    0.0351789    -0.190068    -0.111304     0.240999     0.170366    -0.236052   -0.0545329    0.0299909
   -0.120992     -0.20766    0.0746023     0.276751    -0.180865   -0.0589975    0.0376628     -0.12084     -0.16761     0.422635    -0.304505    -0.294033      0.17958   -0.0639152     0.284254     0.328892    -0.219772    -0.056417     -0.11886   -0.0821778     0.239166    -0.105685    0.0666882   -0.0603473    -0.289423    -0.360119    -0.182251  -0.00830522    -0.316401     0.098233    -0.120617     0.136881
   -0.150362    0.0778511    -0.186459   -0.0814751    -0.118676   -0.0106689   -0.0226317    0.0287058    -0.396834     0.422948   -0.0613607   -0.0469737   -0.0894846    0.0222842    0.0208137     0.455145   -0.0659678     0.190166     0.348127     0.469657     0.300992   0.00124899    -0.300055    -0.138771   -0.0182154    0.0216078      0.17045    -0.346244    -0.286881    -0.149393    -0.110438     0.228893
   -0.440774    -0.145187    -0.301248      0.60839    -0.307688     0.337867     0.255303     -0.16088  -0.00745979     0.832167     0.368541     0.129384     0.315389     0.241192    -0.247138    0.0267919    0.0138779    -0.152006    -0.207463    -0.315385    -0.225108    -0.168596     -0.35663     0.234646   -0.0160662    -0.212461     0.252807    0.0769453    -0.320578    0.0444148     0.223022   -0.0636881
   -0.137826     0.019655    -0.430191   -0.0543063     0.118991     0.152501    -0.404324     0.365471    0.0850295     0.140714    -0.437874   0.00159106     0.102079     0.212825   -0.0822183    -0.274717     0.139055     0.110455     0.278573     0.276956    0.0526826     0.583577    -0.205465    -0.323344     0.185021   -0.0334809     0.266064     0.110717   -0.0579406    -0.138681    -0.290474     0.382434
   -0.293787    -0.167032   -0.0370247     0.437523      0.10291    0.0843369    0.0942383     0.202848     0.117759     0.277701     -0.10435   -0.0191344     0.175008   -0.0800164    -0.032499    -0.174646    -0.219118    0.0411125    -0.127871   -0.0925853   -0.0400677     0.218719     0.340551     0.015181     0.147214    -0.381905     0.159484    -0.122843   -0.0215724    -0.137269    -0.483089    -0.343626
    0.245571   -0.0483126    -0.240588    -0.130684     -0.29856      0.14465    0.0783927   -0.0455082    0.0799824    0.0147229     0.354984    -0.334543    -0.118894     0.124088   -0.0526537   0.00659507   -0.0746549    0.0900304      0.12357     0.154488   -0.0328063    -0.155442     0.164156     0.211123   -0.0315803     -0.16486    -0.158532     0.284525     0.238374     -0.34897    0.0506255     -0.18882
   0.0992544    -0.354652    -0.210129        0.105     0.294696     0.518535   -0.0676589     0.242055     0.181724      0.36297    -0.377677     0.215153     0.323141     0.265402    -0.129522    -0.204762     0.128807    0.0873083    -0.378507    -0.313291    0.0525996   -0.0310315    -0.581868    -0.260052    -0.261975    -0.117864    0.0495531   -0.0504028     0.155807    -0.226247    -0.137609    -0.289981
    0.171183    0.0262088     0.303376      0.11932    -0.183944    0.0158644    0.0119867    0.0403375   -0.0154156   -0.0375857    -0.143781    0.0522348     0.210488   -0.0621468   -0.0328806    -0.370644    -0.244326     0.127459     0.225305    -0.263618     0.114775   -0.0861886      0.22179   0.00220999     0.182084   0.00454086     0.178539    -0.286449    -0.537796   -0.0842291    -0.369233   -0.0344604
    0.107236     0.237716    -0.233892     0.177003    -0.218029      0.19546    -0.203477     0.035597    -0.426941     0.177843     0.244079   -0.0207888    -0.066032    -0.153675    -0.119753    -0.234924    -0.200725     0.281845     0.251447    0.0632784    -0.136152     0.227436    -0.313825    -0.250901    -0.163337    0.0853172     0.237732     0.228833   -0.0141585   -0.0417107    0.0781398     0.353764
   0.0959624     0.420714   -0.0384135    0.0938839    -0.353237     0.123735    0.0860514    -0.246262    -0.158955     0.302583   -0.0766404    0.0454196     0.076426   -0.0219906     0.267968   -0.0628925     0.418018    -0.060136     0.143813      0.17458    0.0470553    -0.103132    0.0402386    -0.118951     0.263584    0.0540191     0.078248    0.0722469   -0.0564176   -0.0249472    -0.149555   -0.0401368
   0.0050825     0.187638    -0.375979     0.435047    0.0567534    -0.128208    0.0603029     0.282775   -0.0802922     0.203672    -0.161988   -0.0503559     0.271945    0.0773806     0.115015     0.234349    0.0769321      0.43757    0.0620526     0.158099     0.113944    -0.027719   -0.0159436     0.268488    -0.047982   -0.0772242     -0.12006     0.152327    -0.196075    -0.157461     0.140473     0.169669
    0.211677    -0.103074    -0.310327    -0.165016     0.106121     0.519359    -0.126315    -0.210715    -0.281218     0.135296   -0.0887339     0.333786     0.187506    -0.178711    -0.353738     0.173134   -0.0714344     0.125969     0.167082     0.211682    0.0475143   -0.0249115    -0.343577    -0.335946     -0.33436     0.271197    -0.163483   -0.0687433   -0.0411436   -0.0626295    0.0853512   0.00723272
   0.0618967      0.27572    -0.452218     0.360366     0.217723   -0.0207975   -0.0687055     0.184305    0.0573591    -0.081441  -0.00737086    0.0272322    0.0690111    -0.393058   -0.0987138   -0.0330457     0.284377     0.103025    -0.139163    -0.243402     -0.25302    -0.150294   -0.0271263    -0.334885     0.168734    -0.198132    0.0358874    0.0629604    -0.138772    0.0736549    -0.134103     -0.42849
   0.0260667  -0.00606302     0.077783    -0.111876     0.186434   -0.0427863    -0.187027    -0.250307    0.0359248    -0.284737   -0.0125569    0.0850045    0.0856304   -0.0441098     0.109729    -0.140316   -0.0490256    0.0589787    -0.203941     0.124141    -0.222474     -0.12392     0.149002     -0.09918    0.0649812    0.0738421    -0.186627    0.0718329    0.0223694     0.341003    -0.114443   -0.0586812
   -0.135296    0.0226309   -0.0644706    -0.246376    -0.219479     0.206508     0.105885   -0.0160318   -0.0626665     0.287481     0.363858    0.0733199    -0.277673    -0.180227    -0.111415     0.119939     0.076961   -0.0506244     -0.17764    0.0981122    0.0418277     0.120433    -0.345613   -0.0160745   0.00296603    -0.191889    -0.186837     0.211769    0.0954932    -0.298957   -0.0380526   -0.0813978
   0.0113945  -0.00886074    0.0638525     0.244397     0.239407     0.256366    0.0598339     0.135473     0.141456     0.264425    0.0154278    0.0960985     0.188851    -0.161254    -0.129089     0.303934     0.203985     0.388281     0.114227    0.0790601       0.3017     0.198386   -0.0369656    0.0428304    -0.118941     0.179759    -0.165504    -0.307497    -0.327449     0.273972     0.393337    -0.333718
    0.206938    -0.147097   -0.0393645   -0.0884393     0.132654     0.134508   -0.0420634     0.175749    -0.115462    -0.206599    -0.121327     0.274254     0.285328    0.0985011     0.142742    -0.155777    0.0311272    -0.137041    -0.342102    -0.206033     -0.20616    0.0972936    0.0642417     0.105574    -0.174135    0.0819979   -0.0929194     0.293203    0.0714345    -0.140402   -0.0438168    -0.311926
   -0.230919     0.204223    -0.421271   -0.0357767     0.298891    -0.179266     0.109748   -0.0918442    -0.301623    -0.140249    -0.249708    -0.304173    -0.380543     0.179739    -0.290201      0.17335     0.186125     0.264112   -0.0247169     0.378526     0.199308     0.100564    -0.250424    -0.208226    -0.416623    -0.504253    -0.138689     -0.13321     -0.79388    -0.269238    -0.141487   -0.0545892
    0.103367    -0.131894    0.0971805    0.0506305    -0.153493     0.342409      0.18166     0.241166    -0.459003     0.199863    -0.402721    -0.214793     0.232892    0.0211853     0.147471     0.596449     0.160052      -0.1722    0.0790035     0.377732     0.283338    -0.478306    -0.177671  0.000527197   -0.0476716    -0.385744     0.275645     0.230711   -0.0874397    0.0830454    -0.424228   -0.0841558
   -0.175357     0.101226    0.0921961     0.150444   -0.0825302     0.138098    -0.209914      0.18824     0.142185   -0.0251079   -0.0915715    0.0836767     0.136976     0.273832  -0.00346927     0.213248    -0.106545    0.0787083   -0.0270229     0.422819     0.235503   0.00124473    -0.225148     0.344809     0.139477    -0.232602     0.215539    0.0289237   -0.0374158     0.142859     0.225904     0.205248
     0.26222     0.280521     0.212299    -0.142402     0.219999     0.592306    -0.613894      1.27528     0.300264     0.366583    -0.454972     0.349355     0.574243    0.0639403     -0.42168    -0.877996     0.473654     0.333858     0.771695    0.0898901    -0.389652     0.421937     -1.12889    -0.923502     0.464059     0.241156     0.711936    -0.591111     0.653857    0.0752964      -1.0878    -0.627895
   0.0438348   -0.0193177    -0.160333     0.215568    0.0924079   -0.0574752     0.228939     0.125204    -0.317401     0.172735   -0.0176664    0.0399812    0.0339673     0.105621    -0.212653   -0.0728321    0.0881598      0.26018    0.0633891    0.0658907    0.0275055    -0.329614    -0.342699    -0.118384   -0.0638622    -0.248088    -0.134046    -0.200178     0.146447    -0.295324      0.21191   -0.0963794
    0.179078     0.175526    0.0485315    -0.125727    0.0445156    0.0260627     0.104399     0.239021      0.17447     0.151714   -0.0230249    -0.254849     0.235526   -0.0457478    -0.387151     0.182106     0.336169    0.0946736     0.131991    0.0475042     0.170404    -0.080505     0.138661     0.122853      0.20911    0.0217807    0.0277954     0.106312    -0.169094   -0.0850507    -0.180239    -0.103135
   -0.107723  -0.00874869     0.153032     0.271071    -0.121455     0.441865    0.0616248     0.108082    0.0359453     0.216742   -0.0903477   -0.0413919     0.155362    -0.107491    -0.153455   -0.0466206   -0.0654405     0.229897     0.374597     0.276432     0.311273    -0.160515    -0.203788     0.199542    0.0323849     0.160726     0.198223     0.221939    -0.156954    0.0551899    -0.223251    -0.192643
   -0.185391     0.153859     0.105936    -0.115848      0.02368     0.172236     0.082909    -0.182028      0.36878   -0.0591527    0.0228362   -0.0656313      0.09704   0.00190299    -0.159473     0.172376     0.254548    -0.116321   -0.0157376     0.062483    -0.202922   -0.0592925    -0.127653    0.0439026    -0.149256     -0.29899   0.00625951      0.14169   -0.0417394    -0.268815    -0.129557     0.182398
   -0.157433     0.147651    -0.271782   -0.0369661    -0.200796    0.0936078    -0.359858    -0.237795   -0.0765536     0.154376     0.514345     0.102072      0.14132    0.0351971   -0.0495393   -0.0765213   -0.0332672    0.0112585   -0.0698925    0.0570133     0.108868     0.153287     0.134741   0.00176794    -0.256789    -0.127172     0.108603      0.11218    -0.480858     0.331901     0.243748     0.171539
  -0.0696793    -0.134556     -0.20208     0.434385  0.000731076     0.062853     0.234598   -0.0547047    -0.264139     0.344384   -0.0407864    -0.058492    -0.114944     -0.03481    -0.247524     0.059752    -0.122159     0.130962    0.0118539    -0.117897    -0.202452    0.0955342    -0.342288     0.153353    -0.110779    -0.205398   0.00299279   -0.0118373    -0.487756    0.0550896    0.0603145    -0.240603
   -0.158416  0.000333583    0.0194801     0.262626     0.213998     0.131797      0.22072     0.182821   -0.0148514  -0.00875436     -0.15479     0.186064     0.161507     0.112339    -0.183095   -0.0437395  -0.00433944     0.125305   -0.0245113   -0.0617901    0.0307755    0.0267907    -0.224367    -0.114652    -0.027171    -0.228966 -0.000213665    -0.195365    -0.194526       0.2053    0.0813155    -0.274261
  -0.0302523   -0.0126665    0.0397204   -0.0742123     -0.21245   -0.0508878    -0.230561     0.128724    0.0200564   -0.0474507   -0.0936601     0.113284   -0.0742006    0.0712346    -0.136557    -0.249521    -0.191968   -0.0631768      0.16574 -0.000795305      -0.2874    -0.163401     0.237896    0.0552142      0.19983   -0.0537907     0.290095    0.0739257    -0.108904    0.0321672    -0.372891    -0.111526
  -0.0459777     0.100403     0.325641   -0.0607088    -0.371435    -0.147833     0.231742    -0.617571   -0.0254338     0.198016     0.628543    -0.265774    0.0698282    -0.177243   0.00448312    -0.057227    0.0232364    -0.772279    -0.129631   -0.0386765     0.150784     0.130057     0.204711      0.36372    0.0964003    -0.281761    -0.299388     0.144033    -0.378449     0.102604      -0.1203   -0.0734281
  -0.0840617     0.104279    -0.403856    0.0346366    0.0707424    0.0980457    0.0352822     0.257611   -0.0607408     0.391803     0.234944     0.273418    -0.112107    -0.256662    -0.226071    -0.208546     0.101008    -0.190495     0.283645     0.169474      -0.2151    -0.117878    -0.236736    -0.296426    0.0931515   -0.0541002     0.170607   -0.0641451    0.0982273    -0.313765    -0.266549    -0.299985
    0.250521     0.280508    -0.102933   -0.0788463    -0.392186    -0.271691     0.371541    -0.165263     0.155564   0.00329879      0.17335   -0.0549109    -0.137959    -0.221507    -0.157174    -0.304423    -0.156984    -0.114648     0.262471    0.0373745     0.365664    0.0545245   -0.0844459    -0.313602     0.331435     0.127958    -0.108905     0.313788     0.434704    -0.428059   -0.0264272   -0.0373745
   0.0473156     -0.15957     0.348944     0.139962     0.180806    -0.410441     0.326334     0.218671    -0.332848     0.039505     0.136906     0.270506     0.196016    0.0555331   -0.0139792   -0.0627583   -0.0304206    -0.278341   0.00101287    0.0571283     0.391588 -0.000477439   -0.0176993    -0.055635    0.0826828     0.291519     0.118332    -0.180412     0.212569     -0.15432    -0.429277    -0.193105
    0.204149   -0.0322765     0.321547    -0.258926     0.144031    -0.134143   -0.0748661     0.335602    0.0582202      0.27329  -0.00686515   -0.0117532     0.429616   -0.0802378    -0.282617     0.181077    0.0686317     0.166561   -0.0223884    0.0306294    -0.141123     0.116268    0.0291303    -0.158426     0.102554     0.251009   -0.0974792    -0.113204     0.437491    -0.126693    0.0819434    0.0480925
    0.241638    -0.160092    -0.703476     0.037067     0.139531    -0.275207    -0.184603     0.210179    -0.745051     0.233356    -0.280584    -0.168221     0.322347     0.360299    -0.456861    0.0154578   -0.0951366   -0.0262263    -0.223011     0.154643    0.0209418   -0.0302413    -0.488742    -0.081189     0.104665    0.0426625     0.167424     0.038825    -0.691888     -0.25387     0.146716    -0.374846
    0.178205    -0.121422    -0.163419    0.0965411    -0.289051     0.102888     0.182453   -0.0370102     0.112418    0.0905957    -0.226605   -0.0553007     0.238555    0.0856558     0.201484    -0.184909     0.241594    -0.223259     0.274981     0.214135    0.0759976    -0.359067     -0.23502   -0.0434654     0.205015    -0.191898    -0.074123     0.198933    0.0277675   -0.0190951    0.0991225     0.289393
  -0.0561662     0.114266    0.0894143   -0.0911563    -0.126965     0.240794   -0.0909633   -0.0795313    -0.146434   -0.0839435    -0.280477   -0.0697251    0.0509721    0.0680756     0.046291       0.1473   -0.0464289     0.150217     0.236742     0.143936   -0.0721606    -0.224755     0.156824    -0.130505   -0.0451099   -0.0675271      0.01431    -0.162387     0.256128     0.125839     0.134416     0.168457
  -0.0831396    0.0697725     0.105282    -0.262229    -0.212874    0.0108386   0.00139015    -0.287827    -0.121669     0.157565   0.00733675     0.105505     0.184975      0.12225     -0.30361    0.0533061    0.0335582    -0.330455     0.136463    -0.255171      -0.1128    0.0743576   -0.0395637  -0.00586143    0.0941427    -0.227596    0.0235444     0.106554    -0.154682     -0.24587      0.26811     0.124423
    0.182503    -0.244441    -0.197673     0.179246    0.0772217    0.0769525    -0.144707    -0.034511    -0.136452     0.395079     0.307366    -0.221932     0.132827   -0.0236809    -0.287818     -0.14132      0.32868    -0.247669    0.0240616     0.132993    -0.119193    0.0666811    -0.413598    -0.215423    0.0421318    0.0443913    -0.253482      0.22286    -0.209112   -0.0106885    -0.117801    0.0756536
  -0.0259521    -0.267006   -0.0992718     0.120045   -0.0642763    -0.184428     0.238017   -0.0852074    -0.063279     0.437162     0.211155    -0.329374   0.00780718     0.109671     -0.20668     0.331326      0.50091    -0.495267     -0.21101      0.17681     0.448907     0.119737    -0.265017      0.29281    0.0875847    -0.119932    -0.293441     0.321203    -0.456641    0.0220709     0.222288    -0.237514
    0.241138   -0.0179995    -0.446726     0.362882    -0.138475     0.397936    -0.280123     0.055818    -0.370411     -0.18453   -0.0299784   -0.0756737   -0.0544254   -0.0456398     -0.52899    -0.222125     0.347705     0.401493   -0.0709982    0.0886351    -0.103049     0.105201    -0.139583     -0.24993   -0.0170465  -0.00626848   -0.0770615     0.174429    -0.234166      0.16932    0.0751449    -0.326789
   -0.171855    0.0839675     0.414869    0.0381764   -0.0102513      0.25134     -0.16309    0.0267103    -0.119935     0.158136    -0.094045    -0.176703   -0.0669483     0.412286    -0.281783    0.0964007    -0.306753    -0.348089      0.37408     0.252354    0.0551554    0.0567555    -0.211323    -0.102371    0.0753805     0.355533     0.294474    0.0461349    -0.265598     0.295575    -0.170664     0.467367
   0.0744788    -0.023342   -0.0616039    0.0970637    -0.260018    -0.169471    -0.084621     0.225535    0.0162935    0.0575425     0.117022   -0.0869935      0.22404      0.12003    -0.157755    -0.154512     0.216583     0.153606    -0.171939    0.0240442   -0.0258473   -0.0744953    -0.176293      0.27137     0.216303   0.00477874    0.0547001     0.192953    0.0189011    -0.242422   -0.0519384    -0.227364
    0.237231   -0.0502681   -0.0258494     0.133918     0.203025   -0.0422576    -0.109598     0.169773   -0.0853715     0.148983  0.000728599    0.0455268    0.0184209     0.218874    -0.246978    -0.156781     0.336145     0.365573     0.177604    0.0167422    -0.200564    -0.114832    -0.529979    -0.261268     0.185265   -0.0262352     0.147864    -0.265098     0.118475      -0.1078    -0.270829    -0.148592
  -0.0847775    -0.135823     -0.14718   -0.0879135      0.18005     0.227859    0.0616021     0.199671   0.00592015     0.311425    0.0256482    -0.125557    -0.206778   -0.0583167   -0.0391758   -0.0308085     0.127555     0.149345    -0.129134    -0.195677    0.0908441    0.0316411    0.0993076    -0.145006   -0.0491049   -0.0629538     0.184764   -0.0330918   -0.0877486     0.145425    0.0117768    0.0218246
    0.367693  -0.00425425    -0.296921   -0.0728039    0.0851696    0.0279245     0.154843    0.0167667     0.144421    -0.230608     0.147642     0.040687    -0.240821    0.0949106    0.0540819     0.060476     0.295344    -0.124319    0.0737492    0.0944023    -0.202054    -0.286137    -0.249993    -0.262104   -0.0705035    -0.154516      0.13652 -4.37569e-05    0.0751277    -0.157788   -0.0435514     0.177775
   0.0421053     0.260475   -0.0957083     0.234141    -0.233003    -0.405283     0.263345    -0.279246    -0.137496   -0.0690467     0.156752    -0.108397    -0.155241    -0.127265    0.0999249     0.211492   -0.0390916     0.166864    0.0301171    -0.172156    -0.179044    -0.128787     0.282684     0.262802    -0.150886    -0.229802   -0.0636682    0.0575485   -0.0370129     0.278204    -0.312168   -0.0449782
   -0.134705    0.0736096     0.231718   -0.0323175    -0.289112    -0.118367     0.026228    0.0604011    -0.047188    0.0137932    -0.116464   -0.0678768     0.233806    0.0838004     0.113978      0.17772   -0.0768477     0.494112    0.0186919     0.323953    0.0566386    -0.202039    -0.249647    0.0128991   -0.0654978      0.28758     0.141588    -0.139788    0.0121417    0.0249195     0.271385    0.0351421
    0.261943   -0.0326885    -0.112095    0.0866192   -0.0547357       0.4055     0.141678   -0.0101101   -0.0941537     0.312344     0.168665     0.101479   -0.0234089    -0.216161    -0.222853    -0.127792   -0.0824417    -0.073351     0.227238    -0.177825    -0.172741     0.148564     0.152417   -0.0187144     0.130658    -0.103842   -0.0612789     0.200735    -0.322143   -0.0472663   -0.0234878     0.179786
 -0.00217817     0.146223     0.171002     0.376167     0.469187    -0.117938    0.0239522     0.155502     0.476976     0.353647   -0.0311857    0.0753508     0.216667     0.255068   -0.0670052    -0.379692    -0.243537    -0.306723     -0.11452    0.0691416    0.0758299     0.280286     0.231183    -0.297491     0.647237     0.265009    0.0570991   -0.0053414    -0.232618     0.138517    -0.407467    -0.298319
  -0.0278785    0.0356851    -0.130255     0.180649    -0.154227    0.0215473     0.157642     0.182529    -0.439241     0.350405    -0.154607     0.220729   -0.0013608     0.258351    -0.315216   -0.0213651     0.141492     0.220756   0.00868046    0.0677309     0.142546   -0.0137343    -0.389941    0.0062658    0.0324298    0.0352509       0.3161    0.0667018    -0.555966    -0.014744    -0.176499   -0.0644629
  -0.0991568    -0.093278      0.11328     0.133926    0.0711887    -0.210881    0.0582867    -0.156241   -0.0182374   -0.0672223     0.213792    0.0327977     0.147101    0.0583307   -0.0372362    -0.225777   -0.0960628    -0.171453     0.045726     0.114761     0.141596     0.150019      0.42291    -0.106807     0.153413    0.0163813     0.134391    -0.201209     0.209576    -0.157905    -0.422119    -0.250082
    0.194045   -0.0942959    -0.216657    0.0943941   -0.0421278   0.00538823    -0.136297     0.126399     0.288687    -0.262481    0.0216699     0.168794     0.371541    -0.153454   -0.0332287    -0.250628      0.05433     0.202598    -0.149443    -0.256348    -0.060164    -0.140796  -0.00141453     0.361579     0.059233     0.137683    -0.119861     0.225294    -0.179387     0.122385    -0.140014    -0.413555
   -0.143641    -0.168534     0.022767    -0.105094    0.0611861   -0.0451617   -0.0596708    -0.254094     0.107059    -0.133629     0.162977     0.268018     0.177035    -0.045377    -0.112371    -0.132962   -0.0987727    -0.183791     -0.24499    -0.156039     0.199886     0.103449     0.291263  -0.00278304   -0.0217756    0.0442944   -0.0670424    -0.257678     -0.11082    0.0945236    -0.433178    -0.478436
    -0.19787    -0.105409    -0.200179   0.00324644     0.248787     -0.11475    -0.185264     0.322481    -0.146537   -0.0951961    -0.151297    -0.367266   -0.0156542      0.00972    -0.104176     0.228669    0.0706376     0.105952     0.169247     0.317222    -0.026978    -0.162591    -0.277493     0.149496   -0.0173325    0.0293397     0.100242   -0.0839442    -0.137191    -0.105113    0.0614779     0.241902
    0.105461    -0.170629   -0.0727304    -0.272767    -0.306141    0.0260948    0.0364986    0.0501927     0.403486    -0.161186     0.156783    -0.127055      0.08968    -0.289314   -0.0888467     0.435639   -0.0588977     0.329221    0.0870767     0.252814     0.155796    -0.100486   -0.0764302    0.0914677   -0.0565822     0.148984    0.0370781     0.164387     0.213093  -0.00838415     0.066823     0.258063
    -0.04273     -0.16465    -0.203965     0.228736   -0.0113466   -0.0893709   -0.0847282     0.220995    -0.184138    0.0702189    -0.198043    -0.067439     0.255578     0.216292  -0.00377792    0.0714466    -0.162484     0.404927    -0.381744     0.127066     0.364447    -0.112809    -0.527591    -0.263143    0.0469059    -0.140748     0.530134     0.264098    -0.368488     0.253509    -0.347922     0.109033
    0.203042    -0.110216    0.0208205     0.029671    -0.048479    0.0226487     0.254242    0.0679887    -0.171678     0.332841    -0.175308   -0.0238165    -0.133309   0.00426923    0.0319168   -0.0970068     0.320644     0.102118    -0.139952     0.433941   -0.0480457    -0.221894    -0.235314     0.265049    -0.102546    -0.306989     0.166711     0.109562   0.00332829     0.263841    -0.145388     0.276565
  -0.0236725     0.122354     0.203056     0.154604    -0.437717   -0.0239607     0.227087    -0.296284   -0.0487407     0.479132     0.580983    -0.083989    -0.262895    -0.264914   -0.0583971   -0.0983265     0.359726    -0.301121     0.198666    -0.328325    0.0602579    -0.345843     -0.11655     0.405145     0.111567   -0.0465199    -0.413081     0.194687     0.238323   0.00936406     0.090978     0.238284
   -0.362916    -0.155187     0.117918    0.0731024   -0.0117563    0.0399411    0.0477472     0.115386    -0.150809    0.0867325    -0.317056   -0.0103028    -0.247781    -0.265668  -0.00326682   -0.0371604     0.227675    -0.158494   -0.0515334    -0.151029     0.189228    -0.418985  -0.00607362  -0.00204504      -0.1911   -0.0492065  -0.00461661    -0.109121    -0.368962    -0.223102    -0.655112    -0.642767
   -0.064259    -0.309124    -0.366226     0.181867   0.00463756     0.152098   -0.0889172      0.13192      0.15534     0.430754     0.314388    -0.175694     0.218827    0.0859573    -0.307102    -0.220053     0.241031    -0.177445    0.0468218    -0.142913     0.192359      0.15776    -0.416287    -0.188958     0.216489   -0.0343905    -0.302111    0.0590461    -0.400344     -0.27455     0.185427     0.133084
  0.00506372    -0.052971     0.294593   -0.0561363   -0.0383828    -0.120771   -0.0629477     0.104749      0.24566      0.31389    -0.205567    -0.063338     0.177024     0.104634     0.150477    -0.164068    0.0811566    0.0216221    0.0150852     0.193674    0.0679784    0.0434435   -0.0244608     0.448538     0.360029     0.204429     0.102723    -0.168722   -0.0738193   -0.0509493     0.137546    0.0933873
    0.110611    -0.253646    -0.188624    0.0900656     0.369222    -0.262249     0.528614    -0.375863     0.117099     0.297716   0.00138758    -0.426523    -0.117427    -0.193206    0.0718272     0.349708     0.468037    -0.490795   -0.0296543    0.0982693      0.45782   -0.0559872    -0.331688     0.459309      0.34531    0.0509197    -0.321337    -0.203536    0.0314351   -0.0265858    -0.318437    -0.278836
   -0.130507    0.0240233        -0.19     0.405061    0.0809912   -0.0768221    -0.195498     0.181595  -0.00154739   -0.0503576    -0.196966    -0.291824    0.0952518    -0.146677     0.193449     0.206605   -0.0213283    0.0225883    -0.142288    -0.150429     0.277032    -0.137685   -0.0430956     0.137466     0.141663    -0.235467     0.139594     0.313268    0.0824391      0.22246    -0.209716    0.0623253
   -0.159655     0.129536    -0.117777     0.202439   0.00107932    -0.127653     0.125261     0.121523    -0.251379    -0.077362    -0.268106    -0.186491    0.0335209      0.13445    -0.114459   0.00931365      0.48589     0.400597     0.207488    -0.103313   -0.0122999   -0.0306687    -0.268024     -0.13952     0.157666   -0.0342175      0.27207    -0.263568    -0.244285  -0.00600633    -0.261526   -0.0464153
    0.198502    -0.159583    -0.330887     0.369888    0.0101302     0.183013    0.0206459     0.100794    0.0330243    0.0764237     0.125761    -0.212908     0.192419  -0.00456265    -0.381901  -0.00888293    0.0819234   -0.0293452    -0.177405    0.0358513   0.00785392    -0.344921   -0.0978544     0.289296  -0.00220924     0.070917   -0.0664248     0.293384    -0.178887   -0.0328262   0.00074018    -0.111864
   -0.185149    -0.153165   -0.0433252     0.134836    -0.179225     0.132677     0.180385     0.153861    -0.337781     0.297052     0.384391   0.00225988   -0.0415127     0.304846     0.192411    -0.078953    -0.120166    0.0215727     0.136117    -0.129817    -0.299652   -0.0433533    0.0172822     0.141925     0.115243   -0.0785946    -0.226623    -0.063299    0.0136085   -0.0498679    -0.205934     0.120809
  -0.0581364    -0.291223   -0.0652427    -0.151689    0.0120862   -0.0553714   0.00774532    -0.293857    0.0026691     0.185851     0.289506   -0.0556791    -0.319841    0.0386712   -0.0790809    -0.110803     0.116931    -0.156695    0.0862221    0.0474186   -0.0848102      -0.3005    -0.148867     0.227406  -0.00190493     0.135676    -0.243876     0.165988     0.134209     0.205087   -0.0178538    -0.482666
   -0.286687     0.322075     0.424491     0.302745    -0.137125   -0.0712515    -0.262617     0.415427    -0.197472    0.0937638    -0.703528   -0.0192463     0.015273     0.184617     0.181031   -0.0759147    -0.442303    -0.132268     0.210959    0.0311665     0.120626   -0.0718771     0.142095     -0.12381    -0.122386     0.176275     0.420154    0.0265485     0.172891     0.154413    -0.176776   -0.0575467
