    0.414016   -0.0374187    -0.242888    0.0332195   -0.0921723    -0.269355     0.223733    0.0531489   -0.0780144    -0.511489     0.156951     0.126491    0.0343771    0.0166581     -0.13016    -0.299499   -0.0395609  -0.00909863    -0.509586    -0.133937     0.182196     0.149736    -0.403879     0.323643    0.0948085     0.231825    0.0685228     0.154464     0.120867     0.654139     0.504089     0.331049
     0.12308   -0.0710434   -0.0148961    0.0698487     0.186748    -0.159544    0.0258682   -0.0928824   -0.0785514     0.158635    0.0617887      0.13087    -0.181221     0.191806      0.41874     0.121642   -0.0565519    0.0736002   -0.0365376   -0.0562161    -0.156369     0.142299    -0.350715     0.185855   -0.0633302     0.191213   0.00975446    0.0464834     0.145068    -0.268418  -0.00189742     0.115479
   -0.215334    0.0376456    -0.511371    -0.117906   0.00952009   -0.0788607     0.701414    -0.266009     0.236797    -0.138626    0.0671764    -0.197343    -0.303912     -0.14309  8.20217e-05    0.0911732     0.173736    0.0362515     0.261565     0.237938     0.196634   -0.0530793     0.745715    -0.168673    -0.158803    -0.520467     0.170052    -0.133795      0.48096    0.0336861   0.00991356     -0.16203
    0.342152     0.382537   -0.0645908    -0.348025     0.250365     -0.28735     0.878647    -0.258672     0.332707     0.648806     0.841607    -0.144773     0.709944     0.868193     0.713782     0.279703    -0.274744       0.3189     -1.01482     0.429638    -0.265333     0.134602     0.247074        0.227     0.672018     0.183477    -0.252459    -0.203662     0.159421     0.740252    -0.422064    -0.328125
   -0.158849   -0.0602839    -0.148039    0.0588925    -0.111106    0.0966846     0.384975     0.225713    -0.325779    -0.256003     0.182431     0.122174      0.40461     -0.22247   -0.0627567    -0.305071    0.0580727     0.113287    -0.161921     0.263378   -0.0170502     0.191168    -0.281889     0.290248    -0.597866     0.684192     0.387784     0.128732     0.118707     0.322935    0.0796823     0.260915
   -0.301731     0.281239     -0.11271    -0.744843    -0.139356    -0.259725     0.223313     0.277429     0.162717    -0.158791   -0.0681051     0.285525   -0.0863663    -0.250532     -0.32636    0.0511281     0.574699  -0.00758279    -0.240232    -0.473987    0.0024113    -0.253635      0.14531    -0.185703     0.263024     0.185145    -0.101071     0.203862     -0.03201     0.604117     0.422879     0.427523
   -0.071596    0.0486253   -0.0942921     0.106247   -0.0211494      0.18622    -0.122709    -0.216041    -0.191343     -0.26423     0.116748    -0.245806    -0.278883    0.0274851    -0.331401    0.0757073    -0.122919    -0.197249    -0.217003    -0.171473    0.0100113  -0.00566185    0.0750801     0.282526    -0.169935    -0.208619      0.23802    -0.264201   -0.0527329    -0.147499     0.168798    0.0171349
    0.114391     0.278853     0.364667   -0.0136375    -0.131324   -0.0144466   -0.0191833     0.136979     0.115093    0.0186343   -0.0227686     0.202937   -0.0975133      0.29494      0.15671     0.113356  -0.00794175     0.141364    0.0896658    -0.577122     -0.40581    -0.332221     0.260946     -0.36994   -0.0262434    0.0867668   -0.0845525     0.459256   -0.0311672     0.188299    -0.432619    0.0931881
    0.353797     0.423893   -0.0470207   -0.0273682     -0.37953     0.224193     0.303209   -0.0325026     0.161888    -0.240622    -0.307474    -0.484755   -0.0515832     0.514412     0.242828     0.331741    -0.188504     0.327246    0.0696694    0.0202245     0.210012    0.0703414   -0.0527089    0.0442455    -0.235623    -0.200812     0.719693   -0.0971296    -0.198306     0.144653     0.121774     0.329022
   -0.150621   -0.0644987    -0.394928    0.0268085     0.485444     0.113956     0.123195    0.0740403   0.00336842    -0.255616      0.20922     0.155188    0.0275045     0.040738    -0.137234     0.386677     0.355774    -0.562016    -0.232573    0.0487277   -0.0116802    -0.238336     0.100398   -0.0965928    -0.145767     0.175389     0.181308    0.0950027    0.0397137     0.180478     0.267979     0.388716
   -0.435366     0.246962     0.138286    0.0393524     0.264861    0.0890275     0.585313    -0.380035     0.107119   -0.0885153    -0.166708    -0.210122    0.0129856     0.243284    -0.148286    -0.713568    -0.190958    -0.409273     0.379082    -0.143001    0.0800789  -0.00810019    -0.357815     0.254842    -0.197532     0.107293    0.0764322    -0.384355  -0.00399233     0.250486    0.0930956      0.27434
    0.302926     0.293086     0.220139      0.26534     0.436305      -0.1749     0.322171     0.210269     0.386224    -0.333563      0.01691     0.220698    -0.182719    -0.207402    -0.201721      -0.7172    -0.290752     0.374899      0.24445    -0.245343     0.126053   -0.0817381   -0.0858155   -0.0628833    0.0739156   0.00109317     0.320202     0.642293    -0.477648    -0.134857      0.53233      0.39685
    0.340553     0.374392   -0.0898416    -0.148619    -0.032669     0.143539    0.0432836    0.0378638     0.201802   -0.0882691    -0.410337    -0.144238     0.164644     0.129268    -0.515048     0.166727     0.050046    0.0866581    0.0366352    -0.264367    -0.174338   -0.0374722    -0.115871     0.291348    -0.208461     0.045948     0.220135    0.0651802    -0.523889     0.163448     0.289251     0.116973
    0.339784    -0.235174   -0.0922551     0.131403    0.0248356   -0.0110525   -0.0374734    -0.337068     0.274683   -0.0580873     0.157105   -0.0165057    -0.141009     -0.27633     0.262319     0.369166   -0.0412647     0.332444    -0.241285    0.0220827     -0.06633     0.231616    0.0967905    -0.376579     0.152499   -0.0493767     0.391217     0.141938     0.203011    -0.146467     0.161061   -0.0036591
   -0.225833    0.0336062     0.231604      0.24641      -0.2822       0.6375    -0.351001     0.111084      0.06257     0.061601   0.00976759   -0.0445711     0.356727     0.202926   -0.0724267     0.253283    0.0397782    -0.324911    -0.261959      0.34359    -0.508405     0.012389    0.0608062      0.29076   -0.0568302     0.072536     0.209511    -0.559165    -0.387568   -0.0123343    -0.123377      0.47528
   -0.237213     0.292631     0.102067    -0.177805     0.125396   -0.0339591      0.24172    -0.403071      0.35986     0.551504   -0.0131288    0.0124018    0.0526032     0.474576     0.352467     0.386781     0.523806      0.18831    -0.182872     0.334287      0.11957      0.13804     0.322235    -0.233092   -0.0396102    -0.444397     0.508197     0.259986   -0.0626093     0.277257    -0.214813     0.250106
    0.145691    -0.329511     0.134081    -0.210226   -0.0540342    -0.240248    0.0147271    -0.199782    0.0407244     0.380661     0.251661     0.471138    -0.186517     0.428485     0.333697     0.469241    -0.204617     0.223777   -0.0528599     -0.22626     0.168086   -0.0685607     0.213356     0.140625     -0.24794    0.0865889    -0.487992     0.335559    -0.152249    -0.129879    0.0120669     0.133762
   -0.128027    -0.112914    -0.325107    -0.160268   -0.0103658     0.164364     0.510577     0.310298    0.0495708     0.219235   -0.0426755    -0.303863    0.0802521     0.115597    0.0863823   -0.0385508    -0.479103   -0.0150209     0.101567    0.0817113   -0.0464681    0.0281134     0.406752    0.0400944     0.143612    -0.240915   -0.0985381    -0.469318   -0.0909219   -0.0924695   0.00724542    -0.422044
 -0.00160925    0.0056823   -0.0574917   0.00619777    -0.122867    -0.208754   -0.0727392    0.0309748    0.0980392     0.222172      0.30807     0.149264     0.117537     -0.17051   -0.0852813    -0.170935    0.0826746    -0.112912    -0.185467      0.13169  -0.00120913     0.101699    0.0323753   -0.0472583     0.451891     0.300851    -0.531203   -0.0857674   -0.0734422     0.165184      0.09232    0.0240391
    -0.11451     0.364176    -0.264181    0.0405414     0.114103     0.344153     0.281268    0.0665901    -0.117125  -0.00232877     0.108861   -0.0994946     0.280727     0.292965    -0.116094    -0.410877   -0.0420606    -0.429054    -0.284134     0.035148     -0.18483    -0.154012     0.255861    -0.250361    0.0820178    -0.120486       0.3561    -0.206299  -0.00859243     0.131645   -0.0967241     0.271378
    -0.20764     0.217751    -0.284007    -0.264005     0.489971     -0.37262     0.155005    -0.304427     0.249387     0.206022    -0.128322   0.00804747     0.179728     0.059629    -0.358149    0.0734136    -0.375763    -0.147578    0.0164812     0.334752     0.306096  -0.00237659   -0.0856943    -0.541154    0.0146184    -0.275177     0.209148     0.252299   -0.0642062     0.391851    0.0827473   -0.0532884
   0.0670476    0.0143845     0.196938   0.00402438     -0.14354    -0.358207    0.0649647      0.12389     0.163437     0.100053     0.264371    0.0463882    -0.307681     0.234531    -0.260571    0.0301957    -0.366823     0.113849     0.193415     -0.14116    -0.384655    -0.092066     0.168018    -0.054065     0.567611    -0.217266     0.127199     0.217006   -0.0134464    -0.148968   -0.0599885     0.222635
    0.134902     0.148494     0.180446     0.212698    -0.100762     0.449689    -0.101508     0.491078    0.0559641    -0.161345    -0.355329     0.322749      0.27673    -0.208687    -0.152498      0.14242    -0.252734    -0.250623   -0.0625158    0.0641711    -0.320204    -0.101433   0.00521706     0.169785    0.0982095    -0.117856     0.299959    -0.073878   -0.0601003    -0.100238    -0.427914    0.0481244
    -0.29919     0.168736    -0.885901    -0.152985     0.358152     0.290378     0.480996   -0.0472669   -0.0865141  6.01796e-05     0.298159    -0.115529    -0.396671     0.274562     0.181191   -0.0847479     0.186239     0.107162   -0.0425017     0.161492  -0.00425134    -0.386561    -0.239279     0.172676     0.286322    -0.213311     0.242375    -0.190581      -0.4232     0.174406     0.395923    -0.101507
   -0.105132     0.137454     0.299066     0.155201    0.0916481    -0.638848     0.296933    -0.165936     0.369427     0.136698    0.0507443    0.0902174    -0.217283    -0.606746    0.0954336    -0.130803    -0.317178    -0.270326    -0.323418    -0.560417   -0.0993701     0.105484   -0.0401502     0.288124     0.414652     0.157032     0.283992    0.0572597     0.187656     0.587111   -0.0767182     0.125927
   0.0928965    -0.160937    -0.169286     0.315947      0.14642   -0.0575481    -0.137153    -0.794032   -0.0883193     0.219559     0.270464    -0.153311     0.368696   -0.0754187     0.168331    0.0964394    0.0384459   -0.0178218    -0.115166    -0.206137      0.30238     0.146786    -0.161465     0.416887    -0.176943    -0.235465    0.0665473    -0.242818     -0.29916    -0.311622     0.133332    -0.194847
    0.185636     0.341157   -0.0808958   -0.0203962     0.190058    0.0282828     0.166172     0.146407     0.266681    -0.265092     0.133335    -0.216036     0.152451    -0.175919    -0.298424    -0.476781    -0.551569    -0.224296   -0.0287409 -0.000183831    -0.234957     0.118267    -0.266838    -0.234578   -0.0173704    -0.131773   0.00287375     0.258149    -0.177827     0.283266   -0.0784945    -0.378039
    0.306456  -0.00188244   -0.0571474     0.158486    -0.257373    -0.105094    -0.102727    -0.309824   -0.0184426     0.128765   -0.0142315     0.101115     0.111037    -0.348175     0.039267     0.206538     -0.24092    -0.299466   -0.0388585     0.212748     0.109778    0.0860837    -0.471242    0.0492975    0.0306327    0.0890724    -0.126657    0.0270144    0.0776339    -0.212335    -0.125446     0.351944
   -0.320102    -0.150466    -0.364108     0.204376     0.292731     0.425201    -0.197407   0.00390356    -0.216108    -0.211567    -0.180189     0.118394     -1.02467    0.0616374   -0.0405958     0.570678     0.167414     0.277568    0.0151889    -0.233856   -0.0801885    -0.484032    -0.134155    -0.133959    -0.930392    -0.215245     0.169919   -0.0380142  -0.00573649    -0.573236     -0.27694     0.548289
     0.16555     0.132874    -0.403186     0.180699     0.146268    -0.168606     0.119924 -0.000782853    0.0223983     0.362341    -0.197488     0.204693   -0.0185013     0.240913      0.70686     0.127206     0.342962     0.345056     0.115437     0.138556     0.321815      0.36769     0.688738 -0.000809354     0.387159   -0.0186343     0.191283    -0.249591      0.71911     0.468714     -0.37055     0.124461
    0.233603     0.261669     0.189522   -0.0471014   -0.0294429    -0.292178    0.0729065    -0.203099     0.398073     0.072303    -0.163903     0.055313     0.345704    0.0303867    0.0732975    -0.125304    -0.130824     0.239789    -0.268639    -0.496023   -0.0523815    -0.208065    -0.161566    0.0360313    0.0443835     0.213421     0.328134     0.152369   0.00701141    -0.117273     0.105223     0.193396
   -0.114978    -0.230926   -0.0309249     0.386524    -0.174672     -0.16165    -0.184366     0.313096     0.151497     0.018758    -0.472268     0.115061   -0.0280032    -0.242219     0.386066    -0.122594   -0.0832071     0.074149     0.067428     0.114426    -0.438815     0.201572    -0.262637     -0.28441     0.132609     0.254129    -0.215203    -0.173497  -0.00724308   -0.0623935     0.414243    0.0933356
   -0.100712   -0.0618747     0.128429    -0.159378    -0.155182    0.0922899     -0.26028     0.299324     0.827286     0.374771    -0.429555   -0.0629795    -0.403407   0.00801329    0.0646576     0.401499    -0.307497   -0.0118079    -0.290597     0.159323    0.0671542     0.326952    0.0292814    -0.348179     0.482493     -0.63528     0.294228   -0.0202225    -0.178758     0.187202    0.0422496     0.191233
   0.0499376    -0.316038   -0.0331262    0.0034779    0.0494284    0.0905941    -0.156019    -0.705871    -0.291826    0.0354878     0.191271     0.046878    -0.272612   -0.0785964     0.248945     0.120574   -0.0393434   -0.0212958     0.149549    0.0154255     0.532512     0.117987    0.0388527     0.151317    -0.193036    0.0662686     0.159387     0.507934    -0.168982    -0.142693    -0.143233     0.158687
   -0.122965      0.27625     0.083635    -0.108372    -0.175268     0.132046    -0.334059    0.0690079     0.337737    -0.138289    -0.276025  -0.00040352     0.116218     0.316329    -0.325191     0.510706     0.142612     0.442864    -0.324286     -0.13298      0.02664     0.229924    -0.440224     0.161412   -0.0224122    -0.275416    -0.239876    -0.598393    -0.225449    -0.220591     -0.24317    -0.159288
   -0.098144    -0.194229     0.135555   -0.0399643   -0.0164314    -0.295004    -0.143006   -0.0303244    0.0133554     0.181372     0.295408    -0.117193    -0.135454    -0.180578     0.276753    -0.107223    0.0894223   -0.0655109     0.359014   -0.0857133     0.197929    -0.100069    -0.225663     0.282805     0.138832    0.0744135    -0.136266    -0.326854   -0.0281167    0.0718845     0.137107    -0.136958
   -0.210601     0.238803     0.038579     -0.29565   -0.0462158    -0.167006     0.536266    0.0193347   -0.0385513    -0.289952    -0.205048    0.0635788   -0.0933261    0.0104616     -0.12357    -0.142265    0.0522749    0.0525312    -0.600274    0.0442065    -0.135067     0.197272    -0.371648    -0.176855     0.138969     0.371327    -0.190849     0.113415  -0.00202695     0.171157   -0.0889502    -0.151493
  -0.0703674     0.136085    0.0847252   -0.0444917    -0.180585   -0.0501434    -0.250146     0.116291   0.00759579    -0.250213    0.0519386    -0.117421     -0.79352     -0.20734     0.222192    -0.379708    0.0309283    -0.368118   -0.0967697     0.462936     0.250405     0.406609     0.276599    -0.296218     0.359479    0.0657871    0.0781182     0.357756      0.13736   0.00943133     0.167099    -0.280935
    -0.43114    0.0296982      0.07749   -0.0771961    -0.363143    0.0441996    -0.268575     0.212295     0.402397    0.0419469    -0.361962   -0.0722983    0.0295687  -0.00126563    0.0481843    -0.245479   -0.0137828    -0.122315     0.174397    0.0140825    -0.439728     0.188878     0.127193    0.0896249  -0.00504409    -0.227761    0.0652823    -0.178419      0.12188      0.12472    -0.246421     0.222017
    0.175391      0.21432    -0.381932    -0.290028    -0.160008      0.13248     0.118658    -0.211695     0.228404   -0.0562661     0.144013     0.270361      0.11352     0.380147     0.205477     0.258776    -0.115973   -0.0759722    -0.154426     0.318291   -0.0805881     0.302494    0.0651934    -0.410001     0.714702    -0.454663     -0.25511    -0.319959   0.00798251   -0.0403938   -0.0915844    0.0195376
    0.323767   -0.0279472     0.145822     0.313335    -0.125125    -0.232683    -0.354241   -0.0278536    -0.045177   -0.0822526    -0.229547     0.219466     -0.23151     0.264401     0.508388    -0.387754    -0.237756     0.454236   -0.0105915  -0.00370328   -0.0506129    0.0351638   -0.0830198     0.342058    -0.241879     0.402595   -0.0287221   -0.0796479    -0.167816      0.42599   -0.0179548   -0.0735221
   -0.214821     0.242294    -0.259302     0.336255     0.290959     0.121884   -0.0283152    -0.142974    -0.164099    -0.174979     0.374505    0.0664967   -0.0703499    0.0733972      0.26696     0.140999  -0.00925296    -0.122478     0.139836     0.190628     0.359891     0.385262  -0.00639311     0.057424    0.0843409      0.18835    -0.186996   -0.0830937     0.260476     0.369618    0.0307304     -0.27378
  -0.0853002     0.112691     0.387515   -0.0349261     0.240856    0.0587684     0.469522    0.0666439    0.0865036     0.122542    -0.272939     0.457663     0.442683     0.824314     0.464563    -0.108136     0.446086    0.0242892     0.125796     0.141105  0.000938455    -0.204321    -0.502624   -0.0687131    0.0840825     0.190308     0.335608      0.21585    -0.319168    -0.205195    -0.238338     0.254791
    0.287829     0.390067     0.405767    0.0760248    -0.533457   -0.0136364    -0.596691     0.145922     0.130926    -0.119132    0.0118129     0.180062    0.0190852    0.0444451    0.0727418     0.289036     0.249687     0.449555   -0.0946762     0.291483    0.0582972   -0.0858605   -0.0843699    -0.235069     0.164434    -0.150767    -0.105819    -0.209374   -0.0982366    0.0257231    -0.138442      0.56529
    0.170624     0.556975    -0.213468    -0.101121     0.204014    -0.171656     0.164903   -0.0910245     0.386742      0.32568    0.0947849    -0.147051      1.08264    -0.479969   0.00562905     0.124378    -0.410725    -0.127971    -0.392172     0.188431     0.595406     0.329677    -0.109994   -0.0372506      1.12321     0.562772    -0.333191     0.183598     0.168959       0.8872    0.0950387     0.237767
  -0.0858616     0.172801    -0.312442   -0.0898114    0.0600847     0.107636   -0.0509638     0.460692     0.151904    -0.238761    -0.242622   -0.0330898    -0.177973   -0.0876074     0.197339    -0.237206    -0.199355    -0.485125   -0.0944973  -0.00428945    -0.301411    0.0507583     -0.22413   -0.0059096    -0.214626    -0.350112     -0.27748    -0.137585    -0.251894    -0.310307    0.0731061    -0.106031
   -0.220377     0.286316     0.119579    0.0811297     0.288866    0.0606511   0.00181263    -0.349952     -0.31235     0.108547     0.159137     0.171484      0.20031    0.0018455     0.160403   0.00879132    0.0528214     0.396625    -0.183255    0.0321548     0.292835     0.271301    0.0379063     0.346006    0.0319091   -0.0222882    0.0132276    -0.167135    -0.296889   -0.0173195   -0.0648002    -0.117215
   -0.128302     0.390528     0.660745   -0.0337947    -0.148784    -0.172546    0.0825346    -0.121315    0.0554769    0.0957787   -0.0331024    -0.130272    -0.219888    -0.182737   -0.0824843      0.26285    -0.104165     0.142622     0.702435    0.0207331    0.0654863    0.0505375     -0.28603    0.0435029   0.00958779    0.0505259    0.0316458     0.168388     0.053374    -0.434652    -0.366755     0.255285
  -0.0889197     0.106566    -0.108283    -0.506349   -0.0369088    -0.103864     0.199725     -0.12492    -0.136965    -0.348374    0.0370459    -0.341995    -0.238982     0.586974     0.413638     0.530964     0.128431   -0.0424721    -0.356881    -0.324467    -0.191086    -0.402183     0.157756    0.0342312    -0.303802    -0.070227     0.581391     0.683853  -0.00946158     0.193126    -0.420325     0.285809
    0.255853     0.131317     0.371246   -0.0999252   0.00309078    -0.140532    0.0639189    -0.169576    -0.270933    0.0915111    -0.121681     0.129227    0.0691139    -0.396745    0.0613712     0.100753     0.198693    0.0530827     0.204726      0.34747    -0.190066     -0.22758    -0.150965    -0.324905    0.0481852    -0.216806     0.275509     0.227809    -0.115903    -0.216489   -0.0822795    0.0311682
  -0.0829116    0.0477831     0.301645     0.194293    -0.289643     0.218287   -0.0734964     0.187818    -0.118529     0.054262   -0.0539323     0.352792   -0.0483041    -0.142075    -0.178346   -0.0616843     0.287716     0.169492    0.0802766    -0.020408   -0.0334495     0.153209    0.0755822     0.219104    0.0570392    0.0873444     0.142081    -0.176493   -0.0898537    -0.252521   -0.0937041      0.38315
     0.30454   -0.0339586     0.127601    -0.217632    -0.217662      0.48701    0.0404404    -0.106488    -0.116987    -0.112584   -0.0284804     0.304787   -0.0132297    0.0338071    -0.365253    0.0776688   -0.0110769     0.535935   -0.0071989     0.136407     -0.15213     0.428968    -0.345554     0.319171     0.122056     0.210991     0.188841     0.109608    -0.295437    -0.277768   -0.0362753   -0.0568903
   -0.037302    -0.239507    -0.113974    -0.147732    -0.234943    -0.125822    -0.119465   -0.0351725     -0.11368    -0.062203     -0.11093     0.498579   -0.0335925     0.112276     0.435419   -0.0632704     0.224761    -0.187976    -0.530964    -0.141596    -0.206965     0.330536   -0.0687062    0.0587792    -0.132119    0.0380965     0.221886   -0.0426947    -0.406006    0.0895469     0.173098   -0.0724344
   -0.583156     0.612132    -0.062081     0.321035    0.0287384     0.028573     0.141342     0.198816     -0.12671    -0.113875   -0.0552478    -0.225173    0.0665852     0.438174    -0.414333    -0.249761     0.295688    -0.258198     0.507064     0.449347    -0.170734    -0.201752     0.106429   -0.0348536     0.354201    -0.343933     0.145534    -0.108199     0.414386     0.384359    -0.181828    -0.224126
   -0.159898    0.0139047     0.172545    0.0871149    -0.042656    0.0359621    -0.137599     0.210518     0.233979    -0.226387    -0.209136    -0.156782    0.0580907    0.0895566    -0.168645     -0.21972   -0.0973884   -0.0355499    0.0674459     0.112054    -0.257594     0.325406       0.1309    -0.242913    0.0702239    -0.127961     0.150602     0.126761    -0.147066    -0.122527    0.0753499     0.310915
   0.0731451     0.168918     0.359429     0.276244   -0.0454242    0.0841969     -0.25569   -0.0779201     0.143814    -0.140052      0.10232   0.00796953   -0.0284243     0.164778   -0.0219909      0.28267  -0.00999581    0.0681281    -0.232156    0.0400568    0.0275017     0.115296     0.164645    -0.168756    -0.172293   -0.0544568   -0.0580572    -0.140955    0.0919958    -0.231984    0.0934211     0.108832
   -0.121691   0.00948413   -0.0302093     0.343177    -0.260444    0.0975351    -0.158315     0.366187    -0.114181     -0.38238  -0.00579805     0.041204     0.235534   -0.0671998     0.031006     0.196228    -0.122139     0.234333     -0.49061     -0.21708    -0.230958     0.271871    -0.274017    -0.217018    -0.186033    -0.081074    -0.431461   -0.0280796    -0.117757    -0.312618    -0.287899   -0.0832329
  -0.0686642    -0.347497    0.0104137    -0.107758   -0.0297743   -0.0338014    -0.109029    0.0315047    -0.264619    -0.104501     -0.25322     0.122698    -0.327186      0.15012   -0.0140627     0.132962   -0.0655883   -0.0623738     0.278376    -0.088192     0.147264     0.445148    -0.148142     0.115075    -0.173276   -0.0464676      0.02663      0.14279   -0.0182247     0.120815    -0.306815    0.0273967
    0.183024    -0.175998    -0.149447   0.00955301     0.215174    0.0842524     0.012101      0.36424     0.105263    0.0225166   -0.0960355      0.32456    -0.107047     0.301312     -0.18289    0.0404917    -0.230337     0.569899     0.107026    0.0274153    -0.452291     0.163141     -0.19845   -0.0267329     0.648357      0.43172    -0.128235     -0.32032    0.0721768    -0.205143      -0.2235   -0.0596339
   -0.118299    0.0492438    -0.298075    -0.157946   -0.0877311   -0.0952152     0.263934    -0.395797     0.231236    -0.198257     0.132991    0.0628855    -0.114746    -0.147525    -0.252615     0.150138    -0.151796    -0.133582    0.0210801    0.0131998      0.33005    -0.188749   -0.0105554    -0.405979  -0.00290311   -0.0308394    0.0538382     0.583742    -0.190149     0.467842   -0.0911189    -0.209557
   -0.563876      0.14823    -0.367213   -0.0318154     0.243658     0.214811     -0.15827     0.437751     0.277059    -0.266371      0.11363    -0.158061    -0.406825      1.12835     0.121362     0.355349    -0.120784     0.591718     0.170513    0.0538046   -0.0107027     0.141526    -0.233633     0.127431    -0.231812    -0.431476   -0.0190096     0.374051     0.380361   -0.0465516    -0.676685     0.181049
    0.026679    0.0111055   -0.0897114     0.125397    -0.169679    -0.320264   -0.0663062   -0.0509183    -0.309431    0.0673351     0.468287     0.189265     0.579401     0.434118     0.217181   -0.0891681     0.377596    -0.065105    -0.117802     0.486992    0.0431234    -0.361194     0.415199     -0.37057     0.313408     -0.38196    -0.331993    -0.121731     0.149351    -0.044537    -0.296321    -0.203479
   -0.305827      0.32799    -0.110864     0.092022      0.20239     0.168439    0.0562839    -0.175036    -0.515901   -0.0869927     0.295533   -0.0931156     0.237922     0.141893    0.0886516     0.172829     0.388744    -0.373944   -0.0754333     0.299878     0.182079    -0.142176    0.0323416   -0.0050441     0.141016    -0.198805   -0.0433771    -0.163361     0.208368  3.45767e-05    0.0821718    -0.130056
  -0.0831167     0.019868    0.0363828    -0.146473     0.392006     0.466228     0.153836     0.116001     0.444426     0.226268   -0.0874477     0.158644     0.333343    -0.166903    -0.399569    -0.101198    -0.279068  -0.00480961    -0.329346     0.296724     0.238245     0.400554   0.00446331    0.0766577     0.566623     0.149188    -0.428603    -0.435946    -0.644212    0.0299568     0.104823     0.296915
   -0.145996     0.313902    -0.391763    -0.271956    -0.201974    -0.367578     0.376379    -0.484457     0.141752    -0.016174   -0.0443691    0.0674143    -0.152405     0.342947    -0.350764     0.140532     0.500037   -0.0197454     -0.60088    -0.231772    -0.102483     0.127864  -0.00911126    -0.111028    -0.479714    -0.147858    0.0851788     0.368511    -0.253343     0.307694   -0.0371576    -0.058869
   -0.195677     -0.26955    -0.114735     0.193834    -0.185211    -0.483342   -0.0269685     0.364989     0.393616    0.0141221     0.046312     0.360159    0.0104556     0.175386    0.0996396     0.243953     0.123458   -0.0198234    -0.310553    -0.379849    -0.481485     0.153993      0.17076     0.139503    0.0571999      0.17367     -0.29001    -0.298733    -0.265511     0.165717   -0.0641224    0.0226968
   0.0512168  0.000607947     0.438105    -0.104635   -0.0621293    -0.033279    0.0653293    0.0534185     -0.21002    -0.206007     0.246947    -0.317079    -0.297735     0.493842     0.367103     0.305485    -0.109516  0.000830796    -0.538777     0.259151   -0.0252793    -0.122355     0.491868     0.340793     0.454856    0.0832494   -0.0247001     0.209769     0.328799   -0.0162499    -0.419183    0.0646323
   -0.507673     0.107343    -0.198601     0.106221     0.360359    0.0696682    -0.132669     0.218295     0.271699    -0.217729    -0.428369    -0.131837     0.112183    -0.512894     0.258794    -0.151967     0.231583    -0.487046     -0.08751     0.283389   -0.0561885     0.285688   -0.0847861    -0.144296    -0.776798     0.387331     0.650108   -0.0959993     0.244046    -0.195807     0.586213    0.0590536
    0.728592     0.438858     -0.16363    -0.672776   -0.0751438      0.31236     0.428903    0.0725381     0.389357     0.298247    -0.191033      -0.2196     0.878324     0.065326    -0.140987    -0.425614    -0.328984     0.388321     -0.71237     0.229445   -0.0382333     0.213634   -0.0337107   -0.0867035      1.52546     0.236236    -0.295462     0.255407    -0.454109     0.176759     0.227368    -0.477697
   0.0557004    0.0761581  -0.00420741     0.176496    0.0267717   -0.0383767    -0.208091    -0.341271    -0.136501    0.0908047   -0.0484696     0.209947    -0.125779     0.111969     0.129931     0.121645    0.0241553     0.191374   -0.0029507    -0.095846   -0.0588915    0.0544442    -0.298947    -0.383306    -0.332505    -0.170184   0.00223247     0.366434   -0.0286305    0.0806238    0.0767312    -0.243747
   0.0960132    0.0972229    0.0110045    -0.118071    -0.321283    -0.198132   -0.0633449    0.0459986    -0.109205    0.0189019   -0.0176333  -0.00985877   -0.0913251    -0.160296      0.29844   -0.0131513     0.245219   0.00573184    -0.433725     0.238221     0.119819      0.16574    -0.109598    0.0823943   -0.0987911   -0.0971265    -0.260676    -0.216549     0.138049    0.0163658     0.121986    -0.232834
   -0.125634    -0.163046    -0.328105   -0.0891405    -0.493602    -0.248457     0.244359    -0.129054     0.186979     0.505825    0.0247155     0.121638     0.429707  -0.00875676    0.0582328    -0.433351    -0.322637    -0.260279     0.149685    -0.374272    -0.101541    -0.277222   -0.0149256    -0.433886     0.187835    -0.113931    -0.052106    -0.469958    -0.292275     0.560277    0.0775337     0.124447
   -0.246825   -0.0467724     0.109875     0.161161    -0.158921    0.0925854    -0.362342      0.68146     0.481349   -0.0585146    -0.132658     0.119551     0.211546     0.134434   -0.0422145    -0.218701    -0.185856    -0.174579     -0.23868     0.249307    -0.420551     0.237165   -0.0405868    0.0587862    -0.144448    0.0337617    0.0964607    -0.153673    -0.105755    -0.170522    0.0227804   -0.0239085
    -0.20938    -0.221495   -0.0975383     0.168586    -0.165718    -0.339056    -0.196048     0.207218   -0.0404086   -0.0585737    -0.278297    0.0415806   -0.0351571     0.151269    0.0256685     0.119939     0.270923    0.0128837    0.0659865     0.328479    -0.106395      0.12924     0.270682    -0.143953    -0.107958    0.0599116     0.355042    -0.592403    0.0249127   -0.0714524    0.0243154   -0.0608448
   -0.136034    -0.548448    0.0769806   -0.0705943   -0.0591781  -0.00877459     0.211208    -0.294839    0.0960798     0.187471     0.146385     0.142415     -0.16195    -0.225092    -0.140475    -0.230237    0.0659878     0.061677    -0.189054    0.0805977     0.118231     0.215669      0.20286     0.229035    -0.149416   -0.0442814    -0.101277     0.183688    -0.235567    0.0298932   -0.0430619     0.179626
   -0.509654   -0.0420351     0.170919     0.188404    -0.445085    -0.377224   -0.0698151     0.160024      0.36558    -0.179877    -0.145356    0.0172547    -0.453505     0.150302     0.337537      0.18136     0.201658    0.0162471   -0.0670169     0.175227    -0.162506     0.111757     0.348806    0.0935764   -0.0354961    -0.471915   -0.0290114     0.155068    0.0648679   -0.0097631   -0.0583878   -0.0258683
    0.133405       0.2392     0.174011     0.176715    0.0271098    -0.188838     -0.17249    -0.256297   -0.0404883      0.29288    -0.156217    -0.270737    -0.111848  -0.00667501     0.287911     0.170166    -0.114553    -0.290536    -0.247948    -0.185035    -0.224093    -0.124226     0.309247    -0.621395    -0.300165    -0.149447     -0.17644     0.211017   -0.0685549    0.0213796     0.176482    0.0758793
   0.0845434     0.380445     -0.12475     0.375097   -0.0833777   -0.0106655    -0.180196     0.473438   -0.0356066     0.141384    -0.211597    -0.121723    -0.139063    -0.323129    0.0559069     0.334632    -0.443014     0.183893    -0.216143    -0.138866    -0.474223      0.24724     0.297576   -0.0463938    0.0384775     0.122543     0.051496    -0.106279    0.0619185  -0.00858155    -0.403225    -0.152784
   -0.126913    -0.218831     0.488831    0.0666943     0.213146     0.102862    -0.248437   -0.0655777   -0.0720926    -0.045282     0.269721   -0.0829023    -0.235002    -0.108356    0.0701651    0.0974029     0.331424   -0.0805779     0.271122     0.135436     0.116302    -0.264626    -0.183156   -0.0882389    -0.160072    -0.101422  -0.00277221    0.0455771     0.029074    -0.248377    -0.326396    -0.113642
   -0.204589      0.13139     0.168572   -0.0134764      -0.1772    -0.134365  -0.00784518     0.373165    0.0769271    -0.208677    0.0982635     0.168418    -0.119714    -0.303211    -0.130115     0.105663   -0.0773918     0.379809    -0.120681     0.163585     0.269455   -0.0773818     0.320661   -0.0624804   -0.0846669     0.072471     0.259314    -0.126295    -0.141935     0.125238     0.341883     -0.14044
   -0.851544    -0.103037    -0.147029     0.358918    -0.219494     -1.28657   -0.0479867    -0.418441    -0.253407     0.640196     0.179146     0.557481    -0.332517    0.0249442     0.587489     0.172279   -0.0930451    0.0740421     0.351542     0.431822     0.405383    -0.283316     0.130438    -0.337951    -0.574358    -0.503996   -0.0728633    -0.628229     0.165276    0.0139608     0.234135    -0.201327
  -0.0604447     0.209359      0.21128   -0.0382383    -0.327237   -0.0778953    -0.114135     0.229308     0.202884     -0.11501     -0.18358    -0.045918     0.226537    -0.280062   -0.0964972    -0.326079   -0.0473385    0.0823977     0.163059   -0.0427867   -0.0712014     0.179469     0.186137    0.0509751    -0.033364     0.172036    -0.140894    -0.246647    -0.047053    0.0622244    0.0783271    -0.206442
   -0.695608   -0.0475411     0.206477     -0.46654     0.453248    -0.149744     0.398423     -0.88392    0.0379882     0.139748     0.112959    -0.151729     0.191268   -0.0552761    -0.575418    -0.409874     0.366201     -0.13108   -0.0664124     0.196473     0.375095    -0.361714    -0.183152    -0.340462    -0.249333    -0.381302     -0.01906   -0.0358224     0.120515     0.606643     0.184823   -0.0656871
   -0.255686    -0.483526    -0.309714    -0.332999     0.152547     0.144203     0.178556   -0.0535893     -0.13601     0.467965   -0.0681458     0.385922   -0.0525847     0.530143   0.00473955     0.228586    0.0892135     0.219745    0.0553362    -0.289243    -0.196396     0.117455      0.11007    -0.219182    -0.162444    -0.517111     0.268258    0.0624471    0.0753321     0.160377    -0.122379    -0.257146
  -0.0332625     0.012701    -0.135989     0.107461     0.105815   -0.0634219     0.012648     0.226692     0.235988     0.153786    -0.243456     0.353232    -0.496065     0.124937     0.151574     0.353087     0.313682   -0.0472895    -0.135706    0.0713398    -0.221176     0.376592     0.174783    0.0244061    0.0748924   -0.0282564     0.357145    -0.368475   -0.0483046   -0.0620714     0.081531    0.0326025
    0.422477     0.288912    -0.180001   -0.0536651     0.245836    -0.183442    -0.105586    -0.310169     -0.13993   -0.0286796   -0.0735863    -0.115193    0.0621695     -0.18273     0.023591    -0.313911     0.119065    0.0591189      0.14907    -0.380918   -0.0710428     -0.24215     0.625313    -0.199258    -0.292831   -0.0937977     0.208795     0.134072     0.491473     0.155702   -0.0345098     0.764476
   -0.598349     0.395151    0.0261493    -0.290733    0.0280205    -0.043318     0.261342     0.331621   -0.0229168   0.00941376     0.127787    0.0212727   0.00243031      0.50755    -0.100133    -0.261401    0.0403839    -0.158684    -0.628441    0.0673742     0.528443     0.461385   -0.0027866    0.0713133   -0.0541617      -0.1238    -0.113044    -0.511586    -0.212006      0.33934     0.279602    -0.153556
   0.0213927    0.0463327   -0.0440336     0.335189    -0.140894     0.193222     0.108491  -0.00414896   -0.0623671    -0.466954     0.195291      0.11237     -0.39001    0.0908187     0.229033    -0.162791    -0.178392     0.139038    -0.423787     0.361197     0.200074     0.304562    0.0145559     0.172162     0.105287   -0.0466273     -0.46366    -0.194702   -0.0667431     0.396058    -0.284467     0.302393
   -0.240229     0.426644    -0.145986    -0.328495     0.247209    0.0771849   -0.0346613   -0.0807889   -0.0990862    0.0670758   -0.0317448    -0.280324     0.397665   -0.0643745   -0.0978342       0.3433     0.380777     -0.24865    -0.415816    0.0351988     0.406978     0.211702     0.312501    0.0102542     0.170644    -0.353349    -0.162255     0.130217  -0.00712048     0.120617    0.0875034     0.409936
    0.449611     0.193972      0.53131     0.102433     0.448368    -0.122893    -0.189419     0.114495     0.172505  -0.00754362    0.0674225    0.0186263     0.349979    0.0825822   -0.0274121    -0.378221     0.188959    0.0548064    -0.146514    -0.100371   -0.0574896     0.213841    -0.241205    -0.309559   -0.0977307   0.00016473    0.0978925   -0.0884996    0.0689861   -0.0589548   -0.0497955     0.215387
   -0.293504    -0.595667    -0.285949    -0.497185     0.305562     0.229791     0.501464    -0.314105      0.39596     0.231788     0.173922     0.100545    0.0662693    -0.140257    -0.144839     0.411027    0.0683087    -0.115458    0.0313949   -0.0743873     0.381015    -0.365365     -0.12025   -0.0908591     0.443046    -0.408742   -0.0142178     0.280413    -0.291878     0.217898     0.656341    -0.508717
   -0.169787    -0.114078     0.057224    0.0580197   -0.0825663   -0.0610693   0.00218608     0.212032     0.419069   -0.0564432   -0.0408373   -0.0162126    -0.341784    0.0383729     0.279488    0.0806486    -0.136682    -0.115054     0.173454     0.119679    0.0731859    -0.166412    0.0958777   -0.0632088    -0.169175     0.247168    -0.112446   -0.0851715    0.0722246   -0.0367433     0.292105    -0.244693
   -0.139328    -0.116723   -0.0309879    0.0709925    -0.118411    -0.265944     0.174548     0.016261    0.0687346    0.0148894    0.0942154    -0.162699    -0.320209    0.0466992     0.270597    -0.222013    0.0669671     0.452739    0.0253582     0.106895     0.332321    -0.127602     0.231172    -0.350343    -0.268234    -0.121262    0.0411266    -0.119013    -0.110297     -0.10379     0.210817   -0.0523259
   0.0544976   -0.0955826     0.125218     0.521933     0.513967     0.232363    -0.734269     0.144375     -0.26191    -0.512588     0.495079   -0.0418869      -0.3429     0.790394     0.179808     0.147251     0.318776     0.610783    -0.254845   0.00285226     0.394079    -0.259672     0.128974     0.501928     0.375734     0.636525     -0.22928     0.696573    -0.178836     0.102982     -0.66331     0.341197
   -0.159531     0.118913     0.180143   -0.0107206     0.138962    -0.313999     0.371623    -0.297618     0.545529    -0.486411     -0.16767     0.405672    -0.278855     0.767339    -0.242566     0.237778    -0.367256     0.433431   -0.0645185    -0.305505     0.140273    -0.235729     0.378027     0.248761    0.0253723     -0.31623     0.206396     0.327166    -0.255755     0.876766   -0.0590096      0.27275
   -0.450682    -0.266243    -0.189885    0.0208674    -0.181308   -0.0307541   -0.0421076     0.289402   -0.0949398     0.123512     0.170008    0.0449082     0.167804    0.0732043     0.238726    0.0629909   -0.0691861     0.182975    -0.478121     0.336019    0.0271202   0.00580325      0.75571     -0.36767    0.0451203    0.0299292    0.0861427     0.307224     0.496371    -0.196408    -0.117176     0.334431
  -0.0768643    -0.214427    -0.595124    -0.339105    -0.279536    -0.102095   -0.0859958    -0.454612     0.334158    0.0326663     0.305873     0.194698    -0.326688   -0.0608025     0.148163     0.442347     0.216081     0.361297    -0.125823     -0.18482    0.0958162    -0.299995    -0.163752    -0.163697    0.0786383    -0.462186    0.0879115    -0.155149    0.0909064      0.12954    -0.212039    -0.404058
 -0.00894259   -0.0857804    -0.336706    -0.262996    -0.150866   -0.0216704       0.1934    0.0401299   -0.0608256    -0.126874     0.231517    -0.643424      0.11278      0.20493     0.382022    -0.406718    -0.137979    -0.188175    -0.247129     0.504707     0.314397    -0.105922    -0.105403     0.140208    -0.881373     0.574332     0.540774   -0.0121578     -0.16181     0.758965    -0.353194    -0.726599
   0.0404289     0.127698     -0.17433    0.0898587    -0.305174    -0.151647     0.344079    0.0774408     0.227086    -0.107121      0.14856     0.211283    -0.175196    -0.290169   -0.0208015    -0.298412    -0.261397     0.121051    -0.189552    0.0310823    -0.273244     0.307378     0.403566   -0.0119028    -0.241946   -0.0708977  -0.00366416    -0.292536     0.282065     0.105757   -0.0607436    -0.396813
   -0.189637    -0.196985     0.137264    -0.101741   -0.0152607    -0.124819    -0.113217    -0.275002     0.209994   -0.0680097    -0.213768    -0.278988     0.202314    0.0531811    -0.220615     0.285536     0.144406    -0.114156   -0.0856594    0.0675723     0.225133    -0.069436   -0.0154056    -0.335272   0.00989883      -0.1104    -0.228258    0.0976682     0.198334    -0.103995    -0.198026     0.117012
  -0.0656075     0.331395    -0.419597    -0.223872    -0.209795      0.14733    0.0560742   -0.0513772    0.0536079    -0.722625     0.198808   -0.0545258    -0.537858     0.211829   -0.0155609    -0.426116    -0.213318    -0.359233     0.173267    -0.409678   -0.0718873    -0.378951     0.227309    -0.555846    -0.291674     0.152982      0.14386       0.4673     0.469386    -0.106907    -0.219552     0.172911
    0.295446    -0.427914    -0.201359    0.0145952   -0.0377885    -0.415272    -0.208111   -0.0670099    -0.192163    -0.138676   -0.0991237   -0.0426872    0.0640581    -0.184368    0.0515203    0.0791197     -0.22687     0.296936    0.0375632    -0.204239     0.147456   -0.0670714    -0.096831     0.195395     0.138408     0.102536    -0.148392   0.00524526     0.258012   -0.0352026      0.14783    -0.108919
   -0.213001     0.106831     0.086805    -0.157252   -0.0531936      0.24076     0.114322   -0.0631137    0.0759513   -0.0925648     0.141513     0.417444   -0.0113033     0.183219   -0.0897387   -0.0142503     0.290569    0.0711561    -0.190448     0.351955    0.0212553    -0.139891     0.123106    -0.239057    -0.239982   -0.0869537    -0.371563    -0.265678     0.083574    -0.175748    -0.187767    0.0954811
    0.103077     0.835739    -0.556096     -0.02796   -0.0803557    -0.462029     0.792493    0.0532031     0.334373   -0.0273084    -0.320898    -0.116823    -0.315168   -0.0645813   -0.0444792     -0.17076   0.00836052     0.315699    -0.560138   -0.0903366    0.0103246     0.286396    -0.557019     0.163728     0.249865     -0.27658     0.483395     0.261913    -0.245089     0.794946    -0.215545    0.0751927
  -0.0121244     0.230005    -0.114655   -0.0770611    -0.435634   -0.0967933    0.0652411     0.240328    -0.234792    -0.116597     0.127281    -0.193395    -0.216722    0.0163986   -0.0114464   -0.0574854    -0.167334     -0.10632     0.327899   -0.0669982    -0.133014    0.0131662     0.378819    -0.154312    -0.101865    0.0200353     0.167526    -0.438641     0.603961      0.35327    0.0228579     0.202393
  0.00614184    0.0385246      0.33663    -0.369287    -0.441212    -0.129388    -0.336304    -0.345564     0.394921    -0.542344    -0.324139    0.0995187    -0.227919     0.112932     -0.35859    0.0571082    -0.305624     0.604854     0.173658    -0.083898    -0.105683   -0.0110814     0.356999    -0.155069     0.168857   -0.0215787     0.631967      0.23086    0.0402959    -0.363822     0.060192     0.100914
   -0.272915   -0.0583133    -0.353058   -0.0325572    -0.330085    -0.327056    -0.191066     0.217443     0.198907     -0.39518    0.0369491   -0.0635183    -0.594875    -0.146684    -0.567313     0.209706    -0.230141   -0.0786214    -0.146504    -0.465977    -0.243195   -0.0143117     0.414343     0.329139     0.166128    -0.183725     0.302695    -0.145456     0.127196     0.411128  -0.00119742     0.290819
   -0.235964     0.496387    -0.150583    -0.154458   -0.0118095    -0.193836     0.507219      -0.1258     0.282393    -0.134695   -0.0381783    -0.160252    -0.176033     0.269481    0.0322425     -0.35314    -0.431787     0.317409     -0.19468   -0.0727659   -0.0890647   -0.0898596    -0.483323     0.386985      0.13908    -0.309008    0.0638975    -0.138502   -0.0739429    0.0913148   -0.0779138    0.0496919
   -0.308874    -0.303395    -0.276036     -0.30867    -0.121973    -0.157383     0.185744     0.475767   -0.0603365     0.118223    -0.182836    -0.136671     0.139261    0.0723408    -0.137163     0.154158   -0.0832057    -0.184278    -0.428061      0.12586     -0.19338     0.132672    -0.331645   -0.0336392    0.0821639     0.228287   0.00286192    -0.427417    -0.211055     0.518585   -0.0990887     0.152136
    0.128147     0.246123    -0.468395     -0.24732     -0.15202    -0.230654   -0.0592842    -0.448634      0.23036     0.166153     0.201251    0.0684342    -0.277746      0.20768   -0.0587583     0.557191     0.169662      0.28857      0.12411   -0.0593594    -0.407406    -0.290271     0.735282     -0.30942     0.220884    -0.713537    0.0199335     0.219572     0.427223     0.248352    -0.669933     0.334486
    0.188187     0.280388   -0.0803725   -0.0866802     0.276939    -0.179167    -0.177312    -0.226797    -0.171901    -0.302109    -0.144262     0.241336     0.185085   -0.0411914    0.0132526     0.103223     0.166428      0.14891    -0.151108     0.145524  -0.00865546     0.048583    0.0437528    -0.309362   -0.0270767    -0.158705     0.264083     0.383157     0.236515     0.348192    -0.264398     0.229405
   0.0546281     0.209732    -0.221819   -0.0605547     0.417689      0.11108   -0.0711497  -0.00410329     0.133997    -0.105068    0.0199184      0.11896    -0.341266     0.181344     0.200805    -0.298258   -0.0132764    -0.193934      0.15719  -0.00408942     0.173335     0.142745    -0.205367     0.181538    0.0355485     0.332496      0.28176    0.0602559      0.08866   -0.0583744    -0.342965    -0.196552
   -0.207574    -0.210857   -0.0862722     0.289446     0.207102    -0.307269   -0.0523866    -0.217446     0.161406     0.063797    -0.177843     0.308432     0.152068    -0.328166      0.16448     -0.15088    0.0232492     0.244332    -0.115402     0.133815     0.166486     -0.17653      0.36445     -0.52902     0.286116    -0.174928    -0.085279     0.180949     0.217957     0.277258     0.281282     0.161618
    0.139956    -0.250152     0.275646     0.203116    -0.288953   -0.0614613      0.10526     0.299045     0.122272    -0.444881     0.229661   -0.0101297   -0.0929172    -0.308489  -0.00436936    -0.191148     0.366591    -0.260525     0.353563    0.0292469    -0.382512     0.476258     0.109981   -0.0766501     0.140657     0.120852     0.275705     0.108869    0.0537377    0.0517518    -0.241962     0.187469
   0.0735553     -0.12934     0.313872    0.0646737    -0.196026     0.329283   -0.0564783     -0.24239   -0.0567114    0.0284934    0.0435736     0.575893    -0.441013     0.940452     0.158947      0.21327     -0.17249     0.637693    -0.260964    -0.403551     0.110607    0.0678366    -0.200776    -0.368107    -0.118029   -0.0790945   -0.0145733    -0.183503    -0.483077    -0.222591    0.0249363    -0.175455
    0.183332   0.00246276     0.452609   -0.0787722     -0.14968   -0.0459457   -0.0152817     0.287606    0.0794616     0.125748    -0.123422      0.38108    -0.188027    0.0310875     0.157107     0.348246    -0.244702   -0.0182764    -0.213349     0.068589     0.130651     0.143781    -0.442375     0.388171   -0.0408942    -0.118297      0.10643    -0.014839    -0.321557    -0.164401    -0.155133    -0.287551
    0.333777    -0.335073    -0.278265     0.380025    0.0515641     0.132568    -0.200046   0.00566425    -0.132145     0.285509     -0.19238    0.0692414     0.107135      0.21991     0.241837    -0.175951   -0.0187412    -0.343224    -0.342746    -0.131819    0.0605861     0.449159    0.0540794     0.310385     0.139977    0.0331087     0.168413    -0.224651    0.0951324    -0.338858     0.156984     0.226704
   0.0496744    -0.132852    -0.429059    -0.079176   0.00195565   -0.0409458     0.441485    -0.176643   -0.0388517    -0.403655     0.139379     0.218089     0.148926    0.0597349    -0.463601     -0.28794    -0.156288    -0.103276   -0.0700559    -0.299164    -0.194466     0.163774     0.214121    0.0434959     0.377093    0.0151089    -0.048851   -0.0161408    -0.228105    0.0911737     0.324856  -0.00855229
   -0.347077    -0.793677     0.262748   -0.0704772   -0.0498049    -0.711078     -0.57506     0.735455     0.531719    -0.212909     0.168784     0.268794    -0.101978     -0.12153   -0.0802672    0.0468803    -0.392991    -0.238963    -0.165173   -0.0240642    -0.164342     0.228738     -0.12664     0.235092    0.0157929      0.37054     -1.34111    0.0255875     0.573669    -0.235031    0.0416039    -0.416308
   0.0938673   -0.0635542     0.160978     0.122693    -0.211915     0.212422    -0.210762     0.177133     0.120771    0.0301146    0.0358576   -0.0694981    0.0828349    -0.136479   -0.0314382     0.143923    -0.145882     0.157699    -0.352835     0.388889     0.143437    0.0825261     0.181362   -0.0215296     0.297725    -0.288712     0.102872     0.109118     0.134402    -0.061398      0.10061     0.328299
    0.907754    -0.524241    -0.138752   -0.0797858     0.224682    -0.856796    -0.107702     0.125163     0.215189    -0.510979    -0.560621    -0.300271    -0.880491    -0.193303     -1.11712    -0.127976   -0.0993546     0.554641   -0.0121032    -0.613868    0.0642101    0.0699406    -0.651367   -0.0623396    -0.527607   -0.0527515     0.656841     0.582483    -0.227232    -0.272073    -0.190805     0.690727
   -0.351097     -0.24414     -0.16595     0.170179       0.1165    -0.494214     0.270475   -0.0776228   -0.0308105     0.237107    0.0210898    0.0659582    -0.321855    -0.083233    -0.212724    0.0743642     0.268087    0.0664853    -0.213038    -0.584152     0.181416     0.199784     0.725542    -0.219462    -0.127777    0.0420287    -0.110815    0.0235311     0.278823     0.211358    0.0554163     0.127795
   -0.212874     0.110015    0.0146355    0.0306799     0.152183    0.0757671   0.00732201     0.284876    -0.223891    0.0517527    -0.138154   -0.0887507    -0.242198    0.0955312     0.220136     -0.17845    0.0431354    -0.027528     0.363785     0.428232   -0.0042626    0.0526804   -0.0399542     0.181653    -0.010724    -0.317096     0.115652     -0.61711    -0.322161    -0.350055     0.158841   -0.0769406
   -0.237727    -0.148072   -0.0841813   -0.0768002    -0.278204     -0.10782    0.0309376    -0.339016    -0.507269    -0.283023   -0.0100223    -0.176153   -0.0504532    -0.104808    -0.255731   -0.0221275     0.236565     0.362469     0.276139    -0.277041     0.311877   -0.0166327     0.244486     0.020023   -0.0660504    -0.180269    -0.292274     0.296302   -0.0366104   -0.0725383    -0.135283      0.09169
    0.217637   -0.0126204    0.0806658     0.201287      0.25477    -0.454703    -0.223169     0.259995   0.00875839     0.271888     0.120832    0.0682199    0.0509599    -0.272961    -0.105267     0.158898    0.0398314   -0.0973637     0.153869     0.403571      0.15021   -0.0462058    0.0878694      0.12518    -0.228211     0.149099     -0.33765    -0.324828      0.31015    -0.306926     0.104123    -0.112421
    0.077655     0.109313     0.194495     -0.21646    -0.116068     0.308245    -0.126439     0.378073    0.0890655    -0.290328    0.0731757     0.263091     0.441109     0.143273   -0.0566983    -0.102993     0.311561    0.0904978   -0.0360727     0.192832    -0.261656    -0.294172    0.0425537     0.060524     0.127963    0.0971081    -0.360653     0.201711     0.071665   -0.0605659    -0.250292   -0.0424771
   -0.510931    -0.204408     0.265023    -0.217101    0.0310222    -0.112725    -0.270751   -0.0204646    -0.226711   -0.0168992   -0.0427105     0.267519    -0.308954     -0.11392   -0.0380932    0.0353867    0.0596514    -0.112141     0.122661  -0.00315697    0.0625188    -0.260069    0.0342283   -0.0634611     -0.15356    0.0057809    -0.170566     0.189914    -0.372112   -0.0983718     0.165046     0.287604
   -0.113923    -0.424836    0.0771645   -0.0280149     0.199174   -0.0192622    -0.402051    0.0379262    -0.121365    -0.461797    -0.511406    0.0493916    -0.162306     -0.11125     0.170468    -0.187158    0.0703971   -0.0689072     0.432432     0.260039     0.115545    -0.309298    -0.526834   -0.0547859      -0.1842     0.501164     0.482112    -0.126693    -0.497332    -0.234504     0.148066     0.289987
