-0.282136
-0.396792
-0.449731
-0.378928
-0.326469
 -0.31839
-0.722412
-0.436729
-0.248555
-0.504552
 -0.33421
-0.568593
-0.318087
-0.361112
-0.398972
-0.480086
-0.359478
-0.522546
-0.371614
-0.491618
-0.350112
-0.348031
-0.213016
-0.527215
-0.374598
-0.311531
-0.466773
-0.193862
 -0.25358
-0.351492
-0.481036
-0.367137
-0.306419
-0.652334
-0.446816
-0.349077
-0.212843
-0.198394
-0.430507
-0.311969
-0.329828
 -0.22439
-0.235121
-0.249498
-0.420868
-0.546023
-0.301448
-0.186863
 -0.53814
-0.291015
-0.400547
-0.488179
-0.323513
-0.409274
-0.326723
 -0.32906
-0.583942
-0.396092
-0.398542
-0.321882
-0.200942
-0.252047
-0.202697
-0.373382
-0.448958
-0.307461
-0.271579
-0.339355
-0.437061
-0.163375
-0.502159
-0.306122
-0.309773
-0.358246
-0.487909
-0.164391
-0.464102
-0.419204
-0.370845
-0.358809
-0.144824
-0.412658
-0.441489
 -0.43833
-0.359341
-0.330447
-0.383233
-0.604555
-0.417162
 -0.46437
-0.492298
-0.317787
 -0.41099
-0.293244
-0.278623
-0.330682
-0.483134
-0.361746
-0.298612
-0.492205
-0.473317
 -0.32962
-0.447795
-0.238707
-0.411538
-0.387123
-0.221069
-0.507522
-0.322176
-0.406946
-0.234446
-0.348952
-0.332186
-0.556091
-0.268005
 -0.47272
-0.485504
-0.317242
-0.298422
 -0.37624
-0.382951
-0.321386
-0.370736
-0.306296
-0.244998
-0.330901
-0.429497
-0.709095
