  -0.429878
  -0.443324
  -0.531216
   -1.04012
  -0.636751
   -0.91766
  -0.621024
  -0.269054
  -0.429948
  -0.778852
   -1.08005
  -0.842414
  -0.777846
  -0.365712
   -1.41243
  -0.643479
   -0.74798
  -0.736885
  -0.239168
  -0.385701
  -0.665025
   -1.02284
   -1.44683
   -0.43486
  -0.267232
  -0.388678
    -1.2145
  -0.148033
  -0.842158
  -0.433689
  -0.669812
  -0.771037
  -0.734425
  -0.320858
  -0.911377
  -0.435491
  -0.628202
  -0.436512
  -0.460582
  -0.907038
  -0.672489
  -0.437637
   -1.00635
   -1.07726
  -0.396751
  -0.777703
  -0.742704
  -0.145004
  -0.446785
  -0.687815
  -0.513546
  -0.934344
   -0.78312
  -0.631547
  -0.994636
  -0.479067
  -0.294069
  -0.827597
  -0.762172
  -0.263521
  -0.777201
  -0.690865
   -1.30804
   -1.44355
  -0.917759
  -0.888679
  -0.563473
  -0.405886
  -0.513994
  -0.689393
  -0.629632
   -1.79577
  -0.702258
  -0.218359
   -0.64932
  -0.574109
  -0.703483
   -1.08997
  -0.430706
  -0.859484
  -0.577975
  -0.631009
   -0.12523
  -0.699072
  -0.980857
  -0.744341
  -0.641907
    -0.8705
  -0.512505
   -1.34356
  -0.415443
   -1.18187
  -0.643675
  -0.501445
  -0.851827
   -1.33047
    -1.1933
   -1.48788
  -0.936721
  -0.346286
  -0.309422
   -0.34772
    -0.2109
  -0.846048
  -0.629369
  -0.312728
  -0.249841
   -1.06714
   -1.21486
-0.00976528
    -1.1484
   -0.37285
  -0.363797
  -0.269262
   -0.43497
  -0.159462
  -0.596113
  -0.726088
  -0.723343
   -0.42309
  -0.913554
  -0.949208
  -0.867403
  -0.736039
   -0.44848
  -0.897653
  -0.281394
   -0.35283
