   0.154918
-0.00163737
   0.242189
   0.258864
   0.213918
  0.0715267
 -0.0361838
   0.061629
   0.127224
   0.183371
  -0.198519
  -0.138236
   0.157454
-0.00772237
  0.0300582
   0.168811
  -0.260898
  0.0434567
  0.0212737
 -0.0706942
  0.0936466
  0.0104161
  -0.120327
  0.0691002
 -0.0798743
   0.058292
 -0.0258861
  -0.267476
  0.0934575
 -0.0710254
   0.174784
  -0.110493
   0.284362
  0.0282552
0.000181912
  -0.018083
  0.0662844
   0.092004
  -0.139167
  0.0459245
 -0.0050183
 -0.0506177
   0.159528
  -0.176042
  0.0641602
  0.0967321
 -0.0286293
  0.0922953
    0.34186
   0.182335
   0.167817
   0.190046
  -0.199164
   0.228013
  -0.118917
  -0.233574
   0.209664
 -0.0762504
-0.00545454
  -0.111648
  0.0472516
   0.208562
   0.195373
  0.0507775
 -0.0724186
 0.00996465
  -0.148008
 -0.0297826
 -0.0213289
  0.0662724
  0.0165944
 -0.0201858
 -0.0782252
   0.171887
   0.110702
  0.0721349
   0.018736
   0.270398
  0.0886678
  0.0217243
   -0.23346
   0.124198
  -0.278394
  -0.132819
   0.218314
 -0.0881211
   0.153457
  0.0318122
 -0.0725089
  -0.173889
 -0.0391443
  -0.146833
  -0.103676
  0.0652456
  0.0495164
-0.00445581
   0.131514
-0.00122602
  0.0853185
 -0.0940833
  0.0832911
 -0.0495929
   0.140035
 -0.0719282
  -0.085883
 -0.0226998
  -0.164176
  -0.215618
  0.0176842
  0.0548928
   0.111733
  -0.140847
 0.00801551
  -0.281834
   0.242252
  0.0495315
  -0.138772
  -0.188368
 -0.0194091
   0.329597
  -0.247459
  -0.134663
   0.118425
 0.00486222
    0.14584
 -0.0279008
 -0.0629341
  -0.119674
