   -0.337599   -0.0275064   -0.0454545    -0.435307     0.627152     0.119236    0.0296802     0.276848     0.223811     0.198825    -0.152329    -0.387919    -0.130196    -0.186215     0.439471     0.150997    -0.238138     0.190095     0.406882     0.112662    -0.141898    -0.447533     0.120879     0.164265     -0.16869   0.00175604     0.281053      0.12412     0.249108     0.359148     0.141471    -0.320985
     0.01949    -0.181517    -0.108307    0.0797973     0.075882    -0.297967     -0.19137    -0.015519    0.0896766    0.0847657    -0.255305     0.158685     0.059878   -0.0687148     0.187757    0.0560882     -0.11797    -0.185465     0.342687    -0.125552    -0.295232     0.111982    0.0435919    -0.017115    -0.122786     0.375659      0.18307    0.0983216      0.24811    0.0723905    -0.151821     -0.26726
   -0.301173    -0.166202     0.144694     0.246929    0.0782192    -0.149439    -0.050527     0.450086    -0.114326    -0.326018    -0.121278    -0.230883    0.0786434    -0.194362   -0.0967845       0.4323    -0.512027    -0.114783     0.105116     0.186693    -0.122951    -0.051732    -0.130749   0.00681874   -0.0673009   -0.0287502     0.263344    0.0862473    -0.152368     0.303726     0.083315     0.261681
   -0.300161    -0.356983    -0.352346   -0.0123069     0.307741     -0.51965    -0.374651    -0.443156   0.00991054     0.030827    -0.132318   -0.0344611    -0.123143    -0.684488   -0.0141249    0.0551169    -0.488124    -0.109116   0.00824497    -0.358212     0.142806   -0.0943449   -0.0526341     0.293074     0.318173     0.749179   -0.0694402     0.381701   -0.0393934    -0.406034    -0.418836     0.213667
    0.117123     0.204222     0.124014    -0.175357     0.229421    -0.498831    0.0243231     0.108357     0.174185      0.15143     0.194838   0.00263884   -0.0946923   -0.0548555     0.188444     0.214178    -0.275487   -0.0569338     0.323688      0.18882   -0.0381676    -0.303524     0.271847      0.13502     0.143455       0.3607     0.520434     0.265514     0.153592     0.116029    -0.161483   -0.0493072
   -0.280874    -0.273283    0.0958393    -0.186411    -0.203153      0.12439    0.0253406     0.204898    -0.313301    -0.341587    0.0977729     0.207043   -0.0448267    -0.170546  -0.00217422    -0.118811    0.0426349     -0.19052   -0.0088283 -0.000691945    -0.176497    0.0820043     0.170062    0.0355278    0.0317151    0.0619489     0.126813    0.0959089    -0.127158    -0.204325    0.0963703   0.00135725
    0.204061     0.100597    -0.115484    0.0758658    0.0912222     0.204059    -0.041912    -0.133021     0.194279   -0.0276421    0.0861031     -0.17426    -0.274941   -0.0830403   -0.0821132    0.0086035   -0.0446505     -0.37536   -0.0481254    -0.225474    -0.306836     0.250294     0.209273    -0.148854    0.0921468    0.0546164     0.113831    0.0413737     0.128763    -0.134273     0.127847    -0.117092
   0.0793847    -0.150235  -0.00436322    -0.266298     0.227417    0.0982662    0.0566598     0.330133     0.105434     -0.21217    0.0294444    0.0990972      0.24438    0.0714944     0.278924     0.190671   -0.0233548    0.0213125     0.389626    0.0423056    -0.319098     0.184343     0.086448     0.023836    0.0627776     -0.14556     0.078119    -0.243011    -0.148553   0.00918152    -0.157727  -0.00152676
    0.179836     0.232393     0.521267     0.283978      0.33915   -0.0262275    0.0699452    0.0374884     0.430093     0.462847    -0.209864   -0.0760761    -0.116518    -0.325665    -0.162673     0.320645     -0.54879     -0.25948     0.411635     0.041693   -0.0181169    0.0797557     0.194252     0.422786   -0.0190107     0.613252     0.398503     0.210356     0.103975    0.0651952    -0.369548   -0.0606057
   -0.254082    -0.384148    -0.154525    0.0487707     0.168358    -0.152023     0.134324       0.2306   -0.0699623     -0.10137    -0.190053     0.378277    0.0413698     -0.19085     0.222692    -0.145985    -0.170646    0.0723052     0.106621   -0.0379673    -0.202434   -0.0867007    0.0710034     0.185187    -0.125383     0.414386    0.0812238   -0.0191823     0.349392    -0.130169    0.0218018    -0.208449
    0.183191     0.360682   -0.0589649   -0.0872937     0.123421    -0.311613     0.237382   -0.0809988    -0.446432   0.00852281     0.209603     -0.13299  -9.8982e-05   -0.0291797   -0.0867378    0.0364932   -0.0599656    -0.361245    -0.219641     0.139769     0.308113     0.154257   -0.0647042     0.164909    0.0319667    -0.179844     0.592665    -0.180418    0.0217097   -0.0728588   -0.0418143     0.274451
   -0.169223    -0.238786     0.292097    -0.394289     0.277804    -0.693034    -0.275834    -0.162432    -0.472609   -0.0483062     0.338394    -0.488513     0.121673    -0.116933     0.069733   -0.0336802    -0.242733    -0.576043   -0.0968218    -0.404979    0.0615961    -0.353199     0.657196    -0.117677   -0.0991109     0.648218     0.778088     0.234256    0.0451392    -0.352162   -0.0279959     0.562227
    0.109677    0.0119875     0.181538    -0.162258   -0.0625266     0.230289     0.167773    -0.258767    -0.181494     0.018186    0.0446186    0.0737564    0.0289687     0.355234   -0.0251953   -0.0632908   -0.0203539    -0.517524     0.100817     0.376912   -0.0888667   -0.0497598  -0.00907024    0.0933907     0.124452   -0.0350783   -0.0225084    -0.015411    -0.221219    -0.227063    0.0208373      0.13512
    0.091105     0.213874   -0.0568455    0.0845433   -0.0310929    0.0943585     0.148792    0.0592666    -0.146571    0.0385253   0.00481512     -0.12419    0.0686781     0.181294    0.0409153    -0.236849     0.177693      0.35023     0.314943    -0.581491     0.334087    -0.441181      0.23032    -0.419614   -0.0112721    -0.170945    0.0121529    0.0452377    -0.105104     0.155669    0.0398263     0.367133
    0.116766     0.169517     0.278422     0.208327    0.0908998    0.0721612   -0.0665836     0.317777   -0.0489858     0.193451      0.24315    -0.140807   -0.0716346     0.344605     0.280732     0.432835    0.0828763   -0.0177569     0.256765    -0.276352   -0.0945756    -0.189229    0.0209887   -0.0430895    -0.207807     0.185213     0.214943     0.322785     0.345587     0.375808    0.0487022      0.38321
    0.107184     0.348519    -0.188232    -0.186048    -0.174838     0.210605    0.0522413     0.142283     0.357693   -0.0808734  -0.00233063    -0.218101    -0.407904    -0.198447    0.0611866     0.218044   -0.0527594    -0.868906     0.306689   0.00307251      0.02351     -0.22284     0.497857     0.156333     0.273962     0.368964     0.318075     0.122558     0.233956   -0.0312295    -0.218321    -0.260601
  -0.0647629       0.2848     0.657188    -0.395425   -0.0463344     -0.72273    -0.251195     0.283736    -0.327134   -0.0246118     -0.22183     -0.44493   -0.0218008     0.210828     0.309845      0.26269    -0.703657     -0.28982    -0.270867    0.0619004    0.0445311    -0.195007    0.0952943    -0.148517    -0.213334     0.234956     0.555649     0.428057      0.40592    0.0321875    -0.256668     0.253587
 -0.00718042    0.0113787     0.483311    -0.499612    0.0291436    -0.155238    0.0851455    -0.157726     0.174256     0.226762     0.214155   -0.0336885    -0.251409     0.131501     0.189242     0.151594    -0.354368    -0.570342     0.252325     0.285118    0.0543104    0.0814267     0.233295     0.245764    -0.248545     0.455663   -0.0664599     0.204677     0.341988     0.326062    -0.273629    0.0250095
   -0.392362     0.117931    -0.017296    -0.217703    0.0179237     0.224657    0.0483422  0.000296105     0.142756     0.342626     0.131191     0.190835    -0.341006    -0.491033   -0.0431434     0.126706    -0.153456    -0.696573     0.150281     0.101343    -0.199839    -0.157661     0.404816     0.642192     0.377193     0.400087    -0.179413   -0.0339855    -0.034391   -0.0314592     -0.30496    -0.259772
   -0.048083  -0.00810409    -0.491828    -0.580867     0.134567    -0.369913  -0.00955577    0.0165415    -0.190851      0.30175     0.372446     0.167862     0.357269   -0.0756187     0.196655     0.105558   -0.0300095     -0.19137     0.348699    -0.346828     0.122735    -0.310294    0.0668323    -0.403275    -0.308232     0.186462     0.180602     0.252226   -0.0849504    -0.145363   -0.0490952    0.0912787
    -0.14043     0.210899    -0.026645    -0.163598   -0.0592207     -0.20284    -0.216224     0.403918     0.361693     0.122514   -0.0126769    -0.359482     0.302135   -0.0606459     0.191135    0.0439598    0.0272649    -0.336493     0.300145   -0.0602289   -0.0276946   -0.0936191     0.126014  -0.00832168    -0.243312     0.193007    -0.127139      0.43001    -0.278773  -0.00491107    -0.291693    0.0761752
   -0.121343    -0.024547     0.084384     0.146268    0.0760494     0.147091   -0.0756101     0.233785     0.270265    -0.231523   -0.0485564    -0.318759     0.302564   -0.0292902      0.49402    0.0643909    -0.336194     0.152617     0.196552   -0.0314022   -0.0142094    -0.176081     0.130386      0.11233    -0.252484     0.243351     0.195329     0.219932   -0.0684869     0.345986    0.0536114     0.115816
  -0.0173501     -0.15235     0.187024    -0.664241    -0.148778     0.026157   -0.0118043    -0.393706    -0.323325   -0.0945311     0.138788     0.172084     0.144525    -0.195777     0.231397    -0.131151     0.111335   -0.0379929    -0.177406     0.231247   -0.0905952    -0.227616     0.289178     0.236902     0.261747      0.18632     0.255815    -0.413774    0.0331289   -0.0237053    -0.243801     0.358662
   0.0808024      0.09287   -0.0275817    -0.226066      0.29429   -0.0943998    0.0295186   -0.0773334     0.107634    0.0213735      0.19323    0.0414823     0.109164     0.204544     0.375704      0.24698    -0.143437    -0.106816    -0.196846    -0.195627    -0.233412    0.0962858    0.0423373     0.325007     0.222147     0.320504    -0.177927   -0.0491436     0.252009   -0.0756607      -0.2523     -0.25963
  -0.0554588  -0.00468574     0.113542      0.37287     0.190553    -0.284752   -0.0780709     0.243251     0.192455     0.209856     0.153521    -0.169996    -0.183205     0.193926   -0.0570408     0.408108    -0.163769    -0.231936    0.0287556     0.149784    0.0120202    -0.382981     0.319758     0.135783   -0.0145439     0.179493    0.0854669     0.308705    -0.193002    0.0130546    0.0436602    -0.190212
   -0.432284    -0.426048     0.163516    -0.293793     0.211502     0.234663     0.269146     0.214617      0.43246     0.517504   -0.0133826    -0.093057    -0.230455    -0.128732    -0.060459     0.201422   -0.0731646    -0.284782    0.0463227  -0.00791599    -0.744472   -0.0645315    -0.415816   -0.0645167    -0.300936     0.206304     -0.14278     0.118705    -0.325189     0.718743    -0.113906    0.0241662
   0.0378459     0.608468     0.193522    -0.320985    0.0382869     0.176631    -0.192543    0.0317601    -0.218198     0.432246    0.0852546    0.0139743    -0.179634     0.416229   0.00495888    0.0699974     0.266403   -0.0524074    0.0403188    -0.098234     -0.16097    0.0395624     0.205111        0.153    -0.298715   -0.0867218      0.59526     0.106378     0.198712     0.141477   -0.0807876     0.311952
   -0.238784    -0.135643   -0.0787054   -0.0913456     0.204133    0.0499225    0.0363234    -0.143339     0.105212     0.165921    0.0379109    -0.157997   -0.0196351    -0.108491     -0.16903    -0.036997    -0.218948    -0.267213     -0.20862    -0.273858     0.316125     0.113806     0.255568    -0.190547     0.142595     0.508744     0.221683      -0.1005    0.0619578     0.059812   -0.0982194     0.334653
    0.243049  -0.00338051    -0.023166    -0.244789    0.0706706    0.0393073    -0.311643     0.126502     0.155784     0.247892     0.213953     0.227451     0.398645    -0.292627   -0.0978233    -0.199175   -0.0918242   -0.0328991    -0.033735     0.169747    -0.181978    -0.125538     0.130502     0.154694    0.0280229    0.0775972     0.241505   -0.0945356     0.182907    -0.235606   -0.0826143     0.319845
    0.379487    -0.110021   -0.0333422    -0.125041   0.00398057   -0.0908844    0.0362286    -0.550478   -0.0756206    -0.242175    -0.159281    -0.135162    -0.390285     0.303048   -0.0146539     0.215215    -0.223331    -0.108212    -0.310412   0.00411779   -0.0515459     0.329071    -0.176871     0.188279     0.418419    -0.206287     0.210404    0.0467843    -0.163534    -0.501837   -0.0244156     0.350108
   -0.338414    -0.553279     0.216303     0.223698     0.444393    -0.491911      0.21147   -0.0986613     0.136178    -0.156153    -0.177554    -0.328198     0.080477     0.198064     0.236108      0.24456     -0.53894   -0.0987656    -0.205768     0.218175   -0.0532402    0.0600882    -0.195373    -0.111711    -0.121085     0.215736    -0.126597      0.29853     0.394445     0.106682     0.177349   -0.0691208
   -0.128612     0.311338    0.0621077    -0.388347    -0.246422   -0.0814468   -0.0771116    -0.244359    -0.305177     0.165986    -0.207011    0.0930464    0.0613419    -0.130086    -0.255125     0.423941    -0.202359    -0.274566    -0.477862   -0.0338117    -0.323912    0.0669211   -0.0678621    -0.161822     0.148639   -0.0586353   0.00813327    -0.148521     0.219194    0.0374094   -0.0765659     0.436713
  -0.0106676     0.237326    0.0064005    -0.449343     0.216596    0.0562378   -0.0130465 -5.56044e-05     0.619263     0.249043    -0.316407    -0.275003    -0.140331    -0.207617     0.109032   -0.0750602    -0.457265     -0.21518      0.60055  0.000331121    -0.198077    -0.608808     0.323192  0.000899238    0.0724714   -0.0564624    -0.262176      0.29275    -0.101969     0.229158    -0.239486     0.244612
   0.0369469     0.205843     0.045366     0.283939    -0.334259     0.134728    -0.320513     0.108534   -0.0483231    -0.101843     0.268874     0.498231     0.549303    -0.371488     0.357195     0.380475      0.41144   -0.0325574     0.519165    -0.343612    -0.127334    -0.368035   -0.0110066     0.535167     0.191111     0.253714     0.284937   -0.0778694     0.787331     0.175439   0.00831233    -0.135328
   -0.428894     0.463635    -0.128263    -0.156857     0.211643    -0.322179   -0.0165295     0.297909     0.277915     0.248315     0.190869    -0.130847   -0.0281336    -0.229692      -0.1593     0.326209    -0.178616   -0.0707567     0.192393     0.243438     -0.14003    -0.319299    -0.041724     0.286387    -0.259085    0.0245936     0.187178    -0.215404    0.0434432    0.0710576    -0.356464    -0.248238
   -0.179526   0.00242171     0.316377     0.166187   -0.0297013    -0.292494    0.0850743      0.25268  -0.00787958     0.305159     0.281202   -0.0886668     0.144175    0.0684874    0.0176685   -0.0909895   -0.0734839    -0.104479  -0.00249572     0.341666    0.0143449   -0.0480987    0.0230456    -0.100922    0.0209915   3.0989e-05    -0.182527   -0.0665323     0.117338    -0.016029     0.121845    -0.176588
   -0.307624   -0.0369987    -0.129212    -0.318266    -0.113923     0.266525   -0.0906011    0.0859868    -0.179797    -0.181488      0.20618     0.150996    0.0652885    -0.128721    -0.107482     0.273095     -0.28043   -0.0537324   -0.0231587    -0.290964    -0.129196    -0.288073     0.204863    -0.370164   -0.0682221     0.239251     0.110392    -0.443004     0.201581   -0.0228396   -0.0171067    -0.078755
   -0.227687   -0.0837641  -0.00570561    0.0389295     0.349162   -0.0979377    0.0643512   -0.0274504    0.0552645    0.0223575    -0.159642    -0.213475    0.0270242     0.103654     0.347869    -0.210727  -0.00699777    -0.130755    -0.146604    -0.195097     0.313666    -0.117315     0.153866     0.125441     -0.10899   -0.0717755     0.374253     0.106945     0.252271     0.179523    -0.304314     0.158839
   -0.093781    0.0541296   0.00713349    -0.474359   -0.0746458    -0.143386    0.0970286    0.0657996    -0.269301     0.508504     0.596365     0.191346      0.26586    0.0934304    -0.146379     0.423744     0.291174    -0.214687     0.308834    0.0165584    -0.168946    -0.153338   0.00187047    0.0768247      -0.1839    0.0567173    -0.120033     0.167165     0.081003     0.187753    0.0547378   -0.0955775
   -0.261053  0.000312991     0.182646     -0.16911   -0.0801464    -0.157894    -0.225152     0.266316     0.384963    -0.149159     0.184041   -0.0408474    -0.130211    -0.412219    -0.150362      0.29271    -0.359087     0.267286     0.254756    -0.003663     -0.10842  -0.00583768    0.0853433    -0.077417    0.0111453     0.403442    -0.210865   0.00582006     0.223068    0.0661972  -0.00240244    -0.301807
   -0.131702     0.270693     0.277514    -0.191077   -0.0933375    -0.221984    -0.173065    -0.309757     0.106132     0.141013     0.293104   -0.0179988     0.140704     0.239226    0.0775706     0.156439   -0.0162913    -0.300082     0.178155   -0.0903013    0.0220896   -0.0324632  -0.00600138    -0.142874    -0.059635     0.529207     0.024714    -0.305115      0.27668    -0.107202    -0.477234     0.155498
   0.0420818     0.323558    0.0184036   -0.0612845   -0.0780678    -0.127612   -0.0771202    0.0716414    0.0302032     0.109745     0.107918    -0.112959     0.154301    -0.344932   -0.0246848      0.15165    -0.242699    -0.413542     0.106783  -0.00550683    -0.140652     0.198389    0.0631041   -0.0763572    0.0983281     0.159781    -0.179922      0.17094    0.0253519    0.0353237     -0.10719     0.235665
   -0.629779     0.109364     0.180248     -0.73712      0.15463    -0.351166    -0.360782    -0.117358    0.0622588     -0.36145    0.0221142    -0.288953    0.0354998    0.0491185     0.581405     0.196615    -0.146416    -0.538299     0.327682    -0.209424    -0.265877    -0.671763     0.563948   -0.0138949     0.321889     0.739573     0.372956     0.496098     0.592198    -0.123731     0.237008    -0.285778
   -0.255715   -0.0725052   -0.0249226    -0.318892     0.368922   0.00418766    0.0799188    0.0215611   -0.0034982     0.243757    0.0106157    0.0794486   -0.0991064    -0.216681    -0.230611    -0.138986    -0.269608    -0.248181    -0.120538    -0.320476   -0.0392071    -0.138048    0.0716208     0.376858    -0.107398     0.126257     0.246299     -0.32202   0.00213868     -0.19551   -0.0911187     0.136926
   -0.147328   -0.0616415     0.298385    0.0250921     0.244442    -0.262879      0.11642    -0.151943     0.206889   -0.0653329    -0.136719   -0.0797586   -0.0238767    0.0666084     0.417022    0.0305581    -0.336409    0.0848375     0.204373     0.410612   -0.0943528   -0.0177957     0.235248     0.171068     0.228681     0.351984    0.0558152    -0.153606     0.113817    0.0408421     0.135954   -0.0236577
    0.308828     0.151447     0.209324    -0.432084    -0.207604   -0.0796889     0.256854     0.248603    -0.303913    0.0888551    -0.158979    -0.123181    0.0608426    0.0438251     0.213089     0.307429    -0.222508    -0.183391     0.309602    0.0254112   -0.0478971     0.117765     0.283602     0.216761     0.129509    0.0596348       0.2298     0.102234     0.351916    0.0969005    -0.206343     0.291981
   -0.133996    -0.011341  -0.00531366     0.160338     0.545618    -0.344909    -0.193143   -0.0391575   -0.0625093    0.0141887     0.229159    -0.349464    0.0434857    -0.343898     0.628304     0.192066    -0.440685     0.428249     0.295775   -0.0184804    0.0689106    -0.254227   -0.0386242   -0.0572005    -0.136093    0.0471575   0.00986537      0.56873     0.278738    -0.175614   -0.0515274   -0.0400928
    0.734763     0.135372    -0.101169    0.0851071    -0.417566    -0.139148    -0.129862    -0.134215    -0.284259    0.0130638    -0.187276    0.0198242     -0.12755    -0.305244   -0.0439572     0.359227    0.0472077     0.113775     0.224296     0.374053     0.559721   -0.0416731     0.332316    0.0454474     0.120016      0.54098    -0.159372      0.22109    0.0335928     0.117434    -0.307148     0.265715
   -0.107231   -0.0937529      0.37009    -0.175069     0.270827       0.2003     0.010164     0.231202      0.12288    0.0695521      0.16949    -0.230459    0.0414608    -0.100714      0.13601    -0.219713     0.118843     0.276826     0.164414     0.178604    -0.018354    -0.234502     0.205587     0.213935    0.0979924    -0.176411    0.0361638    -0.247512    -0.163065     0.137046    -0.197802    -0.231343
    0.183954      0.22553    0.0930968    -0.240542     0.203811   -0.0645004    0.0661263     0.117105    -0.104616     0.208906     0.142271    -0.156219   -0.0314986    0.0224633    0.0385749   -0.0611073    0.0640226   -0.0751011      0.30576    -0.535933    0.0655179   -0.0802347    0.0707346    -0.099978     -0.34431     0.198827    -0.106351    0.0203434    -0.299242    -0.274515     -0.09348   -0.0612551
    0.132489     0.117768   -0.0734983     0.264189    0.0312429     0.317895    -0.369468      0.32049     0.160714   -0.0660367     0.108703     0.120708   -0.0496284   -0.0876505    -0.204296     0.189646    -0.230965     0.205639     0.130891   -0.0441372    -0.174221   -0.0960085     0.274904     0.182806     -0.26945    0.0620005     0.222505     -0.16224    -0.220038     0.305041    0.0608808    0.0760417
   -0.542718     0.033058     0.297346    -0.298767    0.0288856     0.440373   -0.0234741     0.364258    0.0202784   -0.0390328    0.0118566   -0.0195369      0.45323     0.237487     0.400985    -0.110831    0.0905929    -0.204204    -0.280304     0.244595     0.122907    -0.258337     0.130958     0.147984    -0.258151   0.00413574     0.251286     0.104962      0.25126   -0.0664604   -0.0137437   -0.0468826
   -0.214528    -0.420181    -0.100822   -0.0650321   -0.0474707   -0.0967359       0.4035   -0.0768799    -0.152268      0.13084  -0.00829311    0.0961546     -0.20138    -0.291184      0.11987    -0.208128    0.0813266    -0.124854     0.182954   -0.0943444    -0.256156    -0.155961     0.384501     0.309933      0.13614     0.218766     -0.32509      -0.0717    0.0324941    -0.442755  -0.00268294    -0.377341
    0.183627    0.0770348    -0.319241     0.237047    -0.482313   -0.0777423     0.119714   -0.0538403    -0.106146     -0.19127    -0.183922    0.0427056     -0.21047    -0.213141     0.335121     0.166843   0.00307389    -0.113952     0.366715    0.0270348   -0.0625882    -0.194699     0.296789     0.347225      0.37201     0.166286   0.00746564     0.260127     0.113793     -0.25039     0.214837     0.133103
   -0.363853     0.141758     0.243863    -0.364097    -0.297518     0.019375     0.410083     0.645806     0.323865     0.885533    0.0451932     -0.74146   -0.0568218   -0.0280881     0.117406  -0.00842081    -0.156531    -0.412816     0.138783    0.0974441    -0.356082    -0.708971     0.297049   -0.0856317   -0.0498222     0.371754    0.0298289   0.00533099     0.373971     0.152602     0.571435        -1.02
  -0.0537331     0.239838    -0.321664     0.192009     0.108661     0.147177    -0.182333   -0.0284596    -0.125765     0.182227    0.0693665   -0.0574357     0.322817   -0.0317969    0.0765651   -0.0668443     0.225119    -0.422478     0.389385     -0.14695    0.0132448   -0.0326771     0.307171     0.109297    -0.128324   -0.0823752     0.181692   -0.0725323    0.0962571    -0.227313    -0.427531    -0.279526
  -0.0787602   -0.0564514  -0.00338537   -0.0896421     0.280837   -0.0487287   -0.0890309    -0.351188   -0.0372612    0.0287391     0.179865      0.11766    -0.230843    0.0132383   -0.0497609   -0.0665853    -0.148964    -0.287461    -0.214243    0.0467272     0.137551   -0.0307196     0.241854     0.239857     0.176456   -0.0898247   -0.0356071    0.0254024     0.050667    -0.118973    -0.210318   -0.0466426
    0.288199    0.0470657     0.230164     0.165737   -0.0897778    -0.574979     0.089241    -0.299611    -0.222113    0.0506292   -0.0621623    0.0913679     -0.10415   -0.0394845   -0.0974914     0.496204    -0.185588    -0.180353    -0.079624   -0.0546146    -0.231615    0.0460046     0.112105     0.289501    0.0436444      0.49861     0.457222     0.600584   -0.0277781     -0.28705    -0.629753       0.7176
   -0.106439    0.0168768     0.217344      0.28596      0.11206   -0.0604755    -0.016809     0.078284    -0.111174     -0.25798    -0.133561     0.151197   -0.0325901    -0.226967     0.157892     0.200776    -0.318593    -0.102125  -0.00254099     0.216938   -0.0248129     -0.21646      0.21291     0.424427     0.083285     0.192445     0.149962     0.107656      0.22265   -0.0910445    -0.107597    0.0271055
   0.0383786   -0.0744491    0.0936237    -0.231619    0.0475225    -0.119927    0.0490695     0.137086     0.128046   -0.0489383   0.00714819      0.14783    -0.274073    0.0348919    0.0147298     0.212695    -0.311741    -0.124454     0.170793    -0.082773     -0.12863    0.0659611     0.222068     0.122657     0.027942     0.366236      0.15957     0.186796    0.0584248     0.188211     -0.28033     0.147244
  -0.0201061   0.00412405    -0.239322    -0.329792      0.08187     0.113036    -0.214172     0.161506   -0.0793352    0.0696324     0.042162   -0.0431876   -0.0922769    -0.320658    -0.117713     0.247204     -0.22579    -0.365523    0.0537774   -0.0831202   -0.0364899    -0.380821     0.535522     0.207342     0.263982     0.508821     0.164802   -0.0248448    0.0639434   0.00659341    0.0544271     -0.22564
   -0.157235    -0.123038     0.469804    0.0909793   -0.0362856    0.0761348   -0.0427516     0.452293    0.0553563     0.243667      0.38816    0.0268369     0.377932    -0.265866     0.083762     0.441286    -0.311197    -0.171134     0.157905     0.147784   -0.0487968   -0.0263223     0.155826    -0.138053   -0.0942421   -0.0600679   -0.0563873    -0.252745    0.0823525     0.105462   -0.0787801    -0.380379
   0.0816778    -0.144872   -0.0162407     -0.19389     0.148303      -0.2677     0.216902     0.157407    0.0375844     0.334452     0.347515    -0.174686   -0.0829064    0.0275075   -0.0853989    0.0788358    -0.148779    0.0159619     0.344351    0.0111767    0.0415538   -0.0390463     0.231488   -0.0997259    -0.188961     0.438473    -0.105311     0.147533   -0.0215967   -0.0312248    -0.283705     0.166236
    0.389317    -0.174911     0.248292     0.323426      0.11772    -0.172959  -0.00358292     0.151212   -0.0746972    -0.161273    -0.242724     0.324745     0.440709    0.0600994     0.303587    0.0688635    -0.300582     0.302429    -0.100812     0.049151     0.232649    -0.207316     0.242007    -0.225249    -0.415306     -0.06248      0.13716     0.314933     0.411414     0.187844    -0.127659     0.258683
   -0.280496    -0.388141     0.298142     0.184575     0.239115    -0.130409   -0.0649188     0.306931   -0.0999799     0.185873     0.313511     0.101912     0.349935    -0.193324     0.150098     0.342581    0.0575192    -0.192167     0.154934      0.34918    0.0167943     0.244139     0.191554     0.394129      0.26144      0.40538    0.0571278    0.0194534     0.527128   -0.0638519     0.168597    -0.236947
   -0.105386    -0.260154    -0.217225    -0.426215     0.097407    -0.334225     0.168824    -0.265998     0.127777   -0.0408277    -0.102283    -0.256195   -0.0353903    -0.181042     0.167477    -0.149773    -0.332781    -0.387567    -0.106667       0.1081     0.191248     0.136067     0.196959     0.278585     0.153639     0.114864     0.587674    -0.113918     -0.25969     -0.31822   -0.0620068     0.402142
   -0.183365    -0.190675     0.126338     0.270854     0.374851    -0.218746     0.108271    0.0292057    -0.108026    -0.138831    0.0863117     0.182748    0.0652313    0.0560304    -0.132158  0.000756895    -0.313943    0.0208257    -0.367562    -0.239562     0.199384    0.0948207    -0.103214   -0.0340838    -0.206497   0.00492236    0.0591862     0.266612    0.0172178     0.177942    -0.317776    0.0504048
  -0.0876881    -0.109269   -0.0852823    -0.239015     0.251512      0.17947     0.122211    0.0862892     0.117917     0.222086    -0.403439    0.0117589    0.0584133   -0.0684715    0.0480692     0.133915    -0.107914    -0.344367     0.356843     0.210399    -0.153311    -0.301428     0.395492     0.201999   -0.0373114     0.478386   0.00532106     0.242626  -0.00145472   -0.0391202    -0.315383      -0.4477
   -0.070241     0.267537   0.00159572   -0.0170049    -0.394878     0.143846     -0.45872    0.0451512    0.0731512   -0.0422971    -0.201035   -0.0212246    0.0807272     0.255353     0.194242   -0.0181313    -0.116891   0.00667739     0.170334     0.201143    -0.130485     0.285837    -0.185163     0.171039    -0.102646   -0.0812272    0.0855635   -0.0817498     0.136025   -0.0732851     -0.31559     0.291891
    0.123563   -0.0156991    0.0277161    0.0165972     0.199535    -0.137237     0.230657    -0.197295     0.109734   -0.0474027    -0.331823   -0.0142388    -0.143411    -0.264389    0.0927062   -0.0764974     -0.16954   -0.0319832      0.12404    0.0242351     0.264338     0.376941     0.110027     0.226215     0.352668     0.079837   -0.0199727   -0.0405565    0.0440097   -0.0780253   -0.0266183  -0.00736016
   -0.408522    -0.158872    -0.222174    0.0188299     0.231208    -0.234988    -0.132461   -0.0965444   -0.0458053     0.161074    0.0232313    -0.139429     0.164475   -0.0337185      0.24027    -0.198424     0.103264    -0.092175   -0.0691976    -0.198604     0.216856    0.0176568   -0.0676949    0.0810818    -0.115288    0.0574414    0.0902381     0.213183     0.226622    -0.310902    0.0841538  0.000670546
  -0.0107438     0.119523     0.228973     -0.07271     0.336118     0.261739     0.153722    -0.112398     0.272132     0.167124     0.159312   -0.0948263       0.2208     0.130689    0.0452401     0.154626   -0.0622297    -0.216043   -0.0110569     0.160367    -0.194783    0.0592141    -0.137888 -0.000877959      0.19438    -0.181429     0.107585    -0.214977   -0.0107796     0.324311    -0.254365   -0.0803161
    0.124468    0.0887093    -0.225084    -0.176836    -0.180965    -0.216538    0.0905089    0.0584528   -0.0235839     0.394212     0.139939    -0.109592    0.0153052    -0.106595     0.172572     0.324489    -0.205565    -0.220622     0.147948     0.205828    0.0941635     0.343762     0.084495      0.23889   -0.0199459     0.137027     0.398602     0.131463   -0.0155777     0.213009    -0.147767     0.365422
   -0.278985   -0.0508472     0.293431      0.14627   -0.0715424    -0.278279    -0.173405     0.414576   -0.0918748     0.123271      0.28949    0.0653465    0.0828431    0.0101679     0.272714    0.0620724    0.0399232    -0.184222  -0.00263703     0.346181   -0.0610224      -0.2846     0.300664      0.36155    -0.272813     0.444678     0.363368     0.207715     0.261273     0.231304     0.162312    -0.580844
   -0.167443   -0.0509669    0.0796009   -0.0123622     0.256385   -0.0580083   -0.0266512   -0.0231459    -0.191376  -0.00768394    -0.155267    -0.188838     0.220112    0.0806167     0.354214    0.0937032   -0.0823418     0.117266    -0.210317    -0.185366     0.179937    0.0416331    0.0737551    -0.183445    0.0685601     0.111927     0.270251    -0.110475     0.207465     0.135806   -0.0828077    0.0767721
    0.154685    -0.184001   0.00804914     0.119868     0.326359    -0.294091    0.0338518    -0.289591    0.0122366    -0.198155    -0.397516     0.210714    -0.303534     0.108269   -0.0024867    -0.162903    -0.056666    -0.151257    -0.136608   -0.0126481   0.00300493     0.191472     0.281607    0.0644267     0.223185    0.0288717     0.169936     0.269741    0.0348973    -0.284943     -0.43014     0.199364
  -0.0861171     0.142986     0.191616    -0.172023    0.0307315     0.290438     0.217578    0.0420724    -0.268168      0.18987    0.0506396    -0.171071     0.285374    -0.142718    0.0383158    -0.315949    -0.063209   -0.0372016    -0.216518     0.016651       0.1426    -0.119396    -0.278527   -0.0496279   0.00230521    -0.262271     0.119329       -0.185     0.207737   -0.0815301     0.402535    -0.342087
   -0.238861   -0.0697466   -0.0960787  -0.00959002    0.0730191    0.0629625      0.37315    -0.163687    -0.028514     0.222984     0.372872  -0.00755326     0.167661    -0.066381   -0.0942725     0.014213       0.2578    -0.269808     0.395135    -0.317316    -0.382013   -0.0645137    -0.056513    0.0359127   -0.0149154     0.193866    -0.327406     0.101302     0.151108    -0.193284     0.166098    -0.429168
   -0.109025     0.130308   -0.0410901    -0.162193    -0.107747    -0.312664    -0.175674     0.028799     0.158626     0.357562     0.247802     0.304897    -0.114241     -0.28315     0.201822      0.30642      0.12767    -0.470517    0.0435141    0.0804655    0.0429606    0.0488511       0.1413     0.403066   -0.0348077     0.130721    0.0924129     0.400392     0.557232     0.105991   -0.0362449    0.0658265
   -0.208517    -0.169572    0.0563352   -0.0659044    0.0740026    -0.229558    0.0237151    -0.177949   -0.0801965     0.269085     0.246447    -0.131671     0.326176     0.274377      1.08189    0.0853389   0.00505956    0.0932283     0.159591    -0.259933    -0.152208    -0.334937     0.778464    -0.245535    -0.250723     0.446618     0.417229     0.459265    0.0195087   -0.0357682     0.153902     0.178221
    0.168683     0.450204   -0.0413572    0.0428803     0.101441   -0.0766166     0.271135     0.301381    -0.289344      0.17356     0.201245    -0.507128    -0.311296      0.51346     0.475504     0.294552     0.108713    -0.708252     0.810616    -0.355882     0.212383    -0.129128     0.211383    0.0376519    -0.182568     0.292762     0.175309     0.178364     0.011298   -0.0294088     0.162118    0.0881805
   -0.133481     -0.27189    -0.140878   0.00969238     0.248429    -0.359252   -0.0838274   -0.0572599    -0.291225     -0.20834     0.194669   0.00017565    -0.389543    -0.276618     0.389069     0.130705  0.000894333     0.074397    -0.345769    0.0926069     0.211178     0.419235    -0.243113      0.34878     0.165495    0.0337152     0.403337     0.451884   -0.0402296    -0.395657    -0.407206    0.0831044
    0.215884    0.0720116    -0.121465   -0.0670318    -0.027751    -0.307764    0.0525687    -0.462378    -0.322208    -0.106903    -0.148472    -0.125394    0.0795211     0.132378   -0.0299961    -0.133495    -0.184536     0.207505    -0.213357    0.0288295      0.26208     0.173773    -0.274805    -0.158869   -0.0689079  -0.00695429     0.153621     0.362284     0.293269    -0.318954    -0.279079      0.37174
   -0.168902     0.316509    -0.247234    -0.144653   -0.0158026     0.345608    0.0300758   -0.0463372     0.168018    -0.134696    -0.259957     -0.11231      0.11181    -0.174134     0.157826    -0.120133     0.110304   -0.0123936     0.228674     0.201145     0.278774    0.0119216    0.0766931   -0.0189141     0.148261     0.101565   0.00100502     0.309014    0.0651719   0.00310776    -0.385729   -0.0398506
   -0.207418    0.0339691    -0.284266    -0.578914     0.129288    -0.226114     0.207468    -0.377948    -0.365968     0.136984    0.0658195    -0.368807    -0.059621   -0.0295391     0.136873     0.316012    -0.176343    -0.226368   -0.0926646    -0.173759     0.341549     0.198145     0.246604    -0.202552     0.374235    -0.247954    -0.136009     0.110476    -0.067185    -0.397263    -0.289628      0.21578
   -0.224265     0.210939    -0.174129    -0.404186     0.164895    -0.418257   -0.0249183     0.194983     0.231723     0.241817     0.233736   -0.0812756    0.0407115    -0.146954     0.128111     0.170047    -0.118711   -0.0174549     0.016988     0.107967    -0.116164    -0.200944     0.206071    -0.243433    -0.426192     0.138142     0.118285     0.492965     0.110365     0.272221    -0.045157     0.268595
   -0.195756    -0.142547   0.00980592   -0.0671413    -0.251656   -0.0569197     0.143594     0.166984    0.0864483   -0.0134757   -0.0565984     0.169784    -0.240866    -0.506125    -0.274554     0.274044     -0.14847     -0.18352   -0.0302536   -0.0588181    -0.274347    -0.127452    0.0958301     0.131525     0.490788     0.394142     0.232316     0.219365    -0.225005    -0.276994    -0.177067    -0.323068
    0.228199     0.142103    -0.342983    -0.263217   -0.0986189    -0.362619    0.0372153    0.0631318     0.102116    0.0625439    -0.146039     0.200946   -0.0121555   -0.0986877    -0.147782    0.0895776    -0.226878    0.0178251     0.231192    -0.181551   -0.0857838      0.25705     0.106488    -0.266365    -0.161368    0.0682665      -0.1569     0.196458    -0.284275    -0.311791   -0.0513297     0.395547
    0.109809     0.110606   -0.0238571     0.303902     0.195013    0.0187956    0.0286401     0.348507    0.0765553   -0.0306159   -0.0692994     0.106637     0.205937    -0.090284     0.313359     0.184751   -0.0014738     0.245085     0.420542    0.0608289    -0.140636    0.0200813    0.0598088    0.0663816    -0.220839    -0.227617     0.278378    0.0593434    0.0828148    0.0296454    -0.129861    -0.114909
   -0.437841     -0.17688    0.0114157    -0.148573    -0.302923      -0.2788     0.267576     0.235371     0.275748     0.123561    0.0949336     0.240489    -0.126892    0.0293006    0.0867143     0.594922    -0.126601    -0.602795     0.283809    -0.189591    -0.367882   -0.0693504     0.603794     0.532754     0.114222     0.679677    0.0835996    0.0120224     0.361185    -0.226017     0.446446    -0.510189
    0.226094      0.35863     0.660624    0.0195521     0.185425    -0.593289   -0.0994686      0.11767    -0.425363     0.170207    -0.265568    -0.153072     0.423906   -0.0763849     0.417278     -0.11549    -0.290919   -0.0499034     0.229312     0.402237     0.219187    0.0395221     0.164348    0.0312195    -0.352696     0.179576     0.385587     0.136073     0.649297     0.114409     0.151391     0.490324
  -0.0704153      0.28121   -0.0792232    -0.229208     0.173819    -0.113418    0.0237975    -0.331595     0.213721    -0.101436   -0.0772652    -0.309492     -0.20327    0.0831526     0.160125     0.221422    -0.139757    -0.468074      0.12964     0.311427    -0.139051     0.301054   -0.0203191     0.259848    -0.140957     0.280042     0.502216     0.181339     0.475031       0.2513    -0.434281     0.498275
    0.167774    0.0432813     0.222792     0.103891   -0.0341652   -0.0704102      0.15282   0.00958933    -0.343662    -0.368375   -0.0521821     0.237384    -0.240196     0.054252    -0.258192     0.182015     0.258889     0.183782     0.244634     0.254962     0.126253    0.0850401     0.440097     0.189611    0.0358673     0.127746    -0.215544    -0.103804     0.143978     0.287713    -0.181151     0.111712
  -0.0285961     0.167822    -0.113083    -0.144304   -0.0239492     0.115055    -0.339886      0.34524     0.109562   -0.0278487    -0.147663    0.0979746      0.14407      0.16184   -0.0800518    0.0979294     0.196759    -0.183146     0.122129    -0.122991    -0.144053     0.109102   -0.0704784     0.253618   -0.0875644    0.0159104    0.0926357    0.0494345    0.0782802     0.293653    -0.314901    0.0624978
   -0.267812   -0.0414755     0.504121    -0.275662     0.295112    -0.572727   -0.0962833     0.175489    0.0598825  -0.00882516    0.0268954     -0.52835    0.0631083    -0.148623      0.49275   -0.0964097    -0.577882    -0.389306   -0.0372388    0.0462041    0.0030371    -0.177632     0.356625   -0.0550669    -0.163721     0.249899     0.545502     0.193199     0.301075     0.335462     0.109356     0.299975
   -0.142812     0.027712    0.0917586   -0.0121631   -0.0437276    -0.357575    0.0165195    -0.131343    -0.231844    0.0971176    -0.328969     0.078087    -0.307518     0.247017    -0.165382     0.110319    0.0164484   -0.0403348    -0.204883   -0.0519679     0.205143    0.0367957    0.0601281   -0.0421634     0.144683     0.233934     0.122383    0.0636791    0.0905468    0.0971624    0.0703161     0.213817
  -0.0483229   0.00266476    0.0659025    0.0858045     0.261263     0.119493     0.111307    -0.131523    0.0238735   -0.0084147   -0.0487071     0.214302    -0.375869    -0.143827    -0.268781     0.436724    -0.142686    -0.151262    0.0703785    -0.100947    -0.252862    -0.116699     0.048693     0.295845  -0.00881894   -0.0452032    -0.070372     0.024783    -0.266048     0.251269    0.0086211    0.0611715
   -0.127255    -0.177482     0.113953   -0.0144157     0.185528     0.177717     0.252173     0.111086     0.280131    0.0620716    -0.135367   -0.0205492     0.166354    -0.339076   -0.0337817     0.249659    -0.305923    -0.351848     0.334555     0.128346    -0.204679     0.141368     0.347551     0.624943     0.139705     0.176324     0.104129   -0.0603373     0.103132     0.174845    -0.440925    -0.179325
    0.172076     0.108748     0.279535    -0.177236    0.0997836   -0.0829716   -0.0388383    -0.177204    -0.134451     0.123933    -0.194359     0.304082   -0.0713648    -0.298801   -0.0201333     0.300291    -0.187432    -0.220973     0.148747      0.22443    -0.338983     0.296445    0.0809038     0.286671     0.298414     0.257539      0.16014    -0.132218   -0.0875048     0.183513    -0.463691     0.342078
   -0.314036    -0.202627     0.283934    0.0995117     0.450031    -0.248695     0.108501     0.274198    -0.354675    0.0822461     0.078484    -0.162541     0.104558     0.131058     0.513957    -0.159429    -0.269931    -0.251397   -0.0644942     0.222452    0.0791465    0.0759909     0.148849  -0.00269854    0.0390467    0.0282601     0.426486    -0.119007     0.128524     0.354833       0.2785    -0.225587
    0.304309  -0.00380265     0.200066    0.0836937    -0.145995     0.178947   -0.0526412   0.00186901     0.174089    -0.297395    -0.168544    0.0142004    -0.465383    -0.107193     0.194013     0.142888    0.0949413   -0.0324474     0.259223    -0.139432    0.0442344   -0.0535396     0.256218     0.111268    -0.149743     0.462629     0.043688     0.257169     0.151841     0.115918    -0.110154    0.0798005
  -0.0317681     0.233715     0.293863     0.306585     0.314149    -0.124706     0.186161     0.150899    -0.130824    0.0209909    -0.395803   -0.0649046     0.245856     0.100162     0.250553    0.0500094    -0.246338    -0.149413     0.434985   -0.0371638   -0.0933144   0.00719459   -0.0372674    0.0735132     0.181169    0.0958269     0.419853     0.274818    0.0878692    0.0350408     -0.39227    -0.153374
  0.00893921    -0.185932     0.106454     0.122521     0.151363    -0.151781    -0.261676     0.385394     0.462667     0.171192     0.268618    -0.324048     0.200265    0.0169594    -0.230583    0.0792007    -0.254707    -0.190341     0.421586    -0.162421   -0.0522771    -0.417219     0.200192     0.209539    -0.222713     0.168668     0.111008     0.103673      0.14095   -0.0629116     0.116417     -0.24545
    0.330929     0.270586   0.00973691    -0.171459   -0.0803709     0.085767   -0.0710087     0.142767   -0.0956841     0.125128     0.243703      0.03548  -0.00503371     -0.13321    -0.400075     0.231485     0.190037    -0.265444     0.211117     0.140684    -0.230825    -0.220174     0.302005     -0.08499    0.0368997    0.0928163     0.223829     0.321593   -0.0830234     0.124672    -0.225051    -0.054062
  -0.0466135    -0.100381   -0.0151207   -0.0948554     0.049635    0.0403081   0.00846661    -0.161559       -0.293    -0.121951     0.041663     0.239611   -0.0840335    -0.121687     0.046937     0.010983    -0.357498     0.102972    -0.158627    0.0647066   -0.0640641     0.189874    0.0880337    0.0089532    0.0104742     0.121227     0.202017     0.223231    0.0282868    -0.216495    -0.208955     0.282558
   -0.371823   -0.0599939     0.014165    0.0662019    -0.307436    -0.591253    -0.320703    -0.186861    -0.195467    -0.278616   -0.0194511    -0.199092    0.0405885     0.148229     0.502512    -0.108879    -0.465941     -0.32039     0.162282     0.024515    0.0782562     0.510522     0.080151   -0.0893696     0.112594     0.357622     0.563631     0.480631     0.401558    -0.259197   -0.0398399   -0.0115256
     -0.1274    -0.287698    -0.209375    -0.225887    0.0196332   -0.0279041    0.0934023    -0.306301   -0.0250874    -0.200372    -0.225896    -0.150877    -0.235239    0.0969893     0.182677     0.201818     0.199998     0.120161    0.0730228    -0.304218     0.318671     0.121705     0.285091  -0.00193439     0.162306     0.218688     0.198708     0.272263      0.03752     0.112923   -0.0786912    0.0734681
   -0.212257    -0.338122    -0.112652   -0.0431038     0.221705     0.238737 -0.000397421   -0.0702976     0.245438     0.276476    -0.221898    -0.228615    0.0727355    -0.276943    0.0838532    0.0782608    0.0780979    -0.209773     0.132465  -0.00754243   -0.0655818    -0.350125     0.370479   -0.0417159    -0.128565     0.598315    -0.115415    -0.244391   0.00717539     0.125763    -0.344602    -0.519024
   -0.201499    -0.158441    -0.200358     -0.57584   -0.0542319   -0.0647399    -0.256566    -0.522157    -0.475643   -0.0671467   -0.0853346   -0.0341916   -0.0530192    0.0635883      0.22632     0.147834     0.189451    -0.184083   -0.0128206    -0.189393     0.333684    0.0962355     0.192912     0.171791   -0.0437792     0.429472     0.207687    0.0668117    -0.295358    -0.318882    -0.427895     0.453466
   -0.413453    0.0710854    -0.205171     -0.10576      0.13465     0.226499    0.0285959     0.167408   -0.0759019    0.0547432   0.00358566    -0.305285    0.0466552     0.143926    -0.133434     0.140602     0.240127   -0.0570427     0.108913    -0.463516   -0.0772296   -0.0770942     0.132561    -0.083931    -0.137965     0.270409     0.273691    -0.359127     0.101342    -0.200962    -0.136089    -0.109907
    0.733983     0.508219     0.226678     0.225368     0.145011    -0.246567     0.100381     0.195587    -0.230394     0.390331     0.221477     0.284705    0.0354128     -0.10036    0.0991826     0.360745   -0.0833346    0.0225109     0.253098     0.178281     -0.37619     0.183095     0.229204     0.394813   -0.0869309     0.119247     0.290597    0.0308466     0.050225     0.141373     -0.49553      0.31388
    0.106619  -0.00230669    -0.196859     0.140253     0.400887     0.267795      0.37805    0.0402278    0.0519042     0.346068     0.203852     0.011206     -0.13003     0.113861   -0.0454442   -0.0147943    -0.347363      0.16776    -0.168372    -0.235035    -0.139877    0.0621423    -0.573003    -0.255455    -0.155772    -0.259503    0.0944664   -0.0170173   -0.0685596     0.167543   -0.0893597     0.131805
    0.096677    -0.243211    0.0320928     0.052694    -0.113434    -0.560685    -0.112441    0.0117409      0.64144   0.00117626      0.10445     0.236562    -0.105716    -0.193047    -0.338766     0.128714    -0.602598    0.0737941   -0.0443755     0.141053    -0.328587     0.221823   -0.0743198     0.651848   -0.0489056     0.203758    -0.170281     0.345377     0.134881     0.214796    -0.315346    0.0913132
    0.262948     0.278086    -0.156968     0.131275      0.33607    -0.159876     0.161133     0.239043    0.0462365     0.461344   -0.0994052   -0.0989247     0.132194     0.459081     0.464553   -0.0392963    -0.200263    -0.319494     0.546158     0.185861     -0.11213     0.216496    0.0561409    -0.195618    -0.100401   -0.0699526    -0.288351     0.164095     0.450743    0.0638008    -0.126179     0.269793
   -0.150767    0.0695743   -0.0684459    0.0700284      0.23427    -0.418673  0.000134391    -0.141794   -0.0960378     0.261307    -0.158052    -0.833582   -0.0810548     0.228039    0.0108778    -0.113392    -0.418912   -0.0936127     0.286292    -0.188043     0.143035    0.0286498     0.292681    -0.409469    -0.173904     0.154073     0.145645    -0.293908     0.166391     0.017105    -0.015451    0.0396159
   0.0646022   -0.0297204     0.369965     0.120718   -0.0402352    -0.151105    -0.136717    0.0974041   0.00585976      0.13663    -0.169423     0.309599     0.417131     -0.18404    -0.121481     0.219437   -0.0398636     -0.46602      0.33695     0.219049    -0.363165 -1.28131e-05     0.262858     0.095261     -0.13597     0.277894    0.0438905    0.0866796     0.275946    0.0615795     0.313739    0.0133368
    0.129249    0.0512288    -0.255347    -0.394025    0.0344333    0.0841257    -0.309673    -0.133992     0.154146    -0.163538   -0.0663879   -0.0376488   0.00423593   0.00868752     0.244933    -0.140279     0.103701    -0.459214   -0.0897622    -0.151897      -0.1411   -0.0582116     0.336948     0.698682    -0.092071     0.623858     0.258228     0.642259      0.36427    -0.635117   -0.0576441     0.274223
   0.0627001    -0.262307     0.178923   -0.0412338    -0.026464    0.0647217     0.593074      -0.3087     -0.20304   -0.0570047   -0.0338913     0.209464    0.0250943    -0.224175    0.0235332     0.110193     -0.49765    -0.435083    -0.347132    0.0210646    -0.251611     0.280049   -0.0742595     0.289785     0.303339    -0.404245    -0.225075    -0.211669     0.201332   -0.0909657    0.0950615     0.137741
    0.162542    -0.245016     0.328345     0.525711    0.0353158    -0.166434     0.134095     0.154009    0.0318002       0.1042    -0.353323    0.0940528    -0.290324     0.347542     0.288984     0.287306    -0.110724     0.116641      0.68458    0.0248729    -0.167054    -0.110162  -0.00691716    -0.237633   -0.0971564      0.13775     0.289913     0.133298     0.397848     0.273563    -0.131864     0.124559
   0.0456628    0.0660682     0.288507    -0.377329     0.181301    0.0994016     0.495011    0.0126235      0.19282     0.325019      0.21174     0.182814    -0.321058     -0.22385    -0.235669    0.0237006    -0.237358    -0.259018    -0.194949     0.148334    -0.428222    0.0272072     0.112873     0.370939     0.207213    0.0554482    -0.245324    -0.344394   -0.0932824    0.0614079      -0.3602    0.0622239
   -0.341816    -0.219896    -0.138406     -0.68783     0.405064    -0.146193     0.355551     0.295994    0.0432611    0.0570431    -0.114568    -0.284017   -0.0324246   -0.0446789     0.335134  -0.00513464   -0.0531775     0.475467   -0.0943738     0.270624    -0.208959    -0.131803    -0.204898    -0.561061    -0.200141     0.102413    -0.386838     0.284863    -0.172168    0.0267939     0.262237    0.0228925
    -0.42709    -0.374221    -0.276393    -0.947005      0.28505    -0.773433     0.114487   -0.0406582   -0.0892529     0.143443    -0.169277    -0.109052    0.0230283    -0.319779     0.502245     -0.16467    -0.504383    -0.213231    -0.602399   -0.0610135     0.241614   -0.0934917    0.0633599    -0.215158     0.164511      0.54438     0.188686   -0.0364943     0.295895    -0.185198    -0.225241    -0.030374
  -0.0428414   -0.0216468   -0.0272875    -0.010234    -0.136663    -0.131343   -0.0342906     0.167252     0.282643    0.0565657   -0.0743094     -0.18825    -0.059243    -0.218713    -0.168902     0.136039     0.120408      0.02054     0.227304     -0.13533    0.0525301   -0.0675925     0.369954   -0.0394331     0.092299     0.154003     0.143986     0.127306   -0.0289089   -0.0778196    0.0943326    -0.222985
    -0.10049    -0.244137    0.0964055    -0.243452    0.0884323    -0.167597    -0.354823    -0.325795      0.36751     0.251595    -0.015416     0.103269     0.202081    -0.158292    0.0630558    -0.245329    -0.133566     -0.21192   -0.0316795    0.0188128     0.125707    0.0747539    0.0140242  -0.00708478    -0.122626     0.227824     -0.11848     0.170001     0.228538    0.0288703    -0.231207      0.10674
   -0.253807     0.301047    -0.280916    -0.331213    -0.218186    -0.123938    0.0762737    -0.015286    -0.331582    0.0755103   -0.0983942    -0.113466   -0.0641333    -0.182758    -0.215586    -0.142784    -0.207408    -0.539971     0.195604    -0.182192     0.530855      0.12878     0.220117    0.0761801   -0.0848788    0.0735056    0.0680028     0.316353    -0.145737    -0.250062     -0.22618     0.423037
   -0.080919    -0.287371    -0.127042    -0.169253    -0.163416     0.191309    -0.213587    -0.322976    -0.131014   -0.0422141     -0.40071    -0.248382    -0.419864     0.249804    0.0798719   -0.0371294    0.0496385    -0.443226   -0.0170885    -0.478387   -0.0590025     0.107942   -0.0354712    -0.166435     0.318492     0.644825     0.139586    0.0814015   -0.0748697    -0.259461    -0.268872   -0.0574346
   -0.514706     0.227713   -0.0260014    -0.425461     0.494896    -0.619061     0.281398   -0.0134816    -0.658144    0.0355061     0.159534   -0.0369433      0.47371    -0.198651    -0.101977     0.144454    -0.101319      0.08135    -0.485024   -0.0834276   -0.0758087     -0.17284    0.0665396   -0.0738591     -0.14837    -0.128847     0.109571    -0.164528    -0.160632    -0.334306     0.152339     0.242088
   -0.119867    -0.093647    -0.094981  -0.00162649    -0.197368      0.10043     -0.24719     0.121238     0.172697     0.276923     0.115707  -0.00705553     0.180315    -0.188915   -0.0984281     0.491751   -0.0182367    -0.211752     0.282479    -0.108082    -0.381849    -0.353845     0.256257     0.126316    -0.231296     0.191752   -0.0859939    0.0202753     0.194938    0.0261307   -0.0862329    -0.107008
