   -0.152356    -0.336489    -0.117797     0.225309     0.470528    -0.355707    -0.139963    -0.285673    0.0326298     0.303804    0.0432842     0.639643      0.33497    -0.475444    -0.494699    -0.168561    -0.223082     0.186269   -0.0685571     0.601547    0.0702305    0.0486464     0.678269     0.340384     0.498444    -0.298957     0.260449     0.159558    0.0602787       0.4282     0.100865   -0.0061844
    0.161647    -0.105072     0.258945   -0.0775589     0.100929     0.256955   -0.0585899    -0.199041    -0.144691    0.0291039    -0.178077    -0.107941     -0.62273     0.200273     0.490673   -0.0620022    0.0985234     0.149587    -0.285713    -0.105844     0.268465     0.427752    -0.312788   0.00428406    -0.427075     0.522067    0.0224353     0.288162   -0.0111882   -0.0222319  0.000665625   -0.0378948
  -0.0352153     0.243661     -0.15543   -0.0272107    0.0203487     -0.01096     -0.10664    -0.175153    -0.216172    0.0529286   -0.0264801   -0.0733877     0.161929    -0.204059     0.397208   -0.0561789   -0.0576566   -0.0863299    -0.289018     0.242938     0.297228     -0.21202     0.258937    0.0579846   -0.0815128    -0.153133     0.165289     0.271271   -0.0661299     0.144246       0.2148    0.0186413
    0.302523    -0.629667     0.193366    -0.496656      0.32356   -0.0338166     0.315487    -0.245895     0.144192     0.170454   -0.0765853     -0.49156    0.0455875    0.0378932    -0.317817    0.0683588    -0.250197    -0.668696    0.0966488     0.279802     0.343382    -0.104884   -0.0288698    -0.281358     0.200771    -0.218697     0.314192   -0.0408154    0.0611998    -0.201357   -0.0453446    -0.469706
   0.0413343    0.0529353     0.132715    -0.271891    0.0368709    0.0679832    -0.299574    -0.467753    0.0177366    0.0235287    -0.160549  0.000934169       0.2428     0.376533     0.300409     0.324479    -0.622699   -0.0777057     0.228836     0.213175     0.312131   -0.0286826   -0.0186456    -0.402625     0.222517     0.214043     0.161554     0.204595    0.0655411    -0.288083    -0.245327   -0.0485735
  -0.0510978     0.316931     0.133838    -0.113468    0.0512732    0.0287941     0.130056    0.0593054     -0.89803     0.032984    -0.180619    -0.116581     0.756128    -0.136995      0.11626    -0.132405    0.0714721    -0.280209     0.132991   -0.0335808       0.2795  -0.00528956     0.410617   -0.0118938    -0.117373    0.0242699     0.107454    -0.372915    -0.493392    -0.209507    0.0188076    0.0575007
   -0.214848    0.0123221   -0.0951418     0.244527     0.313722    -0.274118    0.0672091    -0.295217   -0.0869528      0.45102    -0.274628    0.0485444     0.740866     0.194088     0.315228    -0.168614    -0.111096     0.113709  0.000953341    -0.705892   -0.0572131     0.191679   -0.0517455     0.272577     0.322097     -0.13718    0.0780285   -0.0462062     0.557166    -0.145564    -0.365287   -0.0803704
  0.00179119   -0.0538596    -0.459478  -0.00557663     0.145764    -0.068144    -0.030554   -0.0024795    -0.106942    -0.476178     0.216493     0.175667    -0.319437     0.227938     0.476162     -0.31756    -0.107679   -0.0819569     -0.18792    -0.320459     -0.39526     0.406165    -0.433569     0.608959    -0.412783     0.227192    -0.396297    0.0835783    -0.123235   -0.0142862     0.152774     -0.14491
    0.375776    -0.223183    -0.574107  -0.00544188    -0.156331    0.0719541    -0.162322     0.129786   0.00775331     0.158672     0.233237   -0.0184387   -0.0682642    -0.228955    -0.312715      0.17342   -0.0100824    -0.107104   -0.0103757      0.38112    -0.519053     0.138398     0.136445     0.101866     0.267487    -0.193024    -0.345427   0.00498597      -0.3692     0.439008    0.0567465     0.275659
   0.0406577     0.300823    -0.101601    -0.108114     0.167823    0.0989237    0.0918417  -0.00299758    -0.399325      0.44109   -0.0711167    -0.256054    0.0622686     0.333971     0.100118   -0.0687735     -0.16652    -0.204477     0.129137    -0.299532    0.0707357     0.275843   -0.0748802    -0.167533    -0.248461     0.498207    -0.503627   -0.0503904    -0.347496    -0.162697     0.245257  -0.00422768
   -0.128478     0.451443    -0.610919      1.02532     0.309673    -0.131665    -0.353159   -0.0914698     0.111495    -0.897989    -0.206873     0.175667      0.14006    -0.151561     0.618606    -0.353224   -0.0499126   -0.0195623    -0.186561    -0.380673    0.0587822   -0.0830451     0.728261    -0.261921     0.908917   -0.0202818    -0.884991    -0.332894    -0.238727    0.0535849     0.516456     0.367982
    0.334628     -0.22757     -0.27536     0.541695     0.300446     0.108715     -0.79379    -0.144964   -0.0870951    0.0564292     0.228744     0.010882    -0.480438    -0.114937    -0.311041     0.622213     0.118583     0.210526    -0.183738     0.267774     0.114674     0.259428     0.125848   -0.0144036     0.233813    -0.304113    0.0122693     0.422453    -0.444984    0.0438946    0.0237119    -0.282559
  -0.0422683    0.0972068     0.381217    0.0925759     0.479611    -0.173282     0.298876     0.270983      0.25179     0.203682      0.36735   -0.0307378     0.418543    -0.219053    0.0106501     0.232733   -0.0454199     0.194021    -0.121199    -0.363174   -0.0958835    -0.311494     0.556664     0.229176    -0.168245     0.279346     0.136623    -0.140628     0.382279     0.069479    -0.344396    -0.271178
    0.139239      0.21559     0.286594     0.126712   0.00287809    -0.132824    -0.212019  -0.00202961     0.122588   -0.0406178     0.146032    -0.315475     0.671243    0.0936308     0.355539     0.196701     0.243498   -0.0285631    -0.151517   0.00060693     -0.26734    -0.217873     0.405595    0.0025822       0.1089     0.209099    0.0208086   0.00704966    -0.149636  -0.00157571     0.187571     0.465763
  -0.0949955    -0.197008   -0.0747781     0.371987    0.0891605    -0.552143    -0.203392    -0.153864     0.382348    -0.102449    0.0496297   -0.0269649   -0.0643564     0.259529    -0.372323     0.111227    -0.277229     0.431589   -0.0201762      0.11388   -0.0193293    -0.125291      0.12069   -0.0238429     0.190673     -0.33751    0.0808899    -0.125101     0.110034    0.0583492     0.182407    -0.284392
   -0.335731     0.548979    0.0581441    -0.340741     0.469975    -0.519183   -0.0845812    -0.304112   -0.0592002    -0.452264    -0.278175    -0.247481     0.141647     0.104824    -0.257791     0.125567   -0.0220078    -0.229079     0.141336   0.00446122     0.149257     0.127165    -0.132701    -0.549274    -0.164719     -0.18663   -0.0377617    0.0327383     0.382763    -0.279008    -0.239604     0.527305
   -0.156853     0.304767    -0.280488   0.00982895   0.00421539    -0.106583    0.0680346    -0.372266   -0.0378182     0.017139    -0.380341    -0.433409    -0.246368     0.163467     0.168392    0.0214476    -0.161267     0.162799    -0.194046    -0.126082  -0.00530371     0.440031    -0.129239    0.0780702    -0.163529     0.200232   -0.0588151     -0.13233    -0.192979   -0.0390961     0.274747     0.122093
    0.352024     0.184237     0.237516    -0.233192    -0.134629     0.279263    -0.158818    -0.443413     0.182229    0.0494275     0.073253 -0.000989355    -0.100448     0.186628    0.0315088  -0.00936737     0.207398    -0.272933    -0.047539    -0.178174    0.0590827    -0.297936      0.34277    -0.275243     0.349481    0.0760217   -0.0951518    -0.120659    -0.353041   -0.0505222    -0.102864     -0.15015
   0.0598815    -0.613489     0.331032   -0.0755876     0.283138   -0.0610656     0.249313    -0.653277     0.607035     0.243722    0.0932823    -0.230877     0.235686     0.188371     0.491367    -0.314703     0.172642     0.047247       0.1599    -0.559495     0.449181    -0.210633     0.268557    -0.495751     0.709019     0.363285   -0.0102525     -0.39636     0.167979     0.579201     0.402343    -0.145996
   0.0559851    0.0757953     0.088656    -0.109082     -0.26805    -0.212703     0.422185    0.0280225   -0.0446729     0.543036    -0.122708     0.178489     0.111091   -0.0942757     0.184872    -0.251021     0.166824     0.499079    0.0857437   -0.0271529     -0.21688     0.182398    -0.673858     0.382321    -0.137766     0.309435    -0.141349     0.194238    -0.167258     0.449785     0.135961    -0.133189
    0.475795     0.480587     0.233685    -0.130754      0.13952     0.305275    0.0889635    -0.344147     0.104489   -0.0588867     0.224358    -0.362012    -0.808593     0.328368     0.255454     0.244009    -0.142374     -0.52224     0.426353     0.162406    0.0282726   -0.0367093     0.807378     0.517128     0.344916  -0.00696378     0.462646     0.104842    -0.416399    -0.251071    -0.509352    0.0978498
     0.55333     0.283671     0.513872    0.0580584    -0.549901    0.0313618     0.125451    -0.130354    -0.222452     0.301401      0.12965     0.212304    -0.105439   -0.0555941    -0.384624    0.0163261    -0.259374    -0.277029    0.0637097     0.101732    -0.131186     0.838023     0.748412     0.443968     0.110346     0.161543    0.0613493     0.456498    -0.611454    -0.175502    -0.486747     0.183741
   -0.354084     0.256111    -0.465547     0.478412    -0.160258    -0.219937    -0.265852   -0.0177438    -0.129634    -0.651565    0.0905166     0.033989     -0.51215     0.268569     0.163338    0.0920676    0.0344763     -0.48771    -0.106326     0.222736     0.453458    0.0308941    0.0585736    -0.258056    -0.137633     0.324048    -0.181079    -0.320166      0.14705     0.090758    -0.177476     0.286264
    0.262967     0.183983    -0.226281      0.20219   -0.0275127    0.0897237    -0.117244     0.177888    -0.131232    -0.112025    0.0800238    0.0815633    -0.226071    -0.140373    -0.117957    0.0126768    -0.138621    0.0115296    -0.144183    0.0736087     0.198573     0.227445    0.0728035   -0.0197498    -0.335519  0.000531249    -0.025022     0.146088     0.237409    -0.176461    -0.164458   -0.0477786
   0.0619675    -0.300596     0.169802   -0.0288893     0.314899     0.453053     0.211006   -0.0172023     0.147277    0.0206325     0.101455    0.0397213    0.0284577     0.115321     0.286615    -0.227489     0.143817   -0.0206357      0.20742     0.301027     -0.64818    0.0399322      0.28063   -0.0943965     0.225181   -0.0242363    -0.335925    0.0359336     0.034461    -0.243429     0.105815     0.372296
    0.187095   -0.0141993      0.27415   -0.0783805    -0.272577     0.086216     0.260062    -0.134208    -0.200684   -0.0729941     0.103607    -0.060863   -0.0929188    -0.391389    -0.138582      0.33364     0.173164    0.0454726    -0.512528     0.231686     0.162105   -0.0624143    -0.385553    0.0148752    -0.012221    -0.188324    0.0549133    -0.095339     -0.23167    -0.154667    -0.493899    0.0186378
  -0.0837091    -0.142718    -0.500827    0.0688626    -0.335807    -0.182844     0.112026    -0.278332      -0.3462     -0.36655     0.150045    -0.108742    -0.292738   0.00694559    -0.183696     0.225827    -0.431743    -0.232823    -0.759428  -0.00216418    -0.168169   -0.0182886    -0.170917     0.255023    -0.337932   -0.0307825    0.0459795    -0.195681    -0.111835     0.424081    -0.424288     -0.52143
   -0.140438   -0.0529113    -0.198472    -0.313635     -0.25054     0.440125   0.00519433    0.0933369    -0.258854     -0.16315     0.572511    -0.626837   -0.0995232      0.52986   -0.0722585     0.402184    -0.506802    -0.287199      0.72323    -0.213584     0.383791     -0.14054   -0.0772651    -0.178496   -0.0356951     0.584104    0.0889857    -0.586699     0.219709   -0.0328229     0.192189   -0.0486203
    0.143429     0.538785   -0.0346901    -0.233582    0.0624996     0.587544     0.369596    0.0415377     0.119195    0.0718114    -0.361607    -0.200918      0.10641    0.0897605    -0.613202   -0.0354481    0.0838067    -0.364959     0.130323   -0.0606812    0.0861539    -0.254284    -0.535071    -0.428521    -0.198598   -0.0960228     -0.49563    -0.634423   -0.0487004    -0.493812     0.201457    -0.472724
 -0.00402051     0.191972     0.377913     -0.44659     0.188123    -0.216889    -0.591953    0.0656877     0.278426     0.266642    -0.194062   0.00307229    -0.354319    -0.101593     0.249436     0.310207   0.00265852   -0.0301842     0.461756    -0.429888    0.0756023     0.330751    0.0567325     0.063811    -0.284345    -0.469207    -0.124377    0.0805418    -0.306501    -0.065662     0.618575   0.00473073
  -0.0547574     -0.46449    -0.281829   0.00928019    -0.149254    0.0411042   -0.0646361   -0.0692381     0.186592    -0.246828    -0.266603    0.0929342     0.258933    0.0495898     0.697871     0.102471    -0.167025    -0.145841    -0.126515      -0.2587   -0.0344146      0.16088     0.402523    0.0912846     0.107115     0.300523    -0.254059    -0.337376     0.221661     0.543341     0.433706     0.221629
   0.0734545     0.293951     -0.35905      0.27281    0.0721541   -0.0325348    0.0112115      0.16102    0.0471031    -0.111121   -0.0833297   -0.0391225     0.240254    -0.169879    -0.236537    -0.213785    0.0404619   -0.0256242     0.207234   -0.0691708    0.0300407   -0.0744566   -0.0400426       0.1432     0.123079     0.396197   -0.0826869    -0.126713     0.419507    -0.212283    -0.023669    -0.411096
    -0.26475     0.365446     0.169308     0.341916    -0.458547    -0.486613    -0.277878     0.340101   -0.0466792      0.23457   0.00287153     0.140138    -0.488431    -0.181612    -0.163869    0.0089938    -0.162833     0.120708      0.13685     0.240042    -0.279967     0.254629     0.217176      0.23171   -0.0217118    -0.382657    -0.210346     0.192395    0.0651669     0.078043    -0.110547    -0.119754
 0.000621351     0.405577    0.0196837    -0.166557    -0.269333    -0.129641      0.13519     0.293365   0.00784618   -0.0620492  -0.00821923     0.181324     0.241805    -0.100245    -0.184316     0.187874    -0.385431     0.383356   -0.0672459     0.825099  -0.00965029     0.284851     -0.33559     0.216898    -0.477171    -0.140683    0.0550662     0.225301    0.0606842    -0.205504    -0.616035     0.145039
   0.0877907    -0.340958     0.178468      -0.2824     0.732244    -0.224739     0.450813    -0.249101     0.180992    -0.113025    -0.446319    0.0101395     0.357188    0.0962928    -0.106697     0.127412     0.176595   -0.0455736     0.283177   -0.0112346     0.341855      0.10697    0.0839223     0.129497   0.00687667    -0.134086     0.172925    -0.175117     0.119954  -0.00399326    -0.430365     0.091692
    0.198896    -0.118291   -0.0450246    -0.803699     -0.11347     0.240856     0.191353    -0.382173    -0.326656   -0.0989008   -0.0522597    -0.551617    -0.518772      0.25568    -0.388953     0.796813   -0.0659065    -0.273813     -0.13428     0.829478     0.472992     0.168431     0.549789    -0.414968    -0.918936    -0.154119     0.138657     0.302061    -0.561281    -0.722933     -0.51112     0.204478
   -0.118546    -0.163457    0.0314602     0.342058    -0.109681    0.0836135   -0.0702372     0.110669     0.176817     0.300719      0.10132    -0.377995    -0.113717     0.191309     0.286947   0.00895209    -0.189787    0.0164364   -0.0149339   -0.0767271    0.0556858    -0.152101   -0.0167542 -0.000858013     0.205013   -0.0163245    -0.117522    -0.127684   -0.0589252     0.156574     0.215723    0.0655281
   0.0253276     0.208539     0.288928     0.428569    -0.285703   -0.0232913    -0.290551     0.141871   -0.0796701     0.130818      -0.7634      0.13787     0.240933   -0.0593335     0.269822     -0.19408    -0.201191    -0.297365    -0.359586     0.100689     0.461671     0.370717    -0.107568    0.0376337    -0.272406     0.315995     0.144913    -0.128812    -0.421131   -0.0660479     0.133734   -0.0539562
    0.196672     0.483797     0.591021     0.327275    0.0307738    -0.515993     -0.60755    -0.210878    -0.447558    -0.641695     -0.25087    -0.837658    -0.533142     0.124303     0.155744     0.150196   -0.0614724    -0.262709    -0.379538     0.235232    -0.279786    -0.200965    -0.368483    0.0734255    -0.119962    -0.134261    0.0908519     0.387239    -0.450693  -0.00892004     0.176742     0.393471
    0.125775      0.66964    -0.100085     0.530798   -0.0111235    -0.310169    -0.191849     0.153516    -0.131793    -0.250024    -0.142203    0.0868543     -0.47785     0.108062     0.869608    0.0340064    -0.295506  -0.00348903    0.0403112     0.186517    -0.432133    -0.245301     0.398637     0.264318    -0.172271     0.147487    -0.439202    0.0683041    -0.294268    0.0177102     0.296323     0.210204
  -0.0958864     0.741681     0.341848    0.0412692      0.19929   -0.0276784    -0.242176   -0.0304137     0.191247     -0.10532     0.401575      0.13629     0.114907    0.0185135      0.20665    -0.106982     0.254135    -0.404583     0.301274     0.207191     0.109648     0.238752     0.364422    -0.209407     0.199352    -0.413229      0.25959     0.147182     -0.46501    -0.650452     -0.24058     0.108122
   -0.369997     0.572264    -0.434384     0.465499     0.226753     0.259956    -0.110555    -0.134649   0.00444785    -0.870579     0.238308     0.483062   -0.0698939     -0.14505     0.637837    -0.449791    -0.260234     0.287372     0.461837    -0.131305    -0.347939   -0.0144124     0.227179    -0.184689     0.334572    0.0789217     0.171246    -0.347028    0.0457595   0.00959173    -0.281264     0.235841
   -0.401544    -0.150408    -0.219953   -0.0948894     0.108217    -0.243985    0.0470406    -0.233205     0.133415     0.112181    -0.248374    -0.281268     0.126561    -0.036648    0.0103691   -0.0668752    -0.283821     0.248461    0.0302036    0.0915817    0.0111342     0.127792     -0.19929    -0.176039     0.143218    -0.583662     0.106242    -0.200525     0.252417     0.122722     0.266704     0.252315
   -0.123059     0.462333     0.120251     0.157346    -0.341902    -0.111429    0.0174869    -0.281394      -0.0469     0.177049     0.069605    -0.288606    -0.128702     0.259424    -0.449731    -0.258488     0.339921     0.176337    -0.145943     0.357475    -0.152298    0.0533031    0.0951713    0.0275286    -0.191409    -0.332709  -0.00270662    0.0421492    -0.337375    -0.343833   -0.0493929   -0.0742156
   -0.410835    -0.389656     0.678943   -0.0730007    0.0452642    -0.129213     0.195732     0.239348    -0.485482     0.234652   -0.0622509   -0.0624679    -0.241757     0.296965     0.630144    -0.084067  -0.00280795    0.0407857     0.526654     0.270216    -0.272116   -0.0994183  -0.00224772    -0.100615    -0.294281     0.203952     0.230855    -0.161189    -0.105362    -0.166646     0.220034   -0.0224979
    0.425136    -0.442028     0.281857   -0.0193704   -0.0798533    -0.140922     0.101194    -0.453251     0.206709     0.197079    -0.329011    -0.117903    -0.114191    -0.341646     0.237341    -0.148812     0.113451    -0.348241    0.0215006     0.062758    0.0142772    -0.314976    -0.290111     -0.17459     0.269618     0.693613    0.0284688    -0.180204     0.250259     0.207315     0.238059    0.0692907
   -0.144837    -0.397098    -0.177962    -0.243129     0.216344     -0.10967    0.0502297    -0.224173    0.0818994    -0.015953    -0.302364    -0.211876     0.135925    -0.334919     0.299555    0.0477442      0.21394    -0.159308    0.0156303    0.0868307   -0.0473251    0.0398311    0.0480215    -0.184761    -0.108892   -0.0136406     0.042594    -0.257229    -0.176333      0.29624    -0.303878    -0.428398
   -0.284212    0.0103023    -0.494055    0.0703699    0.0618414    -0.749475    -0.215845     0.230863    0.0519906    -0.391365    0.0458972     0.144353   -0.0295696   -0.0487835 -0.000850972    0.0560372    -0.268723     0.303839     0.382567    0.0731287    -0.320397     0.180749     0.049932     0.168053    -0.224151     0.111917     0.185229    0.0808879    0.0967221    0.0696986     0.265974   -0.0941288
  0.00238564     -0.45165    -0.464127   -0.0145639     0.163141   0.00300814   -0.0516342     0.106472    0.0938233   -0.0639882    -0.362794    -0.122695     0.333364    -0.240034     0.322563   -0.0284677   0.00984488     0.196192     0.179542    -0.415294     0.388353  -0.00174438    0.0970082   -0.0936352    0.0307064   -0.0732856    -0.392158    -0.238467    0.0102417     0.261486    -0.172207   -0.0395183
    0.294837     0.160662  -0.00339644     0.176716    -0.104373     0.424194     0.151909   0.00442705    0.0462105    -0.314228    -0.386016     0.647263  -0.00194067    -0.183653    -0.337031    -0.185092    0.0980005   -0.0715546   -0.0209649   -0.0698448   -0.0578324     0.464168      0.38155    -0.125016    -0.156176    -0.301899     -0.13704     0.126637   -0.0255066    -0.176343     0.264426   -0.0683811
   -0.515902    -0.259841    -0.302067    -0.231672    -0.322523     0.205175     0.738459    -0.431341     0.403771    -0.299561     0.602949      0.55801     0.176133    -0.130697    -0.180356    -0.323558    -0.148619    -0.583109    -0.712353     0.149784     0.578799      0.28418     0.430111   -0.0427845     0.534499    -0.429511    -0.693174    -0.365386    -0.164886    0.0109012    0.0223594     0.635555
   0.0483655    -0.206834     0.139889     0.139885     0.456679   -0.0281281 -0.000765651    -0.146268    -0.262987     0.329399   -0.0843825     0.268098     0.107196    -0.466916    -0.251921    -0.157124     -0.51539    0.0219409    -0.191031     0.111224     0.186235     0.106706    -0.189358   -0.0209323     0.180195    -0.016058     0.373016    -0.306755    -0.117556    0.0354497    -0.178385    -0.137965
    -0.27955    0.0196339     0.247181     0.146504   -0.0644749     0.301551     0.188379     0.266768   -0.0258339     0.409757     0.443947     0.145208     0.480442    -0.144015   -0.0541417   -0.0358689     0.236234     0.340372    -0.605951    -0.193444     0.242715   -0.0661339     0.118294    -0.226134     0.217945    0.0973289    -0.455394     0.106006     -0.11604    -0.548682     0.163151   -0.0526992
    -0.14012   -0.0137817     0.210627    -0.135554  -0.00647787    -0.383342    -0.244051     0.135859    -0.536745   -0.0557414      -0.5053    -0.126646     -0.31835   -0.0788171    0.0839787    0.0514613      0.39594   -0.0719031   -0.0336884     0.415547     -0.30757     -0.13951    -0.464057     0.255104    -0.138218      0.36619     0.314995   -0.0086439   -0.0237433   -0.0783795    -0.250414    -0.488702
   -0.135123    0.0469827    -0.371754    0.0811963    -0.151158      0.30538     0.492969     0.106708   0.00349476     0.161314     0.491666     0.194646      0.26302    0.0746303   -0.0544665    0.0648076     -0.24427      -0.1218     0.124024    -0.353991     0.177709    0.0883882    -0.186689    0.0180913     0.145484      0.24169     0.531447     0.248554    -0.202072    -0.105966    -0.221804    -0.327023
    0.358757    0.0651331      0.49696    -0.287628      0.56662   -0.0781973    0.0759498   -0.0208329     -0.45602     0.400522    -0.106976     0.311828     -0.09346    0.0854423    0.0042696     0.570687    -0.118653     0.150265     -0.15196      0.02899     0.196142    -0.273051     0.163588     -0.16331    -0.156402    -0.131948     0.246837    0.0173842     0.162765    -0.134851     0.338644     0.326362
    0.739811    -0.552361     0.148222    -0.102783     0.406506    -0.129902     0.238793     0.278246    -0.664795     0.576641    -0.452233      0.31327     0.329038     -0.44997     -1.08919     -0.01396    -0.130154      0.31627   0.00338629   -0.0857219   -0.0948755     0.630386    -0.144834     0.364538       0.1017     -0.30145      -0.1242     0.445999    -0.162027     0.377152    -0.266435    -0.317503
    0.507792    0.0936936     0.135325    -0.435121      0.27847    -0.185504    -0.111227    -0.109339    0.0638255    -0.162218   -0.0975513     -0.29994   -0.0365907     0.153157   -0.0601886   0.00321227     0.206743    0.0330436    -0.336893     0.670921   -0.0509725     0.123615     0.145923     0.179697     -0.17405    -0.670168      0.18258     0.335597     0.456148    -0.437203    -0.360857    -0.516513
  -0.0233034     0.086223    -0.261701     0.389656    0.0244484     0.168768   -0.0720357     0.297306     0.326773   -0.0237801    0.0833645   0.00936923    -0.007803  -0.00461023    0.0178779    -0.229636    0.0990386     0.360834     0.310934    -0.166103    -0.035301     0.246372    0.0659923    0.0087499     0.213856   -0.0646388    -0.419668    -0.333204   -0.0596179    0.0712606     0.126624  -0.00845353
   -0.787832   -0.0559644       0.6183     0.236111     0.416813     0.152541   0.00734211    -0.224806     0.135255     0.392211     0.199625     0.372515    0.0511439    0.0742569      1.17045     0.193896    -0.307634    -0.376331     0.219779    0.0898549      0.47272      0.33458     0.610221     0.683781    0.0416071    -0.352324     0.044638    -0.525204     0.591214      0.53992    -0.311827     0.093728
   -0.361697     0.145075  -0.00392559     0.087764    -0.109721    0.0342132    0.0289246    0.0830356    -0.101758     0.329487    -0.425603     0.235017    0.0454673    -0.383142  -0.00494737    0.0166296     -0.42287    -0.201801     0.126403    -0.199877     0.224969    -0.422309    -0.668149      0.16665     0.210498     0.266412    -0.359532    -0.454591     0.418685     0.248507     0.219555    -0.638632
   -0.171684   -0.0831641     0.742456    0.0877139    -0.230164    -0.179082     0.193021    -0.396926    -0.346282     0.332098     -0.54791     0.177336    -0.128199   -0.0500619     0.883196    0.0324389     0.467727      -0.7679     0.101979     0.629562    -0.287114     0.131018     0.173079   -0.0469838    -0.696082    0.0418225    -0.101214    -0.180051   -0.0396182    -0.571428     0.485739       0.3766
   0.0598998    0.0997764     0.341251    -0.290078     0.129934   -0.0739238    -0.569847   -0.0476604    -0.370477     0.116253     0.221905     0.226516    -0.098459   -0.0202699    0.0122069    -0.406117     0.443864     -0.35596    -0.128061    -0.226706    -0.411896    -0.348624     0.114062     0.281546    -0.493742    0.0819435      0.38686     0.048611    -0.273993    -0.278835     0.109513   -0.0254792
   -0.130446    -0.348089    -0.426449     0.551758     0.198853     0.545267    -0.104977     -0.10716     0.431377    -0.746149     -0.18437     0.776034      0.31889     0.102127      0.59524    -0.762951    -0.549358    0.0659241      0.25767    -0.173494    -0.632251     0.351321    -0.441005     0.288253     0.297478      0.41113    -0.753297     0.190594    0.0972543     0.507137    0.0492325     0.520592
    0.184161    0.0151548   -0.0182828    0.0940576    0.0110308    -0.103968     0.389629   -0.0625426    -0.189395    -0.102854    -0.306616     0.203668     0.293293   -0.0267968     0.458516    -0.358187    0.0522036    -0.564548   -0.0888922     0.239172    0.0944921   -0.0485473    -0.232838    -0.346199     -0.19611    -0.154503     0.171791    -0.202226   -0.0981149  -0.00756909    -0.440108     0.233934
   -0.391383    -0.271842     0.386493     0.290439     0.343178    -0.193953    -0.447957  -0.00570777    -0.133211    0.0789398    -0.186284    -0.299224     0.108576    -0.156836     0.157778     0.270811    0.0445175    0.0815843     0.318969    -0.286513    -0.305222    -0.174358    -0.370605    -0.128009      0.18626     0.399651     0.057809    0.0478041     0.252809     0.359146     0.255242   -0.0205519
   -0.652142    -0.139071    -0.113199    -0.101831     0.170777    -0.342777    -0.303277    -0.558673    0.0692174    -0.549417   -0.0539081     0.130116    0.0992316    -0.106117     0.783426     0.182282    -0.535543     0.319196    -0.143254     -0.35004   0.00549921     -0.33016     0.312756     -0.88021     0.273968     0.197661    -0.480327    -0.222508     0.353846     0.252556     0.265474     0.871216
   0.0894851    0.0717519     0.229985    -0.330853     -0.12112    -0.430768   -0.0490145     0.487302    -0.317865     0.318574    -0.619641    -0.207467     -0.42308     0.379768    0.0826255     0.450203     0.324336    -0.197732     -0.14338      0.40713    0.0513245     0.391206   -0.0742153     0.184818    0.0855062    -0.126284    -0.137059     0.293606    -0.306772    -0.492821    0.0819212     0.133653
   -0.210809     0.249565     0.135976    -0.140938     0.636626   -0.0650284   -0.0188274     -0.20441     -0.47954   -0.0807455    -0.473393    -0.225673    0.0479442     0.247757    -0.111187       0.2314    -0.155074     0.119904      0.38209     0.231319    -0.305394     0.500571     0.564717    0.0198023    0.0419171    -0.515739     0.564137    0.0179668    -0.285532    -0.228209   -0.0123979    0.0701495
    0.223286     0.293042     0.186131    -0.317516     0.177927     0.017034    -0.112147    -0.339093     0.311802     0.366252     0.277281  -0.00577546    -0.732523     0.743652    -0.133385     0.351181    -0.144462     0.403079     0.324302    -0.284602     0.512319     0.123795    -0.176971    -0.109971    0.0701926     0.350641     0.120458     0.353355    -0.621335   -0.0926197   -0.0119582    0.0079294
  -0.0535845      0.74497    -0.453584    -0.031505     0.579957    -0.150064     0.277671     0.122549   -0.0544754    -0.414861    0.0347316   -0.0732407   -0.0107023   -0.0794224     0.318691     0.545353    -0.136397    -0.110553     0.152252    0.0102525    -0.306352    -0.185021      0.59493     0.132753     0.437172     0.359255     0.206821    -0.185155     -0.28541    -0.421457    -0.190141     0.153104
    0.223616     0.133902     0.466164    0.0445146   -0.0380383    -0.407102   -0.0504871     0.162806    -0.373235     0.623384    0.0143254    -0.322198     0.493656    -0.627008    0.0256589     0.102383     0.362199     0.524809     0.274094    0.0415009    0.0683521    -0.314834    -0.245568    -0.205113     0.146894     0.366221     0.469632     -0.16692   -0.0667269    -0.290938     -0.19484    -0.279641
   -0.335432   -0.0294329     -0.26448    -0.336743     0.088025     0.120271    0.0573072    -0.022135      -0.1728    -0.287882     0.114486    -0.147773    -0.445047     0.201279     0.406464      0.24512    -0.144858    -0.224049    0.0319112     0.225151    -0.143597    -0.387018    -0.222792    0.0456634    -0.303727     0.313816     0.307368     0.446459    -0.243533     0.221305    -0.389063   -0.0702097
   -0.204929     0.147729     0.118322     0.094881   -0.0728767    -0.148153    0.0715702   -0.0473567    0.0293732    -0.201164    -0.382047   -0.0952047    -0.198477     0.279728    0.0620714     0.109355   -0.0791356    0.0552995     0.323985   -0.0812708    -0.171871     0.168649    0.0346503  -0.00932491    -0.245701    -0.206481    -0.578207     0.253489    0.0153534    0.0354508     0.408238      0.42313
  -0.0291125    -0.112959    -0.244616      0.23988    0.0828611     0.263127    0.0311359     0.278111    -0.151358    -0.219559     0.172664     0.100995    -0.103082    -0.280086   -0.0423074     0.199838   -0.0595717     0.160033   -0.0318311     0.357643    -0.186385    -0.176744     0.462163    0.0234257     0.198931    -0.302491   -0.0764502    -0.264477     0.128031    0.0271571     0.199262    -0.222822
    0.233035     0.550802     0.202091    -0.284779    0.0293308     -0.23772     -0.35181    0.0969904    -0.578727     0.194244    -0.153207    -0.163558    -0.110238    0.0182836     0.458662     0.126427    -0.146306   0.00855764     0.113141    0.0280541   -0.0754215    -0.263786    -0.645452     0.157317    -0.565955     0.242623     0.252792   -0.0837311    0.0416976    -0.200193    -0.257817    -0.224109
   -0.115473    -0.211866     0.337885     0.167796   -0.0341814     0.326773     0.297062    -0.169272     0.187151   -0.0669284    -0.015944     0.228798     0.129115    -0.175342     0.304578      0.19205    -0.483314    -0.107092     0.183233     -0.73553   -0.0430842     0.232669     0.487998   -0.0926606     0.671421     0.781945     0.209505     0.412243     0.150306     0.595036    -0.201828    -0.179458
   -0.140971     -0.25671    -0.226255     0.100998    -0.301878    -0.231787      0.24505     0.272209     -0.02351    -0.389697  -0.00619538    -0.283463   -0.0706824   -0.0840727     -0.25411     0.238377     0.100883    -0.192462   -0.0855674    -0.189231     0.227617     0.306362     0.392007     0.341535   0.00456781    -0.594769     0.381698    -0.132205     0.207069     0.198414   -0.0803423    -0.163821
    0.319657    -0.341857     0.622516     0.202958     0.489925    -0.202538    -0.298134    -0.105698    -0.272339     0.188993  -0.00731674     -0.15523     0.623152    -0.453696    0.0242528     0.290061     0.359009     0.229227     0.021298    -0.288921     0.158558     -0.15162     0.671857   -0.0727057     0.187518    0.0919816     0.922759     0.164673    -0.319798    0.0403478     -0.24271    -0.390312
   -0.233135    0.0162277     0.318886     0.373963   -0.0847156    -0.342442    0.0542598   -0.0128195    0.0256644   -0.0571656    0.0382854    -0.241793    0.0545768     0.218256     0.394368     0.154717     0.153793     0.198846    0.0805929    0.0716425    -0.109073    -0.322247    0.0823006    -0.152663    -0.011199     0.102703     0.220602    0.0903664     0.510353   -0.0595695    0.0813405    -0.205249
   -0.320156    -0.589996       0.1351      0.27146    0.0280542    0.0136479     0.355872     0.147409      0.18944    -0.158661     0.120078     -0.15671      0.29892    -0.269701     0.542473    -0.179055     0.287827    0.0799096    -0.038404    0.0535839    -0.201518    -0.156221     0.445327  -0.00598832     0.274428     0.360971   -0.0840996    -0.076984   -0.0485009    -0.149317    -0.387222   -0.0373977
   -0.169116    -0.425018     0.109539      0.12532   0.00550975    0.0664355    -0.400204    -0.372761    0.0671069    -0.190998    -0.132316   -0.0190747    0.0570554    -0.110991   -0.0740665    -0.152607    -0.166372      0.74731     0.403519    -0.326558   -0.0672253     0.263128     0.415846     0.169098     0.246807     0.188897     -0.21875    0.0823262    -0.007608     0.617691    -0.116663     0.150865
     0.11168   0.00591301    0.0290156    -0.195294     0.145574    -0.143982   -0.0325731    -0.214006     0.148091       0.2669     0.164215     0.328799     -0.34211    -0.176868    0.0959839      0.18719    0.0198711    -0.291304    0.0943981    0.0984902     0.209807    -0.257366    -0.298864     0.315568    -0.351398    0.0295339      0.20917    0.0636733     0.266384     0.151909   -0.0868871    -0.123422
   -0.136144   -0.0694974    -0.332738     0.041622     0.355268    -0.338855     0.118431     0.306593    -0.295174    -0.548938     -0.15759      -0.5542    -0.391543     0.215099     0.413335     0.189312     0.326762    -0.622383    -0.416535   0.00911171    -0.311274    -0.181318     -0.72132    -0.115389    -0.649633    0.0846506    -0.134537    -0.353342   -0.0870399    -0.258776     0.170269     0.382811
    0.200997      0.28151     0.391591    0.0391111     0.120534     -0.40466    0.0446923    -0.323778      0.11938    -0.325513     0.359565    -0.110338    -0.255828     0.108105    -0.280597     0.376071   -0.0786131     0.189055     0.381374   -0.0800155     0.282112    -0.115615     0.081854    -0.248234     0.325951    -0.468311     0.399646     0.156428    0.0451835    -0.371038   -0.0859489    0.0781924
     0.71895    -0.424922   0.00659782    -0.320017     0.259655     -0.36576     0.612451    -0.580203    -0.342384     0.486246    -0.208725     0.214637   0.00560867    -0.348883    -0.114954     0.271314   -0.0900601     0.195383    -0.678648     0.420228     0.112107    0.0125082     0.178128    -0.053753    -0.281877   -0.0893575    0.0825818     0.418993    0.0367421   -0.0689605    -0.367187    -0.188259
   -0.173743    0.0881628    -0.315549     0.264427    -0.247204     0.303225  -0.00485989     0.298325   -0.0696927    -0.181495     0.111904    -0.104729     0.475925    -0.260142     0.312286    0.0300032    0.0444313     0.301345    0.0385432    0.0463093     0.189535     0.117258       0.5147    -0.232421    0.0861945   -0.0760813   -0.0427102    -0.332607   -0.0027086    0.0147219     0.337755      0.16836
   -0.435303    -0.377853    -0.567031     0.199972    -0.112338    -0.108208  0.000232969     0.124989   0.00580586    -0.215705     0.130642     0.659215    -0.163348   -0.0316726    -0.120535    -0.731866    -0.585188     0.315208    -0.192039     0.325876    -0.757569     0.275593    -0.413539     0.461327    -0.119489    0.0455403     0.244777     0.144347      0.42502     0.472708    0.0842214     -0.44747
     0.15018   -0.0958914    0.0690667   -0.0405991    -0.065859    -0.122589    -0.216588   -0.0250717    -0.387525    0.0150551    -0.162837    -0.155495     0.512331     0.118522   -0.0128663     0.111484   0.00775344    -0.105102    -0.216319    -0.107128   -0.0882187    0.0119037     0.187938     0.233148   -0.0960235   -0.0883489    0.0620123     0.068358    -0.146314     0.204337    -0.101127   -0.0159372
     0.24878    -0.618189    -0.345423     0.146241     -0.20925     0.692692    -0.359153     0.204454    -0.661434     0.243733    -0.365378     -0.20377    0.0376394    -0.216057    -0.439469    -0.289216     0.253271     0.193206     0.242039   -0.0330427    0.0957688     0.393729    -0.370445    0.0626536     0.360679    0.0739035    -0.160185     0.227087   -0.0387092     0.179223    -0.323075    -0.232228
  -0.0328097    -0.235276    -0.400894    -0.442592   -0.0206401    -0.108847     0.185108     0.112308     -0.30563     -0.29082     0.191801    -0.119625     0.157604    -0.483874    0.0704305     0.313162    -0.166671     -0.31523     -0.37875     0.119243     0.385464     -0.42613   -0.0468418    0.0638182    -0.325996     0.100809    0.0926748    -0.232152    0.0787063  -0.00041427    0.0261093     0.149158
   -0.189305    -0.126548    -0.273823     -0.14935    -0.216733    -0.307161      0.18766    0.0749157   -0.0938919   -0.0898239     0.523325   -0.0687689    0.0356249    0.0311822     0.438406  -0.00745294    0.0433151     0.563486    0.0121216   -0.0132603    -0.460423    -0.267852   -0.0664868    -0.092631    -0.139757    -0.147585     0.181203   -0.0782902    -0.158789    -0.159921    -0.205649     0.380947
   -0.127814    -0.400531    -0.311983   -0.0407184     0.183797    -0.023061     0.141709     0.278004    -0.181765    -0.496374     0.166096  -0.00968438    -0.289548     0.059787    -0.351783     0.199457     -0.26885     0.415039     0.171383     0.108569     0.651814    -0.508584    -0.276389    -0.258475   -0.0423724    -0.373381    0.0902865    -0.704936     0.148734     0.114873     0.109599    -0.212183
  -0.0348845     0.161846    -0.316777     0.164827   -0.0191473     0.539453      0.13277     0.179055     -0.29683    -0.179302    -0.023819     0.248116    0.0303091    -0.235957     0.203465     -0.42007     0.104439    -0.258784      0.29406    0.0894925    -0.170767   -0.0478749    -0.135198      0.31987   0.00785697    0.0941341    -0.218803     0.167695    0.0592633     0.210027     0.247685    -0.116522
    0.305598     0.126841     0.185411   -0.0610325    -0.358697     0.299991    -0.480551    -0.104618     -0.33892    -0.213451     0.239304    0.0887659     0.115158     0.134549    -0.387328    0.0761505    0.0884925    -0.198811     -0.11059    0.0921759     0.490801     0.434717      0.15604    0.0508486     0.343402    -0.634312    -0.156832     0.215606    -0.871014    -0.480202    -0.407102     0.165996
    0.127421    -0.164779   -0.0775677     0.677918    0.0448588     0.235772    -0.760509   -0.0450428     0.201812    -0.215103     0.341925     0.496919  -0.00779916     0.283838    0.0966622     -0.20417   -0.0598839     0.298445    -0.147906   -0.0973792    -0.789283     0.681906     0.131173     0.348042     -0.14801     -0.11396     0.239734     0.439387   -0.0196736   -0.0703714     0.159792     0.253399
   0.0198445    -0.171118     0.315443     0.177127    -0.227826   -0.0932563    -0.108627    -0.334219     0.537633     0.378787     0.149924      0.23446    -0.485004    0.0993396    -0.457075    -0.216267  -0.00221128    0.0548652     0.121745    -0.260589     0.365205     0.143648    -0.142274    0.0689601     0.759502    0.0289115    -0.677946    0.0234446    0.0830339   -0.0906109     0.359932    -0.332689
    0.296195   -0.0540292    -0.364455    -0.170054     0.330476    -0.023761     0.117024   -0.0528684    0.0596919      0.35387    0.0840183   -0.0866758   -0.0437548    -0.225195   -0.0324995    -0.276647     0.336488     0.130105    -0.214908     0.242511    -0.478424    0.0186323     0.374105     0.123564     0.340236    0.0250075    -0.241145    -0.137788    0.0228682    -0.153982   -0.0206271   -0.0365255
    0.015486    0.0464216     0.322827    -0.253185     0.276788   -0.0300686     0.253987     0.210637    -0.277981     0.111906    0.0282707     -0.11792     0.202635     0.313712     0.153911     0.305346    0.0228286   -0.0828173    0.0545291    0.0999857   -0.0806556    -0.369213   -0.0874099   -0.0469159   -0.0804722     0.772702  -0.00814771    -0.240332     0.794655   -0.0833218     0.194231   -0.0279428
  -0.0653044     0.138521   -0.0672619     0.413612     0.174113    -0.125196     0.382307     0.295982     0.185019    -0.167645    0.0450473    -0.300759   -0.0621811   -0.0265815     0.346499     0.113262   -0.0203962    -0.516022     0.077398    -0.220357    -0.192623    -0.576876    -0.405452     0.253962     0.298999     0.264449   -0.0632462    -0.220595     0.239377     0.525151     0.357604    -0.570118
   -0.247355     0.257028     0.282233    -0.248791     0.178496     0.190212    -0.154342    0.0744509    -0.350958     0.233963   0.00323756     0.577951   -0.0270072     0.358802    0.0191602    0.0307247    -0.450859     0.493592     0.159048    -0.266273   -0.0857113   -0.0276238     0.257349     0.166152    -0.349899    -0.309195     0.200171     0.221035   -0.0948504     -0.28654     0.042563     -0.27014
    0.195001    -0.331293     0.220602   -0.0395547    0.0910689     0.359717    0.0338211     0.156099     -0.30922     0.352552  -0.00510697    0.0578064     0.529804    0.0818986    -0.442073     0.377791   -0.0798788     0.439965   -0.0146369    0.0511582     0.319151   -0.0470124    0.0456455    -0.371907     -0.12974     0.294182     0.269115   -0.0915311     0.126433   -0.0594815      0.13069     0.678309
    0.374275    0.0921098     0.178542    0.0127471   0.00985821    -0.314156    -0.159266   -0.0904988     0.112534     0.625398    0.0597131    -0.329455     0.309148    -0.263514    -0.246285     0.280366     0.564169       0.1895   -0.0416787    -0.172572   -0.0159262    -0.280951     0.267301   -0.0273452     0.164955   -0.0800619   -0.0228302     0.194091     0.134367    -0.164505    -0.195576     0.244454
  -0.0989189    0.0145664    -0.213323    -0.408678   -0.0365336     0.139101     0.235383    -0.256787    -0.239323    -0.183381     0.469889    -0.132734     0.506014    0.0759504    -0.364217    -0.112753     0.322231   -0.0350415     0.129812    -0.274382     0.297029    -0.417414     0.321287   -0.0486562     0.279111    -0.468151     0.237747     0.182389    -0.240533    -0.445464    -0.279707     0.280887
    -0.15581    -0.239736     0.005629     0.114105   -0.0545436    -0.242475     0.364969    -0.125288    0.0546425     0.444314    0.0324003    -0.050551     0.281271    -0.225049    -0.227066     0.106412    -0.226676     0.730872   -0.0200086    -0.489863   -0.0680891    -0.822485     -0.46714    -0.663756     0.236508     0.517751   -0.0780061    -0.128087     0.276129     0.250268     0.677688     0.675933
   -0.235283      0.30907    -0.592939    0.0751149     0.421609    -0.240849     0.224505     0.554415     -0.37794     0.157531    -0.270819     0.146673     0.123462     0.390168   -0.0795197   -0.0461442    -0.255541   -0.0491609    -0.177652    -0.259289    -0.351514    -0.219443     0.456614    0.0455202    -0.195872     0.894953    -0.124501   -0.0973704    -0.175164     0.309689     0.259228   -0.0233563
   -0.631385     0.538959     0.109628      0.26702    0.0414727    -0.378435     0.222415   -0.0950005    0.0972352    0.0661686     0.263326    -0.151888     0.890927     0.235218     0.177726     0.224189     0.164574    -0.121345    -0.163979    -0.226685    -0.177631    -0.243831    -0.142248  -0.00274668    0.0340023     0.450733    -0.410798    -0.206743    0.0136767   -0.0735514   0.00978655    0.0794352
   -0.159715     0.378852     0.151799     0.147156    -0.202667    -0.181415    -0.238192     0.175694   0.00584149     0.165809    0.0826431    -0.311183     -0.35885     0.203621   -0.0767421     0.349493    0.0522244     0.179842    0.0128287    0.0911035     0.195458    -0.165894   -0.0522978    -0.115396    -0.127789   0.00651867     0.265088    0.0589672    -0.112778    0.0276211     0.204755    -0.343332
   -0.408008     0.597792    -0.122939     0.177701     0.197396    -0.463358  0.000313931      0.34457    -0.133948    -0.320254   -0.0226293    -0.224618     0.162579   -0.0445876     0.132319     0.623063     0.634897      0.30021   -0.0278759    -0.111532    -0.320173    -0.247568     0.121844    -0.433023    -0.170541  -0.00943779     0.044979    -0.282775     -0.40152    -0.307147    0.0725448     0.103675
    0.377754   -0.0534855     0.588403    -0.106071    0.0583827    -0.472226    -0.080782   -0.0128788    -0.586648     0.478729     -0.31784     0.360541     0.112984     0.335863    -0.308431    -0.158316     0.021153     0.379042     0.105847    -0.125327    -0.280229    0.0948236     0.376456    -0.135864    0.0992147    0.0898504     0.094739     0.170774    -0.108547    -0.310676   -0.0594356    -0.172247
    0.134081    -0.173059    -0.457033     0.133551     0.295037    -0.281995   -0.0979139    -0.106024    -0.217041   -0.0420836    -0.255577     0.374518    -0.052437     0.433152     0.245642    0.0372463    -0.307628    0.0201258     0.107831   -0.0603485    -0.384755   -0.0562823   -0.0404326     0.347676   -0.0123036     -0.28386     0.111485     0.418281    -0.091556     0.358965     -0.18998    -0.196924
      0.2016     0.284662    -0.879045     0.311444    -0.149471      0.31132    -0.410592     0.140574     0.409284    -0.226482     0.609778     0.230467    -0.506694     0.275182    -0.228528    -0.308928    -0.275424     0.165101    0.0358751    -0.112603    -0.211429     0.270898     0.582634    -0.304536    -0.235655    0.0747291    0.0868809     0.184607    -0.300083     0.122986     0.147909    0.0356336
   -0.205375    0.0390484    -0.261192     0.551872    -0.022137     0.377205    -0.279416     0.329416      0.39934    -0.186614     0.532357      0.42638   -0.0848453    -0.423315     0.439239    -0.420688    -0.155289     0.314901    -0.276623    -0.965789    -0.489008      0.42844     0.681245     0.161589     0.233068     0.436216    -0.903251    0.0161852     0.138889       0.6813      0.18955     0.506196
   -0.169637    0.0803052    -0.193828     0.147397     0.267755   -0.0261418    -0.126839    0.0311705     0.234083    -0.209193      0.10076     0.215734     -0.30705      0.11173     0.341123     0.153389    0.0149483      -0.2991    -0.243604    -0.221652  -0.00828821    -0.134412    -0.354101   -0.0584409    -0.421861      0.58655   -0.0299028     0.215704     0.174298    -0.166821    -0.096023   -0.0392354
   0.0332677     0.253089    -0.260532    -0.100344     0.337837     0.241417    0.0314365    -0.115676    -0.182272     0.130783    -0.309161     0.547266     0.250316    -0.245737   -0.0121383    -0.283348    -0.193685    -0.148662    -0.173812      0.29285  -0.00765691   -0.0353985    0.0376717  -0.00104802     0.267848     0.168446    0.0317092    -0.349294    0.0478959    -0.114213     0.164432     -0.36036
    0.299479    0.0544832    -0.503034    -0.467845      0.25358     0.541503    -0.305688     0.454989    -0.263392     -1.09462   -0.0638693     0.335342    0.0702148     0.196744   -0.0569462     0.189531    -0.126353     0.296004     0.242286     0.273126    -0.258778     0.161289    -0.624995    -0.507947       -1.052    -0.836347     0.195406     -0.19733    -0.135584     0.178586    -0.198219    -0.152975
   -0.250281    -0.700996    0.0722152     -0.24514    -0.126935    -0.204393     0.258544    -0.428787     0.375709      0.18689  0.000790351     0.290611     0.207951    -0.247068    -0.123219    -0.180126   0.00980257     0.220096    -0.606888     0.202829    0.0834555    -0.257393    -0.532283     0.186436     0.156014    -0.206792    -0.302109    0.0126549     0.265741     0.290499    -0.129797     0.018837
   0.0646387    -0.469581     0.507165    -0.419542     0.395086    0.0255584     0.185638    -0.325775    -0.129766   -0.0475534    -0.256303     0.212442    -0.243546     0.478695     0.014623     0.286261    -0.424513    -0.180264    -0.353589    -0.118642     0.081484     0.232199    0.0676429     0.247784     0.290822    -0.465265    -0.367746     0.364751     0.138552   -0.0660275    -0.444865    -0.151183
  -0.0536657     0.349921    -0.604592  -0.00818441    0.0367447    -0.110901    -0.234309    -0.056261   -0.0541506    -0.529259      0.17444   -0.0237812   -0.0693886    -0.266381     0.532257     0.431233    0.0829299    -0.168226    -0.280811  -0.00300599     -0.45183   -0.0708307   0.00577979    -0.715398     0.125747    0.0847394     0.228888    -0.495843    -0.111181    0.0274949     0.062108     0.492811
   -0.488822    -0.415461    -0.138534    -0.471071     0.224894      0.19644   -0.0293037     0.168973    -0.204802    0.0245288   -0.0474281    -0.374948     0.567662     0.105154    0.0576598    -0.265966   -0.0154857   -0.0901799     0.121536    -0.222966     0.638482     0.237896    -0.102945    -0.132653    0.0302972   -0.0619321    -0.454656    -0.322166    0.0854532     0.198179     0.335137     0.260333
   -0.288614     0.265585    -0.106273     0.242495    -0.128044    -0.121253    -0.368001     0.213664     0.269228   -0.0856082    0.0911318    -0.232916     0.306518     0.120044    -0.437645     0.368323   -0.0422978     0.248643     0.040361     -0.16619     -0.20205    -0.146914     0.272389     -0.30305    0.0713572     0.414198     0.395096    0.0107907    -0.109839     0.299822     0.285209     0.413491
    0.191389    -0.042452     0.243851   -0.0196525       0.2774   -0.0658118   -0.0167345    0.0108836     0.271689   -0.0599776   -0.0839872     0.122446  -0.00310748    -0.348243     0.160241     0.091543    -0.225949    0.0712041   -0.0582971    0.0111698     0.198708     0.155229     0.336944     0.256011   -0.0974173     0.132748   -0.0145113    0.0462994    -0.123254    -0.168463    0.0378578     0.161436
   -0.287969   -0.0206786    0.0440019     0.137829     0.120227    -0.513448    0.0790185     0.415787  -0.00756278   0.00737422    -0.135309   -0.0120943   -0.0144074     0.450918    -0.511738   -0.0194455    -0.123083    0.0328762    -0.387532     0.183465   -0.0365347    0.0103697    -0.410895   -0.0703063     -0.12096    -0.421032     0.185964   -0.0297626     0.318836   -0.0957913     0.449482     0.095786
  -0.0438512   -0.0112091    -0.116399    -0.275491    0.0641883     0.357481     0.155163    -0.429667     0.220485   -0.0728599    -0.262933    -0.151728     0.116259      0.20616    -0.311262   -0.0920406   -0.0766959     0.102277    -0.235624     0.762602    -0.125299    -0.150786   0.00248429    -0.496179    -0.334185    -0.396935     0.238957    -0.102015     0.200912    -0.122394    -0.156321    -0.109121
    0.171219    -0.571068     0.114405    -0.166595     0.275298     0.260569    -0.203395      0.31747    -0.315739     0.455552     -0.16084     -0.31857    -0.158482     0.267585     -0.25859     0.100942    0.0607517    -0.278792     0.242637   -0.0334363    -0.156533  -0.00633909    -0.074621    -0.190431    0.0813218    -0.188378     0.264232   -0.0138513     0.052408     0.397338    0.0314797    -0.224653
  -0.0764461    -0.371064     0.485573     0.238124     0.251328     0.384971     0.299558    -0.101803     0.403232     0.831757     0.582761    -0.124884     -0.31085    -0.154238    0.0411089   -0.0226365  -0.00856798     0.172331     0.229086    -0.581444     0.659962    -0.646901      -0.1832     0.384713     0.868844     0.749111    0.0424838    -0.187559     0.181421     0.737029    -0.447347     0.159487
    0.327787    -0.337375    -0.259422    -0.261378    0.0637038     0.219208    -0.367258     0.416496     -1.03829    -0.226454    -0.870907     0.273153     0.262919    -0.264342     0.548971    -0.110464    0.0628792     0.117621   -0.0341847     0.189135    -0.406492     0.535599     0.534402    -0.121325    -0.276749     0.382931     0.118971     0.116949     0.251294     0.035395    -0.370044     0.295941
    0.542801   -0.0539032     0.383466     0.155611   -0.0327531    -0.320357    -0.123118    -0.416252    -0.209004     0.478393    -0.178608    -0.102907     0.190898    -0.362555      0.47635    -0.215063     0.367711     0.205513     0.177137    0.0489907    -0.516019     0.494707    0.0516572    0.0849809   -0.0558536     0.455274     0.639733     0.286107    -0.270891     0.199917    0.0103243    -0.098972
