   -0.235829
  -0.0197023
   -0.249421
   -0.179898
    0.172787
    0.156103
   -0.402968
    -0.22327
    0.127504
   -0.237422
    0.120157
    0.154707
  -0.0406418
   -0.334546
  -0.0414539
  -0.0188699
    0.104825
  -0.0927312
    0.325508
   -0.173206
    -0.12607
   0.0798992
   -0.353816
   0.0245301
   -0.223391
-2.97447e-05
   0.0602809
    0.181058
   -0.374674
   -0.500323
  -0.0763278
   0.0816718
    0.037005
    -0.15359
   0.0333328
   0.0851479
   0.0769975
   -0.166646
   -0.223867
  -0.0303802
   -0.057038
     0.30983
  -0.0403027
  -0.0987559
  -0.0877024
    0.209341
    0.115058
     0.10352
   0.0952323
   -0.163719
     0.21796
   0.0890214
 -0.00711409
   0.0629543
   0.0678002
     0.68054
    0.106321
 -0.00245711
   -0.168494
  0.00566918
     0.22957
   -0.132891
   -0.127306
   -0.173437
  -0.0347261
   0.0494535
   0.0639609
   -0.158365
   -0.185481
  -0.0636292
   -0.145334
    -0.30748
   -0.226832
  -0.0600338
   -0.139928
   -0.169327
   0.0432443
   -0.132826
  0.00266429
   -0.223473
   0.0829079
    0.192134
    0.139282
   -0.272697
   -0.118901
   0.0182571
  -0.0542094
   0.0574135
   -0.161705
    0.154001
    0.041462
    0.104778
   0.0391939
    0.123011
   0.0439455
  -0.0363754
    0.151898
    0.226601
   0.0550638
   0.0706933
   0.0930263
   0.0422526
  -0.0700604
   -0.154298
    0.121769
   -0.371424
   0.0465246
   -0.183899
    0.409748
  -0.0459168
    0.835984
   -0.239874
   0.0565509
   -0.184076
     0.23448
    0.536815
   0.0982938
  -0.0523635
  0.00790282
      0.2399
    0.228714
  -0.0483465
   -0.640824
   0.0403781
    0.066312
   -0.122595
    0.307603
    0.304216
