   -0.55441
   -1.16113
  -0.673483
  -0.573852
   -1.62453
  -0.594664
  0.0734759
   -1.85527
   -1.07437
 -0.0439932
    -1.2387
   -1.42525
   -2.17015
   -1.60283
   -1.61305
-0.00538292
   -2.10473
  -0.700664
  -0.568273
  -0.467206
   -1.14691
   -1.26444
   -1.58053
  -0.321414
   -1.94114
  -0.279234
   -0.94888
  -0.561744
  -0.747959
  -0.261785
   -1.96682
   -1.24472
   -1.82013
  -0.724001
 -0.0226986
   -2.55242
  -0.161068
   -1.33656
   -1.18284
  -0.741616
  -0.471448
   -1.57617
   -2.12211
   -2.00978
   -1.33326
  -0.111825
   -2.33355
   -1.73299
   0.366086
  -0.832266
   -1.30379
  -0.261892
  -0.280669
  -0.703314
   -2.06203
  -0.831516
 -0.0217346
   -1.98482
  -0.104566
 -0.0629448
   0.907708
   -1.51198
   -2.09126
  -0.270269
  -0.559737
  -0.844801
  -0.139232
  -0.512176
   -1.29271
  -0.865457
   -1.10113
  -0.631577
   -1.47111
   -1.71207
  -0.495325
 -0.0544967
   -0.53197
  -0.398231
   -1.32641
   -1.83107
   0.638884
   -1.45044
   -1.39015
   -0.45568
   -2.33709
  -0.779904
  -0.732515
   -1.69632
   -1.25654
  -0.517097
   -1.96305
  -0.130607
  -0.533036
  -0.553329
  -0.578636
   -1.51712
 0.00155737
    -1.9063
  -0.710106
   -1.30539
 0.00226676
  -0.582906
   -1.28681
   -1.24263
  -0.359553
   -2.19987
   -2.05568
   -2.62548
  -0.638648
  -0.642638
   -2.71377
    -0.1719
  -0.759796
  -0.494214
   -0.29176
   -1.24812
   -1.52208
 -0.0229987
    -1.2871
  -0.255028
  -0.568823
   -1.39288
   -1.16718
  -0.674455
   -1.08134
   -1.27606
  -0.654962
  -0.884947
