    0.574303     0.393278     0.188857     0.365969    -0.352182    -0.289342   -0.0611143     -0.28643    0.0626659    -0.678368    -0.018336    -0.188986   -0.0691332     0.231354     0.415002    -0.274806    -0.139035     0.184085    -0.282902    -0.230504    -0.151737    0.0287463    -0.290343    -0.522264   0.00729822    -0.577516   -0.0783121      0.37858     -0.35091   -0.0791985    0.0232223    0.0414197
   -0.162467    -0.225508     0.190679    -0.643583    -0.105747     0.378142     0.276138    -0.205993     0.116936    -0.078404     0.227796    0.0979932     0.400186   -0.0255218     0.191505     0.176285     0.159361     0.205138      0.15424    -0.248992    0.0615433    0.0283263   -0.0303616    0.0318509    -0.447427    0.0889792     -0.28648   -0.0710757    0.0260842    0.0271216    -0.339753     0.252679
    0.309792    -0.160148    0.0962604    0.0312336    -0.348183     0.308851     0.159495     0.321358     0.111635    0.0917371    0.0334961    -0.281813    -0.180171    0.0804403   -0.0795562   -0.0685608     0.159656     0.407768    -0.116994     0.052886   -0.0860506    -0.204407    -0.185975   -0.0851146     0.129774      -0.3509     0.241447     0.209357     0.252996     0.256282   -0.0989008     0.136312
   -0.218454    -0.383698     0.340169    -0.550203     0.103169    0.0879036    0.0893633    -0.381366     0.359612    -0.257392     0.186147     0.858914     0.169837    -0.616735     0.118909    -0.334131    -0.385197    -0.568793   -0.0422774     -0.33817    -0.135333    -0.224132     -0.23792    -0.270031    -0.299021    -0.104651     0.420716    -0.245249     0.165507    -0.154413     0.387265     0.483343
    0.227937   -0.0823963     0.183024     0.843116     0.286757    -0.155787   -0.0578431    0.0838923    -0.136354   -0.0695808    -0.158055    -0.160878   -0.0222249     0.386318     0.140451    0.0678409    -0.119082     0.186253    -0.144855     0.217079     0.431588    -0.452188    0.0423914    -0.325752     0.345501     -0.45821    -0.412842     0.540351     0.289077    -0.458201     0.272002     0.166425
    0.290767    -0.373006     0.599682     0.432662    -0.584273      0.16759     0.100347    -0.125121    -0.135021    -0.124294    -0.113537    -0.155405     0.285756     -0.36661    0.0579044     0.294593   -0.0841648    -0.206583    -0.442455     -0.34325   -0.0343899     0.250649    -0.481342    -0.215087     0.594313     0.795551   -0.0727576    -0.200273    -0.546081     0.146806  -0.00053811     0.646928
   0.0899841    0.0763954    0.0710666       0.5571     0.111191    -0.185773     0.568168    0.0368143     0.237872  -0.00579727   -0.0119411    -0.394444    -0.195961     -0.12793   -0.0451519     0.204554    -0.259684     0.366424     0.338653     0.111474    -0.138039   -0.0293915    0.0856351    -0.465185     0.584821     -0.26051    -0.494236     0.613322     0.099116    -0.105883     0.130874    -0.144797
 -0.00743776    -0.265069    -0.234004    -0.501722    0.0542337     0.325081    -0.124976   -0.0338886     0.289994     0.220691    -0.125752    -0.109607    -0.155468    -0.183401      0.12367     0.174097    0.0686198     -0.32854   -0.0054464    -0.271438     -0.67061     0.219032     0.300729    -0.284927    -0.305733   -0.0795775      0.41502  -0.00107075    -0.334139     0.171794    -0.585965    -0.451475
     0.37804    0.0642283    0.0146472      0.49011    0.0355552   -0.0923493     0.196977    -0.177251     0.125382    -0.300574    -0.128657    -0.338058   -0.0473084     0.236246    0.0112582     0.456063    -0.314306     0.159283     0.242818     0.115216     -0.14408     0.162138    -0.292056    -0.279501     0.463077     0.225888    -0.456824     0.361551    0.0739789    -0.374287     0.411547     0.334797
    0.463532    -0.365307    -0.185394    -0.315546  -0.00994625    -0.597314     0.729627     0.124811     0.157884    -0.473774    -0.213884    -0.153204    -0.269648    0.0576572     0.106753    -0.274948     0.270314    0.0477481    -0.226649     0.460394    0.0191654    -0.153243     0.243146      0.16346     0.138881    -0.409823    -0.331097    -0.487395    -0.463864     0.269698    0.0708008     0.256465
   -0.290682    0.0900303   -0.0931535     0.155701     -0.31443     0.517672     0.347146     0.375989   -0.0887404     0.412802     0.115929   -0.0805782     0.179131     -0.25549    -0.589564    -0.212162   -0.0843642    0.0436682     -0.24847    -0.144456   -0.0796343    -0.257361    -0.172332    0.0553522     -0.12966    0.0889675     -0.10255     0.297624      0.39207   -0.0757729     0.297997    -0.483466
    0.501298      0.28061    -0.208733    -0.483164     0.217634     0.156999     0.644306    -0.353037     0.322827     0.300833    0.0502496    0.0861973    -0.233594    -0.302814   -0.0317001     0.260134    -0.252956     0.401569   -0.0892632     0.173313     0.378923    -0.336934    0.0458381    -0.105032     0.410625    -0.022167    -0.326207     0.137751     0.154401    -0.094736   -0.0828648    0.0212323
    0.184521   0.00950459    -0.183093    -0.719343     0.094283     0.236146     0.522881    -0.116353    -0.221697     0.230057     0.329584    0.0464364    -0.206214    -0.331418     0.128932    -0.374666     0.303277    -0.209386    -0.130151     0.138597    -0.274636    0.0163334     0.193472    0.0741937    -0.535012    0.0823026   -0.0908431    -0.699022    -0.391293    0.0623914     0.092606     0.139814
   -0.142175      0.24516    -0.245624    -0.050785    -0.197182     0.370423     0.215741    -0.262124     -0.14873    -0.423786 -0.000869816     0.235831    0.0942636    -0.279594    -0.029541     0.218278   -0.0866922    -0.104123     0.351892   -0.0622805    -0.239766     0.283048    -0.208325     -0.24565    -0.350963     -0.15869     0.322173     0.128562    -0.197148    -0.224715    0.0476574     0.203526
    0.223395    -0.167043    -0.205677     0.444683    -0.329152     0.490605     0.180065   -0.0226226    -0.146283   -0.0961615     0.290967     -0.29277     0.133175     0.037826    -0.198707     0.283538    0.0136107     -0.45051    0.0445528   -0.0660617    0.0534132  -0.00794357    -0.116367  0.000484217    -0.148333    -0.392511      -0.2105     0.345984    -0.134907   -0.0936033    0.0838731     0.139006
  -0.0660569    -0.114392     0.224805    -0.661454     -0.55748    -0.125256     0.579645    -0.334261    -0.180898     0.575563     0.399873    -0.114198     -0.49289    -0.331438     0.220658    0.0838282    -0.157638    -0.282011    0.0827369     0.206842    -0.064566    0.0648213    0.0655518    -0.242454    -0.270459     0.501261     0.151712    -0.393209     0.069397     0.119213     0.299778    0.0937747
    0.107593     0.186306     0.206009   -0.0355715     0.279202    0.0164094     0.205169     0.481701   -0.0325534     0.167499    -0.162809   -0.0467116     0.133241   -0.0360228     0.231708     -0.10629     0.363963     0.220845    -0.156497   -0.0509231    0.0616633   0.00724175   -0.0317904     0.104431     0.197103   -0.0937909     0.142528     0.160081    -0.496081     0.117963    -0.557914    -0.287322
   0.0602013   -0.0122154     0.298159    0.0898389     0.100572     0.369233     0.115025     0.451607  -0.00329176     0.425134     0.036877     0.299627   -0.0897129    -0.134447    -0.525881   -0.0188394   -0.0845108   -0.0562189    -0.019002   -0.0477727    -0.275604    -0.172315    -0.314989    -0.247405    -0.512659    -0.132459     0.267765     0.313763    0.0334175    -0.277935     0.131393    0.0648141
   -0.199052    0.0562062     0.208806   -0.0610641     0.125085    -0.360673     0.251104    -0.272081    -0.285611    -0.029079    0.0026311    0.0771256    0.0912674     0.465556    -0.215818     0.377844     0.104059     0.251104    -0.279681    0.0796052   0.00582497    0.0364432     0.240788   -0.0979268    0.0964654    0.0302283    -0.261297    0.0341732    -0.229422     0.116104     0.293255    0.0483081
    0.345404     0.491198    -0.104693     0.268816    -0.469394    -0.208376     0.262536     0.108046     0.234298     0.255519     0.425934    0.0320578    -0.203443    0.0563391     0.118648    -0.127841   -0.0881407     0.309592      0.33355     0.157869   -0.0845714      -0.2603    -0.108483     0.139062     0.236507    -0.286874     -0.12697     0.426175    0.0203671    -0.438941     0.277777    -0.133041
    0.397131     0.033204   -0.0766365    0.0227848     0.208349    -0.141905   -0.0746839    -0.110148    0.0971025     0.039662    -0.116715     0.397109     0.116245   -0.0707444     0.258068     0.113095    -0.138235    -0.252674    -0.306165     0.146521   -0.0972445     0.266894     0.047936     -0.42577     0.107673    0.0950731  -0.00342435     0.464682    -0.161203     0.342333   0.00721559      0.65819
    0.109237     0.140427   -0.0586592     0.533992    -0.188365    -0.266295     0.158035     0.492777 -0.000689275     0.126757    -0.102327    0.0241524   -0.0783772     0.156962    -0.188695    -0.273054     0.107796   -0.0017571    0.0777593    -0.111321    -0.153258    -0.293396      0.13703    -0.412532     0.250449    -0.119958    -0.113973     0.159191    -0.483973    -0.286732     0.298494    0.0562225
    -0.44698    -0.288101    -0.217336    -0.117234    -0.398233      0.18982   -0.0212039    0.0466281    -0.699661    0.0668057     0.282392    -0.408246    -0.737352    -0.377881    -0.461964   -0.0597847    -0.279773    -0.182451   -0.0623523     -0.18244     0.245153     0.507964     0.315499    -0.112476   -0.0778008    -0.365319    -0.154278    -0.333502   -0.0314244    0.0615463     0.394695      0.30553
   -0.680408    -0.107859    -0.268922    -0.234798     0.530166    -0.368301     0.663379    0.0508168    -0.262405    -0.150204    -0.145267     0.233826    0.0763952     0.271132     0.250724  -0.00968623    0.0652847     0.236259     0.105878     0.153765     0.165035    -0.434239     0.100169     0.069835   -0.0213431    -0.272683     0.246895    0.0191922    -0.162563    -0.242336    0.0441354   -0.0424358
  -0.0453654    0.0772518    -0.203873   -0.0909513     0.389846    -0.338855    -0.387684    0.0124059   -0.0593036    -0.349509     0.121581     0.143896     0.480778    0.0385143     0.184592     0.290676    -0.157075     0.339345     0.117632     0.202033     0.080415    -0.269396    -0.299454    0.0363173   -0.0192485   -0.0361065     0.315756   -0.0181551    -0.105814     0.237557    -0.690105    -0.197865
   -0.226213    0.0525958     0.359918    -0.057537    -0.261086    -0.192133     0.249459     0.185566     0.100607   -0.0563776    -0.109969    -0.218909    0.0971136    -0.104922     0.139062    -0.119744    -0.166441    0.0526771     0.141688      0.19935     0.324826   -0.0236113     0.234884    -0.189041     0.232721    -0.155713     0.152237   -0.0647607   -0.0058851     0.397599   -0.0872282    0.0853735
   -0.135146     0.197024     0.168436     0.794482   -0.0255651    0.0610943     0.190388    0.0452968    -0.108157    0.0100237    -0.101018    -0.557304    -0.150532     0.416452    -0.232653     0.434893     0.106655     0.136161    -0.132353     0.347027    -0.276159    -0.638114    0.0775661    -0.797592      0.35834    -0.173978    -0.369506     0.915959    -0.174296    -0.419361     0.123461      0.22683
     0.23155   -0.0419171   -0.0529638    0.0765794   -0.0638538    -0.473312    -0.020461     0.167519     0.208369    0.0810898    -0.193858    -0.284092    -0.177808     0.292826      0.26783    -0.293417    0.0191675     0.380491   -0.0400023     0.583893    0.0492964    -0.292734   0.00466923    -0.189518     0.486725   -0.0328687    -0.260343     0.355519    -0.154024  -0.00973197   0.00590538     0.137921
    -0.16817    -0.175057    -0.514141    -0.467321    -0.308605      0.24982     0.021908    -0.201767    -0.176909    -0.185078    0.0918633      0.14134    0.0763268    -0.138784    -0.152482    -0.292744    -0.386793    0.0745586    -0.152666    -0.229322  -0.00426535   -0.0857828   -0.0623464    -0.116328   -0.0760057    -0.216355   -0.0529433    0.0853101    -0.427975    0.0632173     0.294408      0.48656
    0.267794    -0.211656     0.272122     0.261119    0.0221654   0.00784643    0.0159943    0.0393362     0.411705  -0.00405492     0.171867   -0.0596768    -0.262824   -0.0188968    -0.135283     0.169307     0.457403   0.00652074     0.223692  -0.00443428   -0.0432586       0.1168    0.0883322     0.469951   -0.0791675    0.0634171    -0.138464   -0.0296357      0.14562     0.130537   -0.0293896    -0.672735
    -0.41928    -0.550476   -0.0195794    -0.357342    -0.239562     0.364662     0.211433   0.00319289    -0.119446     0.577587       0.1571     0.134578    0.0105542    -0.118915    -0.105897     0.193365     0.167931    -0.439603    -0.260373   -0.0366647      0.03703    -0.343417    -0.331734     0.104154    -0.750562    -0.169079   -0.0410775    -0.431953     0.379841   -0.0654285   -0.0899835    0.0991446
    0.408169    -0.298273     0.533601     0.352808    -0.255535    0.0954169    -0.222831    -0.145532      0.25135   -0.0859413    0.0855715   -0.0918588   -0.0515356     0.135179    -0.348558    -0.281942    -0.111414      0.63955     0.280352    -0.264504   -0.0488939    -0.110502     0.065523    -0.569643  -0.00575103    0.0177578    -0.155718     0.525232    0.0226769    -0.199164    -0.290642   -0.0205674
    0.512076     0.309671    -0.136795     0.349638    -0.247534    -0.115469     -0.28848     0.311072    -0.337932    -0.431852    0.0726048  -0.00130371    0.0246293  -0.00229616    -0.294456   -0.0808179   -0.0440436     0.163031     0.474949     0.168767    0.0374158     0.335561   -0.0831416    0.0734943     0.201201    -0.114833    -0.578756     0.305309     0.222044    -0.203723     0.267435     0.295291
    -0.11934    -0.297322    0.0835045     0.413639     0.165395   -0.0710788     0.466946     0.128429     -0.10352   -0.0607351     0.217104    -0.112677   -0.0774061      0.17629     0.186184    -0.350249   -0.0562541     0.165181   -0.0575488    0.0533508    0.0461046  -0.00098424      0.15716   -0.0148599     0.394855     0.126005    -0.277911   -0.0294164    0.0680858    -0.113743    0.0523304    0.0207482
    0.299078    0.0321686     0.397799     0.562708      0.18375     0.236344      0.03546     0.111815     0.343142   -0.0241393   -0.0661863    -0.158198    -0.200208     0.509785    -0.209542     0.242467     0.476308     0.410433   -0.0607502    0.0407335      0.15985     0.152727    -0.489309     0.142925   -0.0535991      0.11003    -0.330558     0.627579    -0.266682    -0.202743      0.19543    -0.372422
  -0.0205571    0.0610093     0.498654     0.754745   -0.0965672   -0.0299682     -0.14399     0.568691     0.135307      0.02359    0.0739722     0.150343     0.375364   -0.0784752    -0.129924     0.305408     0.242288     0.122787    -0.134649   -0.0405411    -0.174709     0.288208    -0.329504     -0.52376     0.416437    -0.295716    0.0438206     0.326934   -0.0471746     -0.23535     0.247444    0.0663961
    0.103718   -0.0093323   -0.0646553     -0.13667     0.317869     0.477477    -0.759276   -0.0983918     0.198254    0.0987959    0.0984637    -0.181558    0.0978084   -0.0423955    -0.106913   0.00390351     0.185272    -0.195721    -0.219654    -0.258952    -0.149037   -0.0206561    0.0326605    -0.285473    0.0437477    0.0968301     0.300944    -0.464313    -0.193619   -0.0494615    -0.174469    -0.341721
 -0.00720892     0.300519    -0.162339     0.377745       0.1682     0.364513     0.287499    -0.246732     0.241049     0.403505     0.245696    -0.130038   -0.0516658    0.0625848    0.0511513    0.0147906    0.0875471    0.0661318    -0.160642      0.13293    0.0866932   0.00678366     0.633069   -0.0546476   -0.0244476    -0.296019    -0.109655      0.47325    -0.237239   -0.0220739    -0.159829     0.102246
   -0.411842    0.0657901     0.202114    0.0976038    -0.154853     0.220063     0.237156  -0.00607596     -0.24885     0.452665    0.0639695     0.272639    -0.178996    0.0718753     0.124472    0.0651829  -0.00752301     0.187239    -0.225998    0.0106861  -0.00093741  -0.00441503      0.25402       0.5448   -0.0191862    0.0367939      0.59903     0.103335    -0.150839     0.106837    0.0390659     0.148513
   -0.244973     0.160419     0.233328     0.100464    -0.230933     0.247673    -0.419545    0.0531782     -0.18299     0.088432     0.163699     0.265741    -0.170449     -0.15598    0.0708034     0.218292     0.145299    -0.236907    -0.246138    -0.352347    -0.104254     0.301106    0.0446339   -0.0173655   0.00806185     0.250114     0.019585    0.0409057    -0.369967   -0.0795423     -0.22173     0.152259
    0.177564    0.0691716     0.290564     0.119466    -0.163579  0.000919157    -0.174858    -0.397699     0.255594     0.349439     0.242556       0.0217    0.0405301     0.227995     0.178325    -0.145844    -0.128954      0.10772     0.144633   -0.0549608     0.106286     0.217114    -0.287904    -0.185536     0.144781    -0.211556    -0.330226     0.247978    0.0755199    -0.528984     0.200675    -0.105658
     0.15298    0.0245433     -0.24713     0.397689    -0.331987     0.312899   -0.0115837    0.0985802     0.286025   -0.0913955   -0.0291135    -0.170703    0.0338954     0.239689   -0.0604609   -0.0604994     -0.28137     0.656954     0.103965  -0.00888449   -0.0161245    -0.163539    -0.201876    -0.172502     0.303151    -0.015775    -0.145703     0.473124    0.0214217    -0.613138   -0.0444725     -0.14646
      0.1634    0.0945073     0.277901     0.152192   -0.0647805  -0.00334977     0.343739    -0.384323     0.499921    -0.324208     0.153269     0.116479     0.270327   -0.0751626   -0.0417951    -0.230045    -0.439947    -0.209056     0.108687    0.0725407    -0.168035     0.478622   -0.0618217  -0.00629777     0.269554   -0.0879551     -0.37567     0.410338   -0.0170899    -0.181233   -0.0165557     0.103935
   0.0399384    -0.335157     0.218093    -0.785936    -0.252266    -0.549534     0.530306   -0.0405084    0.0314028   -0.0798263    -0.148003    -0.176222    -0.117871    0.0806256    0.0333238  -0.00337874    0.0218283     0.635619   -0.0954213    -0.547342     0.162095   -0.0690698    -0.495649     0.216615   -0.0372048    -0.116727   -0.0561291     0.299855    -0.104584    0.0741765    -0.336323    0.0814386
    0.126723    -0.402083    -0.184255    0.0351381     0.147884  -0.00467739      0.26443    0.0532674    0.0498042    -0.331432    -0.178723     0.261161    0.0323403    -0.121981    -0.184032   -0.0373062     0.506201     0.272853    -0.493619    -0.336026    -0.131661     0.421666    -0.392958   -0.0694524    -0.146499    -0.197409    0.0770878   -0.0698401    -0.177058    -0.247989   -0.0962339     0.176422
   -0.399528    -0.270558     0.204514     0.119843    0.0129583    0.0727863     -0.12263    -0.124073    -0.221508     0.174193    0.0463528    -0.158225    -0.151209     -0.12583    -0.149522    -0.162831    -0.479325    -0.321706    -0.182559   -0.0524931  -0.00129962    -0.282739     0.160151     0.156605    -0.140725    -0.271722     -0.19428    -0.175632   -0.0118475    -0.196046    -0.109061     0.189265
   -0.118113    -0.422413    -0.159212    -0.173419     0.171887     0.168274    -0.110711    0.0154567    -0.323559     0.182485    0.0674617   -0.0839657    0.0920991    -0.338996    0.0496419    -0.341356     0.250872     0.164372   -0.0948936    0.0116238   -0.0273412     0.139559    -0.265562     0.463601    -0.607999     0.145788      0.50196    0.0777055    -0.249977       0.4102     -0.27352    -0.236016
    0.132856  0.000856006     0.428016     0.366473   -0.0472488     0.315823  -0.00334953     0.317827    -0.203397    0.0674198     0.264259    -0.113719    -0.016387   -0.0954275    -0.152858     0.201749    -0.201538    -0.432092    -0.038779    0.0339246    -0.128268   -0.0033737    -0.170377     0.155689   -0.0327052    -0.211681    -0.403921     0.142683     0.286723     0.136794   -0.0698704      0.24563
    0.189467    -0.118617    0.0372252     0.114777     0.349394    0.0321128     0.378912     0.356135  -0.00916896     0.236033    -0.388952    -0.173424    -0.321756    0.0689702   -0.0417357    -0.147309     0.486177    -0.272804     0.095575   -0.0337384    -0.127591   -0.0483603    -0.387787    -0.188617    -0.236565    -0.323529    -0.283057 -0.000431104     0.101606     0.195033    0.0935394    -0.312878
  -0.0117658      0.24299    -0.224142     0.509314     0.165232    -0.362144    -0.228316     0.498004   0.00496009      -0.2783    0.0251409   -0.0665302    0.0287686     0.260206     0.345663    0.0230688    -0.224989   -0.0190506     0.303267  -0.00306513   -0.0469911    0.0935779     0.076862    -0.284882     0.146797   -0.0356384     -0.15603     0.366191    0.0407029   -0.0406568    0.0440382    0.0284796
  -0.0555785    -0.110779    -0.390737     0.214514    -0.191771     -0.14769     0.337865   0.00348637    -0.280676     0.245568    0.0594603     -0.20824     0.164925    0.0313792     0.183528       0.1137     0.143196    0.0625671    -0.242113     0.281982    -0.360367     0.231721     0.117928     0.270669    -0.133865    -0.303473   -0.0420349     0.238271     0.176875    0.0432704     0.303638    0.0730127
   -0.561508    -0.361673    -0.243924    -0.504875    -0.468507    -0.414274     0.409611    -0.440871   -0.0743742     -0.10592    -0.226521       0.4202    -0.112765    -0.416278    -0.283265   -0.0664866   0.00898962   -0.0544898    -0.676103    -0.133699    -0.146567   -0.0263966    -0.196225     0.481739    -0.526212    -0.627685     0.573624    -0.408886    -0.220181   -0.0128849    -0.293971    -0.289052
   -0.197485    -0.625685     0.118418     0.556368   0.00974757    -0.511258     0.392627      0.32338     0.083887   -0.0439746     0.126406   -0.0332227     0.208074     0.361247   -0.0198212   -0.0825103    -0.143854    0.0125568    0.0590001     0.034835    -0.264399    -0.364047    -0.121585   -0.0672732     0.328037    -0.177781     0.159689     0.314297    -0.316672     0.045209    -0.685146    -0.123099
   -0.334901    -0.361584     0.272387   -0.0259822    0.0292981   -0.0775642    -0.264855    0.0240685   -0.0315683      0.33795    -0.318956     0.314002    -0.275154     0.252301    -0.113083     -0.43665    -0.140139   -0.0798484    -0.143781     0.203158     0.156019     0.131321     0.153628    0.0472664    -0.393723    -0.100602    -0.226637     0.159199    -0.271957   -0.0321468     0.133386     0.217285
    0.141678    0.0724128     0.139096   -0.0252528    0.0460949   0.00176388      0.33801   -0.0396634     -0.24453    -0.320325      0.13122    -0.102441     0.153055    -0.070955     0.121069    -0.235087     0.085974     0.132947    -0.166782     0.175995  -0.00686451    -0.235772    -0.386858     0.206385    -0.209048   -0.0893222     -0.33568    0.0833919    0.0291382   -0.0817098     -0.17529     0.518376
     0.16755    0.0246008   -0.0864187      1.26115   -0.0834028     -0.10651     0.464742     0.106339   -0.0146416    -0.144342    -0.206663    -0.487023    -0.370243     0.943257    0.0870863    -0.147017    0.0239543     0.669769     0.149384      0.37884     0.132298    -0.440038   0.00566128    -0.481698     0.495832   -0.0867744    -0.844561       1.2865   -0.0138863    -0.554587    -0.183296  -0.00156143
   -0.141498    -0.550457   -0.0930992    -0.291785    0.0489394     0.116686     0.194567    -0.197584   -0.0655875     0.237347     0.125116     0.314401    -0.436279    -0.209587    0.0289348   0.00536051     -0.17592    -0.138604    -0.102801   -0.0391166   -0.0902376   -0.0768149   -0.0982792    0.0768049    -0.213523    -0.298979   -0.0139966    -0.152972    -0.119779   -0.0432914    -0.241453    -0.034664
    0.238068     -0.14593     0.126981    -0.107263    -0.204194   -0.0189672     0.185749      0.28355    -0.100042    0.0218945     0.328431  -0.00713849   -0.0851936  -0.00995522     0.199155  -0.00774438    -0.405908     0.163012     0.240762   -0.0699912   -0.0455669     0.147243    0.0623988    -0.299007   -0.0990986    -0.163046    -0.281004    0.0840938      0.47553   -0.0258891     0.267805     0.203454
  -0.0257311     -0.11723   -0.0246976  -0.00312205   -0.0351342     0.112651    -0.193872     -0.17736    -0.177086    -0.149681    -0.199318    0.0185358     0.112105   -0.0719085   -0.0692333   -0.0438555     0.318836      0.40805    -0.190183    -0.127655     0.400189    -0.191621    -0.100668  -0.00991049   -0.0974265    -0.226967     0.311997    -0.357821  -0.00922481    0.0971623     0.387387    0.0595867
    0.349319     0.010104    -0.209234     0.375069    -0.312511     0.572972       0.3024     0.095591     0.108817    -0.138555    0.0659253   -0.0841704   -0.0388965   0.00393159   0.00831807   -0.0487152    -0.150529     0.225912     0.103132    -0.168493    -0.211268     0.127388     0.103969    -0.019931     0.291453    -0.469457    -0.287835     0.289998     0.208982    -0.299345     0.441749     0.530659
   -0.108277      0.42301    -0.137452    -0.295751    -0.411287     0.729432     0.397682     0.237988    -0.206294     0.170357     0.165923    -0.198593    -0.133526    0.0117385   -0.0342939     0.262345    0.0731131     0.157844    -0.404615     0.208231    -0.555718   -0.0408979   0.00584823  -0.00494814    -0.568858     0.356288     0.248051     -0.19386     0.152721    -0.156098     0.222831    -0.364788
    0.286596    -0.203012    -0.177203     0.030516    -0.331255    -0.105267     0.393096     0.141277     0.034758    0.0309089     0.278536    0.0428896    -0.171953    -0.125148    -0.469963    -0.431605   -0.0641237    0.0907034   -0.0509635      0.17032   -0.0853203      -0.2086     0.123795    0.0417341    0.0672322    -0.227544    -0.157618    -0.702788     0.152256     0.325904     0.056463    0.0222054
   -0.500408      0.18552     0.237659     0.231016    -0.156583    -0.524978     0.168972     0.279101    -0.182606    -0.180944    -0.209915    -0.457282    0.0737003     0.212339     0.165505     0.031702   -0.0753387     0.373787    -0.251302     0.366024    -0.100583    -0.221957     0.106631  -0.00511037     0.433259    -0.383682    -0.795684     0.693285    -0.177877   0.00863702    -0.119526     0.444422
   -0.162218    -0.119432      0.10167    -0.193872    -0.110418     0.241508     0.554984    0.0424505   -0.0475226   -0.0469764    -0.221441     0.390568   -0.0790287   -0.0480278     0.235238     -0.19377   0.00385571     0.145342   -0.0381425    0.0270185    0.0061708    0.0867192   -0.0241919    0.0764978    -0.414057     0.389919      -0.5422   -0.0429738     0.274662     0.150894     -0.24177     0.252374
   -0.258295    -0.272314    -0.395215    -0.151076   0.00975935     -0.57471  -0.00708721     0.025453     0.436162     0.251699    -0.102531      0.29633    -0.375559    -0.132019     0.146306       0.2982     0.179113      0.53635    -0.475854  -0.00529318    -0.176098   -0.0981403     0.393439     -0.30451     0.166391   -0.0112848     0.447603    0.0086186   0.00361572    -0.553929    -0.305054    -0.191459
    0.290932    -0.330609    0.0480509     0.145699    -0.926357    -0.518004    0.0245628    0.0864075     -0.19016   -0.0782943    -0.236096    -0.410133    -0.590004     0.191048    -0.139868     0.191856     0.208207    -0.132103    0.0170631     0.282045    0.0752674    -0.221154    -0.240229     0.046768   -0.0805973    -0.018472    -0.221128    -0.218511    -0.229373    -0.195724     0.409452     0.199622
    0.302178   -0.0850389   -0.0776887    -0.316573    -0.318709    0.0582874   -0.0202344    -0.390047   -0.0720194     0.134838     0.202971    -0.109769     0.166431    -0.523566     0.239881    0.0433207    0.0420315     0.165965   -0.0706754    -0.126512     0.252976    -0.195582    -0.166326    0.0275838     0.184621        0.466     0.249806     -0.26369    -0.185896     0.396432   -0.0180665    -0.183224
    0.663824    0.0221273     0.436983      0.17912   -0.0469159    0.0771583     0.292357     0.077312     0.151328    0.0378078   -0.0512075      -0.4135    -0.185864    0.0370304    -0.231431     0.512244     0.562739    -0.246562    0.0147239     -0.39196    -0.315383     0.201223   -0.0825456    0.0418109     0.199292     0.297608    -0.201929     0.410811     0.323386    0.0615051    -0.176674    -0.493325
    0.409578     0.150944     0.230501    -0.305385    -0.341071    0.0574409    -0.151865    -0.839894     0.108368    -0.551129      0.40109    -0.187055    -0.260628    -0.299065   -0.0716923     0.524946   -0.0428664   0.00942934    -0.262055    -0.557585    -0.249992   -0.0825013   -0.0660548   -0.0720655    -0.220983   -0.0575327     0.274148    0.0862681    -0.380324     0.214918   -0.0857656     -0.36111
    0.474934    0.0728941    -0.101953     0.399719    0.0562314     0.180383   -0.0141926    0.0577788     0.505848    0.0446337    -0.326292     0.174818    -0.152796   -0.0353317    0.0405463     0.247777   -0.0964588      0.71241   0.00168306    -0.260368   -0.0297989      0.18363    -0.125982    -0.180459     0.459335    -0.323401    -0.252982     0.814625    -0.310361    -0.309575   -0.0629293     0.243888
   0.0148576     0.160758    -0.253879     0.212934   0.00541845     0.205575    -0.110968    -0.216458    -0.340018    0.0667811   -0.0320333    -0.213246     -0.15274    -0.126027     0.174242   -0.0930671  -0.00407629     0.172771    -0.129218    -0.100385   -0.0116711    -0.221788    -0.356271     -0.15712  -0.00452678   -0.0351599   0.00548545     0.337349     0.231299    -0.131687     0.236531     0.043901
    0.575039    -0.212799     0.140504     0.215055      0.24731      0.25765     0.256195     0.202962    -0.349272     0.103451    -0.338319    0.0565281    -0.247806    0.0612004     0.190972    -0.100242     0.402904    -0.188141     0.195663     0.281991     0.186315    -0.330612    0.0582969     0.504413      -0.1243      0.26395     0.102481     0.184307    0.0707681     0.553755     0.144404    -0.210452
    0.287618     0.173135    -0.264544   -0.0521055    0.0656244     0.103643    0.0262846   -0.0857377   -0.0219761    -0.350765     0.033993   -0.0831708     0.230655    -0.171434    -0.375755   -0.0708454   -0.0696711    -0.137387    -0.197439     0.153798     0.045479     0.022825     0.229185     0.233713     0.376542      0.12206      0.66054    -0.037247      0.12367    0.0806786     0.133898    -0.137462
    0.141544    -0.258222   -0.0124224     -0.16293    -0.203427     0.273096    0.0587151    0.0709867    -0.139732      0.42153    -0.358082    -0.117247    -0.386931     0.182179     0.215227     0.103117     0.059798     0.107733     0.150201     0.137756    -0.126506     0.174937     0.167142    -0.293065     0.340666    -0.196253    0.0328862     0.149258    0.0889566    -0.109555   -0.0603297   -0.0922446
     0.47568    0.0703164    0.0851133     0.104974    -0.240764     0.378145     -0.10939    -0.384367     -0.15388     0.203041    0.0283891     0.115928     0.306359    -0.166472     0.171531      0.19365   -0.0947951    -0.135054   -0.0606632    -0.207729     0.116246    -0.257431    -0.150019    -0.189259     0.383426     0.109001    -0.272108     0.506764    -0.257158  -0.00194886    -0.129197   -0.0548368
   -0.140788     0.157157   -0.0690813    -0.475456    -0.318874     0.022994     0.235112     0.176481      -0.2211    0.0958361    0.0944366   -0.0469003    -0.383334     0.239526    0.0640648    -0.132437   0.00881542    0.0157817   -0.0589073    0.0183255   -0.0419513   -0.0895509     0.238795     0.138262    -0.508373     0.563674     0.492769    -0.147252    0.0817467    0.0913122     -0.29676   -0.0193324
  -0.0190744    0.0463981     0.313877      0.13357   -0.0581256     0.236227     0.392592    -0.118262     0.347059     0.241918   0.00473894    -0.072519    -0.184455     0.346597     0.103063     0.369713     0.161867     0.244149    -0.134605    -0.339175     0.340647     0.164263   -0.0263136     0.197696   -0.0593754    0.0816706   -0.0253127      0.13047     0.103418     -0.14705     0.371902   -0.0228477
    -0.18289    0.0746883     0.107999     0.848062   -0.0162518    0.0659927    0.0276408     0.357866  -0.00991051    -0.614112    -0.355418    -0.284682      0.51516     0.102375     0.213341   -0.0826089     0.229991     0.155738     0.397364   -0.0978814     -0.20196    0.0202458     0.079406    -0.275393     0.550288    -0.293504    -0.094756    -0.035049    0.0926561    -0.118766     0.472195    -0.180015
   -0.203457    -0.035684     -0.11497     0.222546     -0.37289     0.140772     0.364607     0.393816   -0.0626758    0.0733927    0.0039903    -0.578411    0.0146393     0.140143     0.252655   -0.0962167     0.410163    0.0320337     0.275637     -0.36159   -0.0836726     0.143779     0.168034    -0.125619    -0.140409    -0.153113    -0.161754     0.517418     0.306636    -0.162912     0.580744    -0.179862
   -0.170035     0.139242     0.192138    -0.110121    -0.399348     0.161375     0.289948    -0.769898     0.195941    0.0829769    0.0249122    -0.194727  -0.00421707    -0.348358    0.0415445    -0.161798    0.0476982    -0.030993      -0.3634    -0.344642     0.325719   -0.0951562   -0.0191891     0.165179   -0.0421537    -0.235815    -0.584228     0.455979    -0.142099   -0.0539615    0.0744448    -0.289026
     0.10886    -0.239656     0.115387    -0.145806    -0.397447     0.192932   0.00305022     0.198378    -0.205785   -0.0543541     0.215755     0.136925   -0.0711798    0.0227014    -0.139679     0.119575     0.217786    -0.218361    0.0453495    0.0221567    -0.128449    -0.132518     0.145629    -0.538407    0.0644332   -0.0930855     0.619833     -0.14466     0.127976    0.0387123     0.128473    -0.119479
   -0.128607      0.33081    -0.136045    0.0673254     -0.18092    0.0275375     0.242442     0.223009     0.160853    -0.168646     0.103532     0.229329     0.144721     0.413575     0.230084    0.0285792   -0.0910439    -0.169358    -0.184494     0.267203    0.0478201     0.159481    -0.427617     0.014168    0.0697096     0.190237    -0.539272     0.130437     0.164506    0.0768753     -0.13139    0.0343269
    0.149292   -0.0577589    0.0086351    -0.321095    0.0362571     0.422957   -0.0994959     0.166878   -0.0761795    0.0401467       0.1719    -0.178164     0.183163    -0.151591     0.151498     0.124027     0.564267     0.153486    -0.031796    -0.152559   -0.0192932   -0.0584017     0.379208    -0.053484     0.297226    -0.230058     0.215138     0.232461     0.178062    -0.144289      0.10116    -0.574388
    0.231781     0.397404   -0.0805529      0.35529     0.388507    -0.185595   0.00938643     0.373778    0.0809832    -0.475439    -0.533077    -0.121549     0.101516     0.218317    -0.161086     0.507369    -0.250427   -0.0136871     -0.32632    -0.207742   -0.0704292     0.178206    -0.035715    -0.175386     0.246049    -0.106207     -0.57133     0.692559    0.0964975    -0.395302    -0.123542   -0.0495197
   0.0932311    -0.195982    0.0989577    -0.149631   -0.0866007    0.0242545   -0.0102665    0.0612937      0.10965     0.287817    -0.193998   0.00895032    -0.150715  -0.00238662     0.151817        0.315     0.101865    -0.116131    -0.868022    -0.258791    -0.220417      0.20111    -0.157764      0.12323   0.00629216     0.144842      0.44019    -0.224398    0.0480269    0.0697229   -0.0614952    -0.120396
    0.235309    -0.620732     0.217777     0.324855   -0.0450852      0.26976    -0.043956    -0.018504    0.0829292   -0.0954439    -0.450342    -0.380778   -0.0955362     0.288297   -0.0975458   -0.0544655    0.0699004      0.14911    -0.184341   -0.0997336     0.127243    -0.186389      0.04166    -0.217356    -0.241254     0.332356    -0.236369     0.558185    -0.118135    -0.146323   -0.0176398   -0.0648059
    0.259358   -0.0946251    0.0973457     0.344414     -0.15946     0.220079    0.0728119     0.164585     0.203472    -0.171177    -0.212141   -0.0988531     0.214648    -0.360093     0.243626   -0.0959607     -0.01349    0.0487736   -0.0107475   -0.0708974  -0.00719075     0.161927    -0.201677    -0.295644     0.436016    0.0868674    -0.579677     0.334043   0.00994194    -0.110573     0.263698     0.343402
     -0.2149     0.188584  -0.00310652    -0.043138   -0.0318938    0.0288799    -0.337309     0.177481    -0.199736    -0.254916   -0.0188318    -0.284317   -0.0913689    -0.104074  -0.00672377   -0.0500041    -0.259983    -0.138122     0.154668    -0.139018    -0.189767     0.281355    -0.268514   -0.0301631    -0.273322     0.333832    0.0393157    -0.467185    -0.173832     0.164954     0.134172    0.0374026
  -0.0661286    -0.284477     0.735412      1.02642    0.0588001     0.257888     0.212077     0.163226    -0.268119     -0.26819      0.16082    -0.663618     0.235626   -0.0685093     -0.46577     -0.11051   -0.0356961     0.323329     -0.29717   -0.0241532    -0.437106    -0.110371     0.352248    -0.204285   -0.0171588    -0.295998    -0.360413     0.488509     0.384444     0.192748     0.235248  -0.00280001
  -0.0634954     -0.22467     -0.46093    -0.349955    0.0806473       0.3599   -0.0822794     0.307583    -0.729084      0.04696    0.0505124     0.110454    -0.203163    -0.495761    -0.180461     0.230138    -0.397023    -0.138906    -0.369276   -0.0577348     0.218029     0.237448    0.0254156     0.300471    -0.371953   -0.0240249     0.334993    -0.442689    -0.202288     0.177328    -0.113636     0.414553
   -0.132382    -0.323084    -0.131286     0.521972     0.156183    -0.518675    0.0128095     0.383415    0.0352915     0.272818    -0.129753    -0.430018    -0.250436    0.0334073     0.271948      0.25123   -0.0119392     0.278531    -0.027879     0.355092     0.215386  -0.00696259    -0.302775    -0.182735     0.608627   -0.0363777     -0.74839     0.546295    -0.179396    -0.437598    0.0297318    0.0617528
    0.105483   -0.0298045   -0.0817812   -0.0645182     0.057562     0.163367    0.0936052    0.0763761     0.166357    0.0539947       0.2141   0.00599376     0.178408    -0.114077     0.190158     0.113521     0.271894     0.102633   -0.0124226   -0.0483665      0.13662    -0.243077   -0.0410905   -0.0695468     0.169799   -0.0515549    0.0439153     -0.32336     0.345165      0.22797    -0.189195    0.0730781
   -0.110415     0.120349     0.133211     0.404945    0.0962483  -0.00797773     0.118897     0.020815     0.327911     0.163607    -0.142419   -0.0979715   -0.0868356      0.10528     -0.28353     0.150119     0.129783     0.150791     0.051304    -0.172307     0.174232   -0.0197479     0.385253   -0.0564489    -0.183272    -0.126617     0.527635   -0.0474639    0.0768024    0.0675957    -0.200013     -0.16444
   -0.190791    -0.228734   0.00792091   -0.0818713    -0.159326    -0.260794     0.119499    0.0328234     0.167325    -0.130964   -0.0734438      -0.1609     0.579871  -0.00616081    -0.128375     0.172314    0.0674186    0.0476707    -0.202451     0.132273    -0.219637     -0.20643     0.293194   -0.0329763   -0.0345393    0.0595278    -0.378849   -0.0451883     0.228395     0.114245    0.0477598   -0.0509582
   -0.200708   -0.0677006   -0.0968774     0.388543    -0.407447    -0.215246      0.12022     0.092479   -0.0367564    -0.242156   -0.0573153     -0.15727    -0.250271     0.176997    -0.143468   -0.0514469    0.0944807   -0.0330904    -0.052614   0.00991743     0.488138    0.0510936    -0.492843    -0.054626     0.309509    -0.110036   -0.0456974   -0.0889644     0.344271    -0.155751    0.0174744    0.0651324
   -0.131617     0.474877   -0.0986449    -0.403642     0.361009    -0.209671   -0.0491236    -0.120289     0.144758    -0.328019     0.268287     0.276024   -0.0646343    0.0384254     0.206582     0.251235    -0.261112    -0.557234    -0.118755   -0.0655507      0.20902     0.320547     -0.18797     0.228347   -0.0641222    -0.249039    -0.196624     0.260147    -0.224193   -0.0285658    -0.087434   0.00295746
    0.169821    -0.502522      0.01626   -0.0331832 -0.000933167    -0.223308    0.0118447    -0.193621     0.212188    -0.101047   -0.0473223    0.0819004    0.0742407    -0.263414    -0.203495    0.0195222   -0.0114773    0.0107156    -0.145153     0.233804     0.193077    -0.381792    -0.142482    0.0673594     0.335042   -0.0545517    -0.195509    -0.513606   -0.0250884   -0.0044352     0.159865     0.163846
    0.047487    -0.134732    -0.172112     0.701482     0.144727     0.026607    -0.091056   -0.0691752     -0.10381    0.0256347   -0.0896281    -0.188814    -0.331732     0.229987    0.0511952    -0.517629    -0.415312     0.334285   -0.0340069     0.360362     0.141516    -0.239702     0.317078     -0.65134     0.611133     0.402302    -0.715856     0.962813    -0.410396    -0.388309    -0.228508    0.0433578
  -0.0802099     0.123836     0.267817     0.457389   -0.0244985    -0.263235     0.236956   -0.0942983     0.306925     0.123837     -0.13219     0.152356     0.067972  -0.00405581      -0.1931     0.194685    -0.325954     0.454353    0.0315293    -0.182463    -0.148018    -0.358592    -0.209844   -0.0740875   -0.0655338   -0.0503151   -0.0301125    -0.143408    -0.110447    0.0732124   0.00787354    -0.212849
  -0.0659302     0.113194    -0.309509    -0.124448    0.0459755   -0.0286253   0.00612669    0.0767927     0.101798    -0.165354     -0.22684   -0.0189111   -0.0835124    -0.231478      0.36637    0.0132851     0.267167     0.427903    -0.307538    -0.239848     -0.15606    -0.205281    0.0331848    0.0623736     0.173397     0.341662     0.100738    -0.240751   -0.0465014    0.0179394     -0.14944    -0.113725
    0.253071    0.0249596     0.144779     0.233546     0.102659    0.0676357    -0.215951    0.0911905     -0.09688   -0.0633786   0.00241774   0.00566769   -0.0914954     0.146797    -0.252475   0.00809756    0.0122211    0.0173009   -0.0730493    -0.197914     0.379801     0.273529     0.189961   -0.0933486     0.337566     -0.11346     0.294753    -0.303138    -0.256983    -0.375324     0.512609    0.0421538
    0.224868    -0.128313     0.328264     0.191862    -0.124461    -0.254209    -0.039454     0.241881     0.422276     0.155189     0.153956    -0.161074     0.229337     0.147747    -0.288507     0.153915     0.122972   -0.0229913     0.141487   -0.0251776    -0.237793   -0.0717788     -0.17517    -0.381312     0.187257    -0.111218    0.0208421     0.288377     0.107763    -0.120576     0.148214    -0.592881
     0.12672     0.343923    -0.271589    -0.185226    0.0699013    -0.219657   -0.0174234   -0.0799653    0.0399779    -0.146502    -0.106547     0.130915    0.0939564     0.114565    0.0445258     0.100858   -0.0241715    -0.316241     0.231606     0.102308    0.0214778    -0.246279     0.302666   -0.0223521     0.577335    -0.335575   0.00807852    0.0693647   -0.0774002    -0.188898    -0.126951  -0.00784853
   -0.292335      0.12485   -0.0965796    -0.439636   -0.0932496    -0.620855   -0.0742459     0.197911    0.0625582    -0.553239    -0.120855    0.0584839     0.203105    -0.229225    -0.083274   -0.0160788    -0.256942     -0.36274     0.278323    0.0609042   -0.0820449     0.108393    -0.185457    -0.362509    -0.271821    0.0444128    -0.152825    -0.562294   -0.0214439     0.337882    -0.439919    0.0320789
   0.0150636    0.0998367     0.194955      0.88064     0.108785    -0.282347   -0.0673438     0.213455    0.0325284    -0.265676    -0.121719   -0.0535657    -0.493308     0.305623    -0.109622    -0.560915   -0.0588448     0.793555      0.15731     0.154916     0.179597    -0.212544     0.507199  -0.00324608     0.163249    -0.172643    -0.341851     0.764271    0.0317801    -0.320289     0.168659     0.270667
    0.346017     0.074109     0.207216      1.00338   -0.0232675     0.157021     0.507536    0.0744042    -0.197506     0.388552    -0.336293    0.0849268    -0.232696    0.0553187   -0.0635617      0.28853    0.0461038     0.471538    0.0769257    0.0769213    -0.131394    0.0770741     -0.42049   0.00898942     0.113556    0.0260196     0.111726     0.726805    -0.158245    -0.597815    0.0863914     0.402843
   -0.333923  -0.00145596     0.353093     0.397351    0.0832743   -0.0349605     0.438318     0.264921     0.348319    0.0304949   -0.0417937    -0.373227    -0.537683   0.00791963  -0.00244611    0.0842578     0.155952     0.274794   -0.0473445    -0.206424     0.343077    0.0267622    -0.105904    -0.187396    0.0733459     0.116578    -0.501942     0.280608    -0.305775    0.0321562     0.118226     0.246992
    0.193296    0.0553934      0.24693      -0.2346     0.201624   -0.0566059   0.00553704    -0.215453     0.160369    0.0677548    -0.160153     -0.14667     0.223086    -0.119114    -0.346747      0.16693    0.0312553   -0.0409275     0.117892    0.0553919   -0.0314041    0.0678132     0.287547    -0.119256    0.0407599  -0.00342711     0.185085    -0.230737   -0.0260172    0.0818918     0.221621      0.25469
   0.0606539    0.0389671     0.154925     0.248773    -0.133607     0.232101    -0.188504     -0.28315   -0.0105987    -0.106661    0.0884399     0.130638    0.0606279     0.114156    -0.208228    -0.399813    -0.160427   -0.0959634    -0.033657     -0.09786    -0.126906    0.0947823    -0.286721    -0.251148     -0.22176     0.226654     0.212929    -0.112688    -0.235385    -0.134792    0.0735527     0.441542
  -0.0262187   -0.0829635     0.168486   -0.0190361    -0.297387     0.231236     0.768127    0.0810983    -0.125586     0.096102    0.0500708      0.11522    -0.670337   -0.0297315     0.355077     0.228794     0.209079     0.265443     0.171478  -0.00414276    -0.196777  -0.00786625    -0.179276     0.149697    -0.312215   -0.0912729    -0.183705     0.434435    -0.116665    -0.241926     0.597319   -0.0460447
   -0.284467     -0.47723     0.121498     0.175334    -0.288686     0.219342     0.499637     -0.28851   -0.0619572     0.404312   0.00222493    0.0142941     0.053418    -0.328156    -0.158136    -0.171702     0.212616    0.0502773   -0.0113688    -0.525505    -0.179029    -0.244813   -0.0158919    0.0176641    -0.223817     0.165915     0.105302     0.161474      0.58076    -0.109053    -0.008791     0.241833
    0.177419   -0.0292759    0.0211006      0.34295     0.200179   -0.0740188   0.00741965     0.510666    -0.312632    -0.243039      -0.2358    -0.383141     0.202975     0.370291    -0.508302    0.0737661     0.038486     0.449551     0.125682     0.374736   -0.0256332     0.197992     0.518634    -0.652082   -0.0136255    -0.358776    -0.448915     0.205603    -0.445836    -0.302657      0.80107     0.410306
  -0.0727845    0.0153557    0.0414949    -0.777233    -0.175746    -0.126483     0.114163    -0.298696    -0.304573     -0.16095  -0.00521756    -0.220364     0.469521     -0.31228  -0.00170885    0.0413042    0.0585275    0.0814645    0.0948534    -0.280054   -0.0175311   -0.0956969     0.611502    0.0282615    -0.209525    -0.102707     0.145483    -0.828028    -0.294585   -0.0296868   0.00798027  -0.00128058
   -0.179221    -0.042101     0.164391     0.289926    0.0196536     0.209756   -0.0527152     0.338954  -0.00642077     0.175264     0.279004   -0.0258707    -0.144834     0.044993     0.348364    -0.328482     0.279603    -0.124255    -0.144351    -0.185186     0.148719     0.130597    -0.263509     0.340346   -0.0920051 -0.000503537  -0.00629359     0.232318    -0.296129   -0.0986213    -0.100898    -0.237956
   -0.207575   0.00594564   -0.0490554     0.123216   -0.0863709      0.19227   -0.0139929     0.268281   -0.0387844     0.270927    0.0101821   -0.0138944     0.483375    -0.184247   -0.0262592     0.243955   -0.0446473    0.0842577    -0.214253    0.0958173    -0.329022    -0.161805    -0.712583     0.188148   0.00249425    -0.137805     0.180781     0.329915     0.365106      0.12455    -0.226143    0.0101696
   0.0731614     0.215849     0.044801   -0.0494764   -0.0768012     0.105501  -0.00647257     0.108685    0.0899065    0.0871438    -0.248461    0.0559811    -0.119617     0.331464     0.054022   -0.0189174    -0.155334     0.294748    0.0381187     0.059066      0.22926    0.0165324     0.200465   -0.0024727     0.179828   0.00502623    -0.166644     0.232827    -0.178117     -0.35385     0.122525    0.0480291
   0.0930375     0.313233     -0.20648   -0.0586298    -0.121245     0.235101     0.725841    0.0295803    -0.320057      0.10063    -0.119256    -0.290644 -0.000735322    -0.280527    -0.170287     0.238088     0.342214     0.232484    -0.292302    -0.207856     0.219573   0.00792485     0.474266  -0.00447291    -0.241211   -0.0525103     0.338916    -0.247426   -0.0675598     0.308983     0.417724   -0.0535513
   -0.395503    -0.207368     0.402245    -0.338083     -0.47251    0.0959924    -0.110646    -0.243193    0.0583945   -0.0443411     0.262912    0.0725576     0.131388    -0.311689      0.25276     0.141851     0.297605   -0.0670973      0.21896      -0.2097   -0.0234297   -0.0276392    -0.411542    -0.227588    -0.163032     0.159604     0.331352    -0.258499     0.113215     0.547486    -0.532751  -0.00618526
   -0.129327     -0.20681    -0.152291     0.196019     0.188241    -0.149415     0.333801     0.387369    0.0875336   -0.0158086   -0.0993674     0.128305     -0.11297     0.545416      0.22208     0.126096     0.315188     0.192091     0.166391     0.132922    -0.338137  -0.00931128    -0.171981    0.0261478     0.349503    -0.341097  0.000635155     0.387195   -0.0735212    -0.445946   -0.0605692    -0.172223
   -0.044274    0.0350343    -0.441895    -0.177632    0.0219323      0.19728     0.594168   -0.0465395     0.226034     0.307024     0.266452    0.0705745    -0.148592    0.0656491     0.141946   -0.0122251    -0.243567     0.113629   -0.0376168    -0.138942      0.25227      0.36771     -0.14323    -0.016545    -0.157738    -0.244878    -0.175221   -0.0214258     0.403039     0.227218     0.167942    0.0615891
   -0.122643   -0.0782606    -0.346239     0.302546   -0.0404552     0.146387     0.385275     0.351592      0.71361    -0.379598   -0.0180144    -0.424943   -0.0842649     0.474936    -0.352838    -0.133944     0.175148     0.089463    -0.109535     0.040217   -0.0259389    -0.132945    -0.344717    -0.115469     0.203236    -0.265738     -0.59247      1.13428    -0.202448   -0.0711432   -0.0950752     0.224525
    0.156953    -0.147426    -0.519928    -0.492622    -0.241112    0.0135964     0.477514      0.31651    -0.329051     0.279071    -0.243661    -0.408037     0.126427     0.349749   -0.0772293    -0.184806    0.0778664     0.252101     0.389839     0.305805   0.00873451   -0.0489777     0.476809   -0.0908178     0.482508    -0.768837    -0.346563     0.373245   -0.0106215    -0.057892    -0.079476    -0.195753
   -0.101182     0.297201    -0.273357   -0.0707761   -0.0288566    -0.113988     0.454761     0.544743    -0.307858    -0.246334     0.376979       0.1502   -0.0144313    0.0907324   -0.0688516    0.0770787    -0.244723    0.0110652    0.0354513   -0.0544747    -0.535684     0.114453    0.0495113     0.429401     -0.23292    -0.222905     0.478774    -0.234952     0.447893   -0.0511085    -0.145093    -0.252987
   -0.455395   -0.0376432    -0.566751    -0.518698    0.0652239    -0.395883   -0.0814258    0.0256759   -0.0698401   -0.0726139     0.217756     0.114924    0.0480407    -0.346468     0.417369     0.163313    -0.293047     -0.37307    -0.301665   -0.0233872    -0.389758     0.620106  -0.00446654    0.0264495    -0.386059    -0.150595   -0.0688935    -0.449134      0.07588    0.0336087    0.0473828     0.247741
   -0.174897    0.0807183     0.401063   0.00679791     0.384815    -0.159062     0.624922   -0.0720905    0.0109131    0.0337302    -0.239498     0.220909    -0.140301     0.124652     0.222554     0.280487    0.0626267     0.173107    -0.238817     0.247849     0.429175     0.385791     0.385218  -0.00564409   -0.0461811     0.145618     0.107161    -0.229949    -0.253543    -0.644165     0.211084    -0.161589
   0.0192355     0.202028     0.238697     0.268327    0.0346983     0.167618   -0.0953288     0.207974    0.0528004    -0.245337     -0.11169     0.153353     -0.13139    0.0972034     0.467894     -0.11497     0.206853    0.0531392   -0.0164982     0.179442     0.324885   -0.0269742    -0.736899      0.27121     0.465548     0.169445     0.340835     0.200863   -0.0608883     0.112477    -0.660552     0.298209
    0.323911    -0.179606    -0.074653    -0.214397  -0.00368013    0.0393851   -0.0485049    0.0991258     -0.24736     0.198706     0.173735     0.319192     0.154516    0.0542639    0.0983603     0.172475     0.121728   -0.0759345   -0.0602016     0.253356    -0.162318   -0.0217079     0.324407    0.0581654     0.292472   -0.0495351     0.140609    -0.425757     -0.11714   -0.0748367     0.151933     0.214924
   -0.150482      -0.4916    -0.391383    -0.310143   -0.0328693   -0.0381797       0.3609    -0.254752    -0.282632    0.0665365     0.358528    0.0270337   -0.0183193    -0.371057    -0.133993    -0.439777    -0.326368    -0.310952    -0.128822   -0.0477803    -0.398981    -0.268122   -0.0509831    -0.142155    -0.269813    -0.232413     0.302021    -0.497088   -0.0457494     -0.33361    -0.349146    0.0539678
