   -0.257713    -0.366153     0.119978   -0.0316723    -0.183191    -0.242948   -0.0612813     0.361757    0.0891632    -0.497749     0.137875   -0.0140346    -0.191692      0.11789    -0.268539     0.113237     0.226514    0.0486011     0.341074     0.712675    -0.282378    0.0116752   -0.0131436   -0.0165165     0.117466   -0.0528924     0.180822    -0.314912     0.543065     0.189159      0.27445    0.0906509
   -0.513928   -0.0857677    -0.290131    -0.696602     -0.47831     0.217156    -0.254136    -0.452327      0.37866     0.629961    -0.238999    -0.527817      0.39582     0.204789    -0.167074     0.435684     0.198471   0.00239504    -0.114462     0.135699     0.476381    -0.288317   -0.0195659     0.148424   -0.0318931    -0.520661    -0.651105    0.0247343    -0.121014      0.54682     0.188843     0.118312
   0.0217762    -0.182701     0.303624     0.164492    -0.277805    0.0386122    0.0897315    -0.103037    -0.308502     0.272225    -0.239388     -0.23569     0.296164     0.351078    0.0638453    -0.107885    -0.136183    -0.360768    0.0437668     0.280577    0.0631661    -0.361868    -0.285396    -0.375189     0.156198    -0.258913     0.132135     -0.31318     0.402103     0.221366    -0.234054     0.290402
    0.108839    -0.388691    -0.303578    -0.164747    -0.442463     0.342979     0.482029     -0.36846     0.479884     0.186485    -0.288188    -0.277918     0.107759     0.541343    -0.259546     0.397885     0.635902    -0.393306     -0.18507     0.516819    -0.241626    -0.537347     0.426249     0.207812     0.366423     0.113785    -0.401961    -0.427294     0.197736    -0.733871    0.0830656     0.657235
   -0.302515    -0.125818     0.177364     0.281459     0.362129   -0.0301067     0.702874     0.582524    -0.343923    -0.126155     0.362059   -0.0208072    -0.511963    -0.157019    0.0930153    -0.409313    0.0739824    -0.113978    -0.331502      -0.3924    -0.150202    -0.415999    -0.351898    -0.297578   0.00251037   -0.0261425    0.0909618    -0.471206    0.0814321    -0.367786    -0.170374      0.35527
    0.640723   -0.0849372     0.496215    -0.299657     0.514471     0.406952     0.302962     0.518842   -0.0842432     0.288176    -0.218409     0.102588    -0.377549     -0.14577    -0.219734    -0.280917      1.10657     0.127378    -0.236879    -0.227534   -0.0419153    -0.669942     0.076575    0.0564843   -0.0938122    0.0479839    -0.781253    -0.490541     0.361844     0.142076    -0.695917     0.826726
   0.0634228    0.0173748      0.49639    -0.170835    0.0325556    -0.213296      0.45206    0.0631375    -0.141954    0.0530934     0.709913     0.277575    -0.367275     0.552774    -0.243492   -0.0534946    0.0925836     0.490281   -0.0642103   -0.0721306     0.520404     -1.00441    -0.279128    -0.214789    -0.503574    -0.143277    -0.389401     0.243545    -0.527418     0.426976    -0.153009    0.0345521
   -0.145128     0.160236   -0.0137864    -0.282209    0.0396486     0.350464   -0.0646924     0.328549     0.418249     0.228667     0.126612    -0.314504    -0.299472     -0.20089   -0.0123014     0.120195     0.207417     0.381936     0.241256    0.0123635     0.508276     0.128964    0.0934365     0.148792    0.0233677    -0.588997    -0.112937    0.0262716    -0.018364   -0.0384438    0.0595862     0.551159
   -0.119287        0.305    -0.917098    -0.321106     0.332562    -0.257803    -0.125713    -0.497829    -0.816668   -0.0884956    -0.603963     0.286147    -0.209439    -0.193861     0.439873     0.130232 -0.000337006     -0.22881     0.573798     0.036627    -0.114844   0.00250253    -0.312721    0.0129333     0.073452    -0.050271     0.950758    -0.386039     0.372068    0.0878377   -0.0232352    -0.889418
    0.297058     0.242979    -0.539534    0.0111797    -0.420552    -0.168015    -0.255426    -0.419441    -0.131967     -0.37729    -0.558234    -0.143727     0.131137     -0.68772     0.165754     0.571317    -0.324608   -0.0887349    -0.475781     -0.50562    -0.625327    0.0702277    0.0958832     0.144808     0.311892    -0.377148     0.575423     0.160735    -0.424921    0.0286866    -0.330816   -0.0895087
   -0.704195   -0.0812715   -0.0823725     0.142312     0.365082    -0.793526     0.374369     0.433666     -0.25552    -0.366135     0.426021   -0.0043495    -0.382054     0.270302     0.263454    -0.224961     0.316825    -0.279511     0.179884    -0.424722    -0.250475     -0.46229    -0.678211    -0.202698     0.515067   -0.0761977    -0.228709    -0.144263    -0.173296      0.43069    -0.189654    -0.526682
    0.226797     0.193728     0.267888   -0.0834885    0.0736507    -0.625825    -0.270339    0.0939054    -0.103947    0.0327693     0.473478     0.380299    -0.188647     0.225866    0.0955495    -0.363281   -0.0887801     0.656867    -0.114702     0.229992     0.589764     -0.57771    -0.103327   -0.0969825    -0.362993    -0.513336     0.189011     -0.35682    -0.118845     0.254373   -0.0901513     0.426437
    0.380544 -0.000748908     0.126224    -0.356263    -0.297612     0.117071    -0.206289    -0.195125     0.267546     0.203735     0.226664    -0.136964     0.800696     0.500402    -0.434615     0.336852    -0.275905     0.350849     0.173153     -0.34289       0.4574    -0.352495     0.294576     0.056503    -0.664475    -0.194702    -0.421912     0.354999    -0.568905     0.342337     0.393511     0.111797
    -0.49531    -0.128388    -0.552775    -0.292575     0.114403    -0.454781    -0.315551    -0.165433    -0.172927     0.452873   -0.0515251     0.010534     0.358457    0.0914373     0.352348     0.126698    -0.288063    -0.299048     0.164968    -0.173083     0.074936    -0.676548    -0.198295   -0.0209338  -0.00904486    0.0924179     0.397561     0.131696    -0.162717    -0.249378   -0.0250575    -0.262451
  -0.0909672     0.688063     0.129049    -0.110196     0.381148    -0.616283    -0.124198    -0.111509    -0.304927     0.337576    -0.132343    -0.189821     0.110479     0.233802    -0.649043   -0.0794757    -0.355847     0.690473      0.70488      -0.2556    -0.133375    -0.188974   -0.0585206    -0.288194     -0.30723     0.150604    -0.110292    -0.257568    -0.362849   -0.0755757    -0.221862      0.26052
  -0.0969758    -0.161763    -0.703957     0.183201    0.0957801    -0.227008     0.116836    -0.538458    -0.338451     0.586427    -0.672979     0.112772    0.0698836    0.0380123     0.218679     0.308747    0.0765403    0.0984229   -0.0144159    -0.441952   -0.0235152    -0.071425    -0.305296      0.25014     0.292386       0.3091     0.361787   -0.0595482     0.154576     0.122375    -0.502252    -0.124395
    0.733688   -0.0191027    -0.269868   -0.0277951    -0.175484       0.7242     0.431662     -0.52608    -0.191393     0.276018   -0.0858266    -0.258544     0.346413    -0.135902    -0.074707     0.251181    -0.139985    -0.454505    -0.185365     0.308263     0.159097   -0.0785176     0.259181     0.353346    -0.142509     0.496674     0.130783     0.275897    -0.166353    -0.462469      0.12037   -0.0913066
    0.783415     0.322146    -0.366569     0.437491    -0.811041     0.757816     0.706411    -0.426707     -0.27256     -0.85786    -0.260185    0.0918604    -0.231803   -0.0860035    0.0784082    0.0863977     0.377837    -0.263608    -0.375455     0.444586    -0.252334     0.405247   -0.0719768     -0.28794    0.0284771     0.288753     0.547583    0.0197992   -0.0927361    -0.503768       0.2559    -0.521857
   -0.264233    -0.398273     0.420415    -0.289287     0.161581     0.320734    -0.268005     0.210199    -0.327355     0.221802    -0.523673    0.0940669  -0.00656752     0.299545      0.11441     0.307297     0.181858    -0.518641     0.131473    0.0924782    0.0397774     0.218408     0.137998   -0.0519469   -0.0782634     0.018432    -0.385713     0.400828     0.359545   -0.0842204    0.0603397   -0.0379854
  -0.0703367      0.31921    -0.383628    -0.679581     0.513126     0.729635    0.0831026     0.337476   -0.0401473     0.321604    -0.154773     -0.30711    0.0311626    -0.314133    -0.269149     0.702332     0.274113    -0.020561      0.16311     0.227493     0.279809    -0.324805    0.0488728    0.0142279     0.354268    -0.623098  -0.00416091     0.337625     0.510188     0.626458    -0.200684     0.962856
    0.279538     0.327198   -0.0655856    -0.405097   -0.0585383     0.848422     0.236252    -0.429999     0.346964       0.3005     0.379595    -0.345079   0.00385436    -0.333964     0.126743   -0.0517212     0.124733    -0.162406    0.0276426     0.666478     0.325741      0.42689     0.327192   -0.0893238   -0.0642916    0.0720521    -0.258384  -0.00137991     0.403756     0.110782 -0.000113946    -0.318224
   0.0416675   -0.0917292    -0.111644    -0.136492    -0.193542     0.131236    -0.159514     0.105237     0.613945     0.573643    -0.243222    -0.139604     0.271095    0.0379883    -0.183515     0.281932     0.562981     0.221705    -0.539086    -0.110768     0.172551    -0.279233   -0.0353375   -0.0908052    -0.302117    -0.449646    -0.671702    -0.272631   -0.0369814     0.310068    -0.204594     0.671873
  -0.0640734     0.492721     0.538965    -0.411292      0.30594     -0.35423     0.210076     0.286589     -0.34818    -0.244681     0.436071     0.586385    -0.593467    0.0904927    -0.503707     0.255282    0.0791314     0.117946   -0.0406027    -0.125401     0.436117    -0.171858      0.40407     0.392136     0.181613   -0.0661046    -0.244881    -0.135011      -0.1699   -0.0303959    -0.120549   -0.0819994
    0.651387     0.235341    0.0581462     0.344345   -0.0572176    -0.468585     0.409277    0.0490195    -0.676142    -0.544327     0.330332     0.261264    -0.584381   -0.0625544     0.287414   -0.0285046    -0.201892    -0.322969    -0.268193    -0.075689    0.0706006     0.344078    -0.216479     -0.35692    -0.460229     0.483444     0.797274    -0.250726    0.0622981    -0.140031     0.423243    -0.567033
    0.793443     0.190431    -0.429501    -0.127344    -0.163657     -0.37506   0.00368301    -0.097022     0.239081    -0.550419    -0.305319     0.748354    -0.206957    -0.174541   0.00970384   -0.0291629     0.310855    -0.039159    -0.197951    -0.298028    -0.387651     0.271871    0.0461715     0.492993     0.114533    -0.346446    0.0869675    0.0403801     0.181857      0.31085    -0.477377     0.194437
   -0.545467    -0.531315    -0.112995     0.158526     0.034468    -0.641434     0.260018      0.20628    -0.208637    -0.281912    0.0210223    0.0549276    -0.151976    -0.394024     0.688935     -0.48397     0.070623    -0.113621    -0.527343    -0.154883    -0.528272    -0.119503     0.235673     0.357686     0.207396    -0.384292   0.00321935    -0.161775      0.21994     0.101382    -0.341852   -0.0947745
    0.143363     0.134589   -0.0405221     0.540586    -0.327689     0.388903     0.206181    -0.555522      0.26152      0.83485     0.160413    0.0193648     0.649494     0.351622    -0.170622    -0.445416     0.681784    -0.287904     0.453369     0.204874    -0.111643    0.0767298    -0.552794    -0.637297    -0.354536     0.213487    -0.224078   -0.0483202     0.378041     0.420341     0.451168    -0.819278
    0.650817     0.502186    -0.287454      1.11889     0.435201    -0.610124    0.0290584    -0.565611    -0.710087    -0.248947     -1.12039      0.47428     0.687664    -0.365438    -0.191913   -0.0369321     0.255094     0.192149    -0.200484    -0.383519    -0.233372     0.543135    -0.143532   -0.0518806     -0.30163     0.553589     0.116789    -0.615121    -0.144072     -0.27725   -0.0539672    -0.471019
    0.268709     0.317809     0.576338    -0.359569     0.211556   -0.0606157    -0.129534   -0.0905239     0.279988    0.0403818     0.725353    -0.432315    -0.454345     0.308428    -0.175463     0.481897    -0.515135        0.254     0.239217    -0.060447     0.120057     0.379145     -0.23135    -0.195999     0.378761     0.217337     0.571161    -0.264202     0.251725  -0.00682187    0.0759597    0.0117313
    0.537275     0.292355     0.382545     0.111912    -0.788655    -0.186615     0.300216   -0.0239095    -0.187098    -0.430249     0.715748    -0.377093    -0.192602   -0.0754617     0.667596     0.279405     0.677037    -0.845235     -0.11293   0.00472984    -0.128709    -0.251393   -0.0389956    -0.245341     0.143106    -0.205603   -0.0458626     0.666174    -0.580414    -0.224166     0.343829     0.361516
   -0.708404    -0.120452     0.050887   -0.0915182     0.425285     -0.34997      0.23827   -0.0185877      -0.1236     0.124997   -0.0423555     0.147996    -0.337132     0.136689   -0.0514559    0.0655247    -0.115537    -0.309903     0.145355    -0.060077    -0.300051     0.145542     0.240704    0.0765479    0.0801966     0.373928    -0.290121    -0.535783    0.0413614     0.404944      0.11493     0.209564
   0.0132086     0.441408    -0.351494    -0.355902     0.188411   -0.0556639     0.354513    -0.288893    0.0852064    -0.418108   -0.0445331     0.344155   -0.0607267    -0.104836   -0.0227879     0.182716     0.643704    -0.214442     0.141032    -0.408022    -0.112997    -0.665532     0.541753   -0.0997178    0.0549024      0.41096    -0.270851     0.183732    -0.358841    -0.675688    -0.141702     -0.22684
