   3.93036
   3.59581
   1.94338
   3.43556
   2.16858
  0.130117
   2.34991
   2.00617
   2.69352
   1.50443
     1.915
 -0.202353
   1.70645
  0.545444
   1.18241
   0.47166
  0.682944
  0.561262
 -0.208589
  0.347114
  0.218399
    0.1242
 -0.483257
 -0.379331
  0.774556
   1.53612
 -0.252402
 0.0911815
  -0.50773
 0.0999757
-0.0461474
  0.374656
-0.0933857
 -0.277825
 -0.238581
 -0.415658
  0.324797
 -0.417816
-0.0887131
 -0.229202
 -0.191775
  0.151318
-0.0573257
-0.0720836
 -0.276688
  -0.22204
 -0.532835
 -0.463284
  0.105931
  0.496929
 -0.354123
  0.600314
 -0.367693
 -0.383138
 -0.482366
-0.0192313
 -0.360216
 -0.450796
 -0.262694
  -0.38371
  0.124946
  0.183894
-0.0576703
 -0.348491
-0.0385533
 -0.315005
 -0.350893
 -0.536554
  0.424463
 -0.277271
 -0.377052
 -0.312034
  0.110156
-0.0838201
 -0.188649
  -0.28454
 -0.517255
 -0.488015
 -0.270002
 -0.284875
 -0.388506
 -0.425711
 -0.466983
 -0.238806
 0.0211544
 -0.236286
 -0.255181
 -0.337354
 -0.442218
  0.113157
  -0.45437
 -0.224696
 0.0441498
 -0.198271
 -0.222532
 -0.395571
-0.0897314
 -0.318379
 -0.308007
 -0.447706
 -0.467885
 -0.425843
 -0.480224
 -0.396322
 0.0228459
 -0.477751
 -0.093246
-0.0472167
 -0.412638
 -0.309706
 -0.434442
 -0.415133
 -0.286125
 -0.421892
 -0.423206
 -0.436046
 -0.424349
 -0.423872
 -0.368348
 -0.413576
 -0.406662
 -0.483218
 -0.359778
 -0.399506
  -0.30582
 -0.467378
 -0.352006
 -0.367222
  -0.46285
 -0.391144
 -0.357467
 -0.445158
 -0.346877
 -0.410612
 -0.374331
 -0.455006
 -0.226863
 -0.423032
 -0.488972
 -0.434572
 -0.450885
 -0.333956
 -0.409878
 -0.426121
  -0.44158
 -0.412397
 -0.532188
 -0.430475
 -0.409215
 -0.452555
 -0.361481
 -0.510535
