   0.0843397    0.0245275    -0.528752     0.179884    -0.268728  -0.00839722     0.167839    -0.284631    -0.535816    -0.101727     0.147842    0.0859982   -0.0468156    -0.503786    -0.213846   -0.0595939      0.17759     0.123237     0.155968     0.178459    -0.190586    -0.309839    -0.149081    -0.122552     0.515956     -1.00177   -0.0408265     0.156981    -0.178811   -0.0950085     0.358551     0.514103
    0.246917     0.215104     0.123246     0.303908     0.171536     0.366582    -0.363993    -0.352712    -0.426221    -0.728112   -0.0188468      0.42596    -0.298275   -0.0414775      0.19684     0.340481     0.523076     0.480253     0.196496    -0.178657    -0.241702    -0.287053    -0.743064    -0.453414     0.811815    -0.871933     0.606481     0.322172     0.460465     0.443142     0.252644     0.532003
    -0.10779    0.0575172     0.187958      1.01672     0.137729     0.171323    -0.695818    -0.275119   -0.0258145     0.221636    -0.309157   -0.0807805     0.401685    0.0214111   -0.0929896      0.42042    -0.504908     0.159293    0.0037069    -0.783021      0.72849     0.240005    -0.279079     0.191953    -0.493351     0.382975     0.744384     0.960249     -0.39384     0.616051     -0.28277    -0.119471
   -0.143739    -0.120791      0.48563   -0.0979908     0.291335   -0.0360399     -0.27364     0.229535    -0.348781     0.328011    0.0292726    -0.020864     -0.18202   -0.0132491   0.00469996    -0.148614     0.306093   -0.0544283    -0.227235    0.0441883     0.173139    0.0835468    -0.220221    -0.175576     0.246371      -0.1407     0.117755     0.222026      0.19562   -0.0655313    -0.278923     0.280809
    0.159263   -0.0537503    -0.291298     0.631797     0.108057    -0.134259     0.389999     -0.12393    -0.256929    -0.134339     0.472244    0.0436384   -0.0451926    -0.257989     -1.01666    -0.011321     0.215398    -0.306675   -0.0105566   -0.0221973     0.180424    -0.398475   -0.0221874     0.153568    0.0779987    0.0526833    -0.710518   -0.0392575    -0.450075   -0.0586832    -0.331935   -0.0655622
    0.179364      0.11477    -0.298345     0.641505    0.0206891    -0.235097     0.225674     0.304484    -0.406047    -0.105977     -1.08117    -0.286777      0.25605     0.127991     0.313154     0.522524     0.248852    -0.165706    -0.217083    -0.118544     0.142853     0.756439    -0.330189    -0.409432      0.16018     0.036623     0.373794     0.201466     0.289477    -0.396794     0.141626   -0.0386992
   -0.200896   -0.0831953      0.15422     0.127353     0.118709     0.114707    0.0478604    -0.356776    -0.365789    -0.486179    -0.030166    -0.532864     0.167923    0.0352628    -0.194868   -0.0698063    0.0219731     0.217936    -0.330364     0.174285    -0.255361      -0.3273    -0.319698     0.216846   -0.0331179    -0.367463     0.127632    0.0057434    -0.218556    -0.478153   -0.0794867   -0.0291928
   -0.372697    -0.237212    -0.162088     0.408416     0.268113     -0.18939     0.339994    -0.530245     0.301434     0.364795    -0.294377     0.535538     0.267747    -0.283741    -0.104955    -0.182786     0.183665    -0.307437    -0.389004    0.0963072     0.319443    -0.163415   -0.0580053    -0.216031     0.488767    -0.312442     0.578675     0.326611     0.403531     0.585809   -0.0479102    -0.158807
   0.0560704     0.161408    -0.496378     0.793719     0.435133    -0.163478    -0.381193      0.19557    -0.158403    -0.213073      0.50131     0.971276     0.361147     -0.12474     0.105926     0.676102    -0.430779    -0.273726    -0.487396    -0.296788    -0.258094      0.26901    -0.401046     0.976869    -0.123897    -0.306725     0.130728     0.425025    -0.361379     0.154387    -0.455232     0.304837
    0.223803     0.216199   -0.0483424     0.798542    -0.330188    -0.666603    -0.567273     0.229272    -0.289383    -0.571748         -0.1     0.356034    -0.201375     0.435175     0.265836     0.312862    -0.825058     -0.25413    -0.586612      0.40063      0.29815      0.33482     0.757711     0.400845    -0.175227     0.399498    -0.180865   -0.0614964    -0.372655     0.321361    -0.465565    -0.440602
    0.430279   -0.0364813     -0.86709    0.0284156    -0.163642     0.123379     0.145358     0.445242     0.253261    -0.468888     0.106916     0.680633    -0.411923    0.0455594   -0.0854437     0.537015    -0.339235      0.66718     0.609243    -0.477257     0.231971   -0.0607932    -0.377133     0.545333    -0.686276    -0.288552    -0.289075   -0.0808227    -0.503616    -0.298626     0.278574   -0.0961942
    0.256444     0.243302     0.316408    -0.248747    -0.221939     0.143356    -0.966571     0.592417    -0.208719    -0.228678     0.233116     0.307292     0.440779    -0.284005   -0.0492473     0.367096    -0.133419    -0.580206    -0.285322     0.295118     0.318129      0.69806      0.09211    -0.297606    -0.396678      0.50241    -0.282923    0.0710643    -0.486809    0.0516736     0.186283    -0.650076
   0.0514369   -0.0118998    -0.307089    -0.124772     0.205292     0.613721     -0.26031    0.0449487   -0.0201205     0.323539    -0.143101     0.600482    0.0956746    -0.447044    0.0915937   -0.0511071     0.181618      0.35834     0.482126     0.336041    0.0674688     0.430875    -0.583809     0.310228     0.484266    -0.281925     0.295554     0.411863   -0.0412416     0.098353     0.305016    0.0667641
  -0.0157453   -0.0061812    -0.078148    -0.176312    0.0535031     0.172945    -0.185323     0.276357   -0.0735691    0.0221542   -0.0574148    -0.039958    -0.267372   -0.0990125     0.291671    -0.138956    -0.173426    -0.192524    0.0948769   -0.0356856    -0.293947    -0.138042     0.100339      0.11991     0.169649    0.0708271     0.166335    -0.302721     0.257214    -0.155553    -0.182184    -0.004283
   -0.326529   0.00171258      0.22419    -0.310427    -0.902907    -0.148461     0.207949    -0.172401    -0.556538      0.56536   -0.0782034     0.421001     0.304181     -0.29528     -0.17175    -0.366276     0.122883       0.4893   -0.0453588    0.0525746    0.0313083     0.102697   -0.0593633    -0.135435    0.0899101    -0.227165      0.05194   0.00350581   -0.0741263    -0.517207     0.474324     0.148267
    0.506161    -0.352703     -0.44474    -0.365054    -0.104295    0.0312314    0.0189881    -0.100526    -0.135421    -0.535005     0.184759     0.737899     0.285179    -0.316314    0.0426818     0.329272    0.0927381    -0.016316     0.182675   -0.0291451     0.159729    -0.328695    -0.519644     0.616975     0.243307    -0.181227     0.106497     0.112223    0.0214385    -0.546214    -0.184014     0.151186
   -0.146613    0.0743467     0.181348     0.340104     0.127783     0.118139    -0.300618     0.186554     0.210909    -0.612095       0.8932     0.547684   -0.0272007   -0.0281326    -0.196594    -0.108163    0.0284851    -0.515552   -0.0864179    -0.319538     0.515749     0.152257     0.360627     0.421731    -0.355178     0.186191   -0.0211952     0.603038    -0.596353     0.410734    -0.342026    -0.458022
    0.367076     0.125093     0.351292    -0.459008   -0.0599497    0.0721486     0.177004   -0.0979462     0.170819    0.0594312    -0.467986   -0.0910415     0.279938     0.201918    0.0979827      0.21169   -0.0308659   -0.0848941    0.0602775     0.186419     0.330232    0.0628263    -0.113311   -0.0237828     0.279415     0.183127      0.18339    -0.481735     0.468651   -0.0774153    0.0554825    0.0383017
    0.025554     0.251164   -0.0651588    -0.469591    -0.129654    -0.181015    -0.240485    -0.011416   -0.0559177    -0.293028     0.230138    -0.386667    -0.203192     0.399384     0.165831    -0.477235   -0.0177427     0.198326   -0.0222035      0.22819    -0.248048    0.0134991     0.154953     0.395209   0.00740004     0.225066     0.151939     0.091247    -0.126523    -0.123148   -0.0289029    0.0153511
   0.0371327     0.489483     0.448163     -0.19442   -0.0595356    -0.319954   0.00683908    -0.118252    -0.167888    -0.116462     0.721177      -0.3143    -0.291668   -0.0314174    0.0482391   -0.0124226    -0.196075     0.211236     0.469529    -0.141246    -0.169272    -0.201583      0.20006      0.40054     0.669353    -0.413299     0.517766    -0.337305     0.346612     0.167779    -0.287723    0.0149493
   -0.137541     0.158475    -0.237223    -0.109709     0.259966  -0.00114856    0.0512596     0.156229    -0.478899    -0.636902    -0.188361     0.299578    -0.338239   -0.0895702    0.0158638    -0.191811      0.17198     0.210723    -0.245712    -0.457016    -0.121399    -0.319387    -0.247888   -0.0680595     0.159048    -0.596523     0.418646     0.344836     0.277131    -0.143831    0.0435569    0.0745965
    -0.28564     0.195499    -0.524025     0.934315    -0.487899    -0.938471      0.16808    -0.477326     0.286443    -0.709119      0.10631     0.551447     0.275175     0.762527     0.361792     0.242508    -0.182825    -0.874118    -0.474415    -0.221336     0.679039    -0.418907     0.102019      1.50889    -0.195802     0.493104    0.0849127    -0.811686      0.25379     0.588546   -0.0958536    -0.900684
  0.00703846    -0.177788     0.493691     0.260041    -0.479803    -0.435382     0.688928    -0.107678    -0.113128     0.400496     0.411267   -0.0968233     -0.26915    0.0425091    -0.232883    -0.488394   -0.0747748     -1.26707     0.253662    0.0455301     0.136559      -0.5545    0.0272357    -0.497073      0.19804     0.381142    -0.288968    -0.665623     0.420175    0.0195264      -0.1137     0.412446
    0.031915    -0.405209   -0.0643871   -0.0975433     0.176239     0.229358    -0.631899    0.0946699    0.0496912    -0.724224   -0.0102016      0.17936     0.116076     -0.14314   -0.0330663     0.229805    -0.169149    -0.269725  -0.00851759    -0.273421     0.606058   -0.0897561     0.822698    -0.827481    -0.617407   -0.0210437    0.0459307     0.483137      -0.3049     0.465258    -0.267305    -0.220928
   -0.426045     0.175599    -0.092561   -0.0429406   -0.0333156    -0.464474   -0.0298659     0.582859   -0.0454055     -0.25149     0.181919     0.777181      0.37031    -0.132474   -0.0814031    -0.130958    0.0516392     0.113433   -0.0738691    -0.163537   -0.0894537     0.150029     0.588003     0.124307    -0.173178      0.23244    -0.791342    -0.303531    -0.545533    0.0517957     0.766395    0.0394661
   -0.355801     -0.65094    -0.279043  0.000413366      -0.5839     -1.10818     0.632639    0.0906553     0.298686     0.174258     -1.33354    0.0906674     0.385835     0.347284      0.63622  -0.00734076     0.023197     0.835278     0.333654    -0.188034    -0.063859    -0.545907     0.412948     0.489068   -0.0716005    -0.763559    -0.747818     -1.45191     0.148788    -0.732595      1.17689    -0.236224
  -0.0761712    0.0248942    -0.236338     0.449159    -0.320002     0.309481    -0.194097     0.405881   0.00430429   -0.0171478    -0.433811    -0.165152     0.206933   -0.0485178     0.292863     0.585024      0.35704     0.647876   -0.0510211     0.132431    -0.032085    -0.210502    -0.919394     0.214681     0.263236     0.122352    -0.160782     0.111608    -0.203534    -0.124583    0.0432286     0.726085
   -0.261608     0.255971    -0.122046     -0.15702     0.521747      0.27584    -0.922052    -0.553996    -0.681125     0.876837    -0.350764     0.120575     0.493325    -0.528378    0.0476648     0.177968      1.38499    0.0334938   -0.0705422     0.358146     0.840438     0.756333    -0.954529    -0.446852     0.798072      -1.1789     0.558168     0.200506    -0.432612    -0.463559     0.417085      0.44612
   -0.256843    -0.108805     0.307143    -0.268053     0.609425      0.48321    -0.260764   -0.0382548     0.129642     0.107818     0.293268     0.275528   -0.0100805    -0.259645    -0.700756   0.00893158     -0.22084    -0.100705     0.193259     0.452608     0.197784     0.144235     0.655033     0.101138    -0.105668     0.451375   -0.0236494    0.0585886    -0.171967     0.324204   -0.0992844     0.154443
    -0.45982    -0.366091    0.0589043    -0.210716    -0.308814    -0.065975    -0.125396    -0.240393   -0.0725271     0.410135     0.325718    0.0478067     0.230189    -0.139516    -0.271018    -0.166118     0.507813    -0.702188     0.110883     0.124547    -0.176529   -0.0892605    -0.330356     0.070189  -0.00354486   -0.0710064   0.00977894    -0.359231     0.611648    -0.299641     0.454291     0.114672
    0.528951     0.229727   -0.0407954    -0.559531    0.0139347       1.1864    -0.167337      0.59589      0.39351    -0.363265     0.313332    -0.618409    0.0665361     0.247076     0.290697      -0.0272     0.275885     0.928209     0.302092    -0.199883    -0.473869    -0.820209     0.144891    -0.608182     0.319148    -0.865408    -0.258899     -0.96288     0.167174     0.156104     0.468359     0.297558
    0.209321     0.330244     0.160897   -0.0716353    -0.172158     0.496684    0.0152636     0.530521    -0.452692   -0.0503011     0.446324     0.422224    -0.122208  -0.00816712     0.417425     0.332098   -0.0414764     0.214919   -0.0821195     0.527236     0.123686      0.35105     -0.10878     0.261072    -0.208926     0.206044    -0.114388   -0.0774563    0.0528227    -0.182446     0.173964     0.125767
    0.247165     0.054872    0.0538558   -0.0130047    0.0988485    -0.249926     0.471955   -0.0167376  -0.00175336   -0.0185811    0.0908294    -0.219452   -0.0816226     0.245004 -0.000772456     0.116548     0.119863   -0.0127556   -0.0820277    -0.205102   -0.0388593     0.212259  -0.00467498    -0.402553     0.394626    -0.335283     0.053834    -0.343826     0.270707   -0.0634138    -0.448169    -0.160435
  -0.0320397     0.357849    -0.615889    -0.464339     0.681887     0.651729    -0.122152      0.80583      1.25327    -0.612157     0.366093     0.127692     0.445992     0.259706      0.17481     0.824953    -0.157622    0.0130846     0.590835   -0.0180505     0.414837     0.425737     0.579212     0.289492    -0.377059     0.751876    -0.492137    -0.102566    -0.348179    0.0214655    -0.938826    -0.317277
   0.0024411   -0.0888035    0.0215456   -0.0688762     0.226312    -0.305994     0.127358    -0.456069    -0.235009    -0.136831    -0.894427     0.119222    -0.383855   -0.0833105     0.434461    -0.479198     0.320255     0.862291    -0.659489      0.32211    -0.637042  -0.00981825    -0.524455    -0.923931    -0.319578    -0.873306      0.32733     0.221832    -0.459225    -0.624532     0.539219     0.389993
   -0.417795     0.364707    -0.697693     0.180747     0.574493     0.156395    -0.933028    0.0359917  -0.00733207   -0.0851054      0.28592   0.00310121     0.242849    -0.380365      0.13672     0.771741   -0.0968744     0.424524    -0.169754    -0.730611    -0.104245   -0.0915673    0.0374605    -0.407258    -0.447768    0.0559364     0.285495     0.684182    -0.777086    -0.727869    0.0613277     0.365741
    0.148002    -0.192653     0.502778    -0.119405    -0.440534     0.176724     -0.10609      0.23259    -0.429036    -0.209988    0.0509208     0.504012     0.366369    -0.148652     0.546571    -0.278468     0.394847     0.451275    -0.522824    -0.165458    -0.108864     -0.19816    -0.663316   -0.0333147    -0.110505    0.0567132     0.267071     0.101215    0.0145643     -0.30717     0.616302     0.795183
   -0.429225     0.291881     0.135674    0.0610008    -0.343527   -0.0214269    0.0378507    0.0525619     0.414574    -0.104676    -0.182288    -0.358501     0.543582     0.346895     0.463214    0.0575756    -0.331626    -0.393029    -0.698294     0.628855    -0.216721   -0.0999142    -0.119562    -0.544361   -0.0246096     0.424044    -0.241425    -0.396157     0.418336   -0.0850079     0.359259    -0.201097
    0.190787    -0.656839   -0.0261815     0.216177     -0.57781    -0.364937     0.155945    -0.169437    0.0566206    -0.889946    -0.407302     0.471501     0.406817     0.198181     0.280572   -0.0347091     0.317622    -0.404289    -0.276667    -0.263978    -0.399304    -0.237832    -0.671791     0.298738     0.561709    -0.386001    -0.412622    -0.728035     0.252124     0.275286     0.588906       1.0552
    0.169384     0.288981    -0.686927    -0.104123    -0.218254     0.428216    -0.387303   -0.0972155     -0.33044     0.422914    -0.726083   -0.0200546     0.384836    -0.349318     0.152436      0.50886       0.3592     0.141027     0.899755    -0.330578     0.628942     0.228044     0.275344     0.123626    0.0930755    -0.197744     0.387623    -0.157001     0.125578    -0.391648     0.446149     0.369879
  -0.0388604    0.0546005     0.190504    -0.320996     0.142175     0.135489   0.00620484    -0.221475     0.342289    -0.027711     0.100201    0.0122762     0.245637    0.0259667    -0.289824    -0.131294     0.175107    -0.370363    -0.148227     0.333398    -0.322403    0.0750549   -0.0585867     0.236006    -0.192536    0.0816545     0.168181     0.124196    0.0824837     0.283468    -0.554728     0.034374
    0.265191     0.101472    -0.196626    0.0634847   -0.0403681    0.0884427    -0.203599     0.264996    -0.602515     0.213113    0.0694268     0.340575     0.380206    -0.512081     0.309427     0.151118     0.703519    -0.107505    -0.455701     0.292988     0.560163     0.507073     0.127415     0.104932      0.13307    -0.208534    -0.185475     0.016548    -0.515671    -0.399857     0.780411     0.708337
   -0.284092   -0.0668036    -0.373671    -0.400257   -0.0916536     0.104095     0.542041     0.346764    -0.117145     0.604963     0.361856   -0.0259214     0.109201    0.0690959     0.187505    -0.336846   -0.0682524  -0.00669232     0.245828    -0.102541      0.15151    -0.191309   -0.0778139     0.448104    -0.621953    -0.504978    -0.371355     0.213451    -0.348134    -0.226868   0.00557483   -0.0760643
   -0.373986    0.0953246    -0.699622      0.26927    -0.143069     0.103843    -0.510689     0.429505    -0.562703    -0.181153    -0.104872     0.259232    0.0691006    -0.150968    -0.160878   0.00792321    -0.333433    0.0542642    -0.204747    -0.534223   -0.0168065      0.57135   -0.0739815     0.236062    0.0328971    0.0318193    -0.434419     0.577989    -0.491444   -0.0457209    -0.106878     0.280871
   -0.312689    -0.213681    -0.191922    -0.142246     0.191736    -0.255229       1.0355    0.0176039     0.527723     0.164939     0.377927     -0.16037    -0.528454     0.605081       0.1639     -0.13595    -0.492258     0.640553   0.00450225   -0.0149309    -0.285469    -0.368599     0.349538    0.0103739     0.193684    0.0449932     0.105494    -0.421277    -0.451851   -0.0255443     0.310229    -0.243629
  -0.0287361    -0.412339    0.0432229    -0.189096    -0.212465     0.374902     0.279746    -0.160351   0.00200514    -0.157228    -0.507727     0.277244     0.490257    -0.187712     0.451791    -0.261349    0.0837982    -0.313529    -0.543698     0.519723     0.151219    0.0572416    -0.191452     0.575587    -0.292477   -0.0306453      0.21253     0.363869    0.0766973    0.0128565    0.0430394     -0.16497
   0.0666006    -0.109823     0.016115     0.217412    -0.178647    -0.294976    -0.254635    0.0643739    -0.315552    -0.350482    -0.323288      0.26785    0.0467533    -0.427657    -0.259653     0.201487   -0.0587802     0.115005    -0.149503    -0.188418    -0.157108     0.270942    -0.264682     0.323221    -0.326354    -0.166767    -0.551956     0.383631    -0.333977    -0.297161    -0.125234    0.0258492
    0.346903   -0.0478321    -0.598823    -0.515761    -0.368707     0.579439     0.192876     -0.83049    -0.235691     0.236262    -0.293719     0.153077    -0.282953    -0.359365     0.301877     0.086574     0.284464     0.336227    -0.109394   -0.0422389     0.193004     -0.40329    -0.612528      -0.6718     0.189428    -0.947529     0.612383     0.635604     0.287624      0.02001  -0.00363036      -0.1053
    0.016069    -0.104282   -0.0564778    -0.394524     0.674143     0.774764    -0.833414     0.106822     0.388087    -0.321628     0.278748     0.139095     0.369388    -0.192696    -0.277242    0.0968086    -0.291564    -0.351205    -0.227025    -0.168422     0.377762      0.37172    -0.245812    -0.100855     0.426507     -0.15665   -0.0458042     0.220288    -0.015393     0.114179    -0.649298    -0.109479
    0.168835    0.0372405    -0.448154       -0.411     0.848283    -0.286175    -0.348584     0.271432   -0.0497835    -0.933388     0.238362    -0.160908    -0.657994     0.351943        0.171     0.668368    -0.454654     0.860085     0.467968    -0.377287   -0.0684299    -0.372661     0.677864     -0.43671     0.111572     0.294722     0.222108     0.311586    -0.324523     0.446527    -0.777454    -0.336909
 -0.00238788    -0.195538    -0.214473     0.255576     0.212446    0.0691008     -0.21963    -0.239351    -0.165176    -0.746709    -0.597992   -0.0694398    -0.181456    -0.148793    -0.211118      0.35689    0.0839569     0.569764     0.147384    -0.199146    -0.207206    0.0151929    -0.202461  -0.00640258    -0.237386     -0.41391    0.0888287     0.272918     0.278914     0.133964   -0.0558641    -0.056943
    0.404554     -1.04429   -0.0816122    -0.776704     0.231135     -0.13432       1.0304     0.600533     0.378336    -0.617727    -0.741042    0.0147737    -0.164168     0.261381      0.32955    0.0843745    -0.283806      1.65076     0.333778     0.244258    -0.882045    -0.473739     0.536789    0.0777035     0.172225    -0.314085    -0.774649     -1.21486     0.271649    -0.809464    -0.208065    -0.558268
     0.11623   -0.0123989    -0.188802   -0.0622078    0.0743358    0.0323832    0.0507713     0.177627      0.31804    -0.204428     0.266124   -0.0731854     0.110475     0.224933     0.163025     0.334969   -0.0941322   0.00660858    -0.158466    -0.111731    -0.708394   -0.0805259     -0.30759     0.680454    -0.307403    -0.122957    -0.592692 -0.000503445    -0.165521  -0.00280293    -0.109048     0.231893
    0.723087    -0.210934     0.181955    -0.533637     0.169856     0.199888   -0.0413659    -0.461208    -0.219321     0.474042    -0.170473   -0.0315827    0.0780889     0.320589    -0.202497     0.813493     0.464124    0.0430866     0.229966   -0.0434049   -0.0650376    -0.329234     0.104026     0.140198     0.543503    -0.737258   -0.0801443    -0.908175    0.0531554    -0.662934    -0.298171   -0.0805675
     0.16927     0.152724     0.137279    -0.236776    -0.013487     0.380046    -0.391307     0.470022  -0.00283392    0.0638445    -0.254244    0.0784997     0.308463     0.263188     0.223299    0.0826711     0.100135     0.180379    -0.270898    0.0805116     0.405455    0.0614114    -0.431648    -0.723394     0.163751     0.434256     0.293587     0.340399    0.0488557    -0.358563    -0.122062   -0.0819127
  -0.0150184      0.51566     0.668372    -0.125758   -0.0643537     0.772803     0.444228     0.485237    -0.576147     0.640438   -0.0113873    -0.407042    -0.344715   -0.0782672    -0.797687   -0.0310957     0.322258     0.443965     0.443552    -0.135752    -0.162719     0.640219     0.321293    -0.577203    -0.129647     0.611539    0.0995221     0.508143    -0.773352    -0.285164     0.205672     0.235596
  -0.0470319    -0.512246    -0.451817    -0.222514     0.432183     0.452812    -0.748151    0.0526904    -0.391377     0.294599    -0.327378      0.86779     0.585666    -0.592045    -0.505306     0.327211     0.396673      0.52164     0.297001     0.230425     0.336784     0.339492  -0.00588233    -0.545936   0.00674379    -0.264366    -0.256998     0.661297    -0.730358    -0.346296    -0.139159      0.29307
    0.375761    -0.059203     0.156669    -0.277287  -0.00182493    -0.347084    0.0881921     0.203662     0.302821     -0.36446     0.168308    -0.161623    -0.228859    0.0230386      0.30101    0.0118321    0.0983939      0.90048     0.363817  -0.00842008     0.226494     -0.15753     0.165377    -0.324989   -0.0610218     0.121051     -0.35829    -0.108723    -0.212567     0.167686     -0.13337    0.0190679
   0.0866907    -0.147737    -0.160787     0.228953    -0.349724    -0.129203    -0.415558    -0.605287     0.198838    -0.100649    0.0644245     0.382698     0.138902    -0.103489    -0.045365     0.171536     0.238223    -0.274132   -0.0126657     0.192766   -0.0149125    -0.131227    -0.266033    0.0241001     0.280659    -0.229574  0.000598343     0.226508     0.114523     0.483647    0.0256041     0.439515
    0.564446     0.111677   -0.0485544   -0.0300234     0.529891    -0.026579   -0.0627253   -0.0315507     0.204056     0.254381    -0.639057      0.38042     0.153376    -0.102439    -0.343449     0.795011      0.75437     0.563108    -0.417924     0.475984     0.267066     0.470059    -0.228017      0.16175     0.391757    -0.679574    -0.484136    -0.673287      0.35534    -0.468345      0.67658     0.530882
     0.29472    0.0550545    -0.819991    -0.492021     0.266434    -0.101283     0.715571     0.426242    -0.542466     -0.46562   -0.0151458    0.0118976    -0.877031    -0.390315      0.17956     0.319046    0.0416607      1.44185     0.305487    0.0504114    -0.333542    -0.668838    -0.192604    -0.420246     0.484106    -0.784502     0.100193    -0.284846     0.279424     -1.06471     0.255255     0.294491
    0.200628     0.508513     0.352254    -0.275444    -0.438507     0.472965     0.307298    -0.389268     0.293058   -0.0922727     0.581713    0.0561961    0.0172344    -0.153306     0.176058    -0.400993   -0.0288513   -0.0483834    0.0588281     0.127514   -0.0145922     0.559524     0.404557     0.596454     0.154092      0.37703     0.203101    -0.059154    -0.334495    -0.196405    -0.182995    -0.436771
   0.0145264    -0.295951     0.302155   -0.0866608    -0.152864     0.234025     0.142166     0.378866     0.317906      0.24891   -0.0260277    -0.286013     0.465913    0.0708675    0.0960282    -0.539316   -0.0492192    -0.434756    -0.149936    0.0903666     0.338473     0.526172    -0.224106    -0.233277    -0.348035      0.47814    0.0297444     0.157708    -0.145146     0.190233     0.245047   -0.0548707
    0.334691    0.0142553     0.341737      -0.1861     0.333428     0.155311     0.180141     0.275113    -0.230809    0.0625875    -0.324687     0.192677     0.205902    -0.325803    -0.356991     0.242559    0.0576112    0.0832098     0.135922   -0.0750672    -0.345755     0.360626    -0.272493    -0.687389     0.173648    -0.259801   -0.0768886     0.289407    -0.149653   -0.0350788   -0.0840011     0.367753
   -0.212273    -0.111227      0.31208     0.197491     0.406462     0.576664    -0.604546    -0.129153    -0.176207    -0.142727    -0.219132     0.225135     0.292004    -0.346859    -0.206297     0.147669     0.105084    -0.516499     0.343651     0.100075     0.438346      0.60264     0.355042     0.130576    0.0915208     0.450758     0.333775     0.137381     0.120963    0.0813724    -0.678066   -0.0173844
   -0.382996    -0.136073    -0.588373       0.2515      1.13024     0.653791    -0.122778     0.461032    -0.096491    -0.101608     0.446098     0.821171    -0.118314    -0.619709    -0.215411     0.252014   -0.0950362   -0.0481135    0.0105279    -0.274054     0.275718     0.250975     0.393827     0.423996    -0.519753     0.258904     0.636467     0.826181    -0.222458     0.585114     -1.14075     0.119179
   -0.240481   -0.0163082    0.0093651   -0.0600505   -0.0247606     0.360262   -0.0256337   -0.0448535    -0.124783     0.146873    -0.198755     0.389104   -0.0598125    -0.497533    -0.167818    -0.258733  -0.00790774    -0.228793     0.368481    0.0155581    -0.347219    -0.497962    -0.658941    -0.483931     0.589529    -0.189603    -0.278309    0.0778828     0.259742    -0.487421    0.0860542     0.236878
  -0.0226321    -0.029346     0.138424    -0.124889     0.474895     0.140156    -0.424661    -0.221444     0.146349     0.266399    0.0309558    -0.138321      0.19642    -0.162691    -0.342931     0.118433     0.160427    0.0884527     0.141041    -0.484573    0.0156394    -0.296778   -0.0672098    -0.149762      0.77216    -0.301622     0.303154   -0.0367097    0.0298335    0.0388574     0.055705   -0.0141057
    0.471015     0.276898    -0.485519     0.748318    -0.141045    -0.110271     -0.13235   -0.0734205    -0.189284     0.461757   -0.0579498     0.140631     0.158408    -0.201603     -0.19466     0.260456     0.139616     0.613432    -0.208563    -0.255536    -0.145215    -0.192764    -0.555092    0.0473853      0.15087    -0.136418    0.0327571    0.0246412     -0.22715       0.1823    -0.087792     0.229471
   -0.126608     0.257764    -0.706611    -0.414567    -0.429348      0.10991     0.268011    -0.395627    -0.343851     -0.49059     0.430589     0.527664     0.363032     0.154552    0.0969036     0.107836     0.397558      1.12921   -0.0426647   -0.0304208    0.0515416    -0.345899    -0.417438    0.0984554     0.156005     -1.23777     0.615471    -0.206922    -0.614767    -0.173003     0.888984   -0.0779396
   0.0857423     -0.23319    -0.283269     0.155986  -0.00951504   -0.0948359    -0.118804   -0.0409114    -0.363274    -0.224319     0.133595     0.234786    -0.203676     -0.48928     0.148388    -0.204567    -0.371949     0.537272    -0.233193    0.0623271    -0.122972      -0.5148   -0.0623757     0.329816    0.0299598    -0.419201     0.420022     0.487521     0.259025     -0.22186     0.305375   -0.0802695
    0.279937    0.0209765     0.851201     0.422006    -0.512675    -0.809586     0.710737    -0.405629    -0.204966      0.54393    -0.805078   -0.0202287    -0.522637    -0.248907     -0.27634     -0.71757     0.466593    0.0311652    -0.702117     0.274731    -0.425108    -0.051174     -0.64782   -0.0166898     0.433301   -0.0533534    -0.211796    -0.136031    -0.517084    -0.301549     0.816137     0.214913
    -0.29184   -0.0795885    0.0239148     0.573455     -0.53168    -0.299983    -0.641359     0.166054     0.168538    -0.286361    0.0774699     0.414313    0.0656263     0.259425    0.0905758     0.498778     -0.14599    -0.162205     0.162258    -0.279944     0.441221    0.0890681    -0.219726     0.148583    -0.269137    0.0600319   -0.0882952    -0.450822    -0.514456    -0.187275     0.293381      0.30895
  -0.0712706     0.127192    -0.145022    -0.161348   -0.0726702    0.0738827     0.190818   -0.0820687      0.23803    0.0776309     0.427368    -0.479402    -0.248897     0.377777    -0.217846    -0.364088     0.194129     0.215671    -0.604438     -0.59253    -0.641418    -0.146625   -0.0642525     0.134771    -0.449548     0.138916     0.627869     0.467272    -0.111973     0.413759    -0.173598     0.451991
   -0.160008     0.342383     0.267935    -0.190208    -0.046879     0.102088     -1.06006   -0.0622442     0.110375    -0.498264   0.00325487    0.0693669     0.164789    0.0718759    0.0842592    -0.192184    -0.430561     0.146672     0.427607    -0.172632    0.0547968    -0.542521    -0.484263    -0.249926     0.397709   -0.0512406     0.619268    -0.282103     0.469631     0.270238     -0.47617     0.752835
     0.27248    -0.144389     0.371033     0.213792    0.0304746    -0.328167    -0.283327    -0.119339    0.0718742    -0.463156  -0.00934499   -0.0854861   -0.0548851    0.0518592     0.731502    -0.165637    -0.226321    -0.364515    -0.207297    -0.371065    0.0417866     0.234824   -0.0281134   -0.0201896    -0.432415     0.307329    -0.105402     0.491141    -0.445214    -0.101033    -0.238402    -0.457277
   -0.251663    -0.103888      0.40292    -0.118105     -0.19404     0.477638    -0.111913    -0.380966    -0.314935     0.108351     0.369537    -0.259149    -0.207619   -0.0219837    -0.300347    -0.222035      0.21208     0.435088    -0.175812    -0.209638     0.301308     0.299391     0.128928   -0.0460121     -0.10142     0.169471    0.0577245     0.563246     0.244865    -0.235018     0.109563    -0.483753
   0.0749339     0.354602   -0.0897987     0.141728    -0.169558   -0.0305394    0.0322572   0.00911859  -0.00399836    0.0141588   -0.0805839    -0.233315    0.0632427    0.0279615    0.0944822    -0.279943    0.0622785     0.304899     0.373782    -0.151421   -0.0961449   -0.0878341    -0.249623   -0.0420479   0.00770146    -0.205447  -0.00334985    -0.320609     0.304075     0.177087     0.027192     0.184926
   -0.442527    -0.156632    -0.309688     0.637217     0.388136   -0.0763331     0.449871    -0.756033    -0.122725    -0.116531    -0.888188     -0.93538    -0.669565    -0.115433    -0.356357    -0.324816   -0.0796997     0.435487      0.54569    -0.145115    -0.125397     0.011203    -0.590884       -0.209    0.0714864    -0.264943     0.139905    0.0667466      0.54187     -0.29763    -0.655681    -0.378979
   0.0251823     0.316531    -0.613895   -0.0129973      0.41865     0.687607    0.0335256     0.396847    -0.278786     0.157696   -0.0494225      0.30035    0.0221586    -0.369576   -0.0354549    -0.254983     0.215188     0.355581    -0.297559    -0.374311    -0.113447     0.300817   -0.0424377     0.128251    -0.134175     0.472006   -0.0481978     0.549982    -0.759263    -0.302525    -0.135859    -0.146054
    0.444745     -0.15815    -0.123383    -0.512752     -0.10271   -0.0458451    -0.212047    0.0149518    -0.058475    -0.476758    -0.142802      0.19555    -0.125715     0.246121     0.869759     0.365713     0.238677     0.604371    -0.266174     0.235947    -0.243772     0.416408    -0.209971    -0.135708      -0.2278    -0.175459     0.367812     0.630083     0.270127    0.0517743     0.381791     0.501239
  -0.0368138   -0.0488943    -0.775729     0.147998     0.147095     0.292878     -0.58995    -0.598387    0.0676813     0.322114    0.0209668     0.464664    -0.135132    -0.157545    -0.316757     0.829933     0.599418     0.402926     0.286409    -0.259466     0.293224    -0.433739    -0.348025     0.079289     0.324206    -0.425413     0.626545     0.318075    -0.126458    -0.559584      0.18407     0.247288
    0.389556    -0.624762     0.244941      0.13722    -0.430148   -0.0639394     0.680608    -0.112495    0.0622594    0.0708079    -0.204011      0.11433   -0.0432746     0.167475    -0.129275    -0.277646     0.259086    -0.482946     0.109609     0.032632     0.284763     0.353265     0.600829    -0.223413   -0.0695777    -0.178085    -0.359045    -0.555473      0.56332    0.0682145     0.717715    -0.190583
   0.0851691    -0.294484     -0.15324     0.202806    -0.176901    0.0813849     0.171484   -0.0300645    -0.421491     0.680237    -0.257147     0.582857     0.196202     0.319447      0.14831     0.291268     0.409425     0.278044     0.484605     0.182928   0.00160905     0.271211   -0.0326478    -0.560726    0.0876464     0.152046    -0.313373    -0.372687   -0.0413008    -0.343174     0.621344      0.38757
   -0.253127   -0.0267116    -0.212326    -0.159341   -0.0577133     0.130626     0.257108    -0.200017     0.158656   -0.0241817  -0.00909239     0.145542    0.0744103     0.199141    -0.208184   -0.0564327     0.111602    0.0149718    -0.136138    -0.201927   -0.0180659     0.188343    -0.225008     0.138617    -0.178269    0.0495424    -0.406118    -0.270017    -0.214564    0.0110235   -0.0509365    -0.175132
     1.18388   -0.0306639    -0.299614    -0.624353     0.315543    -0.149457      1.11721    -0.252002     0.129119    0.0850623    0.0775561    -0.181031   -0.0187179     0.283555     0.335162     0.237851     0.691778     0.584506     0.298585      0.43844      0.26767    -0.296689      0.21002    -0.402161     0.471471      -0.5672    -0.262128     -0.50146     0.847623    -0.342587     0.308261     0.371758
   -0.308678    -0.116134     0.115332     0.226494    -0.109668    0.0218883    -0.778444    -0.116184    -0.532008    -0.128269     0.319745     0.761108     0.925504    -0.820479   -0.0266251   -0.0333763     0.190046     -0.84336     -0.23287     0.267875     0.348383       0.4081    -0.547014   -0.0749482     0.342312     -0.33265     0.177377     0.429287    -0.122995     0.437013   -0.0521604     0.997222
   0.0789341   -0.0364339    0.0559557     0.273461    -0.314584     -0.61155     0.149875    -0.358867     0.388642     0.181954    -0.168718    0.0857135    0.0535197    -0.255628      -0.1004     0.278286     0.311919     0.164325    -0.434626     0.433324    0.0538598     0.118731   -0.0401725     0.329066    0.0991965    0.0740266    -0.332837     0.230763   -0.0255769    0.0489201     0.577328    -0.367451
   -0.216168     0.141402    -0.392252    -0.433562     0.104168     0.354955   -0.0330762     0.294253     0.182115     0.509048     0.322223     0.308589     0.599037    -0.332774    -0.518241     0.098733     0.191516    0.0805757     0.128755    -0.259789     0.478131    -0.137814    -0.237265     0.663606     0.216545      0.13248    0.0402434    -0.135739    -0.439311   -0.0493379     0.425394     0.287063
   -0.208707    -0.211183    -0.398073    -0.153904      0.52932   -0.0129561    -0.465435    -0.240164   -0.0492987    -0.381954     0.168506     0.167404   -0.0152841    -0.190192    -0.480372     0.148128      0.25334    0.0728524    -0.563241    -0.141869   -0.0167663   -0.0868587     0.492263    -0.673052    -0.369898     0.665048     0.420302     0.692719     -0.57851     0.131296    -0.820255    -0.397692
   0.0708425    0.0767919     0.105742    -0.177808    -0.419896    -0.820837    0.0504123   -0.0627274     0.406631     0.246753     0.147355   -0.0371026      0.13892     0.198841     0.098664    -0.448715     0.121259     0.429062     0.325191    -0.115995    0.0510754    -0.426338     0.610803     0.450584    -0.241533    -0.446668  -0.00960204     0.174799    -0.263747      0.19421     0.343503     0.128021
    0.783063   -0.0593191     0.104849   -0.0970625    -0.123197     0.126136   -0.0335259     0.511194     0.178181     0.338519   -0.0857066    -0.459119    -0.372369    -0.469546   -0.0544389      0.15772    -0.109137    0.0108999    0.0746214     0.317724    0.0651859     0.430283     0.178035    -0.484487    -0.432547     0.280374    -0.341629     0.180409   -0.0129426   -0.0968492     0.348698    -0.414646
  -0.0329858   0.00424054     0.129787     0.847297     0.357332     0.226458    -0.391327    -0.010359    -0.310983     0.393855     0.306245     0.428531    -0.276697    -0.491602    -0.405965     0.206544     -0.23662     0.359859    -0.210942    -0.120461     0.328894      0.31346    0.0557812     0.100986    -0.325412     0.282402   -0.0329846     0.984896    0.0824607     0.576013    -0.480793     0.116538
   -0.164171   -0.0846671     0.373102     0.393242    0.0726123     -0.22387    0.0247761    -0.331579    -0.148359    -0.751915   -0.0389472      1.15806     0.348123     0.302124     0.146555     0.446325     0.214826    -0.346786    -0.139355     0.160176     0.545143    -0.259217    -0.361553     0.710661      0.10244     0.262765    -0.260986    -0.694946   0.00243768      0.67019    0.0120011     0.263555
   -0.208222     0.427691    -0.175959     0.209173    0.0760774     0.223659    -0.289823   0.00660093   -0.0621081   -0.0162895    0.0479647     0.158073     0.581436    0.0952758    -0.534226     0.208251    -0.375435    -0.204718     0.497498     0.298664     0.179339     0.046455    0.0241523     0.124479   -0.0414653    0.0703215   -0.0609698     0.338067    -0.258691     0.606168    -0.529826     0.222216
 0.000581323     0.181535    -0.172513    0.0812919   -0.0770284     0.289982     0.152435    0.0715528    -0.276318    0.0483314     0.582267     0.395429      -0.6712    -0.118731      0.28707    -0.319501   -0.0926604    -0.171523    -0.542812    -0.224111    -0.336131    -0.214769    0.0823874   -0.0419564    -0.105458      0.11202    -0.379646     0.107153   0.00109666    -0.166066    -0.147152   -0.0164719
  -0.0338685    -0.417226   0.00390522    -0.448165     0.305805     0.629979    -0.421228        0.344     0.199496    -0.204907    0.0489234     0.358649     0.442532    -0.226432      0.56566     0.371132     0.475141    -0.213049   -0.0474121     0.396495     0.236459     0.602051     -0.16315     -0.22503    0.0706281     0.723902    -0.314185     0.171329    -0.414723        0.151    -0.513451     0.300889
   0.0121079   -0.0244837    -0.438738    -0.411343      0.25807     0.609316    -0.604506   -0.0742065     0.240491    0.0986891    -0.507561    -0.714628   -0.0996926     0.136228    0.0851296     0.633523     0.341537    -0.481003     0.467581     0.150165    0.0509773     0.133233   -0.0940377    -0.289633     0.202276     0.316679     0.360182     0.110896    0.0164872    -0.186502    -0.686789     0.237992
  -0.0852288     0.192204    -0.223747     0.109804   -0.0910995    -0.508046     0.119869     -0.26544     0.410803    -0.555729     0.300572    -0.165513   -0.0704005   -0.0566432    -0.634559      0.18631    -0.138783    -0.169526    0.0445897   -0.0668525    0.0107923    -0.250454     0.470632    -0.420222    -0.038136    0.0406514     -0.74337    -0.192619    -0.385635    -0.331383   0.00225158    -0.414727
    0.297635    -0.417137     0.463292     0.180431    -0.044254    -0.499843     0.257444   -0.0458635     -0.10174     0.163612    -0.324399     0.140458    -0.160049    -0.263785    -0.335479    -0.147798       0.5898     0.613127    -0.261827    0.0415041    0.0975756     0.318899    -0.595456     0.164727     0.158543     0.358273     0.413247      1.15255   0.00416333     0.218726      0.26636    -0.255269
  -0.0838977     0.125883    -0.234516  -0.00583325    -0.162486      0.41133    -0.209489   -0.0426652     0.241051    -0.258008    -0.222977    -0.280706     0.548129    -0.430943    -0.187948     0.565111    -0.410356    -0.184009     0.046592    -0.737095    -0.255036    -0.397377     0.163758    -0.105223     0.271813    -0.411517     0.129642    -0.464168     0.461878    -0.242631    -0.253496     -0.37544
  0.00278298    -0.283737    -0.197748     0.489254   -0.0257848    -0.789082     0.227778    -0.741691      -0.6011    -0.315388   -0.0279689     0.162259     0.103729  -0.00172525     0.110171     0.168762     0.395814     0.209985    -0.530038     0.121109      0.14791    -0.205359     0.116169    -0.213713    0.0246362    -0.703271    0.0104055    0.0762565   -0.0646762    -0.395385     0.134393    -0.407848
   0.0871659    -0.438114     0.125584      0.18875    0.0474935     0.312597    0.0109831    -0.111317    -0.377972    0.0965699   -0.0180638    0.0141716    -0.256968    -0.128194     0.211503    -0.177627    -0.309858     0.300927     0.139106    -0.162395    -0.173977    -0.254857    0.0364654    0.0188305    0.0358485    -0.267785     0.101204      0.22581     0.121157    -0.374984    0.0568358   -0.0401346
    0.692909    -0.162217      0.53834    -0.431221     0.275067     0.764143    -0.680876      0.74021    -0.316257      0.10883    -0.417673    -0.590234     -1.11834    -0.589288    -0.647504    -0.638991    -0.183303     0.838701      1.13908    -0.816992    -0.568804   -0.0370392    -0.289878     -1.67452     0.602474     -1.01541     0.669559     0.378165     0.200273    -0.195775     0.469759      0.40802
   -0.262424    -0.166346    0.0364278     0.139385     0.101317    0.0372794    -0.349141    -0.272396    -0.466255     0.801816    -0.207602    -0.182262    0.0982919    -0.385475    -0.765327     0.054933   -0.0776052  -0.00278529    -0.640745    -0.394368    -0.385916    -0.230569     -1.27383    -0.149967     0.218078    -0.130853     0.956312      0.49686     0.257152    0.0727445    -0.427604     0.841743
    0.134438    -0.188379    -0.508594    -0.192289    -0.215557    0.0450322      -0.1408    0.0476397    -0.406953     0.153834   -0.0227982    0.0444396     0.252285   -0.0369077   -0.0141025    -0.079756     0.700609    -0.576391     0.339021     0.275242    0.0259128     0.188388    -0.152806    -0.279324    -0.429961    -0.512983     0.106413    -0.165205     -0.51397    -0.294347     0.816161     0.491183
    0.115492    -0.245577    -0.644219    -0.648395    -0.386664    0.0112568     0.120245     0.419311    -0.260446     0.630733   -0.0371128   -0.0140775     0.128745   -0.0617904    -0.193658    -0.191318     0.217183     0.213999     0.110054    -0.222747    -0.406355    -0.251782    -0.587588     0.373741    -0.383742      -0.1435    -0.118929    0.0869941      0.14363    -0.252876     0.934814     0.149285
    0.172761    -0.581586   -0.0233633     0.114141    -0.132692    -0.217609   -0.0658785    -0.210899   -0.0821894    0.0236011     0.506306     0.485021   -0.0363157   -0.0484576     -0.15969     0.164809     0.142815    -0.115434    -0.318868     -0.48838     0.312949    -0.251216    -0.150695     0.236144    0.0897927    -0.235364    0.0839172     0.215997      0.17179     0.149312    0.0761487   -0.0217159
     0.46659    0.0374674     0.271351    -0.189886     0.142225   -0.0636706    -0.425761     0.757719     0.469804   -0.0594837     0.491041     0.420088     0.197652    -0.240149    -0.348449    -0.302563    -0.592207      0.32824     -0.62288     0.433775    -0.283162     0.487594     -0.24854    -0.927466   -0.0677737     0.701225     -0.12122     0.657303     0.192996     0.456968     0.407202    0.0169833
    0.108659     -0.27117    -0.226665     0.425121   -0.0897732    -0.869972     0.238723    -0.676531   -0.0989367     0.408493    -0.395494     0.250861    0.0149233   -0.0438836    0.0867563   0.00880102    -0.356895    -0.148012     0.389864    -0.089187    0.0662923    0.0490893     0.477147    -0.613026    -0.413051    -0.258171     0.114864    0.0618127     0.228185    -0.118137      0.26457   -0.0525172
    0.459665    0.0455063    -0.910823     0.205355     0.180672    -0.106453     0.385447    0.0128516    -0.433688    -0.330501    0.0584549     0.279642  -0.00987693   -0.0163426    -0.213782     0.455901     0.257013     0.595651    -0.753235   -0.0638292   -0.0990389     0.132942    -0.575417      1.35005    -0.279539    -0.384576    -0.334459    -0.447221   -0.0577814    -0.268794     -0.10938     0.330387
    0.128483    -0.291033     0.511432    -0.222523     -1.02459    -0.333037     0.467972     0.153477     0.157201     0.271646     0.398191     -1.25284     0.109748     0.482381     0.663798     -1.15472    -0.475283    -0.874629    -0.202979     0.311443    -0.104761    -0.150307    -0.296059    -0.473635    0.0233493    -0.149168    -0.499542    -0.444955   -0.0338196    -0.562335     0.591659    0.0746282
   0.0546382     0.423618    -0.184698    -0.441432   -0.0899876    -0.329131     0.141746    -0.638626     0.623231     0.278511     0.396656    -0.699772     0.639646   -0.0518808     0.139851     0.123305     0.349874     0.150598     0.545443     -0.04729     0.330553    0.0276968      1.15184     0.321379    -0.157323     0.265077    -0.329632    -0.391428    0.0668692   -0.0772453    0.0346287    -0.635315
   0.0512423    0.0371183    -0.188597      0.25446     0.398679     0.281555    0.0446404     0.123582     0.340884    -0.216789     0.408461     0.276237     0.175872    -0.120869   -0.0632129     0.354974    -0.103032    -0.454554     0.121183     -0.19223     0.258993      0.37777     0.561376     0.162199    0.0411383     0.696163  -0.00784321     0.473235   -0.0102652     0.261358    -0.587973     0.274552
    0.131652     0.091345    -0.760931     0.143997     0.707591     0.459904    -0.563094     0.153062    -0.373302       0.3044    0.0160728      1.13519   -0.0892092    -0.506235    -0.521183       1.0092     0.443669     0.926075     0.610309    -0.333909     0.326952    -0.262845    -0.114556   -0.0446092     0.302756     -0.52596      0.43758     0.730785    -0.265789    -0.348044    -0.248244     0.320986
  0.00397375     0.343426    -0.208999  -0.00220603   -0.0943471      -0.1421    -0.383645     0.187056    -0.179726    -0.227437     0.411641    -0.166591    -0.142973    -0.285299    -0.178165    0.0566926    -0.350877   -0.0692633    -0.337922    0.0658546    0.0248272     0.273306    0.0165714    -0.205547    -0.763498     0.288098    -0.129893      1.21016    -0.692151    0.0526041    -0.153133   -0.0177393
  -0.0644592    -0.279241     0.288506     -0.21003     -0.30661    -0.485259    0.0906239    -0.525441      0.43425    -0.607313    -0.225642     0.294838     0.398623     0.247057     0.746576    0.0400153    -0.295008   -0.0487692    -0.510843    -0.205454     0.401369    -0.904833     0.617405      0.63291     0.481754    -0.065457     0.134693    -0.386989      0.77374    -0.384333     0.497968    -0.572789
   -0.148327   -0.0239853    -0.100566   -0.0179543    -0.378264      0.11266   -0.0177597     0.188215     0.110671    0.0560037   -0.0782513     0.220365    0.0030351     0.108536   -0.0626145      -0.3003     0.143198    -0.498866     0.156682    -0.156096    0.0484387    -0.165071   -0.0529275    -0.201237      0.44941    0.0072448     0.114571      0.27878     0.143576     0.145007     0.119019     0.227397
    -0.31174     0.362563     0.156383     -0.23098     0.012858     0.644453    -0.549729     0.204716     -0.53628    -0.087852    0.0210925     0.155263     0.243093     0.453495    0.0489882     0.042755    -0.541373     0.168724     0.381095    -0.205531   -0.0835461    0.0239202   -0.0341789    -0.402097     0.313114     0.155323     0.127393     0.578227    -0.201279    -0.106244   -0.0298374    0.0825819
   0.0718878     0.265644    -0.436588   -0.0219662   -0.0405081    -0.615479     0.580486     0.355326    -0.197711     0.648528    -0.713639     -0.38517     0.184409    -0.379387    -0.533211    0.0972304    0.0492292    -0.646763     0.730745    0.0710757    -0.236512    0.0782258    -0.349918     0.140004     0.275911    -0.515682    -0.596244    -0.512837     0.195879    -0.333558    0.0702599     0.669436
   0.0937561    -0.565979   -0.0163932     0.185973    -0.112879    -0.519805    0.0677581     0.231563     0.116268     0.138002    -0.157774     0.128044    0.0273725     0.211567      1.00107      0.18535     0.314372     0.396581    -0.215874     0.150314    -0.113841     0.411663    0.0495702    -0.479411    -0.552283    -0.311735    -0.185845     0.445072    -0.150829    0.0718336     0.546111     0.443129
    0.225819    -0.321029    0.0731579    0.0911721    0.0900607    -0.180653    0.0121529    0.0526189     0.161187    0.0720066    -0.144174    -0.213065    -0.214836     0.189984     0.218151   -0.0902909     0.137894     -0.25585    -0.268614     0.264266     0.408393    -0.350692    -0.297018     0.117519    -0.167549     0.403049    0.0541642    0.0671293   -0.0451045     0.246633    0.0547901    -0.211001
    0.169435    -0.267689      0.96909    -0.121662     -0.76153   -0.0135996     0.175636    -0.190827     0.447296     0.301604    -0.984036    -0.921805   0.00276407     0.114616    -0.518197    -0.660231    -0.188289    -0.210418    -0.164773     0.127869    -0.105259   -0.0342093      -0.2385    0.0521862     0.126923     0.030022     0.415541    -0.305521  -0.00514347   -0.0308667   0.00291699     0.324289
   -0.042714     0.249322    -0.415233     0.140373    -0.306026     0.393614    0.0871322     0.181173    0.0330893     0.660097   -0.0744035    0.0514212     -0.18872  -0.00397702    -0.155946   -0.0961225    -0.474545      0.79574    0.0706355    -0.173091    -0.741444   -0.0226322     0.126062   -0.0251376    -0.229777    0.0560899    0.0846637     0.519616    -0.710772    -0.362298    0.0545313    -0.379674
    0.116047    -0.335261    -0.142429     0.531526     -0.44454    0.0154934    0.0482574      0.34014    0.0647386    -0.151833     0.146473    0.0670253    0.0695927    -0.160604   -0.0875916    -0.188352    -0.282928    -0.210925    -0.392981     0.126316    0.0547721     -0.20037     0.150249     0.369115   -0.0549098     0.616748    -0.318331    -0.101569     0.217533     0.259966    -0.311014     -0.26747
    0.243663     0.270927    -0.280287    -0.497656     0.204603     0.350925     0.464849    -0.125485     0.930465   -0.0305507     0.145468    -0.203115     0.334481    -0.137905      0.34764      0.24121    0.0499158     -0.10169     0.217179     0.496935   -0.0262788   -0.0148254       0.2042     -0.36266     0.165408     0.306733    -0.189732    -0.371207     0.171625    -0.442387    -0.073665    0.0150681
   -0.194089    -0.334941    -0.459579     0.132517     0.639565  -0.00456772     0.250147   -0.0446228     -0.19031     0.377323    -0.258573    -0.105061    -0.151807     0.226507   -0.0474003     0.308759    -0.352415    -0.166541     0.364446     0.171912     0.279826   -0.0290789     0.262683   -0.0313361   -0.0186537    0.0237415     0.233159    0.0582126   -0.0662299     -0.21661    -0.341004    -0.278783
   -0.319579    -0.232336     -0.30225     0.530652    -0.388266    -0.432421    -0.493954    -0.657997    -0.344511    -0.684092    -0.453681    -0.405283   -0.0437911   -0.0201163     0.684105     0.107849     0.294165        1.096    -0.186062    -0.769743     0.167357    -0.840602    -0.323433    -0.613602     0.224421    -0.534607     0.653401     0.177538      0.30535    -0.197024   -0.0455063     0.164091
