 -0.0713706
   0.520691
  -0.582489
   0.907708
   0.129864
  0.0389239
   0.444358
  -0.633331
  -0.277228
   0.327237
   0.107257
  0.0594128
  -0.428464
   0.945472
     1.0572
   0.351271
  0.0233235
   -0.71584
  -0.451487
  -0.990214
   0.250427
  -0.203424
 -0.0157849
    -0.3764
    1.12292
  -0.169199
   0.420123
  -0.123578
  -0.341667
  -0.601117
   0.796001
   0.574935
   0.472089
   0.201612
   -0.29086
   0.204597
   0.163425
  -0.124441
  -0.785838
  -0.125505
  -0.110687
   0.273929
  -0.108385
  0.0772729
  0.0961788
  -0.243266
  -0.313805
   0.086791
 -0.0600009
   0.194559
   0.949663
 -0.0856981
   0.594069
  -0.165336
  -0.164819
   0.209121
  -0.218875
    1.51586
   0.698352
    1.07005
   0.651056
   0.303869
  -0.713423
  -0.347817
    0.08105
  -0.201259
   0.245501
   0.245153
   0.393505
  0.0469898
 -0.0485414
   0.321261
    0.46137
   0.483691
  0.0964828
    1.68575
  -0.565993
   0.253722
   0.492137
  -0.642226
   0.182643
  -0.136738
   -0.10732
   0.359495
     0.1249
   0.308897
   0.659967
  -0.125437
   0.208729
 -0.0389706
 -0.0212706
   0.524516
  -0.168464
  -0.719898
  -0.511604
   0.191347
  -0.119267
    0.37252
  -0.639018
   0.913475
  0.0939577
  -0.262976
   0.446113
   0.364251
  0.0291573
  -0.351739
  -0.853577
  -0.377071
  -0.247049
 -0.0457159
  -0.174937
   0.682143
   0.872375
   -0.32122
  -0.158654
0.000346339
  0.0238006
  -0.217401
   -1.32013
   0.204299
  -0.195261
  -0.522851
  -0.401657
   0.369792
 -0.0233893
  -0.187687
   0.448035
    1.19558
