   0.148579
  -0.483611
   0.206736
   -0.43055
   -0.11052
  0.0339035
   0.131179
  0.0234224
   0.284405
  -0.194972
 -0.0377029
   0.373094
-0.00342723
  0.0412934
  -0.175364
    0.22298
 -0.0277145
   0.635029
   0.136135
   0.326954
  0.0139008
  -0.256801
   0.723039
   0.311734
  0.0981643
  0.0233326
 -0.0213948
   0.312724
  0.0157088
  -0.301068
    0.16492
   0.138727
  -0.141274
   0.222017
 -0.0613036
  0.0928246
  -0.293681
  -0.167446
   0.452154
  -0.170645
   0.108645
 -0.0708176
   0.319581
  0.0264844
  -0.261508
  0.0649042
   0.486754
  0.0868568
   0.344265
  0.0567455
  -0.130787
   0.314071
  -0.127523
 -0.0176572
   -0.54552
  0.0878413
   0.160414
   0.293334
  -0.115174
  -0.370947
  -0.522489
  0.0594327
   0.425356
   0.179434
  -0.530583
  -0.147988
   0.109304
 -0.0877026
  0.0183476
  -0.203471
   0.159926
   0.212099
  -0.395823
   0.014825
   0.439494
  -0.278579
  0.0816752
 0.00210623
  0.0454771
   0.142019
   0.024967
  -0.335435
   0.387869
  -0.108699
  -0.200099
 -0.0973722
  0.0805158
  -0.101581
   -0.25068
  -0.320488
   0.114179
  -0.246654
   0.187202
  0.0693486
-0.00478248
   0.244438
   0.948749
   0.180519
   0.410001
  -0.473336
  0.0605157
  -0.588846
  -0.696068
  0.0355679
  -0.182227
   0.166203
   0.197193
   0.121764
  0.0374049
   0.526223
   0.145622
  -0.271561
  0.0220243
   0.185147
   0.493731
   0.178438
   0.141875
   0.334761
    0.16709
   0.118856
  -0.228384
  0.0284067
   0.225863
    0.21999
 -0.0683671
  0.0922417
  -0.407715
  0.0529329
