   -0.595839    -0.141322     0.323105    0.0582817    0.0773743     0.523094   -0.0156014    -0.252356    0.0798974     0.406845   -0.0945549     0.011828     0.498035     0.256306    -0.209986   -0.0345451     0.187194     0.477909    0.0668539    -0.164449    0.0620493    0.0711321     0.134944    0.0807599   -0.0385376     0.075863    -0.208122     0.229172    -0.297817    0.0900223     0.108039    0.0782785
   -0.375032   -0.0521636    0.0017147   -0.0719634     0.239261     0.345042     0.246249     0.575024     0.211694    -0.445951   0.00932585    -0.150274    -0.751236    -0.167324       0.1799     0.271233    -0.022496    0.0425812    -0.204737    -0.278952     0.247848   -0.0072881    -0.493897     0.151957    0.0904436    -0.493089    -0.215814    -0.180403     0.277539    -0.288825     0.602406     0.101782
    0.139895    -0.384369    -0.123885    -0.110583   -0.0426668   -0.0696081    -0.144916    -0.137126    -0.084388     0.669589    -0.110483    0.0927341     0.675825      0.30392     0.269056    -0.147065   -0.0327422      0.28198   -0.0082707   -0.0726039     0.681592   -0.0617754     0.016467    0.0689331     0.349737     0.115083    -0.286029    -0.255387     -0.36084   -0.0439882   -0.0686999    -0.124405
    0.223883     0.106744    -0.199008    -0.219166   -0.0223096   -0.0483599     0.099279    0.0797322     0.177411     0.121732     0.161877    -0.387431   -0.0821248     0.059714   -0.0813647    -0.123604    0.0665477     0.157834     0.104962    0.0926737    -0.114535    -0.317251    -0.130534     0.116779    -0.345924    0.0402169    -0.130179     0.244826   0.00837359     0.420283      -0.3316    0.0101018
  -0.0608696     0.113806   -0.0182375    0.0419015   -0.0198976     0.399402     0.216446   -0.0840033     0.333369   -0.0144475     0.224336    -0.186991    -0.101451    0.0946592     0.068529     -0.51155    0.0665272     0.134752     0.421689    -0.139861     0.414538    -0.021093    0.0425031     0.249275     0.134247  -0.00983382     0.209518      -0.2918    -0.176949    -0.493538    0.0861152   -0.0801771
  -0.0345829     0.345736     0.157845     0.242272    -0.135607      0.43035    0.0220859    -0.271879      0.16571   -0.0586609    -0.472897   -0.0892149     0.149894     0.471611     0.126747    -0.235048     0.887435     0.490868     0.305492    -0.573539      0.16376     0.552246   -0.0798213   -0.0374612      -0.1319    0.0665766    -0.131445     0.532947      0.20783     0.367043   -0.0740048     0.141555
    0.211334     0.284485      -0.3552    0.0467647    0.0670385    -0.411637    -0.539608    -0.138742   -0.0528987      0.39479    0.0652373    -0.207143    -0.430606    -0.313077     0.111015     0.218309    -0.202092    -0.445301      -0.1796     0.206102     0.133748    -0.270519     0.247376   -0.0283372    -0.158692    -0.165081    -0.445885     0.179562     0.124303    -0.414942     0.228043     -0.13487
    0.639867     0.214583     0.149376    -0.332637    -0.312321     0.209216   -0.0347488    -0.118938     -0.34076     0.273787     0.187564   -0.0687852    0.0429732      0.44684    -0.139518     0.192929    0.0978732   -0.0449511    -0.594137    -0.167321    -0.410429  0.000877605   -0.0395775     0.398769     0.386733    -0.124348    -0.259459   -0.0530443   -0.0401768     0.200748      0.47358     0.101961
  -0.0539213     0.307591     0.092355    -0.331401    -0.227426   -0.0929869    -0.195896    -0.113555    -0.275087     0.280436    0.0158369    0.0362778     0.020884     0.827178    -0.231281    -0.184405    0.0204497      0.47294    -0.213428     0.205446   -0.0622277    0.0431711   -0.0256212    -0.321464     0.178892     -0.41876     0.258729     0.396803     0.168075     0.166785     0.201441     0.132035
    0.421446     0.177386     0.527011    -0.166399     0.769434     0.828402    -0.152198    0.0457521     0.229194     0.332703    -0.293406   -0.0349991    -0.464737   -0.0545292     0.304122    -0.251013      0.34297    0.0955793     0.271414    -0.508081     0.454692    0.0232458     0.313843   -0.0386661    0.0267977    -0.106374      0.17273    -0.108373    0.0269776     0.214611      0.35051     0.105927
   0.0426029     0.233637   -0.0346818    -0.224826   -0.0172371   -0.0766468     -0.11805    -0.200728     0.631109   -0.0254545     -0.25834     0.117177     0.176276    -0.322653      0.30778    -0.422126    -0.285109    -0.675355    -0.142902    0.0728014     0.270966    -0.286107     0.289338     0.147345    0.0177529    -0.341138     0.270902    -0.219515     0.432416    -0.180815    -0.095691     -0.23936
   -0.119488      0.10911    -0.197825     0.272831    -0.308392    0.0198157   -0.0540787    -0.135401    -0.169264     -0.18796    -0.248345     0.397224    -0.121623     0.266523    -0.295623    -0.165402    0.0634947    -0.305202    0.0342857    -0.322964    -0.256154   -0.0742843    0.0891089    0.0804748    -0.296636     0.135171    -0.342445     0.101499     0.208234    -0.091463    0.0575104    -0.175143
   -0.158607   -0.0439429     0.169875     0.165346     0.266805    -0.183994    -0.515966    -0.151515    0.0900729    -0.196116     0.219256     0.205089    -0.182033   -0.0618274     0.142417     0.205991    0.0991727    -0.210235     0.161873   0.00286961   -0.0801535    -0.168912    -0.174714    -0.304427    -0.443094     0.357757     0.204691   -0.0658299     0.389235    -0.414232     0.305888    -0.389479
    0.103823    -0.109922    -0.180683     0.474976    0.0949674    -0.133561    -0.282924     0.767571    0.0626902    0.0360328     0.430743    -0.239314    -0.744674    -0.290856     0.636952     0.153697   -0.0827166     0.067391    0.0155894    -0.175424   -0.0914585    -0.412199     0.386919     0.237408    -0.021415   -0.0437928     0.588576    0.0151563   -0.0281936    -0.228267     0.358184    -0.517304
   -0.157055    -0.207807    -0.118319    -0.129211   0.00581936     0.114652     0.258789    0.0674305    -0.575999     -0.12012    -0.370456     0.227672    -0.435679    0.0185844     0.475269     0.205079   -0.0725424    -0.224483     0.242842   -0.0547389     0.168899     0.254526    -0.366126    -0.168916      0.10216    0.0695071    -0.178648   -0.0231784     0.181599   -0.0436357     0.374026    -0.285764
  -0.0450128     0.206514     -0.13962     0.145296     0.164066    -0.204439    0.0770018    -0.108958    -0.114645    -0.260872    -0.117533    -0.188659    0.0339198    -0.205469   -0.0297367   -0.0492423    -0.122598     -0.23367     0.151067    0.0241447   -0.0802767    -0.133802     0.329548     0.208437    -0.203054    0.0367653     0.251239   -0.0623885   -0.0492615    0.0853072     0.298905    -0.159681
  -0.0876033    -0.269173     0.341967    -0.225154   -0.0380777     0.216953   -0.0622177    -0.431365     0.372919     0.184326     0.119186    -0.095192    -0.156898     0.218068     0.100707     -0.30046    0.0400902     0.315989     0.192498    -0.054853     0.433193     0.317283    -0.210393     0.062072     0.432616     0.154367   -0.0754012     0.138599   -0.0206844    -0.171666    -0.108965     0.306085
   0.0238481     0.119175    -0.489096   -0.0158953    -0.293241    -0.119356    -0.182938    0.0569871     0.108825     0.104303     0.112201  -0.00783339     0.341244    0.0779747    -0.392611     0.236835    -0.244079    -0.445899    -0.122209     0.108436     -0.12852    -0.123072    -0.121897     0.103952   0.00415926    -0.312432   -0.0568481   -0.0541862    -0.432525    0.0700326    -0.103757     0.326545
  -0.0534139    -0.351947      0.22906    -0.270677     -0.27343      0.34809     0.363524     0.251694     0.623061     0.140714      0.26427    -0.308338    -0.658322    -0.194958   -0.0444499    -0.476132    0.0620919     0.125364     0.103984     0.167215     0.299797    -0.166376     0.225608     0.395219    -0.263133     0.502763    0.0978376    0.0473401     0.404929     0.258038    0.0384786     0.219984
    0.181885     0.106629     0.145817    -0.224336    -0.214378    -0.240632    -0.460308    -0.581955    -0.235443     0.390282    -0.258067    -0.119557     0.254285   -0.0780742     0.202935    -0.455744     0.448223     0.537823    -0.185697   -0.0190622    -0.050704    0.0900035     0.150367   -0.0258636     0.358953     0.133543    -0.494663     0.142465     0.253087     0.210057    0.0317544     0.132041
   -0.115686     0.027258     0.182123     0.358695     0.103675     0.225244    0.0735615    0.0810726     0.198028     0.047382    0.0581552     0.231605   -0.0352495     0.150095    -0.151035     0.016293     -0.28964     0.163344     0.359415     -0.17566     0.382875     0.103422    0.0737007    -0.125485    -0.238138     0.233985   -0.0577636   -0.0755041    0.0449987   -0.0470239   -0.0891145     0.082239
    0.213217     0.219317    -0.553504    -0.433535    0.0849795    0.0396659    -0.314298   -0.0508264    -0.038028    0.0988155    -0.120398    0.0569373     0.363601     0.255006     0.122994    0.0629723     0.146821    -0.131341    -0.321115   -0.0777778     0.398964   0.00431672     0.398133   -0.0782133     0.311717    -0.245584    -0.228191     0.105471   -0.0192142     0.277674     0.132007   0.00988195
    0.129223   -0.0111974     -0.14143    -0.191943    -0.116507    -0.065724    0.0254817    0.0707261    -0.276887     0.379978   -0.0303659    -0.304328     0.365586    0.0296282    -0.101091     -0.19674     0.176499    -0.328011    -0.188149     0.230352      0.38898    -0.462459     -0.11301     0.167185    -0.174749      0.16839    0.0159988    -0.408389   -0.0517143     0.107724    -0.175039      0.13675
   -0.405885    -0.123813    -0.131732   -0.0223016    0.0526257    -0.379408    -0.166201    -0.561877     0.181809    -0.110384     0.398594    0.0971995     0.548002     0.227167    0.0596364    -0.321336    -0.488673      0.24027     0.177284    -0.384346     0.818707   -0.0971333   -0.0537776    0.0648958      0.18489    0.0289586    -0.550247     0.217114      0.10128    -0.135949     0.123336     0.181643
   -0.424723      0.21205     0.212226    -0.180001    -0.161105    -0.231549    -0.130168     0.071926    -0.276919     0.150667      0.28787    -0.312625    -0.379946    -0.440965      0.42957    -0.432383   -0.0502126    0.0444208     0.473802     0.603872     0.119621     0.459979    -0.747701    0.0374351    -0.276999    -0.305624    -0.328873     0.457317     0.297418   -0.0449513     0.213322     0.304469
   -0.745449     0.178977     0.151857    -0.170972     0.030045    0.0660437     -0.15556     0.535772     0.455379     0.130624    0.0516551     0.254243    -0.610868   -0.0657655     0.343149     0.278529     0.225843    -0.444881    0.0802194     -0.25894      0.24966    -0.452967    -0.277825     -0.69409   -0.0740423    -0.106857    0.0495485    0.0490139   0.00701733    -0.334243     0.335207   -0.0784441
    0.236439      0.23079    -0.101639     0.156483    -0.124706    -0.123633   0.00773238    -0.358699    -0.161339     0.204217    -0.133648    -0.635702     0.200372      0.25803    0.0699363    -0.279491   0.00181775    0.0552146   -0.0320512     0.100104     0.211825     0.147664      0.16313    0.0252034     0.422735    -0.194724    -0.130096     0.232336     0.307592     0.236281  -0.00788206     0.334159
     0.60456    -0.180934     0.336757    -0.416246     0.278254     0.346593    -0.211895      1.04764    -0.184701     0.617146    -0.144337   -0.0194054    -0.396446     0.128266     0.266408      0.19313     0.369387     0.436486     0.158187    0.0952872    -0.395781    0.0605897    -0.152043     -0.21248     0.498624   -0.0109981     0.519956     -0.12978    -0.101213    -0.301955     0.333009    0.0241402
   0.0216879    0.0163802    -0.165427    -0.065936    0.0813803    -0.416315   -0.0787938    0.0416719     0.325294   -0.0546349     0.160418    -0.213484     0.387431  -0.00782867    0.0532853    0.0198355     0.115614     -0.23226    -0.242985       0.1705    -0.156492    -0.503343     0.138627    0.0423193     0.102261   -0.0346934    -0.102261    -0.175027    -0.143401    -0.139351     0.109989    0.0516119
    0.496825    -0.210808    -0.109505     -0.34841  -0.00411712     0.154199     0.318326     0.301151     0.346404   -0.0377643   0.00189666   0.00980008    -0.172542     0.226014   -0.0698101    0.0931363     0.130245     0.175402     0.172435     -0.23959     0.763739    -0.200765   -0.0416724    0.0666087     0.447541    0.0600647     0.376044    -0.519395      0.16547    -0.297614   -0.0412882     0.195274
    0.199211   -0.0638773     0.051898    -0.191795    -0.225741    -0.561951    -0.136197    -0.345004    -0.761273    -0.311899     0.237067      0.48764    -0.544461     0.158473   -0.0380331     0.396566    -0.303674    -0.226579     0.176622     0.378465     -1.18334    -0.039926    -0.667738      0.02761   -0.0681869     0.358304    -0.628837    -0.289614     0.384978    -0.184611     0.592278    -0.452517
   -0.372957   -0.0896003    0.0268954     0.162167    0.0687093    -0.352401    -0.731733    -0.188313    -0.349966    0.0681497   -0.0455638     0.252103     0.111209      0.54426     0.431633    -0.148672     0.375948    0.0207155     0.372739     0.156068    -0.181305     0.336439     -0.71521    -0.647745     0.309074    -0.142935    -0.123738      0.14357     0.212912     0.093246     0.334993    -0.344012
    0.153504   -0.0984412   -0.0341555    -0.112214   -0.0120261    0.0287268    0.0214093     0.592502     0.131955    -0.143569    0.0418047    0.0249849      0.22692     0.062076    -0.283463    -0.213961    0.0408917     0.125308     0.185727     -0.21905     0.210236     0.102386   0.00776746   -0.0556921    -0.355518     0.135757     -0.41907     0.121405     0.199104     0.461479    -0.053071   -0.0351415
    -0.14426     0.283763     0.075424     0.330456     0.406489     0.157932     0.280781     0.557554     0.152766    0.0724798    -0.253995     0.169742    -0.286365    -0.402177     0.319905   -0.0122071    -0.254484     0.214474     0.353951    -0.612803    -0.146048    -0.177491    0.0230181     0.188356     0.104754    -0.043106    0.0628229    -0.202056     0.302629    -0.139727     0.143529    -0.048632
    0.242184    -0.298432     0.607353    -0.275016    -0.420107     0.243227    -0.104259   -0.0163827    -0.100754    0.0101682     0.253845    -0.116207     0.270961     0.329355    0.0449392   -0.0761687     0.312984      0.57898    -0.102107    -0.267897     0.257498     0.423601   -0.0382156     0.217028     0.575585   -0.0565214     0.367138    0.0802882     0.294253     0.368983     0.138469    -0.050257
   -0.384591    0.0116179      0.16703    -0.127688    -0.182578     0.146411     0.144806    0.0695248     0.362923    -0.145474    -0.150395   -0.0698103    -0.331966     0.442114   -0.0617107    0.0308287   -0.0539794     0.141361      0.33865    -0.406154     0.314514      0.74345    -0.494574    0.0892161     0.295112    -0.267666    0.0202508      0.39083     0.264572    -0.276806     0.548827     0.144052
   -0.180682   -0.0985659     0.295161    -0.146721    0.0117278     0.133108     0.133339    -0.462918     0.264645     0.147429    -0.225322   -0.0930222     0.068858    -0.026651     0.382603    -0.286334   -0.0386734   -0.0432015    0.0522928    -0.428954     0.462351    -0.566816     0.258756     0.109206     0.634661     0.224381    -0.109539   -0.0486739    -0.230352    0.0361205  0.000844353      -0.2515
   0.0169748     0.049128     0.151538     0.174626    -0.106376     0.222723     0.193314     0.307235     0.280383   -0.0877986   -0.0811358     0.211161     0.097897    -0.145184     0.234685   -0.0594006    -0.369893    -0.160342    0.0348589    -0.282728    0.0277601    -0.237645  -0.00242338    -0.236626     0.230131     0.187238   -0.0476165     0.231657    -0.196812    -0.281739   -0.0648393      -0.0721
    0.403136    -0.316577   -0.0684944    0.0256834   -0.0288781     0.352054     0.189884    0.0787562    0.0837095     -0.21784     0.259167     0.281003     -0.37385    -0.184305    0.0721607    0.0744275   -0.0587485    0.0811311     0.313477    0.0347889    -0.473748    -0.104021    -0.289291    -0.104122     0.403441     0.170683   -0.0300615   -0.0784955   -0.0116509    -0.189035     0.229085   -0.0493308
   -0.039494    -0.210703     0.367348     0.312188     0.234671     0.364486    -0.185442     -0.90329    -0.136782     0.530661      0.14291    -0.198479    0.0505531     -0.30907    0.0929752     -0.20275     0.348393   -0.0802023    -0.429191   -0.0728468    0.0478578     0.159276     0.126071     0.145766     0.712355     -0.15021    0.0469024     0.447182     0.591198    0.0622545     0.325738    -0.280951
   -0.135428    -0.267925     0.240523     0.111211     0.151147   0.00221792  6.68033e-05      0.22776   -0.0982994   -0.0305334    -0.434351    -0.129064    -0.324289    -0.250145   -0.0770328     0.226838     0.155161      0.40931     0.337628    -0.246954     0.103982   -0.0562694    0.0632277     0.156114    -0.282681  -0.00798317     0.226977    -0.101277     0.175807    -0.185783    0.0939024    -0.280239
    0.138399     0.239166     0.206097    -0.124392    0.0427234    0.0339612     0.131543    -0.309828     0.272907     0.149657     0.213001    -0.289277     0.255049   -0.0108407    -0.372456    -0.461016   0.00324319     0.392553     0.192607    -0.051727     0.357211    -0.224313   -0.0715027   -0.0630725    -0.236511    -0.130546   -0.0257091     0.185745   -0.0691253    0.0632826     0.119695     0.401111
  -0.0651659     0.385107    0.0405518   -0.0699138   -0.0765114    -0.316636    -0.404217    0.0188136    0.0877521    0.0861652    0.0136931    -0.290379     0.237019    -0.190774    -0.153575    -0.189679    0.0975017   -0.0969364    -0.198626     0.105395   -0.0512075    -0.159874    0.0976385    -0.158862   -0.0035685    0.0240427    -0.077296  0.000705594   -0.0175729     0.211997    -0.076082     0.397113
   -0.216126   -0.0373219   0.00991444    -0.136023     0.346744   0.00461908     0.248323    -0.575238   -0.0228895     0.125933    -0.224117     0.584044     0.396429     0.656646     0.428814   -0.0516215    -0.190101       0.2193     0.249389    0.0263892     0.112528    0.0252448     -0.18714    -0.281741      1.09357     0.139511     0.121276     0.273622    -0.340145      0.13524   -0.0961815   -0.0135098
  -0.0638993   -0.0323363   -0.0991638    -0.237967    -0.142082     0.217423    0.0254493     0.487121     0.141255     0.384957    0.0629111    -0.461863     0.149144     0.126784     0.166266   -0.0376873   -0.0575022   0.00192103   -0.0143537    -0.166978     0.719425     -0.43647    -0.121654    -0.146354       0.3538    -0.261813     -0.10101   0.00706388    0.0808073   -0.0295943     0.202663     0.206458
    0.223491    -0.310277    -0.132836     0.566713    -0.047489      0.20121     0.124378   -0.0415814     0.151336   -0.0242025    -0.178584     0.386039     0.120686     0.118163     0.101233     0.338033   -0.0343107     0.142429    0.0748515    -0.202863     0.283526  -0.00657047    -0.221634    -0.357843     0.360495     0.111342    0.0131041    0.0848896   -0.0662312    -0.405572    0.0125601    -0.203697
    0.168821     0.196102    -0.213821    -0.103769    0.0617592   -0.0203982  -0.00745556     0.317342    -0.157407     0.167751   -0.0361558   -0.0379219     0.160116    0.0365606   -0.0914721     0.627457    -0.121073    0.0404833    0.0144092     0.353804    -0.669733     0.192166   -0.0583811    -0.342683    -0.278329     0.107428     0.269637    -0.538627    -0.424666     0.392676     0.263346    -0.105622
  -0.0747986    -0.365388     0.143879     -0.26739     0.139046     0.348184     0.224295    -0.243387    -0.287109    -0.215649     -0.28279     0.186652     -0.21644     0.302405     0.362474    0.0670112   -0.0622588     0.189898   -0.0307196     0.151473    -0.170324     0.404963     -0.22572    -0.378407    0.0713122     0.118917     0.150764     0.147853     0.456025    -0.431585     0.114388     0.166177
   -0.248325     0.345878    0.0637056     -0.30031     0.492552   -0.0089416  -0.00769903    0.0723889    -0.233943     0.146487     0.123306     0.493096     0.155265     0.413259    -0.133526     0.142033    -0.186478     0.150601    -0.140105    -0.265196   -0.0271995   -0.0432611     -0.13931    -0.421783    -0.456703    -0.157132   -0.0726276    0.0366632    -0.253406   -0.0158263    -0.185043    0.0341358
   -0.517764     0.656045    -0.494149     0.251032   -0.0840258     0.106172    -0.115081    0.0494513     0.540506     0.108002    0.0878598    -0.191908    0.0183322     0.291248     0.129408    -0.591161    -0.162696    -0.180124     0.361708    -0.225251     0.488003    -0.421068    0.0925268    -0.284171    -0.533839    -0.474748     0.202801     0.159427     0.412106    -0.273642     0.158761     0.164472
   -0.373822     0.350941    -0.143184      0.12985    -0.205014    0.0350559     0.232269    0.0417501     0.553522   -0.0857303    -0.158718    -0.451484     0.154129    0.0123367   -0.0544997    -0.315519    -0.277634    0.0352101   -0.0655288   -0.0121175    0.0694647   -0.0570826     0.229674    0.0771459    -0.157873     0.245529   -0.0852554     0.209365    -0.258281    -0.151642    -0.152581     0.199939
   -0.975056     0.338516    -0.178894     0.363257     0.528921     0.360869     0.428113    -0.130823     0.662369     0.108995    -0.174566     0.494973      -0.2368    -0.110644      0.67682    -0.578126    -0.169964     0.370063     0.890507    -0.677115     0.967791    -0.133775    -0.239281    -0.110931     0.331322    -0.349176    -0.397827      0.31344    -0.400201    -0.571242    -0.109984  0.000265486
    0.495964   -0.0960987    -0.395273     0.104769    -0.499634    -0.667458    -0.667597    -0.252332     -1.05668    -0.104587    0.0332466    -0.173196     0.105805    -0.369276    -0.307838     0.808474    -0.108557    -0.319601    -0.699356     0.781462     -1.66631    0.0716518    -0.338801  -0.00463418    -0.200548     0.263395     -0.25751     0.171914   -0.0827458    -0.116843    0.0675305    -0.151554
    0.268698   -0.0626115    -0.125558   -0.0341811    -0.236495    -0.655124    -0.364121     0.466281    -0.561745   0.00487505    -0.011567   -0.0938202    -0.341021     0.291546     0.225944     0.444051    0.0945482    -0.241586   -0.0192464     0.412185    -0.502912    -0.149529    0.0758475      0.10907    0.0661664     0.130117   -0.0690918    -0.654305    0.0277929   -0.0751297     0.548487    0.0246879
  -0.0984679    0.0895877    -0.150216    -0.139431     0.165283   -0.0239243     0.135047     0.565992     0.360149    -0.229865   -0.0452424    -0.160658    -0.630983    -0.510133     0.588737   -0.0851021   -0.0539584    -0.221884     0.368184    0.0504195      0.47517   -0.0435821     0.191898    -0.231059   -0.0261099   -0.0521675     0.333868    -0.121432    -0.402509     0.241338    -0.102711    -0.256312
   -0.239509    0.0901791    -0.368791     0.481373     0.429276     0.181921    -0.240817     0.338209    0.0376029    -0.881322   0.00333089     0.261087    -0.515568    -0.268239     0.265707     0.291428    -0.462381   -0.0813323     0.124481   -0.0559181     0.218475     0.244212    -0.154411    -0.339975    -0.424048    -0.329538     0.373262    -0.194498     0.778392    0.0701309     0.302459    -0.168762
   -0.292028     0.380585     0.255235     0.118025   0.00742008     0.272558     0.323169     0.717785     0.368308    -0.527496    -0.295514   -0.0049776    -0.862938    -0.273971    -0.355876   -0.0769373    -0.211161    -0.157611     0.474806    -0.542293    -0.070297     0.181147     0.363908   0.00245099    -0.836475    -0.274641     0.148226    -0.328528   -0.0502321     -0.15546    0.0173576     0.151584
    -0.13047   -0.0164233     0.205898    0.0513557    -0.176655     0.288438     0.131582    -0.546856   -0.0236342   -0.0540081     -0.03892     -0.41583     0.135215     0.046128    -0.416901    -0.265829     0.117279     0.112919    -0.170159   -0.0852422     0.318374    0.0891338    -0.085701     0.213218     0.434905    -0.235061    -0.148512     0.191571     0.203098    0.0079769     0.210418    -0.136062
   0.0563881    0.0657638    -0.236376     0.146381   -0.0493373    -0.259401     0.145418    0.0994414    0.0195165    -0.185305    -0.104023   -0.0153333    -0.194018     0.133083    0.0967467     0.186725     -0.19336  -0.00956033   -0.0594939    -0.522361     0.094146     0.310592   -0.0513262    -0.225228   -0.0653874    -0.097603     0.274313    0.0844553     0.080941    -0.200457     0.340869    -0.346316
   -0.170558     0.211068     0.233278   -0.0136519    -0.203356     0.403143     0.312589     0.688534     0.549279    -0.290315     0.070732     0.272302    -0.416281     0.360093     0.223158   -0.0780819    0.0577478    0.0402214     0.299674    -0.625041   -0.0518516     0.338912    -0.158167   -0.0884078    -0.194399   -0.0188676     0.125633     0.247899     0.201255     0.043082     0.208873     0.173058
  -0.0604145     0.151731    -0.408571     0.505542     0.188585     -0.20472     -0.34767     0.254424     -0.33962   -0.0939295    -0.304279    -0.106411   -0.0933035    0.0404536   -0.0716724      0.42117    -0.198953   -0.0123748    -0.383216    0.0231866    -0.606612     0.193515   -0.0612086     0.225453    -0.209984    -0.299243    0.0810034   -0.0851671    -0.101744    -0.050818     0.112529     0.116873
   0.0965282    -0.193133    -0.185622     0.543437    -0.344386      0.16679     0.113938     -0.10724    -0.232987    -0.249493     0.343364     0.423084    -0.339462    -0.507657     0.181038     0.227795   -0.0694413    0.0705967     0.300444   -0.0806069     0.252078   -0.0911424    -0.377861    -0.402034    0.0333437   -0.0881211     0.130302     0.165468     0.314751    -0.240515     0.130353    -0.255957
   -0.215001    -0.286543   -0.0434355    -0.173779     0.324933    0.0522473     0.113802    0.0181154    -0.275244    -0.143674    -0.127545    0.0453515     -0.68562    -0.290779      0.30549    -0.390681     0.359007     0.393946     0.429672     0.132243     0.251452   -0.0365964    -0.514832    -0.109329     0.230186    -0.195607    -0.260949   -0.0665339     0.161249     0.120271     0.311703     0.109637
    0.428423    -0.342175      -0.2097    -0.414892    -0.150765     -0.18077    0.0968116     0.135731    -0.268615    0.0458283   -0.0488264    -0.106315   -0.0869245    0.0646025    -0.345254     0.354156    -0.192508     0.197326    0.0546156      0.33004   -0.0448148    0.0551181     0.200705     0.376413    -0.186809     0.101583     0.276497    -0.416325     0.564758    -0.368997     0.278509    0.0849028
   -0.273483  -0.00852516    -0.110782     0.637459   -0.0523071    -0.251381    -0.229329    -0.446413     0.200096    -0.181571    0.0724545     0.247311   0.00233021     0.220762    -0.147276     0.116042    0.0462858     0.232972    0.0696534    -0.311158     0.492146    -0.185849   -0.0491871    0.0932781     0.154776    -0.171635     0.106966     -0.40128    -0.362951    -0.136753    -0.202164    -0.420287
    0.244452     0.307162    -0.075463    -0.155757    -0.175416   -0.0455514     0.225416    -0.506874   -0.0129357     0.229053   -0.0234502    -0.613617     0.114351     0.211727    -0.237196     0.271334    -0.043093    -0.155579   -0.0370864    -0.327749    -0.267165    -0.337136     0.365496     0.482955     0.365974    -0.281013    -0.170132    -0.355477    -0.479798    0.0754417    0.0845846     0.178336
     0.21895   -0.0975315    -0.164328    -0.095827    -0.402809    -0.261164    -0.475758    0.0952628    -0.692044   -0.0419296     0.108757     -0.24961     0.132323   -0.0778666    -0.426732    0.0423415    -0.109808    0.0661628    -0.606806     0.717939    -0.599796     0.258657    0.0983458    -0.225968    -0.100812    -0.149976    -0.275148     0.179647     0.464203    0.0480634   -0.0578983    -0.159961
  -0.0185422    -0.257314   -0.0288566   -0.0407307     0.273097    -0.258512    -0.277877     0.462257     0.173918     0.110129    -0.339311     0.117866   -0.0588482   -0.0926476     0.368208    0.0572172    0.0463917   -0.0362509     0.242887    -0.305758     0.299049     0.324239    -0.315876    -0.184573    -0.716058    -0.328667     0.241729   -0.0762985     0.345896    -0.641759     0.381777    -0.245652
  -0.0298943     0.151252  -0.00722029     0.243469   0.00380847    0.0595378     0.175024    -0.145202     0.141982    -0.128826    -0.302858    -0.163323    -0.210248    -0.420267    -0.307974    -0.326881     -0.31501    -0.497812    0.0436106    -0.282624     0.295216   -0.0098389     0.286732     0.294367    -0.127862    -0.346561     0.286484   -0.0368123     0.326687    -0.216422     0.104816    0.0472689
    0.464704     0.462152     -0.01476   -0.0936185   0.00295408     0.196841    0.0848196    -0.246993     0.323578     0.100333    -0.403624    -0.305402    0.0198192    0.0460694   0.00942435   -0.0648118    -0.158419     0.106572    -0.529001     -0.20454     0.426066   -0.0774357     0.216146    0.0796477     0.181545     0.277318    0.0883669    -0.108164    -0.460915    0.0375683    -0.303072    0.0899058
    -0.35859    -0.495327    0.0557357   -0.0362892    0.0817462    0.0861143    0.0450593   -0.0171947     0.478308    -0.160743    -0.496902    0.0345671    -0.128694     0.194933    -0.181227    -0.280098     0.212676    0.0807705     0.546567    -0.341455     0.318318     0.304982    0.0351066   -0.0576647   -0.0638096     0.285519 -0.000463084     0.011923     0.202301    0.0786267     0.178837    -0.622618
    0.390571    -0.209309      0.47192   -0.0391656     0.130868     0.552677     0.195173    -0.147788     0.111742     0.236314    -0.138313     0.121221     0.300624     0.147979    -0.170476    0.0883096    0.0462666     0.215581  -0.00213448   -0.0659779      0.36636     -0.01333   -0.0557525  -0.00389958     0.247307    0.0837134     0.104749    -0.128705    0.0839027     0.177157   -0.0643792      0.10813
    0.041803    -0.249609     0.180232    -0.156039   -0.0579192   -0.0187502    -0.118877     0.268673     0.422308     0.154844     0.283954    0.0524112     -0.11108    0.0602235    0.0688554    -0.300887   -0.0162737   -0.0458015    -0.142414     -0.16174     0.442934     0.340521    -0.199907    -0.123982   -0.0576347    0.0797406    0.0583891    -0.158343    -0.219338    -0.162529    0.0816431     0.431382
    0.149528     0.010414    -0.201238    -0.198264    -0.174199    -0.101212    -0.209784    -0.420279    -0.564029     0.625126     0.072093    -0.215994    0.0237588     0.174914     0.178878    -0.149091    0.0415029    0.0401021   -0.0654874    0.0306639    0.0504501    -0.151321   -0.0911151      0.06646     0.558854    0.0619254     -0.24633    0.0417795    -0.285085     0.126832    0.0857622    0.0579309
    0.259261    -0.226562   -0.0711781    -0.635833    0.0585041    -0.377573    -0.299656    -0.860323    -0.159581     0.579174     0.060002   -0.0520372     0.791513     0.404571     0.123502   -0.0698831    0.0284255     0.418556    -0.552093     0.468268    -0.205844    -0.115058    -0.442505    0.0401215      1.45571     0.231565    -0.107411    -0.161046     -0.11374     0.413103    -0.328453    0.0368837
   -0.211022    -0.164646     0.144205    -0.038965   -0.0650209   -0.0311063     0.142315     0.629609    -0.477344     0.221556     0.148983    -0.195711    -0.401668   -0.0979497      0.38869   -0.0069055   -0.0105688   0.00608822     0.376287     0.040287    -0.178905    -0.271573    -0.269501    -0.203688    -0.348899   -0.0218218    0.0861391     -0.33319   0.00300965    -0.323213     0.394184    -0.251794
   -0.341771    0.0205879   -0.0857607     0.237101   -0.0412955     0.192823    0.0338907     0.792154    0.0761341     -0.12222    -0.055255   -0.0992307    -0.658877    0.0789449     0.415192    -0.183004     -0.21055    -0.258613   0.00895721    0.0525325     0.440494    -0.212924    -0.404743    -0.175752   -0.0238865   -0.0878762     0.183934     -0.19958     0.606024    -0.166813     0.467665   -0.0885869
    0.277166    -0.273058     0.152983     0.398515    0.0293192     0.089332   -0.0998956     0.463462     0.046142    -0.162188   0.00360219    -0.400004   -0.0232922    -0.454947      0.10376     0.422558     0.168613   -0.0556503    -0.223051     0.254709   -0.0395904     0.077953   -0.0705986    -0.311805    -0.185499   -0.0470558     0.202186   -0.0688779   -0.0156961     0.258827    0.0821496    0.0940332
  -0.0664667    0.0831229     0.299232    -0.472221   -0.0437631   -0.0740523    -0.125908    -0.547885    0.0023974    0.0518895    -0.228382   -0.0401525     0.572061     0.258223    -0.316567    -0.428114    0.0723844     0.218285      0.42782     -0.30788    0.0194096     0.302218    -0.339627    -0.246821     0.169404    -0.120741    -0.266116    0.0643172    -0.125432     0.649572     -0.17246   -0.0949431
   -0.128217    0.0141661     0.100774      0.45838    -0.327139   -0.0206396       0.2068     0.251015     -0.20216     -0.35437    -0.181088    -0.167626    -0.697478     0.119133   -0.0262528    -0.195189   -0.0391179    -0.264372     0.319573     -0.54838     0.907079     0.118787     0.203709     0.233963    -0.329673   -0.0716027      0.15984     0.098001     0.385495   -0.0264469     0.203859    0.0919348
   -0.413916   -0.0282072   -0.0533752      0.14176    0.0377299     0.320791     0.148681   -0.0184908     0.235505    -0.311414    -0.145179    -0.297346    -0.466596     0.100122    -0.121135    -0.387357     0.158951     0.170363     0.225513    -0.361624      0.28607     0.161314     0.331078     0.332468    -0.351856    0.0795049       0.3492     0.274269     0.407343   -0.0699917    0.0496359    -0.118415
   -0.384864    -0.094715   0.00643672     0.104306     0.448452     0.363416     0.270139     0.320824     0.114312     0.102519    -0.136596     0.498655    -0.396321      0.18675     0.266858    -0.119548  -0.00719062    -0.182866     0.483581    -0.176275    0.0773912    0.0279614    -0.105644    -0.534573    -0.507809    -0.193008    -0.438713     0.190337      0.40443    -0.185129  -0.00931304    -0.503508
    0.248693     0.225524     0.159663    -0.040876    0.0772505   -0.0577608    0.0184647    -0.116343     -0.15642     0.314722    -0.189608    0.0171744    -0.328593     0.269671     0.557644     0.383368    0.0152273     0.128502     0.437127     0.197842   -0.0935019     0.113213     0.171326    0.0986841     0.161121    0.0675677     0.228162     0.144912    -0.226905    -0.232162     0.212254   -0.0231873
   -0.412222    -0.259747     0.288293     0.451039     0.238497     0.236822     0.164038    0.0665755     0.367931   -0.0416123     0.279538     0.345067     0.244338     0.104579    0.0732827    -0.146632    0.0199433     0.042586    -0.094149    -0.197513     0.225917     0.125772    0.0527163    -0.203257     0.651015    -0.115314    0.0284828    0.0740848     0.202269    0.0450188     0.400161     0.130545
   0.0510739    -0.153177    -0.170239   -0.0790991     0.270995     0.289292   -0.0117316    -0.211207     0.211473    0.0936108    0.0885908    0.0312231    0.0130799     0.234582    -0.209982      -0.2551   -0.0917407    0.0891968     0.233383    -0.084044    0.0346635     0.132675    -0.184087     0.139736      0.19721     0.192292     0.121815    -0.196846    -0.107161     0.402513    0.0976929    -0.272782
  0.00475744    -0.102043    -0.638898     0.168366     0.227641     0.201677   -0.0551003    0.0069011  -0.00482155    0.0290146      0.16663    -0.194607     0.230978     0.673563    -0.234197      0.23182    -0.220496     0.344122    0.0468049   -0.0822793     0.668079   -0.0759361    -0.245402    -0.311926     0.598441     0.198251     0.155958     0.104787     0.302359    -0.104898     0.329122   0.00396071
   -0.275218     0.211574    -0.137489    -0.619603    0.0229172     0.140572     0.353034     -0.13025      0.26605     0.495694    -0.125249   -0.0996662     0.438317    0.0977282    0.0239458    -0.137496   0.00462372    0.0855238    -0.343427    -0.612901      1.02702    -0.106708    -0.019342     0.113877     0.227783    -0.257501    -0.117234     0.238402    0.0389272     0.117059    -0.249835    0.0725476
  -0.0931982    -0.125594     0.156166     0.210866    0.0138929     0.140044     0.243463   -0.0675713     0.279347    -0.124583    -0.273379   -0.0009883     0.200564   -0.0281287    -0.131337    0.0323372   -0.0986138    -0.244703    -0.110611    -0.145439     0.291167    0.0473343    0.0675291      0.14722    -0.608555   -0.0955168   -0.0286615   -0.0194444     -0.06371    -0.500711     0.014308    -0.249602
   -0.724142     0.525979    -0.299864    -0.139975  -0.00460854      0.36464     0.245081    -0.219711     0.157774     0.215606   -0.0436475     -0.30264    -0.335923     0.203642   -0.0731396    -0.189183    0.0340823    -0.106234     0.348738   -0.0953571     0.317862    -0.172899     0.407558     0.541316     0.142769    -0.290026     0.295723    -0.200099    -0.358366     0.344432    -0.141529     0.147013
  -0.0671214   -0.0786453    -0.152825     0.236881    0.0562146   -0.0503768     0.125992    -0.131299    -0.358213     0.224314     0.112009    0.0672564    -0.458254     0.146597    0.0527856     0.148311    -0.139836    0.0447624     0.165282    0.0538039    -0.166589     0.294559    -0.342488    -0.055435       0.1712    -0.056045   -0.0265087      0.00685    0.0945062    -0.348829    -0.102449   -0.0939394
    0.186669     0.169617     0.360861    -0.179193   0.00589733     0.116243    -0.121762     0.246477    -0.233596     0.281668     0.135784    -0.346474    -0.191165     0.172878     -0.13709     0.223685      0.20586     0.476679    -0.259063    -0.460567    -0.357324    0.0130271    -0.151426    -0.188451    -0.192646    -0.194857      0.12102    -0.413067    -0.520858     0.441447      0.17819    0.0814486
  -0.0988138    0.0618451      0.20705     0.235233    -0.131864     -0.13077    -0.445874    -0.274373   -0.0602732    -0.100707    -0.184338    -0.422316     0.406281    0.0102512     -0.32822    -0.266349    -0.229188      0.33859     -0.23154    0.0967728    -0.161599    -0.116961      0.27727    -0.101019   -0.0300314   -0.0111953    -0.251935      0.27043     0.124561      0.04798    0.0817006     -0.43759
   -0.270675    -0.265432   -0.0516668     0.473711    -0.259956     0.415737     0.287376     0.208949     0.251549    -0.541381   -0.0368288      0.62896    -0.180657     0.241658     0.340515    -0.112489   -0.0263113     0.241838     0.324437    -0.149311     0.543228      0.29144    -0.121793    -0.302075   -0.0283358    -0.153947   -0.0786529     0.329874      0.32242    -0.169848     0.772447    -0.217991
   -0.489538       0.1462   -0.0933095  -0.00262492     0.400499     0.199645    -0.140091   -0.0830635    -0.498441    -0.112382     0.122874     0.410364     0.279626     0.130601   -0.0615081     0.168737    -0.135179    -0.289424    -0.101715    -0.400042    0.0440335   -0.0411968    -0.397004    -0.383396     0.360484    -0.300765    0.0280496    0.0740093    -0.048712    0.0862403   -0.0856878    -0.228513
    0.143668    -0.104393     0.161676     0.272703     0.141286     0.456938    0.0456168     0.304318    0.0704985     -0.15136     -0.28838     0.292904    -0.162747    -0.355666     0.320981     0.302395     0.134038     0.165886     0.268801    -0.307331    -0.310957    0.0498007     0.162741    0.0411061     -0.21016      0.20199    -0.297544    -0.187008   0.00816255    -0.433763     0.344278    0.0422602
   -0.345898  -0.00502115       0.1944    -0.156055    -0.468646    -0.323499    -0.358713     0.227308    -0.739254    0.0102326     0.190351    -0.134318     0.150249   -0.0396788     0.239067       0.3824   -0.0819786    -0.327418    -0.425432     0.146648    -0.831436    0.0886256    -0.357649     0.110562    -0.128495     0.133881    -0.440741    0.0341225   -0.0890775    0.0576854     0.587589    -0.329977
    0.498735     0.106547    -0.520504    -0.330978     0.111236   -0.0872236       0.2252     0.367732     0.195826     0.027532  -0.00740155    -0.100701    -0.253973    -0.392004    0.0973912   -0.0337128   0.00888345    -0.426276    -0.134162     -0.17731    0.0901055    0.0350141    -0.303424    -0.392238    0.0070979     0.118352   -0.0385472     0.201825   -0.0412983      0.25275     0.406606    -0.170004
   -0.200591     0.203901   0.00367513     0.132146   -0.0445971    -0.181046    0.0320414     0.151254     0.465416    0.0527436   -0.0887732    -0.191164   0.00858714     0.146067    -0.416998   0.00179011   -0.0897054     0.519261    -0.269563    -0.381882     0.335925     0.111998     0.186142   -0.0220397   -0.0446355  -0.00262601     0.143896  -0.00300256    -0.355721   -0.0745912     0.152853    -0.139583
    0.339362   -0.0456039   -0.0433675     0.498669    -0.153009   -0.0260158    0.0223812   -0.0868884   -0.0947003   -0.0816132    0.0732785     -0.37589    -0.451825     -0.35097     0.178827    -0.143261    -0.126875   -0.0771276   -0.0265965     0.263857    -0.525824    0.0978513   -0.0121033    0.0795622    -0.140177    0.0587941     -0.18279     0.200931      0.25016    -0.216953    0.0342501   -0.0924283
     0.44662    -0.155293     0.245055     0.107606    -0.222097     0.183038     0.021383    -0.274772    -0.449918      0.12385    -0.320943      0.12139     0.377652     0.231275    -0.150927      0.56848    -0.172477  -0.00726322    -0.146625    -0.340333   -0.0509227   -0.0839414    -0.204155    0.0881871     0.436619    0.0924978    -0.157633   0.00317867     -0.23843     0.190544     0.445623 -0.000394522
 -0.00340016    0.0495031    -0.119671    -0.344943     0.166018   -0.0207249    -0.170261    -0.659081      -0.2961     0.497479      0.14843     0.473125    -0.292175    -0.278793     0.198888    -0.211809     -0.12328   0.00418061    0.0262037     0.343632   -0.0340656      0.11392    -0.360881   -0.0357881     0.381412    -0.268679    -0.389923    -0.121094    0.0159604    -0.196596    0.0975118    -0.246722
   -0.403783    -0.286461    -0.341723     0.329701    0.0605006    -0.144473     0.128792     0.423398    -0.216332     0.166809    0.0574409   -0.0270867   -0.0191575    -0.205096    -0.151009     0.107904    -0.138022   -0.0901497     -0.18278    0.0921458    -0.251466   -0.0652613    -0.237359     0.256423    -0.310166     0.219656     0.458068    -0.233616     0.410893    -0.123426     0.461701      -0.4169
    0.986818    -0.209986   -0.0400225    -0.172822    -0.143134    -0.399094   -0.0854395    -0.093854    -0.818829   -0.0177246   -0.0173312     0.129172    -0.203401    -0.123139     0.114943     0.735765    -0.376734    0.0961655    -0.322126      0.54501    -0.635194     0.435161    -0.189668   -0.0235451    -0.543827       0.4561     0.237766    -0.341134     0.284665    -0.280471     0.383787    -0.080798
   -0.120183     0.324606    -0.498184   -0.0611635     0.258574    0.0535126    0.0684066     0.175964     0.324121   -0.0172538   -0.0172963     0.676382     0.184214    0.0735986    0.0102109    -0.251006     0.323596    -0.158152     0.048668      0.28352     0.584476    0.0337558    0.0309709    -0.518162    -0.297415    0.0133822    0.0602369     0.582431  -0.00225365    -0.043135     0.297803    0.0224536
   -0.306609   -0.0733066     0.110814    -0.117745     0.207731    -0.390847    -0.282805     -0.13904   -0.0630784     0.143107     0.230792    -0.142299     0.176017   -0.0943523     0.337052     0.171473     0.137651     0.322905     0.233702    0.0565482     0.132888    -0.169707    -0.026356    0.0620992    -0.130354    0.0124024   -0.0650891     -0.34714    0.0720894    0.0520946    0.0588997   -0.0362364
   -0.128526     0.338876    -0.347086   -0.0245188   -0.0585304    -0.223944      0.11373    -0.185283     0.342243    -0.163712     0.359414   -0.0852387      0.01756      0.55049    -0.174597     0.367402    -0.425959   -0.0965281    -0.492183     0.125125     0.093899    -0.134556  0.000320292     -0.15101    0.0879105   -0.0811135    0.0188276    -0.116445    -0.350708     -0.44243     0.160986     0.190834
   -0.301661    0.0383776     0.148912     0.273004      0.15805    -0.044459    -0.228123     0.315165    -0.207417   -0.0527965     0.129436     0.349405      0.36392    -0.275037  -0.00080026     0.132138     0.241907    0.0484172     0.120419    -0.455873     0.366958   -0.0518249    -0.292883    -0.403796     0.203714    -0.403267     0.327154    -0.223869    0.0740784   -0.0354657     0.285351     0.140299
    0.112217    -0.174637     0.144364    -0.129467    0.0114474   -0.0109703     -0.43861    0.0240791    -0.209375     0.346877   0.00285723   -0.0897012     0.708258    0.0188786    -0.139539    -0.469993     0.357286     0.243187    -0.162603     0.128299   0.00066684     -0.10876     0.407249   -0.0268651    0.0411778     0.152492   -0.0789117    -0.076283    -0.149168     0.185505    -0.159274    -0.137552
    0.253338     0.390672     -0.41498     0.337178     0.139933     0.512603     0.353762    -0.148513    -0.446586     0.148099   -0.0610764    -0.250399      0.45918   -0.0210488   0.00497286   -0.0787582     -0.13104     0.277039     0.151492    0.0539353     0.107646   -0.0168404    -0.369309   -0.0591265     0.240407    0.0475943    -0.398128   0.00598162    0.0841396     0.321404     0.145998    0.0983605
   -0.743088    -0.200276      0.26926     0.241593    0.0610164     0.150874    0.0219154    -0.168501      0.23658  -0.00328111     -0.54033      0.13449   -0.0739526   -0.0913757     0.396767   -0.0814327    0.0573298     0.183073     0.123104    -0.474626     0.125655     0.353627    -0.124531    -0.263955   -0.0540457   -0.0180491      0.12515   0.00951474     0.165248  -0.00949729   -0.0362263    -0.351062
    0.107326    0.0539636     0.453955     0.172926    -0.417852     0.364995    0.0813151    -0.341226     0.303609     0.174405    -0.414681    -0.226805    -0.109344      0.63387     0.100577    0.0962867   -0.0602477     0.222821    0.0422012    -0.331178    -0.239347    0.0577647    -0.167495    -0.012239      0.43408   0.00212095    -0.359844     0.347427   -0.0680915     0.265384     0.252593    -0.396959
   -0.655623    0.0220492     0.605494    -0.094631     0.174005     0.268634   -0.0831574    0.0101209     0.833124   -0.0662387    0.0672335     0.155172    -0.339588    -0.101563    -0.108768     -0.85252     0.473157   -0.0983392     0.158652    -0.136774     0.518073   -0.0253603     0.561087   -0.0461933    -0.206505    0.0386449     0.272046     0.280528     0.130819    -0.240098     0.309627     0.104548
   0.0327829     0.109041    0.0125077    -0.247159     0.598461     0.153668    -0.119691   -0.0901079     0.181168    -0.117368   -0.0249617     0.400408    -0.401842    -0.204041     0.214105    -0.138203    -0.336673   -0.0356178    -0.120849     0.118753    -0.259093     0.385487     0.164655     -0.24265     0.169332    -0.221437     0.120698     0.267934      0.13136   -0.0748465      0.51596    -0.375691
  -0.0498691     0.451408    -0.103814    -0.224494   -0.0682982    -0.721216    -0.322031    -0.149172    -0.457201     0.207421    -0.330441    -0.821662   -0.0755896     -0.26588    -0.485955    0.0668965     0.198709    -0.317322    -0.242191     0.348376    -0.457356    -0.099938     0.149507      0.34168    -0.038828     0.260557    -0.268901   -0.0497636    -0.522656     0.400933    -0.232517     0.190854
  -0.0355242    -0.266744     0.137427     0.243172     0.155535     0.412844    -0.111152     0.254934    0.0555011     0.277952    -0.291051    -0.429154    -0.182993    0.0398506    -0.101492     0.128029    0.0773165   -0.0250712     0.200543     -0.51232    -0.190788    -0.253211   -0.0185538     0.172251    0.0484151   -0.0451867     0.431223   -0.0231399    -0.265862   -0.0177698    0.0903591    -0.183742
    0.195156     0.337027    -0.198677     0.253343    -0.184856     0.128656    0.0420325    0.0552109     0.096826     0.312639    0.0734943    0.0643974    -0.320044     0.203138   -0.0566357     0.088671    -0.161653    0.0827982     0.152456  -0.00804953     0.501749    -0.116065   -0.0540803     0.309017    -0.205827   -0.0915539   -0.0842087    -0.119979    0.0458332    -0.331068    0.0656041     0.158132
     0.17003      0.11218    0.0487001    -0.206458    -0.236743     0.190232    -0.207482     -0.51327    -0.270005     0.168945     0.218872    -0.460734      0.17757     0.113355    -0.310984    -0.412609     0.385446     0.122637     0.151296     0.328405  -0.00182317     0.542635   -0.0336756     0.254077    0.0897392    0.0832217    -0.145454     0.201698    -0.116728     0.184146   -0.0896092     0.444986
    0.105038     0.112031    -0.140706    -0.329288     0.040062    -0.214205     0.295033    -0.355165     -0.12923     0.170448   0.00816964     0.191828   -0.0323341   0.00616934   -0.0246588     0.200073     0.199457   -0.0228765   -0.0102129  -0.00626564     0.231591     0.288333    -0.375828    -0.319723    -0.039165    0.0708757   -0.0639604      0.17571     0.102144    -0.210698     0.268606     0.375631
  -0.0438345    -0.106138    0.0113571    -0.209987     0.390593     0.371245     0.185434    -0.206229     0.339208     0.246585     0.210889  0.000358448     0.201675     0.626212    -0.164336    -0.431282      0.19447    0.0617111     0.224451    -0.285098     0.469585    -0.402044    -0.340567     0.145122    -0.339544     -0.18966    0.0395641    0.0747267   -0.0138523    -0.210693    -0.135987  -0.00334012
   -0.133654     0.413672   -0.0633673    -0.106446      0.28536     0.261752    -0.198204    -0.063634    -0.269463     0.451723    -0.210818    0.0253548     0.277063    0.0530971     -0.26741     0.239564     0.121956     0.187445   0.00962885    0.0464231     -0.12983    -0.109809   -0.0833231    -0.209467    -0.208337    -0.455361    0.0167408    0.0986671     0.224692       0.1258   -0.0955928   -0.0849629
   0.0109223    -0.146067     0.377768    -0.276315    -0.286766     0.344394    0.0482886    -0.368917    0.0983166    0.0962837    -0.101831     0.840465     0.108367    0.0748253   -0.0409715    -0.118018    0.0976381     0.429369    -0.136316     0.194752    -0.352709     0.573869   -0.0996411    0.0734862     0.159221      0.35245    0.0186341     0.284088     0.280975     0.158112     0.244895   -0.0158379
   -0.251873    -0.197243    -0.167487     0.115791     -0.14084     0.204706    -0.210401     0.177599   -0.0471018    -0.348059   -0.0267035     0.109451   -0.0272687    -0.252995     0.181849    0.0769852     0.153046     0.279358   -0.0558335    -0.292115     0.184569    -0.233476     0.330978     0.154265    -0.223495    0.0579128     0.160177   -0.0286562     0.859988    -0.374993     0.519978    -0.106619
   -0.352869     0.145763     0.305256     0.229535    0.0581019    0.0311307    -0.153299     0.139064    -0.262093     0.281868    -0.243194    -0.131486     0.265053    -0.117523   -0.0415276    -0.285464     0.417302     0.501295     0.450228    0.0262284     0.185967    -0.358705     0.146967    -0.146849     0.411402     0.195018    -0.015489     0.495245    -0.273123     0.534959    -0.054116   -0.0963111
  -0.0645432    0.0480493     0.334355    -0.228624    -0.310944     0.363479   -0.0399521    0.0722237    -0.119068   -0.0730557    0.0568933    -0.235407     0.460721     0.365929    -0.130112     -0.30084     0.136974     0.103727   -0.0202098     0.128357    -0.287622    0.0955403    -0.314032     0.233166    0.0425362    -0.337469    -0.709797     0.535913  -0.00210635     0.220776      0.21927     0.230379
   -0.123445     0.452258  -0.00229588    0.0612892   -0.0138983     0.022558    0.0422143   -0.0393465     0.196312    -0.195141     0.164095    -0.393386      0.38043    -0.522594     0.100389    0.0788971  -0.00185975   -0.0265426    -0.418923    -0.269732    -0.371485     0.104587     0.305416   -0.0892799   -0.0815643    -0.192503    0.0427827    0.0267068   -0.0152431     0.174078    0.0354963      0.50315
  -0.0363082    0.0360798    -0.163418   -0.0587713     -0.14673    -0.222994    -0.543532   -0.0263383    -0.635193     0.103192     0.103218   -0.0705534      0.45193    0.0774505    -0.106472    0.0676904    0.0814405    -0.135885    -0.359711     0.213724    -0.333258    -0.425655     0.276253    -0.195989     0.238104     -0.17247     0.392833    -0.302046    -0.091548    0.0853819     0.221836    0.0897182
   0.0886038    -0.181914    -0.219424    0.0685842     0.304122     0.272918    -0.590444   -0.0102136    -0.190904   -0.0502831      0.10737     0.141638    -0.156139     0.201014      0.66393     0.104843    -0.159195    -0.117149   -0.0362578     0.280632    -0.237907    -0.332691   -0.0378322    -0.376558     0.795295    -0.113316     0.133937    -0.350619     0.297209   -0.0595717     0.280481   -0.0350929
-0.000556358    0.0946058     0.292905     0.367229    -0.108987      0.46748     0.142476   -0.0351952    -0.213407     0.264737     0.241367   0.00234769   -0.0822873   -0.0450601     0.432626     0.022008    -0.160727     0.474896    0.0738898     0.082245   -0.0948639     0.217455    -0.333839    -0.109801     0.409351   0.00752392    0.0235032    -0.223731    0.0297139   -0.0184159    -0.213251     0.215949
