   -0.508153    0.0705183     0.112232     0.114225     0.270192     0.309366     0.296464     0.133225     0.382476     0.111407    -0.147619     0.158745    -0.346644     0.534049    0.0340748  -0.00105188     0.173395     0.233324     0.777501    -0.740849     0.899933     -0.42809     0.109847     0.150573    -0.219541    -0.265621     0.263065    -0.176155    -0.129679     -0.18313     0.162844    -0.117014
  -0.0432877   -0.0696666   -0.0829665    -0.449811     0.298152    -0.439267    0.0712661    -0.370573    -0.292258     0.213123     0.152153     0.420217     0.796986     0.626966     0.150849    -0.266293     0.277329   -0.0438222    -0.257685     0.334462     0.233906   -0.0223704    -0.285682    -0.366201     0.785175     0.441993     0.102143   -0.0136629     0.181344   -0.0179365     0.486396    -0.522598
   -0.100946     0.299301    -0.260202   -0.0574604    -0.142536    -0.188188   -0.0401562    -0.585942     0.203036     0.052766   -0.0194723     0.135687   -0.0652485    0.0296603      0.04438    0.0234358    -0.113757    -0.247586   -0.0558536    -0.127034     0.111328     0.101871     0.361392    -0.112768     0.226622   -0.0528018     0.112776     0.248961     0.050632     0.190991    -0.165731     0.132933
    0.276397    -0.206785    -0.141291    -0.195359     0.110961    -0.221619    -0.524349    -0.600703    -0.426021     0.562598    0.0869429    -0.174008     0.876142     0.696126   -0.0836846    -0.501071   -0.0337511    -0.268394   -0.0318611     0.391069     0.595979   -0.0610029    -0.373944    -0.228096     0.723425     0.251073    -0.010949   -0.0350643     0.301039    -0.266935    -0.441499      0.20249
    0.124299    -0.112533    -0.128009    -0.150013     0.364574    -0.302474   -0.0706868    -0.548585   -0.0270822     0.218742    -0.306215    0.0122788     0.864867   -0.0945152     0.252717    -0.228767     0.168602    -0.485812    -0.606495     0.535737     0.575619   -0.0887082    -0.422075    -0.538192     0.422963     0.239883    -0.586521   -0.0310091    -0.468015     0.139819    -0.155027    -0.554148
    0.151725      -0.3452    -0.229922     0.479055   -0.0276116     0.607932     0.264719     0.519763     0.443104    -0.143824    -0.259671   -0.0566375     -0.69875    -0.344305     0.301359     0.380185    -0.105358    -0.208654     0.676564     0.103754   -0.0530332    -0.190268     0.233874     0.125397     -0.43135   -0.0653579     0.684417     -0.38746     0.775491    -0.415182     0.612365    -0.457611
   0.0981255     0.320513     0.150822     0.168167    -0.239943      0.45412    0.0330441    -0.359961    -0.426473   0.00707833     -0.21327    0.0705459    -0.490346     0.209839     0.527555    -0.468549     0.439792     0.173407      0.33397     0.254343    -0.337171    -0.306253     0.304679     0.146828     -0.13322     0.162563      0.25067   -0.0598507      0.74288    0.0271483     0.100825     -0.28236
   -0.308728    -0.293054    0.0594191   -0.0134896    -0.103585     0.226653     0.105795    -0.022905     0.228495     -0.33361    -0.138769     0.243665   -0.0276442    0.0617451    -0.052888    0.0385999       0.2341     0.201059     0.213137    0.0676097   -0.0638561     0.496337     -0.13332    -0.456314    -0.304921    0.0862593    -0.285101     0.236569    0.0864869     0.199645    -0.148789    0.0846482
   -0.164949     0.156277    -0.582086    0.0421819   -0.0589673    -0.108753   -0.0100831     0.390893     0.159308    -0.270425      0.48278      -0.2645    -0.505122   -0.0525215     0.469526     0.850829       -1.017      0.11568     0.288134      0.25511    -0.320445   -0.0169914    -0.211952   -0.0250098     -0.20993    -0.471453     0.650039    -0.439908     0.263904    -0.541118     0.276065     0.411752
    0.152683    -0.448742     0.448564    -0.500446     0.191618     0.305849     0.443987    0.0353746    -0.142347     0.244761     0.127413    -0.118706      1.17179   -0.0783743     -0.31951   -0.0681487     0.669667     0.380518    -0.822268     0.549043    -0.411917     0.256082    -0.259126    -0.187327     0.539028     0.114428    -0.608562     0.206649     0.136775     0.493228    -0.733478     0.436176
  -0.0750535       0.2873    -0.190246    -0.459267    0.0054717    -0.316764    -0.345467     0.370881    -0.368159    -0.191684    -0.227387    -0.286354    -0.340216    -0.683834    -0.144387     0.127012     0.119237    -0.710263  -0.00913887    -0.075093    -0.100115    -0.475832     0.677501   -0.0326851    -0.991884    -0.020822     0.160575    -0.301274    -0.235998     0.266214     0.142933     0.117316
   -0.850681     0.333928     0.069991    -0.202442     0.488297  -0.00520474    0.0259714     0.326334     0.701596     0.486886    -0.291494   -0.0987274     0.288088     0.513381    -0.337578     -0.67881    0.0342607     0.188097     0.556559    -0.517805      1.57272    -0.069017    -0.363708    -0.154271     0.150421    -0.618714     0.178114   -0.0412034    -0.110182    -0.146736    0.0444766    0.0202839
    0.139879    -0.198122     0.476979    -0.114096     0.567985     0.592358     0.154012     0.541155     0.174185    -0.377344    -0.818334     0.766425    -0.283195    -0.886739    -0.477342     0.107869    -0.123294     0.526169    -0.528419   -0.0951009    -0.406847     0.552888    -0.318619    -0.414262    -0.649974   -0.0365481    -0.801513     0.435716    -0.354487     0.171025    -0.503663    -0.280783
    0.215637     0.725624  0.000121995   -0.0306921    -0.363445   -0.0968754    -0.283682     -0.15504     0.200453    -0.338325     0.356657    -0.427557      0.82013     0.321765     -1.04131    -0.108503    -0.145993     0.270339    -0.781712   0.00995829     0.158076 -2.28988e-05      0.58081     0.123501    -0.812056     -0.29145    -0.520124     0.509583    -0.320013      0.92356    -0.507632     0.505578
   -0.759774    -0.132535   -0.0262536    -0.178231    -0.345062   -0.0567108    -0.165284     0.286316    -0.146675    -0.326964    -0.134464    -0.374616    -0.134151    -0.496184    0.0751803    -0.366454     0.216813   -0.0858426     0.126146     0.490493    -0.413316    0.0235301    -0.104576    0.0258937    -0.751899     0.051673     0.379309    -0.115989     0.418567     0.256615    -0.140104    -0.371881
   -0.391352     0.165763     0.241248     0.201301    -0.178345     0.268682     0.308978    0.0945161     0.390818    -0.506857    0.0413122    0.0453529     -0.25455    0.0752086     0.174323     -0.51951   -0.0530122      0.23367     0.212283    -0.584704     0.890313     0.244529    0.0316401     0.085635    -0.236166      0.06236    0.0556156    0.0382598    0.0350468    -0.162645    0.0216062    -0.048539
   -0.403831     0.160923    -0.448378    0.0474391     0.210493    -0.285369    -0.290851     0.316484    -0.303079   -0.0128107     0.220979     0.209462     0.293737     0.411569     0.522861      0.57048    -0.443032   -0.0985658    -0.182398    -0.165406    -0.165212    -0.512287    -0.301739   -0.0870949   -0.0990819   -0.0594561     0.362014    -0.622993    -0.549897      0.23173    -0.281093    -0.205022
   0.0615782    0.0951011     0.095112  -0.00569631    -0.253733     0.256807     0.050534    0.0661305    0.0123736     0.281333   -0.0909708    -0.292204    -0.299279    -0.182807    -0.358567    -0.232413     0.300311     0.283073    0.0272208    0.0781594     0.272199      0.29762    -0.185871     0.184683    -0.114443     -0.27095   -0.0999293    0.0761445   -0.0698158   -0.0408966    0.0159339     0.218776
    -0.56032     0.045273     0.174498    -0.424089 -0.000616663    -0.339361     -0.58346     0.842628     0.824225     0.334603     0.175985    -0.174756     0.610136     0.516354   -0.0387704    -0.301741     0.141018    -0.124611     0.383113     0.282542     0.534591     0.190227    -0.581701    -0.280597    -0.124547    -0.170407     0.268382      0.24166    -0.365571    -0.164137     0.150374     0.252301
   0.0438286    -0.039518   -0.0271733    0.0525379    -0.218209   -0.0290768     0.075537     0.105677     0.150277     0.179371    -0.199585    -0.010385    -0.258776    -0.134304     0.187325    -0.134369     0.107368     -0.16116     0.350688    -0.241021     0.246162    -0.247281     0.306959     0.412768    -0.322963     0.114091     0.615967   -0.0342164     0.253354    -0.109178     0.210774    -0.458333
   -0.274535    0.0790922     0.302296    -0.290587     0.173459     0.340486    0.0978205    -0.223334     0.822509    -0.237202    -0.352788   -0.0132911     0.805496     0.440956     -0.69405     -1.30195     0.389123     0.320532     0.261291    -0.475513      1.01246     0.092761    -0.130858     0.108664    0.0711447     0.287779    -0.260124     0.209353    -0.150795     0.176067    -0.683331     0.317193
   0.0653298    -0.107736     0.262673     0.476556     -0.32932    -0.178343    -0.698417      -0.1178   -0.0132448    -0.168926   -0.0829534    -0.128147    -0.221547    -0.246926     0.235531     -0.64749    -0.219117     0.207407     -0.10655     0.349934   -0.0965128     0.294252    -0.299445    -0.257754    -0.208532     0.106023     0.154594    0.0465886    0.0167598    -0.209145    0.0687571     0.352354
  -0.0746658    -0.193101    -0.238122    0.0658555   -0.0798903    -0.155939    -0.395007    -0.317241    -0.481977     0.403378     0.127831   -0.0551647      0.26361    -0.244821     0.222048    0.0850029     0.301899     0.660787    -0.438688     0.075545    -0.692772    -0.195465    -0.452587    -0.275007     0.265012   -0.0451481    -0.415398    0.0469715     0.213779     0.422653   -0.0827222    -0.145813
   -0.060667    -0.153724   -0.0693178     0.408087   -0.0890921     0.266699    -0.156984     0.729523     0.246513    -0.186577   0.00763763     -0.16691    -0.637599    -0.184295     0.282361    -0.361793    -0.234712     0.392918    0.0905184    -0.128786     0.360675    -0.205907   -0.0534659    -0.130439    -0.962384    -0.265487   -0.0237491     0.374139      0.21054   0.00451205     0.232586   -0.0962679
   -0.175967    -0.323093    -0.119559     0.247548     -0.15303   -0.0846615     0.559133   -0.0100544     0.328329    -0.262743     0.137843     0.675662    -0.368751    -0.211571     0.409168     0.151899    0.0269184    -0.117166     0.689854    -0.224977    -0.112778    0.0128474  -0.00453182    -0.221723      0.30064    -0.543357    0.0841323    0.0115991    -0.194727    -0.146408      0.34989   -0.0305717
    0.347952     -0.11938   -0.0565764    -0.251283    -0.212036    -0.231028    -0.185914    -0.406492    0.0229367     0.159893    0.0133387     0.223443    -0.172528    -0.495024     0.101387    -0.450018     0.267872    -0.154543    -0.448239     0.400629    -0.348598     0.404525     0.281056      0.37537    0.0115833    0.0445585    -0.389761   -0.0553196     0.344078   -0.0395522   -0.0692371     0.200786
    0.304807    -0.605945    -0.440822     0.404225    -0.233395   -0.0181034   -0.0319932     0.629626    -0.584236   -0.0349334     0.157656    -0.184493     0.136679    -0.572615     0.560593     0.404224   -0.0294136   -0.0908473     0.179167    -0.171351   -0.0969113     0.161697    -0.267464     0.106748     0.454865  -0.00685304     0.617882    -0.305193      0.76458    0.0899116      0.18844     -0.34453
    -0.15345    -0.290333    0.0965045     0.538195    0.0948198     0.266119    0.0810605    -0.311567    -0.325818    -0.119778    -0.166288     0.974109    -0.547044    -0.292944     0.521667    0.0750073    -0.420401     0.117598   -0.0942381    0.0296275    -0.760745     0.248859    -0.132479    -0.424066    -0.464772     0.184936     0.170292      0.15615     0.367897    -0.180211     0.191469    -0.410088
   -0.954707   -0.0292619     0.172599    0.0396552     0.141291    -0.452367    -0.355003     0.561995    -0.717332    -0.106327     -0.48489      0.38125     0.245089     0.431962    -0.292793    -0.651944     0.454359     0.209225    -0.196352     0.863989     -0.96598     -0.28651    -0.301473    -0.521082    -0.192813    -0.103847    0.0653867   0.00895567    -0.184165   0.00635462    -0.279249     0.170601
    0.145657      0.14059    -0.102288     0.205108   -0.0498039     0.115676    -0.203629      0.16222    -0.126899     -0.23768    -0.439212   -0.0316797    -0.217859    -0.352583   -0.0637105     0.100175     0.233592     -0.11625     0.391619    -0.391592    0.0799802     0.128046    -0.156927    -0.508669    -0.363623    -0.187463   -0.0105411     0.187551    0.0559255    0.0881944    0.0821965    -0.117553
   -0.181847   -0.0869405    -0.356875    -0.506423      0.63332   -0.0235454    -0.083916    -0.138475    -0.176947     0.016492    -0.357882     0.235854     0.306465     0.382686      0.41856     0.628195   -0.0592585    -0.311246     0.146292    -0.503227     0.113446    -0.196557    0.0414414    -0.336976     0.535423      0.37838   -0.0642311    -0.385172     -0.71204    0.0110127    -0.387824    -0.238313
  -0.0141608    -0.145138     0.405343   -0.0849662    -0.130154      0.35261     0.323372    -0.102112     0.215431   -0.0888673    -0.286691      0.17543    -0.618103    0.0508366     0.125181    -0.155921     0.187189     0.183409     0.105324    -0.524516     0.393685     0.430419    0.0733251     0.238995    -0.110784     0.180241      0.23767    -0.198647     0.265342    -0.180121     0.138512     -0.14065
    0.291745     0.379693    -0.367223    -0.497108    -0.149736    -0.237109    -0.596438     0.209604     -1.16387   -0.0520914    -0.150243    -0.414691      1.10334    -0.104303    -0.797235     0.339077     -0.35964     -0.40812      -1.0019      1.57252     -1.67425    -0.412601   -0.0736598    -0.406248     0.485497     0.181259    -0.487646     0.605169    -0.290803     0.716435    -0.544351     0.270086
   -0.793152      0.16491    -0.106318    -0.497089     0.183998     0.147343    0.0704925   -0.0972029    0.0572928    0.0444046    -0.677418     0.373197    -0.686811   -0.0481126    -0.101293      -1.1068    0.0283742     0.582718     0.537914     0.190875    -0.372313     0.539159    -0.258863    -0.170999    -0.160634   -0.0242682    -0.218823     0.310491     0.340211 -0.000573944   -0.0685656   -0.0965269
    0.136659     0.156604     0.945628    -0.261303     0.619686    -0.243913    -0.552966     -0.38362    -0.395041     0.614572    -0.593619     0.305658       1.2471     0.365006    -0.597059    -0.581281     0.858766     0.298812     0.131655     0.293493     0.220048     0.218017     0.151626   -0.0447446     0.542154  -0.00605945     0.025852     0.625428   -0.0499049     0.492941    -0.426572   -0.0817609
    0.732115    -0.393531     0.290949    -0.871311    -0.103562   -0.0852086     0.165556    -0.501093    -0.474119     0.828051     0.585949    -0.415597      1.07028     0.641551    -0.040233    -0.402521    -0.114902     0.670566    -0.288954   -0.0850218     0.555187   -0.0112127   -0.0791244     0.168558      1.44317     0.426413    -0.707159     0.146411    -0.436518   0.00251273    -0.363978     0.306018
   -0.952587    -0.386151    -0.701024     0.107736     0.247448    -0.287056     -0.10171    0.0464816    -0.470661    -0.158084     0.359547     0.387678    -0.334787      0.26505    -0.159966     0.372903     -0.35429    -0.119209    0.0614658     0.325079    -0.308282      0.01172     -0.47272    -0.465455    -0.151517    -0.171122     0.153174    -0.148485     0.311419   -0.0927665     0.296407    -0.148925
    0.427754     0.304881    -0.313956     0.103762    -0.579905    -0.216587    -0.201894    -0.672361    -0.133719     0.426739    0.0757933    -0.352348   -0.0673059    0.0343941     0.014576    -0.481628   -0.0780415    -0.168716    -0.148357     0.289208    -0.551349    -0.254293     0.147941     0.270147     0.328306   -0.0914358   -0.0765597   -0.0877044      0.12778    0.0963465      0.12776     0.485001
   0.0885625    -0.329432     0.399762    -0.194452    -0.149904    -0.250608   -0.0191508    -0.462305    0.0193675    0.0217485    -0.127944     0.527164     -0.12226     0.183717     0.505319  -0.00456066     -0.18606    0.0520127     0.155183    0.0259502     0.215841     0.431616   -0.0601904     0.135406     0.284029     0.373246     0.397391    -0.220738     0.333615     -0.21622     0.132949    -0.110583
    0.171492    -0.284211      0.31798     0.270089    -0.482451     0.486985     0.299154    -0.272211     0.167983   -0.0307922   -0.0847192     0.657645    -0.388312   -0.0118829    -0.428137     0.312828     0.263248   -0.0419962    -0.289462    -0.168569     0.154959      0.10895    -0.121742    -0.195927     0.254809      0.19805     0.286382     0.353202     0.118234      0.20929    0.0671805    -0.155821
    0.417521     0.129056    -0.151808   -0.0397913    -0.298641     0.282253    -0.321444    -0.342798     -0.10274    0.0788675   -0.0366843    -0.121588    0.0520927    -0.215878    0.0210057    0.0281472  0.000945307     0.329745   0.00124985     0.234884    -0.184959     0.166437  -0.00243395     0.136969   -0.0155913    0.0351927    -0.040876     0.125389    0.0592565   -0.0288022    -0.287194     0.221589
    0.509811    -0.407094     0.529066    -0.206627    -0.202002     0.239964     0.139531    -0.107839    -0.627196    0.0339402    -0.147168   -0.0662374    -0.125313     0.152285   -0.0565723    -0.248962     0.258378     0.119428   -0.0121468     0.211349    -0.831031      0.45293    -0.602679   -0.0901358     0.386607     0.146244    -0.221335     0.469666    0.0585144     0.309443     0.203973    -0.282459
   -0.281721    0.0412903       0.2005    0.0332546    -0.833475     0.234872    -0.295889    -0.477378    -0.226262    -0.162594    -0.406959   0.00820048    -0.506876     0.164858      0.27843    -0.837639     0.119212     0.863079     0.580726   -0.0768619   -0.0883722     0.892543    -0.693077   -0.0115173    -0.286196   -0.0774055    -0.154337     0.572359     0.490006     0.510948    -0.377625     0.211974
   -0.409461    -0.165481     0.363123   -0.0203722     0.177187    0.0409713    -0.119294   -0.0473514    -0.348728    -0.479935   -0.0759201     0.599965   -0.0846412     0.419208    -0.199684    0.0193155    -0.117387      0.22921    0.0468363    -0.178571     0.142143     0.482247    -0.591496    -0.526313    0.0185352    0.0222756      0.34258      0.60593   -0.0358026    0.0544175    0.0112303    -0.421067
    0.400012    -0.372426   -0.0572265     0.495215   -0.0250545    -0.315669   -0.0803313     0.204008     0.118069    -0.392722   -0.0294088    -0.171494    -0.188583    -0.502255     0.592477     0.438423     0.261005    0.0333413    -0.580731    -0.160143    -0.431455   -0.0276508    0.0554403    -0.160025    0.0214417    0.0980726     0.365882   -0.0538094     0.224944    0.0561558     0.228888    -0.449979
  -0.0993411     0.313548    0.0605464    -0.228199     0.181956    -0.225282    0.0710042       0.7604   -0.0750728     0.231636    0.0576322    -0.241842     0.042525      0.28237     0.279408     0.202125    -0.295038     0.145135     0.480301    -0.372925    -0.100218    0.0673682   0.00888664     0.135687     0.144975    -0.274633     0.441632    -0.217926    -0.431901    -0.236039    -0.361397    0.0570176
    0.293794    0.0865419     -0.12314     0.199143    -0.260435   -0.0108864    -0.187037    -0.122926    -0.211494   -0.0562837     0.400361    -0.291493    -0.164822    0.0239552    -0.315577   -0.0833682     0.194051     0.192513    -0.163038     0.390521     0.188014    -0.173995     0.384713   0.00885365    0.0296957     0.091806   -0.0355542     -0.33521       0.2043    0.0755434     0.119452    0.0237392
    0.148855     0.092381     0.710269    0.0959434    -0.377968     0.628772     0.501716     0.220029     0.644113    -0.102017    -0.714559   -0.0498096     0.337531    0.0185513    -0.565874    -0.790973     0.277434     0.505112    -0.200052    -0.678453     0.924222     0.616968     0.380457     0.363185    -0.821918    -0.337653    -0.612322      0.53955    -0.168905     0.308051     -1.24418     0.249146
  -0.0843629    -0.465318     -0.26736    -0.299805     0.603436    0.0261274    -0.237507     -1.25531     -1.05389    0.0846471    -0.155817     0.128009     0.806387      0.53307    0.0254696   -0.0138932    0.0305671    -0.304573     0.206831     0.349127    0.0184553     0.285952    -0.683501    -0.186247     0.703798     0.158762    -0.445605   -0.0998047     0.434009     0.278574     0.427388    -0.131437
   -0.151041    0.0864735    -0.301636     0.351756  -0.00118289     0.199281      0.21851     0.261382     0.822937    -0.389946   -0.0554603     0.287267    -0.438805     -0.54462    -0.307574      0.18431    -0.074779   -0.0837862    -0.488341    -0.103194     0.469482    -0.477816     0.265748  -0.00522821    -0.210825    -0.160465    0.0909811   -0.0926376    -0.733822    -0.217656    0.0602109     0.352389
    0.184011     0.486304   0.00777423      0.19685   -0.0355804     -0.14551    -0.239857     0.144818   -0.0386088   -0.0497418   -0.0182315   -0.0264079    -0.310193     0.133285    -0.426015     0.356791    -0.196988    -0.203262    -0.141308     0.648696      0.15008     0.527166    0.0286165    0.0012006    -0.472028    -0.130284   -0.0137205    -0.151625     0.695958    -0.336702    -0.125439   -0.0407537
  -0.0751456     0.320079     0.279011     -0.14093    -0.208091     0.277182   -0.0987838    -0.321547   -0.0588525     0.203492  -0.00547726   -0.0898563     0.335038     0.296078  -0.00179184    0.0323956     -0.12889    -0.037373     0.105908   0.00890147     0.250414     0.174368    -0.218668    -0.163936     0.088173     0.155929    -0.101254    0.0783509   -0.0438384   -0.0635224     0.376549    -0.014268
    0.115527    -0.348361     0.315313    0.0126363    0.0237892     0.534128     0.293633    0.0629182     0.441012  -0.00841864    -0.195791    -0.574587    -0.489227     0.302479   -0.0105427    -0.289517    0.0551991     0.281337     0.257665    -0.797912      0.38995    -0.660329     0.349874     0.397011     0.596378     0.381264   -0.0227139    0.0336687   -0.0929452   -0.0543292   -0.0463592    -0.222788
    0.429125     0.434482     0.190698    0.0248148     0.380478     0.195254     0.354065    -0.292429  -0.00276976      -0.0622    -0.269346     0.121187     0.181195   -0.0637154    -0.228014    -0.391684   -0.0797095    0.0788555    -0.156036   -0.0338597    -0.216625    -0.101086     0.391655   -0.0324664   -0.0409115    -0.275095     0.173399  -0.00865883   0.00680422    0.0889436    -0.225453     0.219644
    0.126562    -0.409662     -0.25235   0.00452611      0.00353    -0.815827     0.270773     0.159112     0.207144    -0.261032   -0.0144531    -0.166768    -0.137996     0.349707    -0.404901     0.561686    -0.194265    -0.020005     0.147788    -0.231257    -0.220962     0.223955    0.0248134     0.283347     0.101863     -0.15058    0.0101584   -0.0879926     0.472214    0.0302977     0.253395    -0.274793
    0.521569    0.0146059    -0.245307   -0.0357282    -0.185418  -0.00854118    0.0274746     0.353061    -0.102883     0.104364     0.352545    -0.238108   0.00112922     0.421438    -0.293638    -0.018559    -0.371424     -0.11522     -0.17542     0.417414     0.371535    0.0525627    -0.228644        0.179    0.0776834    -0.416898     -0.19753    -0.183154     0.115695    -0.275795     0.333803    -0.101287
   -0.157782   -0.0528109    -0.684547  -0.00449956     0.410782    -0.356659    -0.324025    -0.252164    -0.696403    0.0298406    0.0203773    -0.295897     0.995483    -0.275945    -0.697366    -0.819039   -0.0858365    -0.154682     0.543953     0.258751    0.0238765     0.235241     0.108392    -0.153306     -0.79276     0.200597    -0.252364    0.0584861     0.331759     0.600895    -0.389987     0.296146
    0.574789    -0.124333    -0.370905    -0.346243     0.203738    -0.494113    -0.659741     -0.70446     -1.23825   -0.0876933     0.245851     0.429501     0.343896   -0.0577432    -0.195274     0.608249      0.28402    0.0214975     -0.84114     0.771454     -1.26951    -0.278146    -0.246986   -0.0475065     0.778316     -0.01013    -0.236882    -0.466994   -0.0402426     0.135303   -0.0768746     0.059336
   -0.112259      0.49673    -0.246669    -0.366804    0.0953338    -0.335717     0.081348     0.541902    0.0417628      -0.1942     0.107194    -0.630622     0.273851    -0.371275    -0.597683     0.106982    -0.134255    -0.551305    -0.328466     0.068458  -0.00569302   -0.0856894     0.373932     0.417927    -0.658722    -0.426523    0.0808895    -0.131048   -0.0165974    -0.322438   -0.0314344     0.277401
   -0.128574     0.127895     0.360656     0.486421    -0.567582     0.299337   -0.0951416    -0.149681    0.0160339    -0.481701    -0.264061     0.125761    0.0400927    -0.281599    0.0274039    -0.308457     0.508171    -0.406119     0.370426     0.120756    0.0617055     0.455102    -0.267559     0.143729   -0.0288413     0.208769   -0.0119427     0.316959     0.588139     0.644306    -0.248848    0.0199981
   -0.134648     0.568938   -0.0655174     0.217923    -0.492207    -0.204324    -0.384594     0.282542    -0.107156   -0.0337594    -0.259649    -0.118676     0.456494    -0.496468    -0.350999     0.384438    -0.270369    -0.574995    0.0461862     0.270286    -0.529981    -0.410064    -0.184318    -0.342473    -0.961895     0.107973   -0.0676179     0.273891     0.130151    -0.363913     0.242355    -0.447632
    0.250385     0.479825    -0.230301     -0.34624    0.0104408    0.0162365    0.0708725    -0.572597    -0.112164     0.386156   -0.0345886    -0.220945     0.213492     0.183072    0.0175346    0.0551416     0.248234    -0.152824     0.064881     0.098569    -0.267038    -0.171205     0.253176     0.345553    -0.156141 -0.000642896    -0.496297     0.335879    -0.165199     0.224959    -0.442548   -0.0236825
    0.410933    -0.198964     -0.58414    -0.209893     0.145189   -0.0207418    -0.624115   -0.0721688    -0.723707      0.45005    0.0894104    -0.430805     -0.24281    -0.134677    0.0157839      0.18529    -0.095335     0.165472   -0.0867731     0.142319    -0.840414     0.192277    0.0758109    0.0835439    -0.460245    0.0671203    -0.469999      0.34295     0.352718     0.684051     -0.43703   -0.0710876
   0.0129408     0.198323    -0.269848     0.703063    -0.125731    -0.295779    -0.104464       1.2196    -0.173056    -0.607646    -0.385573    -0.191964    -0.649217    -0.399129   -0.0296237     0.188775    -0.226704    -0.614965     0.110156     0.582717     -0.71484     0.143123    -0.159712    -0.090882    -0.583948    -0.243349     0.303483    -0.140652     0.237947    -0.193134     0.426916    -0.103852
   0.0232747     0.537752    0.0378538    0.0672754     -0.73318     0.163027      0.35561     0.440867     0.398251     0.282542     0.283394   -0.0114271    -0.498882     0.335501     0.135759    -0.203803   -0.0193194    -0.114682    -0.174785   -0.0423724     0.641719    -0.284666    0.0406403    0.0841626     0.443356    -0.551912     0.265892    -0.168458    -0.395161    -0.331217    -0.150051     0.912938
     1.05479     0.257289    -0.145072    -0.516515    -0.721922    0.0469112    -0.772048    -0.725588     -0.64499   -0.0714517     0.213327     -0.46791     0.402629    -0.021567    -0.496488     0.023927    -0.511839     -0.26935     -1.61515      1.37309     -1.28116   -0.0462892     0.145811    -0.247125     0.260124     0.267695     0.243527  -0.00581741     0.272347   -0.0500499    -0.145645    0.0353721
   -0.047614     0.150742    -0.398642     0.457528     0.178916    -0.204758    -0.474585     0.511358    0.0426083     0.116795     0.068832     0.205282    -0.298386    -0.633751    -0.184368      0.37884   -0.0642547    -0.219877    -0.206466     0.909526    -0.561154   0.00892939    -0.077345    -0.365692    -0.740755    -0.147186     0.270763     0.274891     0.588227    -0.316176     0.479623    -0.250193
  0.00736166    -0.301091   -0.0820772     0.605034     0.422791     0.764433     0.893312     0.874058      1.91382    -0.202064     0.304107    -0.212254     -1.03094    -0.316605     0.441981    -0.686829    0.0542861    -0.127815      1.03342     -1.79958      2.15306    -0.315484   0.00663298    0.0481817    -0.237725    -0.554615     0.285502    -0.435779    0.0501811     -0.86827     0.560927     0.126954
    0.479786     0.255628     0.020052    -0.243574     0.013535    -0.037609    -0.079912    0.0799723    -0.935655   -0.0367991  -0.00590519    -0.399376     0.328273    -0.390028     -0.63647     0.256828   -0.0055545     -0.47754    -0.405265     0.649454    -0.995243    -0.663352     0.334261     0.217698    -0.460655   -0.0510679    -0.186371    -0.510193    -0.304783     0.596143    -0.383298      0.10116
   -0.248221     0.420388      0.44698    -0.834407    -0.293933    0.0272972   -0.0049138    -0.559467      0.26167     0.220234   -0.0504273   -0.0501577      0.69992     0.726148    -0.317961    -0.160013     0.256623  -0.00638691    -0.247472     0.146314     0.374424    -0.159904     0.117148     0.152943     0.702746     0.100732   0.00233573    -0.102613    -0.451127     0.326092   -0.0402558      0.17497
    -0.19907     0.157606     0.499445    -0.466558    -0.229164     0.181041    0.0733922     0.047437    -0.397134    -0.662726     0.366849     0.219224     0.199049     0.278372    -0.388975    -0.440776    -0.230837     0.149112   -0.0855957      0.14648   0.00268763  -0.00584572      0.20813     0.134911    0.0606352     -0.43883     0.143001     0.167054    0.0677567     0.120459    -0.551854     0.294273
   -0.386358    0.0347861     0.112264     0.177752     0.404527     0.355853      1.11998   -0.0105244     0.564336     0.145524    -0.712212      0.28651    -0.238386     -0.39508    -0.114417    -0.100341    -0.235983    -0.439864      0.13141    -0.411066     0.252987    -0.401907     0.487776     0.145425     0.289807   -0.0333442    0.0207401     0.120027     0.413883    -0.169962     0.249115   0.00123056
    0.253596      0.14333     0.353366   -0.0988688     0.204717   -0.0509645     0.307949   -0.0554441    -0.386992     0.364494     0.303043    -0.166761     0.655575     0.275478    -0.499751    -0.776751     0.260783     0.116224   0.00564759   -0.0296232     0.221225     0.218022    0.0237271     0.264568     0.062572     0.149344    -0.396776      0.21767     0.259079   -0.0387306    -0.206333   -0.0181193
   -0.486321    -0.163175     0.345755    -0.197836     0.379332    -0.424802     0.351886     0.490713     0.928859     0.163233    -0.261553    -0.910294     0.392906    0.0033101    -0.344231    -0.709675     0.565601      0.18119   -0.0247879    -0.792969     0.742062    -0.354507     0.512255     0.735515    -0.384399   -0.0827238    -0.688248     0.475971    -0.318636      0.52633    -0.404514    -0.172325
   -0.140063   0.00749294    -0.186533    -0.385338     0.155402     0.126313    -0.100392     0.787969    -0.208521     -0.10585    0.0447685     -0.18542   -0.0475431     -0.26017    -0.426316     0.279211    -0.387951    -0.241838    -0.737939   -0.0458464    -0.332778    -0.307582     0.447701     0.398423     0.371073   -0.0927105    -0.086111    -0.415646    -0.692888   -0.0766353    -0.341694     0.333114
   -0.118716    0.0716677   -0.0506576    0.0464859    0.0801306    0.0774466     0.297213   -0.0625475      0.39934    -0.264643    0.0500718     0.346186    -0.073307    0.0494761  -0.00896089     0.263971    -0.189966    -0.137393     0.385897    -0.459172     0.573522    -0.113077    0.0755274    0.0188511    -0.359636    0.0474243     0.510721    -0.467158     0.365813    -0.386242     0.083019    -0.340295
   0.0678543     0.248913   0.00246422     0.090347   -0.0958265    -0.525569   -0.0852007    -0.290347     0.323911    -0.208042    -0.206647    -0.211474       0.5287     0.118521     -0.25382    -0.217534    -0.113924    -0.055481    -0.285392     0.138938     0.117029     0.258707     0.396574    -0.187596   0.00878146    -0.182045    -0.572358    0.0268355     0.173293   -0.0922242    -0.302146   -0.0166051
    0.122443     0.126276    0.0846047   -0.0792238     0.106573     0.358891    -0.150293    -0.109312      0.36123     0.174208    -0.132301      0.31927     0.211377   -0.0785898     0.261018    -0.373128     0.390555     0.660265    0.0410787    0.0186319    -0.131538    0.0461888     0.522638   -0.0737571     0.418487     0.230864    -0.506178     0.413642    -0.157232     0.409284     -0.42089     0.460732
  -0.0331959     0.106525  -0.00842108     0.304953    0.0534852   -0.0878373    -0.229908    -0.179807     0.257335    0.0548889     0.248879    -0.568054     0.241418      0.18993    0.0354855    -0.211007     0.254968     0.582416      0.19197    -0.266402     0.441405    -0.181825     0.494518    0.0534345     0.279787     -0.15568    -0.219921    -0.123897    -0.148245      0.24949    -0.508974    0.0126907
     0.26609    -0.311148    -0.221555    -0.271259      0.36503  -0.00621141     0.346663      0.22853      0.29237     0.123718   -0.0830446     0.191543     0.161066     0.697854    -0.135174     0.242726     -0.25256   -0.0438078   -0.0304283    -0.578164     0.488708    0.0757638    -0.206723     0.145242     0.172635  -0.00777283     0.251487     0.169049   -0.0303481    0.0680264    -0.189185    -0.268656
    0.396013    -0.892172    -0.733873    -0.435439     0.371567    -0.199806      0.52547    -0.297237    -0.290955     0.320499     0.354227     0.290869      0.28359     0.907473     0.218959     0.137483    -0.680454   -0.0829287   -0.0618398    -0.252905      0.70019     0.209523    -0.405621     0.174669      1.22828   -0.0814352    -0.303087      -0.3191   0.00621122    -0.195318    -0.124362     0.100808
   -0.366906   -0.0685112    -0.072041   -0.0937177     0.530189     0.354373     0.677292   0.00162347    -0.151964   -0.0843216    -0.282102     0.765405    -0.702459    -0.898443     0.216385    0.0425488     0.208957     0.243817     0.472317    0.0311124    -0.667908     0.277338   -0.0229898     0.161897    -0.460725    -0.186791    -0.504056     0.443782     0.167622     0.189847    -0.063095    -0.432614
    0.632886    -0.836824     0.392591    -0.273105     0.328446    0.0036081    -0.251136     0.518793   -0.0867858     0.049699     0.117469    -0.332028     0.158062    0.0729589    -0.407603    -0.179682     0.234566  -0.00769927    -0.431233    -0.142716    -0.200058    -0.479959   0.00772083    -0.147227     0.412282    -0.227133     0.143693    -0.203294    0.0530343     0.380762    -0.154502    -0.342772
     0.21039     0.196505     0.225473    -0.209508    0.0354435    -0.206709    0.0266827     0.358868    0.0922392    0.0519693    -0.439444     0.122888     0.159663    -0.591278    -0.251838     0.241413    0.0241649    -0.104967   -0.0674175      -0.3179     0.330561     0.248683     0.366111    -0.149751    -0.374413    -0.214188     0.101171     -0.31685     0.236128    -0.078799     0.157996    0.0681193
    0.761015    0.0250007    -0.405363     0.208539    -0.569457    -0.307109     0.345779     0.441637      0.11889    -0.122315     0.189087    -0.442215    -0.667586    0.0336598      0.19173     0.918727    -0.245519    -0.677049    -0.342476     0.307478    -0.157188    -0.383381    0.0452956    -0.326049     0.369933    -0.212837      0.36091    -0.408893   -0.0689437    -0.479528     0.772972    -0.115672
   -0.247812    -0.109038     0.135517     0.261292     0.296433   -0.0232326    -0.610943     0.101613    -0.370354    0.0428607    -0.403248     0.513953    -0.765701   -0.0863316     0.417332   -0.0708083    -0.102407   -0.0237809     0.136022     0.483932    -0.448799     0.449689     -0.55204     -0.39588     -1.07571     -0.20194    -0.265006      0.32747     0.594993    -0.279824     0.973452    -0.653455
   -0.222346     0.213904    -0.291134    0.0963187     0.742909   -0.0679134    -0.140453     0.196365   -0.0502293     0.200076     0.119896     0.156595     0.487315    -0.161549    -0.388915    -0.359847     0.108783     0.178286     0.187172     0.361572    0.0690533    -0.175344    -0.269829    -0.329792    -0.904219    -0.505747    -0.127635    0.0258823    -0.243523    -0.291714    -0.201477    -0.346561
    0.183687    -0.284157      0.22062    0.0734547     0.219113    -0.237692    -0.304592    -0.396022   0.00884934    0.0767211    -0.243702     0.211034    -0.263346    -0.316364     0.470632    0.0759163    0.0215343     0.152048    -0.175558    -0.334283    -0.196409     0.164435    -0.380203    -0.423582     0.559417     0.117252    -0.495521     0.338356     -0.11772    -0.117323   0.00693858    -0.498298
   -0.215422    0.0880751    -0.517094    0.0789571     0.119051    -0.116692   -0.0228536    -0.857469   -0.0839365    -0.271901     0.680344     0.323244     0.915039    0.0945664     0.397987     0.341371   -0.0169048    -0.301887    -0.201064     0.331149    -0.457826     0.178325    -0.219558    -0.225884    0.0611936    -0.102333   -0.0213499    -0.201692     0.291793     -0.19975      0.17699    -0.301231
  -0.0217235    -0.096054    -0.644574     0.434583    -0.260154   -0.0888851     0.469577     0.716885     0.535168    -0.555295    -0.244755    0.0647455    -0.859521    -0.396391     0.654219     0.373521    -0.487839    -0.399865     0.228383     -0.64275     0.341562     0.134694    -0.201323     0.393615    -0.213178   -0.0245064     0.366276    -0.793541     0.723077    -0.555467      0.40265    -0.121329
    0.367009     0.191458     0.149344    -0.256597   -0.0946757    0.0448095  -0.00240656    -0.246273     0.534488     0.280194     0.416917     -0.48695     0.757479    0.0718332    -0.371154    -0.211234     0.182334     0.610835     -0.18483    -0.231728     0.474176     -0.15435    -0.271842    -0.258477     0.619616    0.0474738    -0.114134    0.0632541   -0.0491567     0.552588    -0.527152     0.217746
    0.286055     0.141904     0.336944    -0.177898     0.506876   -0.0267585      0.17034     0.170508     0.252681     0.418916  -0.00466679    -0.416541     0.579538    0.0771067     -0.29812    -0.162639    -0.235127    -0.562787     -0.20081   -0.0605942     0.202916    -0.140266   -0.0784853     0.103662    -0.192782     0.300897    0.0376205    -0.152072    -0.348377    -0.250052     0.128613    -0.223518
    0.238579     0.144956     0.230825    -0.150543     -0.13971    -0.018965     0.274249    -0.119458     0.497837     0.298115    -0.162144    -0.366202    0.0726855     0.174672    -0.404065     -0.48743      0.14861    0.0320703    -0.148063    -0.310872     0.201953    -0.194001    0.0893831      0.45381     0.116942   -0.0331409    -0.324268    0.0119559    -0.352679   -0.0454395    -0.433574     0.141833
   -0.439213     0.358461    -0.249604     0.219227     -0.11798   -0.0116072    -0.319515   -0.0315722     0.121271   -0.0428399     0.292326     0.121894     0.103243     0.362562    0.0434541    0.0269121    0.0191483     0.122135     0.383373    -0.488722    0.0767819     0.342502    -0.350119     0.335244    -0.297285    -0.434311    -0.303478     0.355457     0.163331    -0.317531      0.45808     0.532873
   -0.396806    0.0461444    -0.245329    0.0805683     0.249533    -0.361181    -0.221043      1.83145     0.181746    -0.267028       0.1296    0.0463276    -0.640627    -0.424618     0.263948     0.310698    -0.289528     -0.14749     0.397133    -0.406005    -0.755568   -0.0373227    -0.257966    0.0663509    -0.987869      0.14304      0.88496    -0.407163    -0.623849    -0.241737    -0.112793    -0.375317
   -0.386904    -0.699794     0.354678   -0.0260936    -0.426247     0.192391     0.397738    -0.415114    -0.099834   -0.0685423    -0.346112     0.501102   -0.0640748     0.296508     0.262164    -0.644667     0.162409     0.563247    -0.152527    0.0426863     0.449637     0.688833    -0.307464     0.375873     0.244604     0.514384    -0.593262    0.0948271     0.576067   -0.0222987   -0.0452215    -0.210619
   -0.322017    -0.262541     -0.28931     0.348775     0.195589     0.127789    -0.237163      1.12953    -0.177013    -0.717345   -0.0875202    -0.116799     -1.48153      -0.2439     0.393591     0.183819    0.0422643     -0.41691     0.475526     0.183575    -0.473406     0.146199    -0.442718   -0.0222621     -1.38606     0.269869     0.275309   -0.0515098     0.554561     -0.58235     0.520208     -0.78389
     0.19042   -0.0966623    0.0990267    0.0842998    0.0212877     0.102372    -0.190017     0.887072    0.0619615    0.0350423     0.416023     0.246849    -0.383207   0.00471417   -0.0372456     0.821626     0.044008  -0.00399965    -0.160104    -0.390856    -0.583431     0.116022    -0.543829    -0.618827    -0.358544    0.0481643    -0.267551    -0.030487    -0.173542    0.0553035     0.075096    -0.135777
   0.0841426   -0.0306635    -0.466656     0.352582     0.181374    -0.751293    0.0289322    -0.329035    -0.142642   -0.0897982    0.0250035     0.197427      0.41973     0.544477    0.0367312    -0.143498    -0.514351    -0.576804    -0.420703     0.284309     0.363966    -0.729774     0.376091    -0.191082   -0.0237055    -0.100372     0.237029    -0.174785    -0.248926    0.0720208     0.202663    -0.364848
    0.142845    -0.059469    -0.485016    -0.542905     -0.20895    -0.663352    -0.829656    -0.846332    -0.571098     0.294899     0.236469    -0.781676      1.25591     0.952998    -0.300814    -0.155385     0.406005    0.0952713    -0.694292      0.65609     0.398418      0.22384    -0.619535     0.250515      1.09901    -0.533901    -0.473585     0.742048    -0.707812     0.744345    -0.745567    0.0503136
     0.26294    -0.225724    -0.361098    -0.237648  -0.00120324      0.03734    -0.127653    -0.269062    -0.110679    -0.417489     0.127567   -0.0770824    -0.308578    -0.104182    -0.261286     0.561123    -0.320665    -0.401115    -0.759056     0.435215    -0.734652    0.0820302    -0.195232     0.186551    -0.591362     0.121075    0.0385059    -0.760392     0.315752     0.143174    -0.127664    0.0813505
   -0.379489      0.01859   -0.0474749    -0.139651     0.262864    0.0243818    -0.202066   -0.0018296     0.274353     0.354397    0.0263117    0.0607855      0.19947   -0.0832395  0.000579473    -0.350475     0.188391      0.28584    -0.182799    -0.393366     0.869376    -0.373166    -0.345362    -0.285848     0.279137    -0.229659    0.0727985     0.117329    -0.507546     0.186971   -0.0868423    -0.469744
   -0.115122    0.0936749    -0.333523     0.542237    -0.613524     0.163777   -0.0268406    -0.242682    -0.115124   -0.0455668     0.274183      0.44419    -0.797212    -0.189987     0.825497     0.521116    -0.251191     0.211128     0.332415     0.510953    -0.269278    -0.241014   -0.0635635    -0.132746     0.125629    -0.185018     0.652784    -0.329478     0.286299    -0.422388     0.196545    -0.161506
   -0.683289     0.244554    -0.231147     0.212667     -0.17494    -0.158268     0.573298     0.264804      0.75325     -0.15681    -0.292342     0.323447     -1.18405     0.292234     0.627841    -0.495179  -0.00887166    -0.428539     0.208405    -0.433472      1.87773    -0.589609     0.375481   -0.0180735    0.0798606   -0.0210126     0.929726    -0.362625     0.172173    -0.479916     0.541223   -0.0664154
   -0.235076    -0.298193     0.282416     0.184303   -0.0042362     0.209485     0.214736     0.854291     0.594985    0.0898553    -0.185801     0.681485    -0.602789    -0.299702     0.543633     0.450077    -0.129169    -0.607068     0.449587    -0.162959     0.325324    -0.243393     0.362624    -0.377995    -0.321452    0.0323594      1.05674    -0.522249    -0.412089    -0.777547     0.565272    -0.586589
    0.268301    -0.511352    -0.350941    0.0335881     0.167532     0.192216    0.0647877    -0.882515    -0.311417     0.482585     0.111722     0.405506      0.40338     0.458191     0.235382     0.468075     0.163677    0.0677829     0.178853   0.00618424    -0.191084    -0.123166    -0.163609    -0.216009     0.538349     0.133674   -0.0300205    -0.246186     0.248163    0.0729123     0.350808   -0.0849445
    -0.44942     0.417159    -0.198545     0.251545     0.172377     0.339196    -0.122469     0.673513     0.735076    0.0315149    -0.372731   -0.0193609    -0.797666    -0.400233     0.274282      0.28037    -0.509331    -0.577351     0.841904    0.0376062     0.191229    -0.455676    -0.226791    -0.336402    -0.972285    -0.462635     0.390404    -0.273363   -0.0769193    -0.348127     0.412115     -0.38984
    0.492824     0.196503    -0.105814    -0.204004    -0.717977       0.2508   -0.0651543    -0.105352    0.0922012     0.279032     0.157949    -0.491705     0.670028     0.213773    -0.244765    -0.314607     0.167932     -0.18182    -0.691242     0.031902    -0.162753     -0.40122     0.627801     0.285076     0.934546     0.151789    0.0338242    -0.346126    -0.452167     0.750421    -0.623907     0.553119
  -0.0545077    0.0612615     0.451064   -0.0668394    0.0301437    -0.137687     0.389391     0.410352     0.667728    0.0304649    0.0971602    -0.337201      0.37124     0.395718    -0.147726    -0.777458     0.440895    0.0467869     0.331353    -0.160183      1.19909    -0.358333     0.225483    0.0763877    -0.397005   -0.0915781     0.414895    -0.105459    -0.045624    -0.019081    -0.292857   -0.0530152
   -0.708499    -0.164199     0.403047    0.0329335    -0.115018     0.268269     0.311876     0.145786     0.233194   -0.0896915     0.121047     0.282812     -0.34494    -0.269569   -0.0858357    -0.080439    -0.187873    -0.193293     0.138778     0.401177     0.232609   -0.0728552    -0.177115    -0.130882     0.109409    0.0579635     0.269513     -0.10185      -0.1279      0.12163    0.0535237    0.0424025
    0.728214     0.394821     0.125913     0.355716    -0.269003    -0.603452    -0.339077    -0.442947    -0.984873  -0.00492982    -0.153775    -0.304056    -0.347191     0.246774    -0.752688     0.462411    0.0443118     0.101396     -0.47168     0.457414     -1.21676    -0.245288     0.252997   -0.0645776    -0.761813    -0.149292   -0.0830448    0.0038059   0.00282632    0.0618031    -0.315054   -0.0117899
  -0.0249468    -0.255625     0.105538     0.106254     0.423695       0.3056    -0.195189     0.287628     0.135021   -0.0604121     0.101214    0.0178241     0.587682    -0.399203    -0.057843   -0.0563362     0.186848    -0.330099   -0.0440116      0.28972      0.52976    -0.293947    -0.132444    -0.229114    -0.153337    -0.184458     0.208092     0.558067    -0.113243    0.0169598     0.494599    -0.274741
   -0.447127      0.12849     0.508764    -0.368104    0.0607374    0.0399732    -0.101457    -0.267903    -0.279025     0.129108   -0.0784086     0.500632     0.709979      0.44965     -0.31278    -0.371066     0.220414      0.44051     0.228444     0.198465     0.339046     0.102193     0.073553     -0.48248     0.415596  -0.00705309    -0.481025     0.355945     -0.49333     0.255905   -0.0682088    -0.194215
    0.208331   -0.0222382     0.188177    -0.278153    -0.370701    -0.112932    0.0412895     0.131636     0.153108     0.290859    -0.129215    -0.312277     0.294242   -0.0106231    -0.228109    -0.445009   0.00140802     0.044547    -0.406597    0.0337365     0.105241    0.0436958     0.330419     0.258235     0.246683    -0.252913     -0.17043     0.252202    -0.242001     0.109912    -0.454378     0.160389
    0.137125    -0.130254    0.0473938     0.216908     0.212943     0.146359     0.121065     0.353016   0.00809915    -0.202673     0.150141    -0.225217    -0.237304    -0.420374      -0.1102    0.0674904   -0.0144247   -0.0425613   -0.0661942    0.0768903    -0.195074    -0.159015   -0.0243201     0.139804    -0.231963    -0.256239    -0.134372     0.192242    -0.397347    0.0790794    -0.126159   -0.0825802
    0.482698    0.0916235    -0.192628     0.327746    0.0824629   0.00939118      0.47878    0.0992438    -0.373117    -0.188466    -0.312409    -0.138684      0.11798    -0.397608    -0.841999     0.686002    -0.268612    -0.482371    -0.132346     0.215319    -0.390349    -0.677623     0.367121     0.178444     -1.28437    -0.315983    -0.277837   -0.0674145    -0.366581     -0.13343    -0.547934   -0.0834289
 5.94403e-05     -0.18467    -0.448033      0.43784     0.457273    -0.137309     0.458572     0.507688     0.579598    -0.296733    0.0964927     -0.30461    -0.186172    -0.522014     0.814862    -0.366441     0.178939   -0.0616854    0.0407641   -0.0837453     0.688776     -0.26457    -0.630374    -0.411379    -0.460921     0.336781      0.17624   -0.0462892      0.19058    -0.507774     0.445309    -0.418891
   -0.164919    0.0770755    -0.202217   -0.0719031    -0.320208   0.00859184   -0.0590007    -0.131451   -0.0688299     0.144576  -0.00506442    -0.263073    -0.100888     0.223296    -0.159336    -0.134728    -0.281361    -0.298006     0.278592    -0.184766   -0.0899583   -0.0266356   -0.0930735     0.318258    -0.086989    -0.253236     0.349398    -0.118629     0.119537    -0.530094     0.325091     0.322804
   0.0366311     0.190556     -0.22899    -0.251448    -0.195102    -0.710722    -0.128419    -0.351691   -0.0264826    -0.127445    0.0629073    -0.342461     0.973383    0.0845861    -0.672725    -0.157648     -0.23222    -0.645712    -0.707408     0.328667     0.116164     -0.23677     0.790036     -0.23575     0.320144     0.118496     0.238715    0.0896388    -0.215984     0.051425    -0.192898    -0.364429
    0.336958    -0.195124    0.0493499     0.331623    0.0688017     0.442023     0.729421     0.266958     0.141892     -0.58002   -0.0957935      1.12576     -0.98002    -0.179251     0.285249      0.62565     -0.44839    -0.279345    -0.161281     0.128535    -0.380051     0.270506    -0.442192    -0.511668     0.538725     0.163197     0.698497    -0.524249     0.495839    -0.389861     0.767847    -0.120099
    0.188345      0.14438     0.281946      -0.1363     -0.18514    0.0440325     0.104269     0.115287     0.232747    -0.139267     0.256767    -0.502481     0.337638     0.162192     0.125171   -0.0915639     0.141718    -0.621364    -0.285927   -0.0127622    -0.229567     0.289786    -0.141824    0.0111401   -0.0694287     0.074536     0.266715     0.323397    0.0534883    -0.171359     0.212354    -0.296324
-0.000623948     0.612961    -0.124764   -0.0558816    -0.034669    -0.335706    -0.204554   -0.0793587    -0.201033   -0.0697219   0.00779939    -0.318639     0.556895    -0.429936      -0.2943     0.128293    -0.114786    -0.325536    -0.406059     0.447871    -0.714385    0.0831883     0.555548     0.434995    -0.811845   -0.0285653    -0.104269     0.166828     0.290274  -0.00830847    -0.131228     0.195077
  -0.0146012    0.0152139    -0.139204     0.330969     0.021259    -0.215684     0.030151     0.295679   -0.0688611   -0.0126615   -0.0663999     0.464881     0.016437     -0.27654    0.0854726    0.0946271    -0.138682    -0.166732    -0.241552     0.312707    -0.174929    -0.108833   -0.0264754    -0.179205    -0.412364    -0.350149    -0.240854    -0.134738     0.110111     0.110683     0.371042    0.0229251
  -0.0248352    -0.218607      1.04743     0.142518   -0.0900659     0.833161    0.0370884    -0.157702     0.304658    0.0425907   -0.0363607    -0.485476    -0.407754    -0.196534     0.341354     -1.29118     0.727343     0.878348     0.362967    -0.682764     0.782742     0.525905     0.126108     0.203209   -0.0580596      0.34364     -0.36896     0.751086     0.458463     0.397996   0.00746757    -0.196366
   -0.548143      0.32179    0.0825963     0.300696     0.286341     0.212387      0.27066    0.0488483     0.735472     -0.37024    -0.696509     0.104022    -0.117631    -0.270951    -0.220223     -0.54217    -0.257192    -0.104242    0.0150668    -0.394796     0.408741     0.342797    -0.218414    -0.306385    -0.834607    -0.203667     0.161328     0.221247     0.330839     0.143277     -0.24765    -0.534538
    -0.28672  -0.00951736      0.20235     0.617047    -0.590905   -0.0579132    -0.358701     0.279778     0.216735    -0.363565     0.536329     0.577783    -0.793759    -0.301502    -0.191476    -0.392133    0.0186661     0.268661     0.785004    0.0501767     0.288207     0.101616    -0.401363    -0.645005     -0.61743     0.213555     0.336241     0.281425     0.283092   -0.0570013      0.30586    -0.236371
    0.847112    0.0645344     0.348203     0.235498     0.102791     0.172686      -0.2694     -1.08539    -0.301251     0.152198     -0.22921    0.0738566     0.855313    -0.364618     0.469407    -0.246525     0.233998    -0.401493     0.109424     0.348865     -0.71999      0.12667     0.201938      0.27271     0.378153     0.461719    -0.401537     0.244181     0.152179    0.0882901    -0.538296    -0.579646
   -0.741648     0.449141    -0.353364   -0.0128228     0.031982     -0.77859    -0.476161     0.696575     0.057116    -0.314416    0.0814545     0.268519    -0.568605   -0.0121691     -0.60382     0.566156    -0.293649    -0.677296    -0.635734     0.650768     -1.40035    -0.428125    -0.155355    0.0185055     -1.48592    0.0282025   -0.0618216    -0.152647   -0.0942465    -0.560025     0.333125    -0.226268
