   0.0271865     0.485056     0.400508     0.220408     0.197495     0.358573   -0.0752412    -0.218948     0.311703     0.148275    -0.679028   -0.0183789    -0.259306    -0.490267    -0.362033     0.157902    -0.573352      0.30605     0.580124    -0.115368     -1.17091    -0.177565     0.229749     0.202645    0.0685934    -0.425922       0.5787    0.0408046  -0.00594075      -0.1823     -0.58973    -0.510031
   -0.869872    -0.605695     0.157974      1.45315     0.609783    -0.757671     0.247258     0.539256    -0.120101    -0.620257     0.621283    -0.256298     0.596451    -0.251474      1.21763    -0.171561     0.787538    -0.135795    -0.356434    -0.394746    -0.360777    -0.132751    -0.756915   -0.0265613     0.157247     0.322128     0.422663     0.807072    -0.957847    -0.373931    0.0116207    -0.704901
   -0.159897     -1.34133    -0.988128    -0.658978    -0.710349    -0.518745     0.494989   -0.0507191       1.3666    -0.851485    -0.427471      1.07064     0.704821     0.629494     0.111636    -0.301615     0.145177     0.743225    -0.143441     -1.01438     0.720388     0.821706     0.338072     0.652049     0.536516    0.0548515    -0.136034     0.538841    -0.409966   -0.0924233    -0.404692     0.195502
   -0.177386   -0.0136547     0.186739    -0.155939     0.467553    -0.613181    -0.290628     0.605533      0.35098    -0.192318    -0.311684     0.279599    0.0993414     0.125609     0.638385     0.234153     0.560955    -0.303614     0.279641    -0.122056     0.399436     0.163575    -0.359725    -0.228378    -0.110116    -0.382049     0.218964      0.03283    0.0498718   -0.0758797     0.897345     0.257456
    0.233191    -0.388995    -0.734868    -0.371962    0.0427972    -0.266031    -0.145901   -0.0863915    -0.561375    -0.405469    -0.343128    -0.420316    -0.598444    -0.495962    -0.918118    -0.202314     -1.00575    -0.209284     0.297569    -0.116221   -0.0156017     0.239711    -0.602495     0.529505   0.00959826     0.594746     0.465521      0.59164      0.31318     0.384449     0.296264    -0.521214
    0.215782    -0.121174    -0.747695    -0.572193      1.06739     0.361136    -0.171734    -0.821703    -0.969975     0.917697     -1.09272   -0.0530775   0.00479197    -0.971548    -0.161952    -0.918186   -0.0905147     0.830364    -0.423535     0.402187      1.27453    -0.123751    0.0235047    -0.466702    -0.278931    -0.292842  -0.00432279      1.00128     0.632381     0.275856     -0.13472    -0.596403
    0.320928     0.562257     0.146727      0.57199      0.14302     0.242959     0.712091    -0.515874    -0.351166     0.467455    -0.655417    0.0803016     0.206953    -0.185347    -0.469916   -0.0321158    -0.713317     0.144877    -0.181675     0.647382     0.636741     -0.37284     0.296895   -0.0581261    -0.428991    -0.269991    -0.238319    -0.031062     0.231428    -0.624546    -0.821372   -0.0533912
   0.0369864    -0.733555      0.94415      1.32307     0.328877    -0.632122   -0.0557516    -0.516993      1.12122     0.401872    -0.186008     -1.29394   -0.0550269    -0.208575      1.00664     0.276433     -2.32842    -0.428728     0.282954     -1.25212    0.0824923     -1.89557     -1.18529     0.844082      1.98208    -0.124764      1.01211    -0.166067     0.243059     0.329562     -1.48834     0.452198
  -0.0308509    -0.415696    -0.916591    0.0701274     0.345689     0.210779     0.463499    -0.632289    -0.240752    -0.229755     0.347192     0.435563     0.751922     0.122183    0.0459565     -0.23376    -0.965057     0.305206    -0.340125     0.560795     0.678604      1.02876     0.299037    -0.409834     0.150693     0.625072    -0.987656     0.386422     0.633109     0.494426    -0.219829    -0.255274
   -0.251575      -2.5518    -0.604335    -0.559195    -0.388837      1.24756      1.08012     0.328858      -0.9427    -0.170663     -1.18748     0.687922     0.697669    -0.408577     0.802345     0.342701     0.552533     0.253895     0.102038     -1.10812     -0.22471     0.592138     0.331988      1.37609      1.14671     0.983822    0.0463329      1.03791    -0.747753     0.200182     0.537481     0.675217
   -0.140647     0.548492   -0.0151207     0.165363    -0.608276     0.768744     0.405337     0.267487     0.243005    -0.026609    -0.271028    -0.368895   -0.0938924   -0.0982503     -1.15915      0.80931    0.0103892    0.0639094     0.324858     0.677272     0.729329     0.385941    0.0615844    -0.862625     0.532837     0.324269    -0.452848      1.15746     0.325066    -0.383325     0.421012     0.254938
    0.336324     0.421906     0.106267   -0.0187103    -0.320535    -0.354605     0.856632    -0.226412   -0.0581531    -0.786148     0.375251    -0.846081    -0.520446     -0.51596     0.316438    0.0615041    -0.144884    -0.538411    0.0310234     0.230982    -0.208056     -0.81272    0.0277441     0.635361    -0.386316     0.165022    -0.140676    -0.985089      0.43382     0.219618     0.474147     0.407174
    0.414829     0.184138     0.305713     0.123991    -0.225105    -0.762867     0.618698     -1.33371     0.133128    -0.267933    0.0355692   -0.0113613    0.0924166     0.243345    -0.374276    -0.165677    -0.101992     -0.23147    -0.333374      0.53391    -0.763847      -1.2443      0.54175      0.31315     0.144534    -0.773382      0.10146    -0.318439    -0.102621    0.0443147    -0.584871     0.186147
  -0.0157452    -0.630488    -0.486621    -0.684502     0.209023     0.170804    -0.133769     0.197021    -0.168795    -0.338757     0.266218     0.125367    -0.253733   -0.0804035     0.475944     0.134199     0.291057        0.239   -0.0674164     0.772442     0.393787    0.0450883    -0.179364    -0.305629    -0.391305    0.0830392     -0.37398     0.242873      0.16521     0.249758    0.0867281     0.390507
   -0.623803     0.258012     0.613031     0.270271     0.471664     -0.66064    -0.476385     -0.37911     0.108575       0.5912    -0.753243    -0.562144    -0.858082     -1.48948    -0.472905    -0.172506     -1.37881     0.688266      0.68525     0.436664    0.0273472    -0.846518    -0.963891     0.266981    -0.421326  -0.00347859     0.774935    -0.742597     0.246979     0.117471    -0.271419    -0.977741
    0.619336    -0.139028     0.025613      0.72302    0.0281854     0.554855    -0.175127   -0.0902403      1.11856    0.0488617     -0.63901    0.0207827     0.262684      1.41538      1.02999    -0.172447     0.465838    -0.343896    -0.401066    -0.645946    -0.431691     -0.13795     0.852651     0.481816     0.776241    -0.334958    -0.358461     0.924231     -0.63367    -0.445153     0.608247    0.0659452
   -0.184169     0.172026     0.807899    -0.220369     0.658765     0.817947    -0.442184    -0.654172    -0.883822     0.588613    -0.775253     0.040419    -0.639538    -0.988191     -1.45651     0.463013     -1.64348    -0.333374     -0.65428     0.577608     0.163456   0.00239087    -0.429684    -0.138683      1.20086     0.418234   -0.0951286     -0.86204     -0.26928     0.333775     0.105219     0.276189
   -0.690107     0.733909     0.187904     0.482436      1.14283     0.168379   -0.0474081     0.407717     0.528468    0.0534226    -0.569272     0.651394   -0.0939593    -0.085554    -0.229228    0.0783181      0.56945     0.457905     0.809157     -0.12923    -0.559123    -0.727563    -0.415991     0.190119    -0.167536    -0.867818     0.937363   -0.0635154    -0.676542    -0.652952     0.516857   -0.0448729
    0.207374     0.071558     0.270896     0.282411     0.312878     0.155968    -0.101927    -0.381002    -0.326333     0.246765    -0.108852     0.139713    -0.265832    -0.415512    -0.316773  -0.00700728    -0.197421   -0.0311805    -0.117625     0.650068    -0.522847    -0.192101    -0.261329     0.351779    -0.297427     0.213388     0.332252    -0.138939    -0.342188   -0.0240644     0.136034    -0.187426
   -0.461112    -0.486135    -0.772646    -0.531684     -0.21098     -0.41196     0.212293     0.425732    -0.279467    -0.810249     0.372613     0.280773     0.411224    -0.462938     -0.32596    -0.003512       1.0448      0.67166     0.365767     0.931268       0.5591     0.598465    -0.302703   -0.0489517    -0.743706     0.495834    -0.437844    -0.253725     0.373537     0.319703     0.517954     0.314624
   -0.158757     0.736989     0.646621     0.104855     0.314772    -0.350728     0.204577   -0.0761637   -0.0800624    -0.020497    -0.452926     0.496589    0.0135749    -0.115447    -0.507289    -0.133213    -0.119355    -0.125111    -0.847282      1.01699     0.334592     0.556687   -0.0499306    -0.719522    -0.471024     0.512608     0.176607     0.186027     0.158293     0.102059     -0.06193     0.429489
    -2.00862    -0.827885    -0.841638      0.22031     -1.25732     0.698654      1.32824    0.0527251     0.206864     -1.15747    -0.743597      0.93195     0.493209     0.392295    -0.227516      1.64298     -1.20056     0.441679   -0.0538087    -0.203998      1.33365      1.94443    -0.378031    -0.770998      1.48749     0.313543      1.77179      0.61643     0.131994    -0.150782    -0.872207    0.0322926
    0.432762    -0.337723      1.14264    -0.519343    -0.448079    -0.231669    -0.731967     0.904953      0.36138    -0.432869     0.151533     0.762525    -0.337405      0.10215      0.85697   -0.0643562     0.624535   -0.0165681    0.0777568     -1.12855    -0.633273    -0.334386    -0.547546      0.10646     0.163655    0.0474379    -0.264862    -0.823232    -0.242103     0.548454     0.750193     0.519027
    0.508748    -0.292492     -1.27778     0.916231     -1.00242      1.27101     0.285247   0.00851771      0.80752     0.271957     -0.67621     -0.28417     0.699546    -0.815908      -1.4656     0.177625      0.92388    0.0468374     0.402423      1.00184     -1.18444    -0.596297     0.712952    -0.400909    -0.737924     0.508083     0.559928      -1.0066   -0.0120986      -1.4822    -0.497945      1.88004
    0.267367     0.532121    -0.136446   -0.0964733    -0.414074     0.943775   -0.0347767    -0.248146   -0.0044861     0.831126     0.713799     -0.56587   -0.0477766    -0.330491     -1.01093     0.128936    -0.709049    -0.245331     0.621124    -0.219331     0.345153     0.352318     0.902306     0.348693    0.0513628      1.08385     0.211322     0.166467     0.760401     0.230994    -0.777453   -0.0552218
     0.41146     0.188869     0.573175    -0.730585     -1.06868      1.20244     0.372424     -1.27122     0.191691    0.0837252      1.24452    0.0662174     0.460453   -0.0915674     -1.63307     0.477821     -0.69733    -0.139337     0.414414      1.03629      1.02421    -0.349639      0.61864     -1.24308     -0.20492   -0.0144605    -0.819816     0.564006     0.487573    -0.500176     -1.38999     0.337745
   0.0538444   -0.0305501     -0.45745     0.325995     0.237663    -0.209172    0.0253382    -0.408478     0.202443    -0.295634    0.0906783    -0.183458    0.0459904      0.93163     0.455048    -0.608858     0.798302    -0.357183      0.11774      0.38949     -1.11054    -0.322989     0.327205     -0.36949     0.222044    0.0575174     0.258174     0.310023       0.2399       1.0269    -0.217871    -0.542511
   -0.404426     0.284155      1.14241    -0.114346     -1.16665     -1.20833      1.47565    -0.758063      1.09355     -1.03053     -1.51684     0.273061     -1.35871     0.709798      1.45129     -2.16701    0.0162395     -1.55548    0.0259703     -1.28755    -0.739925    -0.255989      1.40687    -0.139002     -1.09281     -2.08593      1.00093     -1.02005     -1.11676     -1.20886    -0.528796     0.218636
   -0.253503     0.301374     0.179999     0.499571      0.32305     0.221307    -0.230281    -0.518507    -0.182384     -0.07796   -0.0591415   -0.0341235     -1.06684     0.142548     -0.93904     0.622042     0.415582     0.234011     0.158864      1.45611    -0.193042      0.13478      1.06299     -0.12825     -1.46841    -0.137159    -0.374801    -0.572899     0.519898    -0.311955     0.106889    -0.958411
   -0.201497    0.0445591     0.276903     0.788491    -0.287053    -0.792128     0.123493    -0.649303    0.0911561    -0.576342    -0.175357     0.274464    -0.183685     0.976744     0.350197    -0.142331     0.107391    -0.115252   -0.0352134    -0.452129     0.359519    -0.549737     0.244787     0.155455     0.436084     0.216349   -0.0405288     -0.81004     0.410412   -0.0181782    -0.638875    0.0654644
     1.22726      3.14347     0.359993    0.0551672    -0.182073    -0.318721   -0.0440528    0.0588031      -1.7844   -0.0122418      1.43223     -2.04858    -0.559402     -2.40162     -1.68923     0.316037     -0.84489     0.263119       0.7195     0.893307    0.0490576     -1.28578    -0.185292     0.241461     -1.27769    -0.556842     -1.24345     0.108026      0.99421    -0.532184    0.0236063    -0.112662
   0.0665613     -0.74561     0.247735    -0.471874   -0.0898065     -1.78258     -0.38366    -0.506937     0.700676    -0.132158    -0.171285    -0.306683     -1.08858     -1.55095      1.29534     0.517502       1.1114     0.071002     0.419765     -1.48311    -0.813259    0.0306893     -1.44715      3.03362      1.32652     0.110558     0.228078    -0.303099     -1.09512     0.612854    -0.938484    -0.020811
   -0.083089     0.236557    -0.271731   -0.0739099     0.325508     0.235947   -0.0245622     0.311824    -0.308009    -0.577303    -0.387246     0.327157    -0.195493     -0.49472     0.163682   -0.0160014   -0.0796627     0.437139     0.145675     0.146513    -0.246784     0.358798    -0.492858 -0.000783314     0.376995    -0.012674   -0.0167012     0.201375    0.0530179     0.500872    0.0420893   -0.0945694
      0.2767    -0.656329      1.68538      1.54831    -0.975856     0.240719    -0.584414      1.15472    -0.779995     0.206624   -0.0105026   -0.0145832     0.751815     0.104444      1.82323     0.659687    -0.103075    -0.344383     0.110149   -0.0538284    -0.066617      1.09396      0.86654     0.114044     0.336974     0.128965    -0.397355    -0.302511    -0.383752     0.215167    -0.573311      0.99249
    0.733296     0.354147    -0.083033     0.136876   -0.0942723      1.36777     0.530441    -0.144105    -0.360135    -0.457628     0.763181     0.474329      1.15175    -0.532624     0.426963    0.0194933     -1.40381     0.343555    -0.485302      0.37405     0.179274     0.990583    -0.448826    -0.238633    -0.759801     0.026347     -0.19616    -0.302845    -0.380092      0.15833     0.766187     0.284231
    -1.07261     -0.73687    -0.905057     -1.18748    -0.959732     0.235484    -0.274972     0.115742      -0.2028    -0.101639     0.310722     0.414861    -0.196422    -0.997307     0.448295     0.322863      0.71656      1.12868     -1.45716     0.880533    -0.248655      1.20665   -0.0732986    0.0909704    -0.478666  -0.00189217     0.168092    -0.509485    0.0150857     -1.16792      1.07638      1.57465
   -0.275834    -0.217201     0.476096    -0.670077    -0.158625    -0.745189    -0.100306    -0.146752    -0.534082     0.173776     0.567923     0.102952    -0.559934    -0.733222     0.184388    0.0739748    -0.445825     0.453536    -0.396723     0.168259     0.577073    -0.941413   0.00433053     0.405539    -0.241321    -0.311632     0.567933    -0.599427   -0.0776468     0.717349  -0.00689021     0.185513
   -0.037438   -0.0664566     -0.26676    -0.371284    -0.144361    -0.414977     -0.30412     0.518302    0.0835913    -0.636292     0.114608     0.216421    -0.507915     0.667426      1.10128     0.215376    -0.223255     0.247515    -0.258718     -1.01384     0.273508     0.924762    -0.188515     0.215168     0.197089     0.417482    -0.232731     0.497701     0.510351     0.552906     0.399415     0.304862
   -0.842169    -0.390133    -0.623926     0.762096     0.292666     -1.01656    -0.481905    0.0423809     -1.16329    -0.169984     0.289568    -0.128971  -0.00521433     0.284252    -0.140321        1.126      1.35545    0.0503915     0.555385    -0.218002    -0.970116     -0.63839     0.992292     0.539202    -0.121851     -1.08094   -0.0890459      0.15885    -0.126461    -0.517163    -0.292242     -0.89508
    0.423498     -1.08731     -1.40427      1.93924    -0.626787   0.00346252      1.78638    -0.922698     0.360304    -0.113099     -2.63666     -1.52742    -0.504638    -0.960793     -1.03015    -0.940233      1.14923     0.711425      -1.2999      1.48478    -0.434594    -0.162243      1.94752    -0.583973     -1.18003      -0.7913     -1.25398     -1.28163    -0.548525     -1.63359     -0.41397     0.317438
   -0.422366    -0.264431     0.266138    0.0453323     0.213016    -0.135387    -0.120479    0.0976985     -0.23713    0.0571687     0.497422    -0.360328   -0.0543719    -0.359451     0.638686    0.0749929     -0.39862     0.822234     0.110482   -0.0486202     0.603248    -0.361733    -0.618295   -0.0519683     0.335656     0.151507    -0.624426     0.191873   -0.0881502     0.148751     0.768922   -0.0231988
    0.323602     0.694374   -0.0739532   -0.0395504      -0.4723     0.439357     0.556906    -0.428381     0.317655    -0.535759     0.296783      1.28066     0.944056     0.165598   -0.0971671    -0.527603     0.486884    0.0391365     0.393064    -0.063496     -1.04887    -0.618528     0.101176     0.591269    -0.646343    0.0848712    -0.472659    -0.334185     -1.02026    0.0278253    -0.319911    0.0385854
   -0.388135    -0.169949    -0.355491    -0.113463   -0.0432452     0.504056    -0.436523    -0.354569     0.624476    -0.118598    -0.336207     -0.23822    -0.568936  -0.00822436    -0.752363      0.28453      0.23329   -0.0125904  -0.00436134    0.0956161     0.112093    -0.132717     -0.14772    -0.483328    -0.581131     0.285274    -0.334224     0.484975     0.195559    0.0263408     0.285424    -0.432073
    0.116676    -0.212855   -0.0719239    -0.612464    -0.534834     0.229736   -0.0997722   -0.0402023    -0.606723    -0.804221     0.119812      0.13476     0.204146  -0.00848143    -0.271785    -0.198454    -0.019225    -0.232848   -0.0652028   -0.0853682     0.490089     0.601209    0.0246914  -0.00395028    -0.181576     0.630662    -0.540099    -0.343977   -0.0468802    -0.335401    -0.385585    -0.292341
    0.309546    -0.138969     0.058482   -0.0195337     0.687748     0.573774    -0.300888     0.657833   -0.0661778    -0.354336    -0.312563    -0.110918     -0.15755    -0.612929    -0.477465     0.129934     -1.43237     0.100148    -0.229262     -0.16581    0.0727724   -0.0328758    -0.562814    0.0732648    -0.120241     0.408207    -0.908991    0.0529576      1.01074     -0.17187    -0.187136    -0.130161
   0.0484581     -0.72374    -0.399235     0.258721     0.255776    -0.198135   -0.0768272    -0.257115     0.580035    -0.156817     -0.87511      0.97627    -0.752019      1.13039   0.00498942     0.211192     0.645838    -0.462162     0.648382     0.344057    -0.783306    -0.255548    0.0518764     0.956729    -0.355191    0.0301271    -0.208044     0.370934    -0.286807    -0.395026     0.520701     0.345152
   -0.313361     0.433006     0.182174    -0.252825    -0.731739    0.0656863     0.375679    -0.185322      0.36127    -0.702396      1.75456      0.71386     0.878721      0.29197      0.28161     0.583689     0.688195    -0.128286    -0.243277     0.428102     0.602357     0.285786      1.00998    -0.395284    -0.432123    -0.791492     0.278573     0.402174    -0.578034     -1.23672    -0.312926     0.553319
   0.0655414    -0.417045    -0.752687     0.382705     0.579047    -0.442088    0.0208771   -0.0940955   0.00679152    -0.046751    -0.862239    -0.432004     0.226989   -0.0968572    -0.780486    -0.184932    -0.216445    0.0857541    -0.573708    -0.735595    -0.354036    -0.722728    -0.442568    -0.490555    0.0254695     0.335766    -0.450138     0.477099     0.141496     0.190014     0.109303     0.125014
   -0.690283     0.803637     0.148369     0.465206     0.328293      -1.0028    -0.382349    0.0506886    -0.453185    -0.308138    -0.314692    -0.461546    -0.138162     0.631159    -0.054186    0.0174317      0.21804     -0.73438     0.735548    -0.168265     0.195273    -0.155579     0.392442     0.055005     0.312787     -0.15124     0.246211     0.935185     0.908189     0.455275      0.34953   -0.0253061
    -1.06345     0.414496     0.998245     0.327236   -0.0903599     0.195028    -0.182198        1.242     -0.59787     0.412706      0.64895     0.404934    0.0509798    -0.675795     0.251734     0.415501     0.595838      0.28469     0.115348      1.40992     0.926869     0.346562     0.860567     -1.20622   -0.0249717    -0.590843     0.633088     -0.21916    -0.229219     -1.37446    -0.329397      1.14959
   0.0855073     0.733137    -0.159733     0.746886   -0.0844222    -0.368036     0.313082    -0.135126     0.144988   0.00499577    0.0500517     -0.10966    -0.103633    -0.304974    0.0336157    -0.731563     0.307744     -0.14822 -0.000156589     0.415431     0.064034    -0.186736     0.342194    -0.306532    -0.146386     0.123008     0.357229     0.447277    -0.336624      -0.6176    -0.383436       0.2886
     1.52679      1.15831    -0.151683   -0.0426444     0.405687     0.498043    -0.365802      0.88885     -1.20674     0.717488    -0.188573     -1.29348     0.203073     -1.08833     0.148273      1.12278    -0.238128     0.416895     0.319392      1.17789   -0.0461403     -1.02651    -0.152897     -2.00582    -0.875179     0.576967    -0.639266     0.634435     0.839536    -0.368778     0.398376     0.459803
   -0.103503   -0.0274905     0.286176     0.154124    -0.621395    0.0189725    -0.128261     -0.27119     0.263194     0.547606     0.582546     0.202419     0.359113   -0.0569405     0.126612    -0.474538      0.49556   -0.0596584     0.437452    -0.400339    -0.714871    -0.326121     0.495614     0.178198     0.293068    -0.309088     0.268431     0.272624    -0.560749    -0.163377      -0.1712    -0.244999
    0.576361      1.35624     -0.37528      1.57673     0.255141     0.423222     0.453039     0.154373     0.532436     0.356032     0.314762     -1.34777      0.25496      1.22688    -0.981236     0.791328      1.68265    -0.438425     0.782337     0.651442      -1.5637    -0.391742      1.36022     -1.09692     0.146997    -0.605906      1.30868     0.962219    -0.955401     -1.22434    -0.338185     -1.78705
   -0.411716     0.057771    -0.194017     0.270536    -0.106294    -0.517556    -0.169459    -0.299974     0.817632    -0.164162    -0.191434     0.145007     -0.17832     0.892607     0.220238   -0.0478167     0.732046    -0.367611   -0.0410065     0.385244     0.147493     0.592018     0.277471   -0.0425371    -0.203474   -0.0129338   -0.0205682    -0.908031    0.0111097     0.106815   -0.0884164     0.287475
     0.43979      1.01343     0.472902     0.958016    -0.512342    -0.666519    0.0551233     0.472362     0.525739      0.59668      1.46605     0.393874     0.559475    -0.174575     0.027033     -1.02608     0.917147      1.59701     -1.17822    -0.285459      1.39559      1.67448     -0.01279     -1.11853    -0.809506      -2.1627     0.463586     -1.02724     -1.99372     -2.29425     -0.20695     0.199898
      1.4523     0.328839      2.01554    -0.139047     0.231838     -1.94425    0.0978603    -0.144453     0.824682     0.188521    -0.480982    -0.496804     -1.38611   -0.0110185     0.519472    -0.732991     -1.16748    -0.823678    -0.106777     -1.04157    -0.711655    -0.707461    -0.692522        1.505      1.09513    -0.680685    -0.485036    -0.286605     0.156561     0.595768    -0.370257      0.25843
   -0.324014  -0.00402598     0.294882    -0.367553    -0.082496    -0.134294      0.28178   -0.0382801   -0.0978993    -0.230103    0.0805076     0.670528    -0.442819    -0.255161    -0.224212    0.0349771    -0.254604    -0.126748    -0.489498     0.449195       1.0166    -0.485277    -0.071844    -0.481508     0.682265    -0.573989    0.0617646    -0.126937     0.914198     0.418412   -0.0627787     0.150357
   -0.328993    -0.501609   -0.0642229   -0.0612972     0.030815    -0.273149      0.32295    0.0891756     0.317245    -0.278972    -0.276899     0.323605     0.313155   -0.0877475     0.400841     0.548394     -0.25886     0.444946     0.407089    -0.808862    0.0163861    -0.549718   -0.0295441     0.305739     0.383012    -0.204695     0.281713   -0.0597246    -0.308871     0.657757   -0.0607538    -0.198105
    0.285712    -0.309319      1.10544     0.288596    -0.482593     0.268406    0.0838833    -0.550619    -0.215367     -0.53413    -0.839653    -0.393986    -0.841287    -0.496432      1.02993     0.354535      1.23409    -0.349269   -0.0229167      1.24679     -1.93675     -0.50416      0.28029    -0.894309     -1.39281    -0.704943    -0.986218    -0.666907     -0.97107    -0.713654     0.359415     0.766901
   -0.194171     -0.10828     0.325409     -1.32105      0.14429     0.671038    -0.200358   -0.0442372    -0.937351    0.0786985    -0.874011    -0.483806    -0.367206    -0.449585     0.811335     -0.53213     -0.90089     0.253633     -1.23383     0.667468   -0.0450802   -0.0875533      0.13095    -0.670695    -0.472405      1.01217     -1.96377     0.313859      1.00716    0.0962731     0.345974     0.687437
    0.128225    -0.826644    0.0981738     0.693353      1.27285    0.0939787    -0.694738     0.734523     0.211997     0.777553    -0.113876    -0.498909    -0.633397    -0.116322     0.134298    -0.530713     0.104826    -0.305785     0.304711     0.465736     -1.33821    -0.274986    -0.534859     0.623359    -0.604192    0.0161184   -0.0256086    -0.512225    -0.960857   -0.0206477     0.897259    -0.503205
     0.64159     0.466008     -1.03594      0.55259     0.248655     0.833218     0.564728    -0.191262     0.706075     0.314024     0.107304     0.536925     0.249135      1.04842    -0.841113   -0.0948916     0.129864    -0.886121     0.705532     0.717464   -0.0680818     0.100286     0.817912     0.460677    -0.635996     0.656738     0.296522     0.027907    -0.408584     -1.13632     0.564017    -0.192808
   -0.522808    -0.123717     0.647623      0.40443     0.663908   -0.0265973    -0.179132    -0.541807    0.0329183     0.733145    0.0656435     0.560278    -0.338694     0.535143    -0.489453     0.648806      0.19029    -0.410484    -0.593725     0.510479     0.214587     -0.31152     -0.10461    -0.629525    -0.454352    -0.209278    -0.592201    -0.340896    -0.153162    -0.574217     0.117401     0.150518
    -0.50507     -1.13425     0.383723     0.773801     -1.26863    -0.404291     0.905507      0.82494     0.390398    -0.526703    -0.499499      1.72453      1.79333      1.65551      1.65046     0.292721    0.0825086    -0.640795      1.59255     0.467799   -0.0611772    -0.415332      1.02308    -0.519008    -0.625216    0.0599843     0.694074      0.15477      -1.0365     -1.05305    -0.335542      1.77232
   -0.235351    0.0461694    -0.142605     0.266446     0.854469      1.22427    -0.635643    -0.265639     -0.93343       1.1057     0.162302     -0.55281     0.785173     0.498545    -0.964395  -0.00837835    -0.577307    -0.234836   -0.0343986      0.73794      1.04798     0.299247      1.00075     -0.33111    -0.124391     0.970276    -0.201012    0.0147129     0.331271     0.671785    -0.315327     0.642265
    -1.05827     0.181736     -0.10282    0.0347219     0.569529    -0.458962     -0.98117     0.150059    -0.852876    -0.293183   -0.0869076    -0.711144    0.0474388    0.0374173    -0.251425    -0.135533    -0.183332     0.558941    -0.546751     0.489614     0.719036     0.188456     0.111173     -1.15154    -0.155361    -0.696996     0.786996    -0.110076    -0.218096     0.169503     0.533382    -0.775421
  -0.0172612    0.0759351    -0.337244     0.209142     0.257911    -0.365621   -0.0535747     0.484163    -0.073717  -0.00718926     0.401717    -0.372849    0.0537652     0.197521     0.281023    0.0126681    -0.255923     0.128937    -0.213827     0.102297     0.731114     0.639994    -0.228098    -0.371059     0.352974    -0.159194    -0.349404     0.305061     0.722099     0.397631      0.22031     0.193517
   -0.317425    -0.343144    -0.520078    -0.530428    -0.515567    0.0896444    -0.302911    0.0767046     0.404796     0.129442    -0.343245    0.0132128     -1.16442     -0.64268   0.00397777    -0.159311    -0.695254     0.321236    -0.330572      -0.4845     0.173463     -0.31302     -0.27689     0.205427     -0.48596    -0.163667   -0.0270813     0.403559      0.10762     0.209129     0.616464   -0.0658304
    0.515481      0.70928      1.34236     -1.71189    -0.517266     0.368829     0.501682     0.268117   -0.0711219    -0.592019    -0.760251     0.875337     -1.01228    -0.453514    -0.976707     0.408773    -0.330862     0.540676     -1.53093    -0.203259    -0.693421    -0.912528     -1.01462    -0.500756     0.314203      0.14173      0.34429      -1.0774      1.02822     -0.87504    -0.956259     0.190965
     1.14574    -0.209169     0.536571     0.823844      0.38563    -0.540349    -0.489026     0.676246    -0.745386     0.598199    0.0983015    -0.329862     0.744604    -0.614905     0.310962    -0.475485     0.637988    -0.928378       1.1785     0.378729     -1.86232     -1.88972      1.36065      1.95904   -0.0634349      1.07073    -0.578951     -1.03373     0.325066     0.549479     0.192623     0.374769
    0.221828    -0.181159     0.287293    -0.710685   -0.0954634    -0.364395    0.0104525    -0.362512     0.400516    -0.350827     0.305038     0.341312    -0.446989     -0.27767    -0.146574      0.13776     0.108571     0.564391    -0.351718    -0.342027     0.493876       1.0137    -0.478742     0.409831    -0.535732    0.0144379     0.247234     0.280856     0.127965     0.199041    0.0326273    -0.870249
    -1.57826     -1.52497     0.242596    -0.494482    -0.260072    -0.456019    -0.125265    -0.465518     0.286184    -0.431045    -0.448784     0.700352    0.0214144    -0.384792     0.290845     0.600467     0.225916     0.416351     0.636229      0.25478   0.00761878     0.694463    -0.614423      1.15892     0.508949      0.21193     0.628726    -0.455676    -0.485954     0.719258    -0.231394     0.138584
     1.63321      1.09794    -0.621679     0.927636      1.68828     0.812044   -0.0601234     -2.24356     0.258733    -0.378989   -0.0114469     0.257527     0.753489     0.926168     -2.79786     0.153306     -0.72084      0.35462    0.0751554     0.736896    -0.555864    -0.745569   -0.0196086    -0.398712       1.1572    -0.507044    -0.700318    -0.280163   -0.0612177     -1.72223     -1.32804    -0.248557
   -0.750421     0.181611     0.740809     0.648531      1.26611     0.147011    -0.620063    -0.564041    -0.383771     0.325327      0.40948      1.03994     0.170747      1.30469      1.02828    -0.137372    -0.684803    -0.445381    -0.334841      1.14339      1.02248     0.213568    0.0928076     -1.21418     0.183561    -0.678391     0.684699    -0.375394   -0.0523509     0.168094    -0.398368    -0.412041
     -1.2246    -0.617105     -1.25919     -1.05427     -1.20618      1.28923    -0.658989       0.7442      1.15758    -0.777973     -1.18042      0.64436     0.618354     0.403251    -0.199412      0.17589       1.1541     0.501981     -1.07549     0.419655    0.0289106      1.31383     0.239544     -0.46898    -0.116415     0.753489     0.561808    -0.944416     0.206934    -0.541525    -0.060078      1.36332
    -1.83771     0.862393      1.23557      1.49389    -0.334395    0.0533621    -0.389286     0.272208     0.547608     -1.86083     0.125227     0.398237   -0.0539098      1.00211      3.27697    -0.553957    -0.744594      1.38551     -1.52355    -0.685374    -0.187711      1.95832     -1.33701     -1.63171     -1.50341    -0.522687      -1.0479     -2.94876    -0.786705    -0.379762     0.118664      1.36547
    0.494502     0.498555    -0.262374    -0.418722    -0.311199     0.163613     0.312079      0.13216     0.336276   -0.0560973     0.346169    -0.105506    0.0271966     0.478725   -0.0211498     0.112048     0.220737   -0.0806468    -0.224384     0.321627     0.606401     0.300056   -0.0925538    -0.629993    -0.249365    0.0848592   -0.0319192     0.294153     0.154857     0.669716   -0.0120261     0.435835
   -0.128461    -0.788609      -1.3877    -0.357344    -0.189231     0.678404    0.0889945   -0.0205526    -0.498935     0.708701     -1.30655    -0.402747    -0.477375     0.110308     0.089687     -1.04799      1.08313    -0.254485    -0.828196     0.212951    -0.717512     0.201764     0.156207     -0.54636    -0.947414    -0.635702       1.4961     0.445751    -0.611637    -0.457814    -0.134908     0.579866
   0.0271491     0.235546    -0.705223      1.29023      1.02661      1.16362    -0.187142     0.576946     0.375562     0.288499     -0.10024     0.294797     0.882025     0.418427    -0.323076    -0.417301    -0.268264     -1.08522     0.125244    -0.182268     -0.33087     0.163398     0.339648    -0.524161    -0.323888     0.204324    0.0771911     0.971326    -0.475672    -0.406419     0.559896    -0.298893
   -0.705098    -0.531384    -0.126584    -0.381746    -0.363179    -0.839345     0.652169     0.108518      1.08673     -0.86435    -0.601869    -0.076156      0.11161     0.157541     0.578678     0.687968    0.0498884    -0.218249     0.619926     -0.46133     0.491533     0.376794     -0.35239    -0.716044   -0.0392061    -0.640412    -0.333138    -0.232223    -0.368019    -0.193586     0.784862     0.878171
   0.0896265     0.355118     0.269353     0.677471      1.07878     -1.01779   -0.0320291     0.430718    -0.434881     0.224831    -0.456002     -1.32857      -0.5512      0.61947     0.922386     0.614017    -0.507001     0.293269    0.0704569   -0.0273305   -0.0211223    -0.078873    -0.193941     -0.35695      1.00532    -0.822284    -0.422907     0.305604     0.654549   0.00498583    -0.120541    -0.443096
    0.443111     0.263654     0.184813  -0.00296825     0.227407    -0.380257     0.524464     0.114805     0.070679     0.149176     -1.29615    -0.461014    0.0774541   -0.0395563      -0.4378      1.02468    0.0428845    -0.576821      1.43268    -0.709889    -0.881559    -0.581138    -0.470435     0.412955      0.40766    -0.340937     0.101901       1.0403    -0.148855     0.165147   -0.0821051    -0.632335
       2.093      2.05573      1.40015      0.44689     0.263322      1.23825    0.0700127    -0.393037      1.15166     0.316575      -1.8344     0.284217    -0.442427    0.0895402     -0.48831     -1.14982     -2.02562     -1.58366     0.865878    -0.612714     -1.10813    -0.980469    -0.553908    -0.239665      2.04126    -0.348245     0.769578     0.925018     0.440169    -0.850175     -1.58836     0.905354
    0.330577     0.223509    -0.352342    -0.490935      0.35846   -0.0404787     0.109396    0.0502748    -0.109103      -1.0422      0.37223   -0.0609138     0.331913    0.0476279    -0.332373    -0.148619    -0.110481    -0.105076  -0.00861986     0.211441   -0.0918195    -0.425446   -0.0670686    -0.212808     0.271991    0.0867433    -0.241742    -0.279115     0.143184    -0.279579     0.158454     0.188514
    -1.23589   -0.0895562      1.33879    -0.872517     0.944329   0.00785551    -0.213186    0.0682462   -0.0271507      1.03466    -0.344155     0.240942     -2.02824      1.54321     -2.13472     0.458356     0.290888    -0.702337    -0.410051     0.776638     0.709462     -1.87214     0.145048    -0.196398    -0.327769      -1.6284      1.37645    0.0594468     0.292813    -0.578965    0.0702381     -1.56583
    -1.08878     -1.28563    -0.738226    -0.130793    -0.166071     -1.29476     0.932492    -0.599344    -0.182811    -0.781621    -0.417353     0.678635      0.35439    0.0410231    0.0623718    0.0123527     -1.37832      0.32763    -0.314502   0.00379047      1.25951      1.53584    -0.525978      1.25745     0.693192     0.505271     0.401743    -0.489438    -0.621019     0.659419    -0.703164    -0.254522
    0.125228    -0.472183    -0.706012     -0.38332    -0.422126    -0.432645     0.344264     0.122678    -0.125779     0.187125     0.021823    -0.410722     0.083007    -0.119105   -0.0148379    -0.212089    -0.195555     0.258221     0.384815    -0.179036   -0.0651102    -0.607044     0.172818     0.614922     0.438085     0.255704     0.614903       0.4111    0.0121429   -0.0403804     0.657763    -0.543314
  -0.0913025   -0.0774862     0.340894     0.098983    -0.299651   -0.0109288     0.428957      -1.0002     0.837566     0.236869   -0.0743492    0.0665412   -0.0828241    -0.190342    0.0823272    -0.420916    0.0211911    -0.671935     0.380152    -0.141217   -0.0614209    -0.936269     0.922337     0.437923     0.484303    -0.329664     0.535257     0.578131     0.584002   -0.0426792    -0.324079     0.131463
   -0.386549     -0.45469   -0.0303756     0.299646    -0.102866      0.31061    -0.450835     -0.14433     0.323148     0.132284      0.33253     0.893059     0.507997     0.255613     0.896653    -0.594161    -0.603642      1.08503    -0.907049    -0.455844   0.00410865     0.736733    -0.173145    -0.251773    -0.167458    0.0188583     0.527828    -0.610756     0.362568    0.0239357     0.408511    -0.160766
   -0.129195     0.657373     0.483544     0.229949    -0.337956     0.783861     0.903285    -0.981846     0.573882      -1.0548     0.670371      0.31453     0.600223     -0.59559     -1.27858     0.514241    -0.734323     0.547961     0.175321     0.436343     0.669446    -0.745722    -0.135884     0.315218    -0.402015    -0.811565   -0.0319403     -1.02081     0.188335     0.140529    -0.634417    0.0644926
     0.55334    -0.559137    -0.424831     0.507918   -0.0887615     0.263156     0.211564     0.289485      1.10203     -1.12537    -0.537946    0.0841777    0.0851233     0.317057     0.441095   -0.0935862     0.654879    0.0998636     0.114106    -0.775914     -1.23105    -0.846755     0.106325     0.435458    -0.320012   -0.0512644     0.151893    -0.469807    -0.258345    -0.389531    0.0365478    -0.918848
  -0.0355738    0.0436781      0.49875     0.160483    0.0744164    -0.216514     0.501401    -0.432906     0.285368     0.568293     0.883477     0.330386     0.422365    -0.080843    -0.278619     0.751385     0.496588   -0.0902918     0.349989   -0.0837646     0.788415     0.119014   -0.0495404     0.454639     0.275472    -0.585325     0.327284    -0.312521    -0.654825     0.163066    -0.836765     0.562542
   -0.771975      0.39399     0.436535      1.66115    -0.173824     0.333758     0.179313    -0.658625   -0.0667034     0.353142     0.991786     0.680073    -0.583939     0.535078     0.453767     0.911183      1.30652     -1.00265      1.51429    -0.651754     0.481908    -0.499379      1.02257     0.384162     0.666914     0.254266      1.62645     0.310028    -0.557093     0.328613     -1.12369    -0.409945
    0.477141     0.233078     0.155595     0.105245     0.534979    -0.484591    0.0553845     0.315863    -0.733792    -0.137796     0.189478    -0.927091     0.629888    -0.947675    0.0927238    -0.842591    0.0488723     0.660756     0.229843    0.0858422     0.458411    -0.395044     0.251576     0.739855    -0.394714     0.225587   -0.0870805    -0.351459      0.33709     0.644475   -0.0689947     0.729075
   -0.217643     0.304087    -0.140206     -1.48405    -0.150037    -0.890344    -0.821945     0.545917    -0.306483     0.116341     -0.34913     0.532654    -0.537901     0.150051     0.701484    0.0734822      0.71563     0.475967    -0.426953     0.626952    0.0216212     0.687969   -0.0114033    -0.350099    -0.925703    -0.340588     -0.19088    -0.942465   -0.0550282    -0.464824      1.28885     0.647704
   -0.882029     0.395488      0.26951    -0.648571     -0.17192     0.666464    -0.431705    -0.349825   -0.0861187     0.106016     0.687963    -0.962697     0.197679     -1.06863     0.231562   -0.0761789     0.477111     0.199122   -0.0619297      1.36335    0.0819041     0.312564     0.366657   -0.0807077    -0.284823     0.529857    -0.308029    -0.590018  -0.00259594     -0.57346      1.36586     0.574742
     1.41313     -0.52933    -0.877538   -0.0563474      1.02596    -0.606947     0.884746    -0.954941    -0.272927     -1.44554     -1.42765     0.148252      1.10262      1.68938     -1.74538     -1.18369      1.51388     -0.73733    -0.684541      1.60316    -0.238182       1.7158      0.76048      -0.4688     0.990196    0.0373817    -0.593814    -0.862285     0.064303    -0.542269    -0.969834    0.0726887
    0.274286    -0.114905     0.514649     0.141443    -0.642898    0.0285927    -0.652236     0.316346   -0.0755977     0.314689     0.579357    -0.470768    -0.348012     0.805332    -0.256274     0.303812      1.35437    -0.738332     0.226783    -0.175624    -0.780793     0.241867     0.218354    -0.432839    -0.509123    0.0517839    -0.393083    0.0767295     0.756193     0.257926     0.779602     -1.24786
    0.582615     0.412905      1.06742     -1.67244     0.120531     0.970465    -0.810905    -0.542686    -0.933749     0.826267   -0.0811754     0.491181    -0.487943     -1.27766    -0.388089     0.203933      -1.0058   -0.0152917    -0.713204     -0.33952      -1.4846    -0.229073    -0.270244     0.636297    -0.628624     0.566663     0.396347    -0.132443     0.269976     0.609446    -0.159592    -0.443585
   -0.693726       1.4217   -0.0553124      2.36836    -0.902885      -2.7911    -0.329498     0.663223    -0.540406     0.280335      1.11762     -1.29451    -0.215048      1.29064      1.86121    -0.203033    -0.863832    -0.548331     0.153823     -1.13574     0.179207     -1.24931     0.227876     -2.36524     0.473055     -1.08158     0.812553      1.73544     0.210598    -0.783023    -0.304694    -0.171558
  -0.0508613     -0.32068     -1.02582   -0.0353851     -0.10155     0.152414     0.594182    -0.448935    -0.694636     0.266998     -1.05016   -0.0182257    -0.952062    -0.316785    -0.298842    -0.341477   -0.0532356    -0.142401     -1.22518   -0.0912747    -0.917959    0.0731926    -0.156902     0.323471     0.095396    -0.232001     0.417734      0.53171    0.0789278    -0.215449     0.510472    -0.757587
   -0.797419     0.180872   -0.0788675    -0.336045    -0.466587    0.0189567   -0.0396747     0.270542     -0.13411    -0.500662    0.0779093     0.101718     0.363055   -0.0476387     0.580629     0.662965     0.716315     0.386971     -0.32829    0.0575875     0.503959     0.870529    0.0347466    -0.457026    -0.511767    -0.192269    -0.423739     0.175176     0.133793     0.116253    -0.161759     0.442899
    0.293416     0.799236      0.24947    -0.375154      1.79914     -1.65297     -1.75564     0.132011    -0.992654      1.03208     0.336266   -0.0294752    -0.779962    -0.352648    0.0476162    -0.899355   -0.0291307   -0.0159725     -1.26504      0.92824    -0.237137     -1.20327     -1.13054    -0.211123    -0.357718     -1.32057    -0.166259     -1.02405   -0.0528868    -0.498682     0.599529    -0.865301
    0.489011   0.00103906     0.201414    -0.119615    -0.128454    -0.312492    -0.254388    -0.794779     0.279612     -1.03497     0.155172    -0.123272     0.615677     0.742563     0.615902     0.315032    -0.677521    -0.287285    -0.394645    -0.404362    -0.933255     0.154885    -0.856981    -0.383833    0.0490578     -1.08831     0.219305    -0.589371     0.126514      0.70103    -0.919019    -0.239548
   -0.110697    -0.270235    0.0894477    -0.140672      0.46247    -0.399893     0.567058     -1.18243     0.484381    -0.603532    0.0630123    -0.856775    -0.551371    -0.580301    -0.605523    0.0481386    -0.682487     0.256795    -0.312614     0.579073    -0.503246     0.402784    -0.965102     0.621294     -1.01575    -0.128773    -0.552018     0.276964    -0.604598    -0.395992     0.542962     0.144849
   -0.657985      1.13145     0.856655     -1.03826   -0.0173617     0.289779   -0.0412205     -1.26279      1.43194    -0.127306     -0.83115     -0.56347     -1.20389     0.200936   0.00645826     0.636485    -0.242004    -0.313138     -1.21938      1.08654    -0.971839      -0.8717   -0.0402437     -0.75446     -1.46423    -0.493857    -0.813716    -0.564688     0.481847    -0.368507     0.812648    -0.162255
   -0.150196    -0.765534  -0.00712519      1.26916     0.581729     -0.72375     0.633498     -1.63021      2.31697    -0.274791     -1.25976      1.05495    -0.801724      1.17784     0.923492    0.0741078      2.34358    -0.989134      1.08676     0.687346    -0.470864     -1.34072      1.18319     0.705508      1.27464    -0.422222      1.07622     0.924665     0.131916      -1.2162     -2.80266        0.564
   -0.900551     0.270112      2.24462    -0.117612    -0.248215    -0.795033     -1.01495    -0.264149     0.406931    -0.434172     0.322799      1.41457     0.773685   -0.0195476      2.03724       0.9409    -0.861226   -0.0662585     0.595059    -0.134679      0.43193     0.965616     0.897237     0.374139    -0.249931    -0.947905     -1.16667     0.299704    -0.852153     0.217136      0.27913      1.33609
     1.32906     -0.45932     0.413818     -1.00324     -0.47461    -0.191264     0.750213   0.00351393     0.219177      0.58623     0.941648    -0.670329     0.158217    -0.249956     -1.00864     0.575615     -1.96506    -0.598772     0.385129     -1.21294      1.68606    -0.576462    -0.797323     0.297763     0.446572    -0.998592      1.24715    0.0208166      1.21422      1.16891     -1.18816      1.08506
    -1.00286    -0.207305    -0.098924    -0.373322     0.572329     0.137464    -0.898403     0.476908    -0.801866    -0.234919     0.252317     0.510414     -1.10438    -0.139657    0.0283202     0.880725     0.876963   -0.0180863    -0.437318      0.25873     -0.86126    0.0615192    -0.342929    -0.567625     0.750107     0.649809    -0.609371       0.3439    0.0428749     0.462122     0.387528     0.484207
   -0.664719      1.32617    -0.972421      -1.0622     0.312642      0.45153     -1.09094    -0.236145     0.322929    0.0566105     0.236992     -0.10171     0.138601     0.298227     -1.59469      1.15822    -0.145809     0.338256     0.309045    -0.057743      1.28169      1.44129     0.152829    -0.290164    -0.483579   0.00896478     -1.03627     0.892026     0.823834    -0.150929     0.162035    -0.822809
    0.789987   -0.0622413     -1.19111     0.446491     -0.91752     0.161621     0.383292    0.0291903     0.470944    -0.200509     0.813459     -1.00127     0.340829     0.662614     -2.14524     0.054967     0.813726     -0.57805    -0.097114   -0.0926369    -0.350185     0.574065     0.209124     0.419425     0.714911    -0.269167    -0.572965      0.71913    -0.381656    -0.684137     0.646229    -0.531228
   -0.216617    -0.524904      -1.1428   -0.0178576     0.448741     0.167257      0.69439    -0.596028    -0.229185    -0.464116    -0.214319   -0.0342609    0.0943838     0.376268    -0.230817    -0.561425    -0.215983    -0.216451     0.573514     0.863573     0.140311     -0.78532    -0.393502      1.41953    -0.355642     0.299139    -0.753789    -0.297764     0.670377    -0.420906     -0.27323   -0.0578295
   -0.599755     0.106858     0.192548     0.287635     0.286924      -1.4777    -0.462132     0.324128    -0.489966     0.260647     0.760225    -0.447362    -0.197316     0.180552     0.743883    0.0332759     0.331812     0.410952    -0.538173    -0.453322     0.521396    -0.553802    -0.590271    -0.497723  -0.00606625    -0.330006     0.994054    -0.289777    -0.837594     -0.33824    -0.521704     0.130614
    -0.49355    -0.351656      0.16383       -1.189     0.463389    0.0850127      1.29305    -0.522152     0.830761     -1.21846     0.159414      1.79965     0.597395     0.519536     -1.55169      0.71487     0.708743    -0.591071     0.334719      1.53128      1.02489     0.440667     0.171505     0.471479    -0.783017    -0.807954   -0.0802168     -1.71165    -0.385135    -0.742176    -0.859529     0.996261
   -0.069941    -0.471169    -0.316599     0.129142     0.560202    -0.586461    0.0841359     0.258096     0.397996    -0.373767     -0.25783     0.614707    -0.280123  -0.00694332     0.600165     0.466237    -0.289833  -0.00277984     0.284474     0.143922    -0.157847     -1.00494     0.361474     0.503595    -0.134448    -0.803985     0.553743   -0.0350897     0.058622    -0.427377    0.0758045    -0.482456
   -0.861757    0.0751202      1.25051      1.00288      1.90024    -0.915781     0.231362    -0.128522    -0.478214     0.913305    -0.741223     0.360719     -0.91414      3.67062      0.65109    -0.659552     -2.78343     -1.70885    -0.392801   -0.0520618      1.59232      0.42189    -0.719402     -1.20603     0.688044     -1.58242      1.19952     -1.15698     0.178444      1.66162    -0.706369    0.0556036
   -0.242697     0.810174    -0.644452    -0.593773     -0.85969     0.747259     0.375901    -0.166031  -0.00154399    -0.762292     0.504951    -0.554343    -0.314151    -0.595991     -1.06799    -0.186769     0.304253     0.997744     0.619136     0.714372     0.428245    0.0945434    -0.175587    -0.242022    -0.945678   -0.0084045    -0.113452    -0.161428      0.82252    -0.522087     0.325293   0.00315288
    -1.43754    0.0410765     0.359508      0.87709      1.21625     0.406082    -0.626705     0.108871     0.778456     0.339659     -1.00243     0.647366   -0.0745037     0.507527    -0.614114    -0.903147     0.869242     0.970865    -0.665235     0.312516    -0.618218    -0.112601     0.217517     -1.67462    -0.870855     -0.80857     0.337704     0.505634     0.173184     0.020339    0.0422002     0.191419
  -0.0758277     0.240254    -0.732245    -0.742476     0.801507     0.114566    -0.103882    -0.248742      -1.1956     0.325437     0.774405   -0.0390983     -1.34344     0.203822     -1.62657    -0.186813     -1.25818     -1.04098    0.0560553    -0.291614     0.395687    -0.449048    -0.568192      1.05339     0.786777     0.742306     0.733016    -0.260342    -0.150379   0.00692162    -0.214715    -0.723164
    0.193802    -0.270605      0.12541     0.100302    -0.495749     -0.26474     0.197406    -0.546972     0.677729     0.276772    0.0397234    -0.354406    -0.198247     0.329787    -0.464168     0.231535     0.414893    -0.236847     0.162959    -0.143929    -0.544463    -0.176441    0.0924057     0.607643     0.147902    -0.356003      1.11498    -0.574077    -0.104607     0.173747    -0.314606     0.435723
     0.71542     0.176572     0.729593       1.0969     0.688959   -0.0775884     0.130935    -0.471276   -0.0304219      1.29615    -0.462241     0.504651    -0.228549    -0.918274     -1.23344    -0.279971     -1.06192    -0.134601     -0.35469    -0.175389     0.251382    -0.760367    0.0044532    0.0360969     0.221783    -0.379153      1.53258    -0.539641    -0.162792    0.0987934    -0.843507    -0.393819
    0.748442     0.334873     0.424954      1.74757      -1.0271   -0.0330552      0.59947    -0.565391      1.07219    -0.758967    -0.848115    -0.246829     0.246047     -0.17846     -0.14251     0.648602   -0.0507168      1.26287      1.32541    -0.259794     -1.06746    -0.591599    -0.281842     -1.01306     0.962806    0.0124408    -0.725817     0.415153    -0.233519     -1.10318    -0.325424     0.952109
   0.0934291    -0.387817    0.0138024   0.00291373   -0.0344795    -0.275574    0.0950933    -0.224891     0.453545    -0.208442    -0.315841    -0.296135    -0.143913     0.183915     0.405793     0.706757    -0.128377     0.278939   -0.0305256    -0.265172     0.136087     0.184054    0.0335804     0.161565     0.182175    -0.408389     0.133451    -0.256781    -0.132527    -0.581154    -0.167787     0.304338
     0.15225     -1.04814      1.85838    0.0879572     0.583031   -0.0084176   -0.0229051      1.38419    -0.542526     0.947963     0.450874     0.657095     -1.31571     0.455375     0.879546     0.936933     0.642156     -1.30469    -0.524994    -0.346347     -1.85385     -1.52785      0.86939     0.455688    -0.479457    -0.342478    -0.671936     0.363179     0.225834   -0.0187194      1.24103    -0.550082
  -0.0632394   -0.0198018     -1.26162     0.880123      0.28081      1.11009    -0.355473     0.396505      1.23536    -0.105838     -1.19979    -0.579801   -0.0215705      1.30501    -0.512263      0.39954     0.659001    -0.396119    -0.166848    -0.401835   -0.0065228     0.850109     0.400285    -0.668093    -0.261886     0.715253    0.0681998    -0.480619     0.616847    -0.557674       1.0858    -0.358236
   -0.972732     -0.90408    0.0502635     0.997908    -0.375774    -0.274721     0.825615     0.926758      1.24325    -0.407518     0.668545    -0.696687    -0.171208     0.121892      3.03332    -0.317631     0.525079    0.0293764    -0.328814    -0.638083    -0.816822   -0.0173898     0.529061     -1.50605    -0.303364    -0.438392       0.8778     0.478659    -0.688497    -0.331362     0.299486     0.379206
