    0.198656   -0.0223065    -0.147449    0.0722146     0.330042     0.274924    -0.335347     0.139476    -0.158426   -0.0359812   -0.0890695     0.112426     0.049384    -0.206164     0.393226     0.657338   -0.0755491     0.244052     0.146795     0.266903     0.227253  0.000620706     0.290894     -0.36575   -0.0634287     0.175306    -0.248825    -0.152054  -0.00255249    -0.300749     0.154722    -0.088409
   0.0127602   -0.0911076    0.0322343    0.0745849    -0.254835    0.0934886     0.278023   -0.0930431    0.0357965   -0.0379044     -0.14866    0.0326705    -0.247942     0.110181     0.317456    -0.242553     0.113215     0.140675     0.290819    -0.198732    0.0714252    -0.225371    0.0683473   -0.0212631   0.00309992   -0.0981075     -0.18372    -0.472926   -0.0333683   -0.0697158     0.270694    -0.211262
    0.112598    -0.344933     0.172402    -0.214574    0.0556604   -0.0452545      0.29601    0.0484101    -0.264167     0.061746    -0.144299    -0.349846     0.159929    -0.132272    -0.283352    -0.259055     0.256437    0.0754257     -0.10225     0.304074    -0.157706  -0.00356598    -0.292434    -0.185334    0.0643102   -0.0902922   -0.0647732   -0.0359956       0.4563    -0.194926     0.451621     0.319997
    0.100465    0.0689138    -0.257618    0.0602963    -0.129725     0.201163    -0.236139     0.118685    -0.256483   -0.0107933     0.288495    0.0157564    0.0652371   -0.0866252    -0.107937    -0.138938  0.000928934     0.325485     -0.16944    -0.183573    -0.102998     0.062223   -0.0763639    0.0438379     0.201124      0.16921    -0.102378   -0.0727519    -0.164891      0.20641  -0.00734111    -0.314739
   -0.340357   -0.0617924    -0.345851     0.226562     0.188005   -0.0535952   -0.0500226    -0.178961    -0.217396    -0.425928   -0.0509721     0.429238     0.126493   -0.0923945     0.153291     0.238005    -0.161081     0.262835   -0.0887302   -0.0998065   -0.0808297   -0.0662135    -0.113912    -0.441009     0.177223    -0.138201     0.135505     0.474996    -0.333335    -0.168458    -0.359403    0.0613962
    0.255967   -0.0544588    -0.233535   -0.0927956     0.411959   -0.0878381     0.357271     0.196984    -0.224493     0.341912     0.337239      0.18775    -0.212742    -0.166252    -0.158463     0.264307     0.300394  -0.00658225     0.129599     0.231257    0.0834891     0.183184     0.208552     0.160419     0.145926     0.149692    -0.206803     -0.03401   -0.0915367    -0.357471    0.0285724    0.0808916
   0.0244718   -0.0845608    0.0498596   0.00390858     0.197695    0.0606294    -0.115126   -0.0841754    -0.221907     0.144598    -0.033617     0.291899    0.0696655    -0.258132    -0.443631    0.0721532   0.00588736     0.186797    -0.326184   0.00766145    0.0771157     0.239674    0.0794255   -0.0227038     0.154358     0.106536      0.24741    -0.159556    -0.047652    -0.142431    0.0630679   -0.0796969
    0.405275   -0.0360617     0.237154   -0.0901455    0.0999758     0.271228     0.123705     0.208994    -0.128317   -0.0994987    -0.332083    -0.547878    -0.415713    0.0531344   -0.0100429    -0.319508    -0.133701    0.0886811    0.0571905     0.104253    -0.338104     0.118183    0.0129682    -0.790349    -0.142566    0.0783149     0.191196    -0.241268     0.178524     0.052032    0.0701149     0.144661
   -0.182882    -0.057842    0.0700308     0.276651    -0.162104     0.165322     -0.13262     0.200656    0.0236325    0.0895968    -0.374855    0.0816558    -0.110912    -0.123647    -0.109815    0.0451433    0.0581723   -0.0217167     0.292258     0.106877    -0.114916    0.0528029    -0.248005    -0.212461   -0.0238409     0.156029     0.382366     0.454402   0.00120409     0.335586    -0.261782    0.0657996
  -0.0706977   0.00194149     0.255357     0.150268   0.00585929      0.52398     0.119538    -0.356236    -0.608824      0.13117     -0.64263   -0.0490633     0.235242    -0.117786    -0.201517  -0.00652259    -0.301275     0.193856     0.415042   0.00699567    -0.087566    -0.261043    -0.431433    -0.467892     0.410584    -0.243525     0.580111   -0.0843682     0.411373    -0.266198    -0.169688   -0.0476444
   0.0899921     0.439175     0.294955    -0.168434    -0.285364    -0.202621       0.1174    -0.375505    0.0198576    0.0104403    -0.441764    -0.131122   -0.0582777   -0.0661297     0.213758    -0.257408  7.27151e-05    0.0441093     0.195512    -0.395042   -0.0331408    -0.432834   -0.0779512    0.0894402     0.268013     -0.25163    -0.016941     0.201722     0.273687     0.136938     0.100702    0.0748162
    0.139431     0.104698     0.138614    0.0533767    0.0470333   0.00329576     0.070203    -0.046868    -0.142774    0.0621176    -0.212063     0.122874   -0.0114337    -0.279046    -0.105047  0.000488217   -0.0412281    0.0183358     0.399171    -0.199335    -0.160755    -0.333925     0.151145     0.013441     0.213877    0.0272053    0.0205884   -0.0191785     0.259099    -0.163178     0.124052     0.127513
   0.0558514   -0.0715272     0.161168     0.373739     -0.20138    -0.171661    -0.195351   -0.0590715    -0.265918   -0.0203156    -0.112798    -0.227162     0.183711    -0.039354     0.168867   -0.0428573   -0.0128799    -0.117663     -0.12497     0.205894    -0.106474    0.0805321   -0.0757399    -0.127719     0.143576    -0.509444   0.00319311    0.0794542     0.211864    -0.127793     0.230775   -0.0528713
    -0.21704     -0.14544     0.146816    -0.134368   -0.0449464     0.165688    -0.312417    0.0557378    -0.287584   -0.0207507     0.130563     0.106096    -0.159636    -0.249531    -0.372936    -0.151176   -0.0610667    -0.215189   0.00597875    0.0224761     0.284272     0.112719   -0.0731724    -0.079422     0.042409    0.0559607     0.101647     0.371083     0.108404     0.103964     0.419544    0.0736856
  -0.0413124   -0.0478092     0.301329     0.205502     0.279064    -0.290799     0.410855    0.0697444    -0.223764     0.330549    -0.119934     0.328408    -0.425792     0.221507    -0.346639   -0.0390598   -0.0381913     0.188255    -0.114737     0.024152     -0.18498     0.053842    -0.371464   -0.0531899     0.106938    -0.213805    0.0275812  0.000722211     -0.12074   -0.0256087     0.137503     0.196125
    0.257108    0.0653691      0.25199   0.00229825    -0.153032   -0.0919499     0.329335   -0.0285387     0.246446    0.0151763    -0.414852     0.130061   -0.0509478     0.348962    0.0710775   -0.0759847    0.0583457    -0.196446    0.0260639    0.0568818    -0.168181    0.0680794    -0.123638    0.0165152    0.0695875  0.000855464   -0.0716788      0.11341   -0.0676926    -0.174142    -0.199127     -0.12452
    0.352471     -0.17378    -0.181642     0.117631    -0.317596    0.0575887     0.217354    -0.105703    -0.290974    -0.204857    -0.369678     0.165184   -0.0137177  -0.00331653     0.184483     -0.11265     0.090307     0.262575    -0.243112    0.0518982     0.240703   -0.0408101    -0.205329    0.0695626    -0.296662    -0.173738     0.202656     0.199711     0.134977    -0.211107     0.100335    0.0863314
   -0.105918     0.129006    0.0564869     0.431746   0.00789262    0.0880932   -0.0869042    -0.282644    0.0409306     0.263097      0.14839     0.425088   -0.0352155    -0.229473     0.133669    0.0293247    -0.156704   -0.0525366 -0.000645492   -0.0404489   -0.0982048     0.213015     -0.17804     -0.03266      0.35528    -0.163455     0.450791    0.0926496    -0.110051      0.12926   -0.0147666    -0.160345
    -0.46496     0.209946    0.0911799    0.0435853      0.16901    -0.142777     0.309766      -0.1791     0.221978    -0.244122    0.0468589    -0.290111    -0.370824    0.0841348       0.2182     0.115793     0.218293     0.206675   -0.0778831     -0.14866    0.0520697    -0.279366     0.161092   -0.0765568     0.140243    -0.108395    -0.314768    -0.125037    0.0656709    -0.226727     0.276272    -0.274984
    0.374136    -0.195092     -0.17921    -0.421183     0.188566   0.00289165     0.080151     0.370091     0.268676    0.0992121    0.0238834     0.447272    -0.286584    0.0369875     0.205692    -0.166087     0.213204     0.125326    0.0409493     0.198635    0.0121222     0.169604    -0.405394    -0.188175    -0.251482    0.0869333    0.0932819     0.260217    -0.186961    -0.116865    0.0155653    -0.108503
   -0.204897   -0.0309151     0.445638     0.374117    0.0451079    0.0918429    -0.203483    -0.111015    0.0955094    0.0385959     0.375496     0.114657     0.495137   -0.0359996   -0.0872086    -0.190693     0.279951    -0.412692  -0.00924055    0.0610478     0.713056     0.237643     0.133669   -0.0773227    -0.274286     0.182413     -0.10361    0.0913307    -0.026673     0.329694    0.0243868     0.384572
    0.151167     0.300866    0.0619812   -0.0226153     -0.13737    -0.121406    0.0617918   -0.0106964    -0.117806   -0.0475337    -0.247255    -0.208092    0.0203999      0.19467    -0.396565     0.141459    -0.257628    -0.246715     0.050758     0.179513   -0.0104111    -0.204517     0.162075   -0.0453301    0.0769995    0.0881404   -0.0019311     -0.76836    0.0617908    -0.124088    0.0608709    -0.206699
   -0.165111      0.12657    -0.206867     -0.16632    0.0801075    -0.208345    -0.448726    -0.150451    -0.384163    0.0298729    -0.425867   -0.0339401     0.328302    -0.335782   -0.0927671      0.44094     0.292659     0.395186     0.238775    -0.251972     0.157407     0.113961    -0.110366    -0.280688     0.204727   -0.0942136     0.246219  -0.00871989   0.00825208    -0.303763     0.224114   -0.0503605
    0.243675   -0.0864801    -0.413454    -0.187533   -0.0480928    -0.109046    0.0784116    -0.583034   -0.0301001    -0.236898    -0.529536    -0.256586   -0.0597678     0.145398     0.355731     0.381212     0.038342    0.0405082     0.027419     0.151281    0.0247982    -0.322416    0.0622637    -0.280175    -0.498303    -0.675442     0.297559    -0.213452     0.136975    -0.297911     0.263861    -0.345596
    0.226958    -0.107025    -0.297334    -0.505598   -0.0138503    0.0549652    0.0484447    -0.292785    0.0765768    -0.213267    0.0458216     0.116604     0.129194    -0.183927      0.38158     0.196963     -0.27003   -0.0591175     0.186181    -0.087416    -0.071867      0.17803   -0.0877879    -0.216656    0.0549031    -0.261321     0.174774    -0.126727    0.0370621     0.136037    -0.190365   -0.0485342
   0.0409285    0.0525406      -0.3124   -0.0254571     0.234695    -0.276373     0.127647    -0.236296      -0.2608     0.336104    -0.272439    -0.337594   0.00312821    -0.146085     0.236283      0.19777     0.125212    0.0150572     0.241193    -0.362758   0.00150812   -0.0200505     0.433472     -0.38311   -0.0510224    -0.509984    0.0796255    -0.308375     0.538887    -0.437338    0.0622341    -0.149152
    0.076956   -0.0453675     0.181073     0.148405    -0.378063   -0.0908353   0.00687993    -0.450864     -0.11003   -0.0849433    -0.545192    -0.268662     0.250175    -0.220468    -0.185258   -0.0295699     0.174634    0.0718553      0.11031    0.0772144     0.334285    -0.294441    -0.115175    -0.299778    0.0825499    -0.324242     0.304701    -0.143006     0.235064    -0.103408     0.274288     0.347086
   0.0293776     -0.23747     0.348581    -0.553755       0.4728     0.240978     0.436102    0.0724198      0.18664     0.203891     0.489012    -0.295986   -0.0897726    -0.206337    0.0388944   -0.0362827    -0.262512    -0.199087   -0.0919482     0.392746    0.0413857    -0.156532     0.168427    0.0110483     0.695482     0.199328     0.386126    -0.148295     0.406811     0.131665     -0.56664    -0.276851
    0.330729    -0.233674     0.198734    0.0432122  -0.00295314     0.216545    -0.406283    -0.354806    -0.266078    0.0678225    -0.174266     0.241863   0.00487818    -0.189944   -0.0423465    0.0970543    -0.191256     0.200542     0.052064    -0.149073    -0.472523  -0.00899992    -0.297423   -0.0892556    -0.110754    -0.210414     0.185958    0.0526929     0.136474   -0.0483351     0.188763     0.238828
    0.434666     0.254168   -0.0733013    -0.249679      0.22312     0.283485    -0.193467     0.175741     0.151644     0.355828   -0.0252144     0.205268      0.12058    -0.503854     0.339675    -0.162514      0.11407    -0.280999    -0.173869    -0.203046   -0.0604608    0.0767182     0.183731   -0.0829471   -0.0439206    -0.142967    0.0512062     0.058271     0.176771     0.194607     0.124185     0.292104
    0.168453   0.00876185     -0.37109   -0.0398005  -0.00195828    -0.302506     0.770584     0.424954  -0.00454602     0.596476    -0.080715     0.299456     -0.38367     0.341853     0.452391     -0.13969   -0.0757665     0.262086     0.152752     0.143579    -0.331911     0.328094     0.144492   -0.0923861    -0.195189    -0.375151   -0.0856801    -0.280913    -0.411849    -0.388844     0.264164     0.373468
    0.373156     0.213825    -0.453267    -0.441142     0.370581     0.903431     0.229173    -0.213779    -0.111497     0.121479   -0.0884497    -0.165414     0.343736    -0.142215   -0.0936391    0.0340479    0.0725223     0.587544     0.225514    -0.228503     0.283229    0.0950241      0.34891    -0.377252    -0.111742     0.102006     0.473289     0.235157   0.00715103    -0.663156   -0.0626816    -0.164601
    0.245622   -0.0666441   -0.0392294     0.163793    0.0647908   -0.0475311    -0.100351    -0.161015     0.101561    -0.228924     0.140799    -0.254462    -0.538182     0.225061    -0.187311     0.196724    0.0694827     0.180193     -0.28399     -0.12237    -0.578936   0.00305728     0.281911    -0.290539     0.260597    -0.131287   -0.0552137     -0.41986   -0.0494909    -0.183316   -0.0312986    0.0877285
    0.306374     0.117408    -0.545306   -0.0925744    0.0658242     0.202739   -0.0761726     0.219122      -0.1253    -0.084663    0.0886512     0.103452   -0.0544082   0.00910469     0.194804       0.2631    0.0931183     0.499186     0.360588    -0.165798   -0.0814115    0.0214275   -0.0415062    -0.164375     0.190171    -0.249875     0.351987    -0.182138     0.456258    -0.335513  -0.00227132   -0.0249908
   -0.223681  -0.00931259     0.168654    -0.424675   -0.0314317  -0.00223272    -0.394755    -0.167056    -0.182929     0.127932    -0.110206    -0.387757    0.0405489    -0.206238    -0.165363    -0.231274   -0.0115481   -0.0793094    0.0162209   -0.0536095    -0.100577    -0.159438    -0.164257    -0.250802     0.124603   -0.0374378     0.401467   -0.0325743    -0.200213    -0.309734   -0.0993655     0.220412
    0.226043    0.0186594    -0.192768   -0.0726177     0.489952   -0.0296975    0.0206306    -0.143958     0.152967     -0.32813   -0.0760015    -0.389097   -0.0894919     0.127873    -0.184812     0.433727    -0.278455     0.589451    -0.204126    -0.385862     0.128434    -0.300636    0.0100602    -0.262001   -0.0289774    -0.341488      0.32104    -0.338677    -0.214518    0.0892688   -0.0664133    -0.511359
   -0.313123    -0.107761    0.0748967     0.219418    -0.093714    -0.341799     0.379166    -0.104612   -0.0370286   -0.0088011    0.0237934     0.278431    -0.181576  -0.00109866    0.0953805    -0.153947    0.0821365     0.199607   -0.0731128    -0.256683    0.0988079     0.105598    0.0728468     0.320537    -0.125488    0.0719781     0.119426     -0.16829    -0.421863   0.00891528    0.0698604   0.00551124
   -0.137553    -0.285075    -0.380051     0.224846   -0.0279241   -0.0571516     0.203511   -0.0158999    -0.053847     0.269962    -0.157124    -0.244959    -0.155316    -0.374888    -0.124689    -0.132256     0.171587    -0.185488     0.103459   -0.0482734    0.0268384     0.452267    -0.194192     0.316277    -0.145717     0.128721     0.261957     0.153203      0.33123     0.112973    -0.177921   -0.0811927
   -0.453808     0.137885   -0.0432631  0.000346605    -0.127484     0.229237    -0.152335   -0.0516316    0.0285335    -0.208238    0.0994435     0.228201    -0.188994     0.115398    -0.279145    -0.301849    -0.304891    -0.268179    -0.187354   -0.0131759    -0.116084    0.0210085    -0.161107    -0.248809    -0.247767   0.00724652      0.28265     0.100256    0.0760713    0.0162462   -0.0297135    -0.228419
   0.0212727  -0.00327699     0.196293   -0.0906493     0.371423      0.26499    0.0365081    -0.544098     -0.26364     0.295858    -0.277171    -0.666098    -0.313099    0.0228758    -0.257894    -0.159628    -0.308975    -0.133393     0.164222   -0.0841871     0.184226   -0.0917332     0.224103     -0.93127    0.0610219   -0.0952289     0.373207    0.0608013     0.189305     -0.59707     0.268685     -0.13606
    0.023391    0.0716011   -0.0806583     -0.32953     0.363052     0.173329    -0.034242    -0.090676     0.257255     -0.14728    0.0415638   -0.0779512    -0.143286   -0.0268862   -0.0181665     -0.17398      0.25634   -0.0802131    -0.304499    -0.207904      0.18466    -0.211594   -0.0603891     0.030281    -0.188208   -0.0940862     0.076266     0.133561       0.1213     0.244721    -0.116181    0.0507692
   -0.309526    -0.159647    0.0481522     0.137708     0.096792    0.0720249   -0.0466508   -0.0494837   -0.0557121    0.0306387    -0.221476    0.0322836    -0.106373  -0.00388426    -0.203323   -0.0123301   0.00525999      0.14774       0.2294    0.0913891    -0.120517   -0.0295456    -0.234628    -0.401121    -0.535245   -0.0572415    0.0138006     0.489967     0.173956   0.00439783    -0.342273     0.163851
   -0.104045     0.125897    -0.111277     0.181871     0.115888    0.0712211     0.241794      -0.1048    -0.293408   -0.0289206     0.114186    -0.435616    -0.307618     -0.24761    0.0163665    -0.171801     0.142245   -0.0157375   -0.0958045   -0.0521629    -0.179549   -0.0303915    -0.149852   -0.0254832     0.245626    -0.027588     0.224809     0.206699    0.0995926     0.190642    -0.278259      0.24724
    0.205965   -0.0119843    0.0813645    0.0701947     0.520351     0.408237    0.0339071   -0.0316192     0.102504      0.30277    -0.105376      0.17302     0.135618    -0.433383    -0.116241  -0.00880111      0.36635    0.0793966     0.186377     0.180253   -0.0462051     0.483239    0.0206312    -0.570849   0.00129891    0.0710567     0.144367     0.309405    -0.158924     0.134317    -0.306437    0.0862956
     0.10334    -0.369785     0.350875     -0.27929     0.140646    0.0267129      -0.5702   0.00190679    0.0390821    -0.274667    -0.119709   -0.0594704     0.140959   -0.0920615    -0.119977     0.134359     0.123182     0.300552    -0.060876    -0.457584     0.050491    -0.237436    -0.352674     -0.49422    -0.080973    -0.248473    0.0647746   -0.0302165     0.364203     -0.37728   -0.0109087     0.301397
   0.0886453    -0.300353   -0.0500695     0.304802     0.193495    -0.176014    -0.264097    -0.271805   -0.0730535     0.156557    0.0186233     0.126429    -0.195798   -0.0453262    -0.215695      0.20546    -0.141881    0.0249248   -0.0224852   -0.0460306    0.0209763    -0.151903      0.18993  -0.00344787    -0.139112    -0.208039   -0.0269966      0.13661    -0.163285     0.221627     0.160836   -0.0678642
    0.234959    0.0957432   -0.0277112     0.291701     0.296324    -0.331172     0.236236     0.325514   -0.0239666   -0.0869609     0.209788  -0.00501057  -0.00104036    -0.142376     0.317007    0.0157424     0.321985    -0.237798    -0.125073     0.308324     0.344581     0.367706     0.112546    0.0548962    -0.570707     0.111078    -0.151289     0.197015     0.121414     0.303384    0.0313172   -0.0286914
   -0.119877     0.288057    -0.153446      0.13066    -0.106102    0.0648856     0.241013   -0.0635742    0.0288767     0.108242   -0.0570165     0.321537     0.346178   -0.0554992    0.0168118     0.319677   -0.0523757     0.258875    -0.520645      0.18902    -0.103244    -0.235143    -0.167332    -0.275681    -0.105438  0.000268829       0.2084    -0.291646     0.388685    -0.100984      0.34624    -0.120631
   -0.134748   -0.0415111    0.0422462    0.0668284   -0.0392706    -0.176791   -0.0507486    -0.373246    0.0576827      0.20708    -0.350031    0.0371606    0.0170507    -0.207036    -0.131843    -0.367727    0.0549942    -0.120386     0.211129     0.203831    -0.278633   -0.0504574    0.0117358    -0.138711     0.197872    -0.332003    0.0414829    0.0247115   -0.0872979    -0.232485     0.110867    -0.116234
  -0.0375257    -0.199331     0.267277  -0.00474074   -0.0839999     0.333601    0.0803853     0.123966    -0.262656     0.477572    -0.556492   -0.0548593     0.175473    -0.133543   -0.0787967    -0.264133    0.0708971   -0.0459501     0.325908    -0.170114    -0.079736    -0.164925     -0.23909    -0.193219    0.0583376    -0.414956     0.194748     0.453257     -0.10678    -0.256297    -0.257705     0.499559
   -0.350457    -0.201325     0.142171   -0.0206536    0.0430351    0.0426134   -0.0759635   0.00997211   -0.0360909    -0.163111     0.346443     0.247834    -0.119202      0.18263    -0.302612     0.024511    -0.239796     0.135459     -0.19788     0.033952   -0.0924833    0.0656672    -0.170351  -0.00522613     0.163201    -0.160475    -0.135302      0.14266   -0.0303735    -0.226722      0.19624     0.140274
    0.186221    -0.399776     0.189688    -0.218497    -0.804247     0.221242     0.459844    -0.174297     0.199322     0.507181    -0.726401    -0.293659    -0.325447    0.0166014     -0.13606    -0.509184     0.578266    -0.644277     0.391404     0.401799    -0.156336    0.0162334    -0.268411    -0.474543     0.143411     -1.03594    -0.657907    -0.749354     0.163349    -0.486556     0.532297     0.203913
  -0.0343149    0.0274141    -0.132188   -0.0800326    -0.255369     0.478134   -0.0762093    -0.148376    -0.111658   -0.0456498    -0.407407    -0.590659     0.450141     0.326896     0.289366   0.00765556     0.282919    -0.307752     0.276556    -0.234145    0.0246009    0.0994952    -0.307571    -0.161398     -0.24712     0.142887    0.0844551    -0.185022    0.0781562     0.216089   -0.0761481    0.0791177
   0.0920449    -0.378288    -0.207227   -0.0270924     0.342108    -0.239332     0.172504    -0.062096  -0.00292437    -0.153725      0.22682     0.590513     0.214605    -0.276924   0.00464682    0.0689671    -0.105788     0.280152    -0.136367     0.151623     0.239309     0.237976    -0.303863     0.180086   -0.0977924    -0.343637    -0.205851    -0.133904     0.216646    -0.462993       0.1186    0.0651167
   -0.251974    -0.124345  -0.00124244    -0.158414     0.160019     0.196966     0.111007    -0.219749   -0.0145836     0.338642    -0.204656     -0.13553     0.197422   -0.0326436    -0.142667      0.27382   -0.0628077     0.158075     0.124546   -0.0636503     0.155168      0.31753     0.118743    -0.172677    -0.107161    -0.249258    0.0537781    -0.368279     0.167131      0.19375     0.198562    0.0316605
   -0.201727    -0.193651    -0.201372     0.178272    -0.360019    0.0662077   -0.0971909    -0.027099    -0.435199  -0.00278144     0.137948     0.152135    -0.245555     0.136381    -0.306128    -0.299815   -0.0462611    0.0243422    -0.438448    -0.169789    -0.219563  -0.00521766    -0.375124   -0.0718976    0.0832011    -0.245382    -0.165875     0.181563    -0.360132    -0.276086     0.175604     0.335778
    0.111805    -0.011405    -0.625058   -0.0602442    0.0611292      0.48362    -0.161048      0.15039    -0.148457    -0.906511    0.0445675    -0.273531    -0.533388     0.193787     0.483613     0.440847   -0.0571828     0.411673   -0.0909791    -0.574032    -0.270231    -0.349056    -0.214698    0.0756272    -0.113049   0.00488548     0.519602    -0.122023     0.185496     -0.33275     0.147534     0.132736
    0.273741     0.224793      0.31708    -0.182481    -0.190954    -0.149631     0.362509    -0.357618    -0.500293    -0.153065    0.0275204    -0.289233     -0.29677     0.202049    0.0135805   -0.0839017    -0.182704    -0.319729    0.0912356    -0.241787     0.261471     0.395924      0.15824    -0.264425    0.0837841    0.0835303     0.123332      0.23476    0.0596397     0.301562    -0.208415     -0.19037
   -0.377528    -0.237875     0.176737     0.058357    -0.033733     0.104722    -0.149246     0.301767  -0.00024898     0.210618    -0.284965     0.152381     0.192664    0.0366187     0.390171    0.0645122     0.176289    0.0360492    -0.102353    0.0881742    0.0601928    -0.220735    -0.172967    -0.275894    -0.272555    -0.157753     0.222438    -0.046996    0.0205239   -0.0364999    -0.226739    0.0148185
    0.147146     0.236756    -0.259776   0.00187207    -0.215041      0.45448    0.0870754     0.208831    -0.546248    -0.230876   -0.0189211    -0.193162    0.0606078   -0.0744292    -0.322161    -0.277063   -0.0945326    -0.129486    0.0212626    -0.385667     0.162988    -0.343503    -0.525209    -0.145598     0.337995    -0.235329     0.437522     0.550915     0.345966     0.469939    0.0132176     0.202058
     0.13822    0.0247952    -0.155474    -0.139919    -0.101571     0.438396    -0.152707     0.169624    -0.381784    0.0574817    -0.320721   -0.0110437     0.188805    -0.498052        0.324   0.00447405    0.0219986    0.0353384     0.161246    -0.316869    -0.131388     0.270227    -0.340445    -0.327895    -0.176741    -0.155682   -0.0643122     0.136571    -0.225637    -0.427684     0.564003     0.524206
    0.164186    -0.151229  -0.00451124   -0.0107398    0.0797817     0.308184     0.151788     0.111578    0.0844081   -0.0225303     0.115441   -0.0569568     0.120228    -0.289656    -0.196583    -0.216747    -0.272152   -0.0416441    -0.177398    -0.163145     0.387148    -0.250937    0.0859899     0.455066    -0.251768     0.101156     0.133721     0.394436     0.156589     0.275167     0.177368    -0.601949
 -0.00622624    -0.180564     0.219042     0.288977    -0.116395    -0.529907    -0.087743    -0.289771     0.123233   -0.0696899    0.0802364    -0.234685    -0.413839   0.00345019    -0.339201   -0.0499946    -0.182369     0.147518    -0.224136    0.0940115    -0.109003   0.00977171    -0.150755   0.00681375    0.0400308    0.0135813    0.0656289    -0.184028    -0.134128     0.285012     0.176637    -0.154752
   -0.199939     -0.14153   -0.0121335   -0.0439193     0.299784    -0.277872    -0.193913    -0.081669   -0.0843662  -0.00558218    -0.136201      0.32653    -0.134372    0.0909515   -0.0617335     0.176478   -0.0741827     0.303529   0.00320826    0.0211065   0.00968279    0.0263454     -0.24829    -0.124002     0.159633    -0.149879      0.15666    0.0503382    -0.336837   -0.0940887   -0.0936486    -0.037314
    0.167769    -0.198578    -0.157442    0.0919871     0.112961    -0.112112    -0.206757    -0.357575   -0.0574361    -0.117202    -0.114677     0.173814     0.105628   -0.0992815    -0.535303     0.263312   -0.0290069   -0.0643841    -0.362212      0.11386    0.0924444     0.204182   0.00791527    0.0566518     0.231476    -0.116603    0.0923871    -0.013387    0.0201384   -0.0867685    0.0782365     0.340351
  -0.0769831     0.156031    -0.286092   -0.0348271     0.171394   -0.0234921   -0.0533298    -0.215193     0.138545   0.00384448   0.00913887     0.061139   -0.0370243    -0.100005     0.188813    0.0164147    0.0346661    -0.120774     0.149738    0.0291852     0.326016   -0.0425843      0.01571   -0.0425294    -0.329227  -0.00148183    -0.173335     0.262406     0.287143     -0.21359     0.188614    -0.213675
     0.26104   -0.0783079    -0.283598    -0.053963     0.151961   -0.0215871    -0.347404    0.0722627  -0.00610135    -0.305058   -0.0579106    -0.149104    -0.191908     0.012972    -0.152373    -0.210837     0.194399   -0.0305586    -0.194177     0.210487    -0.328074     0.289056    0.0723572     0.118796      0.23696    -0.375015   0.00536239    -0.346415     -0.28862     0.211036    0.0738807     0.252794
   0.0564814    -0.464867     0.069612  -0.00155452    -0.442064    0.0805538     0.260182      0.31873    -0.113186     0.719284    0.0136149    -0.134133    -0.163974    0.0650236     0.120242    -0.175362     0.305284     0.172331    -0.139354     0.422254   -0.0673773    -0.103419     0.213105    -0.223127    -0.524319     0.301937     0.186208     0.190388    -0.285005     0.224612     0.305648    -0.207166
 -0.00314324  0.000681523    -0.108725    -0.195778    0.0105128  -0.00521877     0.176632    -0.119398   -0.0439308   -0.0408602     0.228892   0.00634004   -0.0813626     0.170517    -0.422762    -0.237196    -0.226364     0.187995    -0.326466     -0.14351    -0.147622    0.0490849   -0.0264436     0.199928     0.402821    -0.135206     0.350502    0.0905525     0.226777     0.141533     0.187316      0.14935
    0.371692   -0.0578042     0.286085   -0.0663533    -0.383753    -0.449501   -0.0617669    -0.240787    -0.376249     0.205517   -0.0409109    -0.215481     0.246721   -0.0957943     0.161869    -0.272243    -0.025302    -0.180908     0.196139     0.294821    -0.188201     0.136255     0.239885     0.085877    -0.183751   -0.0905389   -0.0993932    -0.114645      0.42858   -0.0464541      0.35137    0.0757003
     0.03412     0.193588     0.253339     0.196401   -0.0826977    -0.228348    0.0240207    -0.116803  0.000947849     0.315936     0.173554    -0.297038   -0.0524383     0.220037    -0.303402    -0.117882    0.0681013    -0.240444    -0.360065     0.548596    -0.368867   -0.0732444      0.20859   -0.0695859    0.0643127    0.0351443  -0.00522786    -0.501243    -0.166362    -0.249055    0.0230866    -0.234144
    0.465241   -0.0874057   -0.0979435   -0.0471086    0.0909616    -0.383642   -0.0709044    0.0885275     0.225667    -0.206887    -0.113119     0.130875     0.520617    0.0862431     0.245092     0.134936     0.247386     0.314581    -0.354046     0.178793    0.0560835      0.12513   -0.0959773    0.0562347     0.132259    -0.152702    0.0780587     0.071162    -0.142919   -0.0217032    -0.415679    0.0733841
  -0.0930852    -0.141238   -0.0811516    -0.227826     0.125363     0.175856    -0.304337    0.0208856   -0.0480991    0.0136849    0.0114671     0.116083    -0.148753    0.0217687   -0.0952006    0.0718562    -0.233438     0.432619   -0.0365296    0.0251476    0.0568941    -0.051977    -0.155924     0.201423    -0.076067    -0.278113    -0.187302     0.179288     -0.24243     0.147843    0.0945009   -0.0337166
    0.111132     0.125402    -0.020145  -0.00390165    -0.231679     0.107901     0.570671      0.29737    0.0829695     0.143885    -0.214145    -0.139163    0.0669158      0.13312    -0.277193    0.0986452    -0.203139     0.260898     0.335104     0.260755    -0.155593    -0.188507    -0.390154     0.199864     0.182287    0.0387153    -0.382702    -0.312929     0.392474  0.000579864     0.055012      0.13478
    0.280335    0.0890049   -0.0393951     0.190634    0.0787158    -0.435386    -0.211296     0.173889     0.280756     0.221032     0.128665  -0.00384311     0.373181    -0.118757    -0.146497     0.327191     0.363841    -0.202343    -0.124194   0.00234295    -0.049722     -0.11347   -0.0593606   -0.0399235     0.107632     0.213212    -0.306122   -0.0977781      0.14008   -0.0427692    0.0914278     0.541309
    0.257195   -0.0476216    -0.249521     0.097229     0.119833    -0.189007    0.0145236    -0.228601    -0.111549    -0.253148  -0.00499443    -0.168668   -0.0960072     0.112754    -0.270175     -0.11844     0.333902    -0.145758     0.132241   -0.0103577   -0.0716014    0.0787531    0.0141523    -0.384816    0.0542373    0.0266675    0.0760997     -0.20938     0.215323    0.0638396     0.479398    0.0163816
    0.232636    0.0440538     0.323322    -0.184121    0.0528575    -0.494657     0.196888    -0.484308    -0.354182    0.0834774    -0.341362    -0.104194    -0.356426   -0.0746737    -0.201858    -0.435301      0.13058     0.255962    -0.121234     0.163996   -0.0164731    -0.184956    -0.339381    -0.244014    0.0790624    -0.275935     0.125525     0.230748    -0.181684    -0.430017     0.248142  -0.00130375
   -0.096051    -0.114592    -0.107833    0.0819931   -0.0373802    -0.103664   -0.0682994     0.129975    -0.147465     0.107041    0.0256735  -0.00367019     0.269094    0.0187691     0.250956    -0.164852   -0.0676482     0.280003    0.0340573    -0.304755     0.544815    -0.108568    -0.179236    -0.389001    0.0436094     0.399272    0.0222032    0.0620567     0.182914      0.12431    -0.194197   -0.0580428
    0.436001   -0.0452206    -0.232059    -0.313234   -0.0942714   -0.0968059    0.0140594   -0.0928709    -0.355279   -0.0546921     0.302167     0.207085    -0.160863   -0.0395648    0.0223619     0.252987    -0.264659     0.543536    -0.185782    -0.257392    -0.392294     0.241047    -0.312049    -0.417189    0.0705317   -0.0318248     0.146993     0.482478    -0.408847    -0.327213     0.381982  -0.00874035
  -0.0843477   -0.0604092    -0.131182     -0.17253    -0.180341     0.323277    -0.502346    -0.189382    -0.182719    -0.231102    -0.111609    -0.194728     0.201185     0.117912    -0.110079   -0.0350065    0.0558225    0.0624756    -0.374541    -0.449395     0.124259   -0.0706364    -0.387283  -0.00282835    -0.311322    -0.206779     0.400756     0.123157    0.0741249    -0.129258     0.270658    -0.051645
  -0.0756458    0.0562077    -0.102406   -0.0295946     0.274203      0.17451     0.195342     0.356801     0.152046    0.0349622    0.0316785     0.216411    -0.083136    -0.378202   0.00354408   -0.0137737   -0.0886386    0.0530245     0.104554    -0.103763    0.0483286     0.190818    -0.040481   -0.0547979    -0.373292   -0.0171279    -0.147722   -0.0401754     0.112452     0.308443    -0.267267    0.0838062
   -0.258722   -0.0732128    -0.115049    -0.156115     0.174567    0.0725655    -0.482878    -0.436144    0.0750239    -0.058547    -0.255216    0.0641896      0.19032  -0.00639671     0.383202   -0.0633946    0.0883239     0.114892    -0.111946   -0.0690876     0.118189    0.0883072    0.0642777    -0.254642   -0.0121129  -0.00821079   -0.0270027     0.113978     0.223492     -0.29253     0.148874   -0.0173787
     0.10493   0.00149913     -0.41073    -0.242399     0.104271     0.308547    0.0818767   -0.0433542    -0.220337    -0.147838     0.320063      0.21754    -0.358255   -0.0796895    -0.229521     0.273678   -0.0209416     0.598784   -0.0104661    -0.356503     0.417932    -0.454865    0.0681371    -0.360611   -0.0265862    -0.445225     0.397072     0.101962    -0.112604    -0.312706      0.11522     0.106576
  -0.0308638    -0.233967    0.0014001     0.204916     0.262879     0.395357     -0.36204    -0.121187    -0.570974     0.185966    0.0422926     0.339672     0.428906    -0.355708    -0.191868    -0.079381     0.242128    -0.175717    -0.196844   -0.0056855     0.149235     0.385728    -0.265248    -0.529549    0.0848415    -0.176274    0.0339234      0.31629   0.00853491    0.0820388     0.211984     0.544115
   0.0345455    -0.258359   -0.0641271   -0.0444209      0.15138    0.0674548    -0.209868    0.0313147     -0.15721    -0.211623    -0.357164     0.369909   -0.0512265   -0.0282266     0.114753   -0.0185527    -0.144889     0.247214   -0.0131677  -0.00155995    0.0482244   -0.0968334     0.245548     -0.23114    -0.248062   0.00447743     0.264602    0.0472841    -0.194016    -0.134764     -0.14517   0.00037472
   -0.164541    0.0612285     0.363566   -0.0674821    0.0764415     0.434191      0.10301     -0.22383    0.0497354   -0.0936781     0.112263     0.184165     0.318831     -0.33977    -0.180227     0.102344     0.259327    -0.171052   -0.0625514   -0.0350894     0.254854     0.270949    -0.126594    0.0973921     0.339859    -0.153488     0.195345    0.0540405    -0.336427   -0.0956158    -0.167361    0.0897923
   -0.112563    -0.147447   -0.0858611     0.227395    -0.484465    0.0920638    -0.171576    0.0335974   -0.0932943     0.361018    -0.276951     0.214751   0.00244257     0.105478     0.328479    0.0122066     0.140563    -0.137623    0.0504766     -0.12508    -0.314879    -0.285976     -0.20054    -0.302141      0.21662     -0.57852    -0.112133    -0.378364     0.426097    -0.162265     0.323135     0.471402
    0.147771   -0.0326542    -0.204257    0.0377744     0.219692    -0.486451   -0.0882176    -0.227087    -0.293586    -0.195141    -0.271803     0.137036     0.144698     0.156041    0.0816174   -0.0872853    0.0177725     0.272385    -0.207861   -0.0387082    0.0608368   -0.0795087    -0.343633   -0.0389715     0.241529    -0.122316    -0.111739   -0.0736156    0.0297475    0.0497827   -0.0126171   -0.0679666
   -0.274491     0.149718     0.277815     0.213191      0.37645    -0.195673    0.0952203    -0.308205    -0.366124     0.368583     0.216208     0.367972     0.150415    -0.349602   -0.0640722    -0.171158   -0.0267726     0.217092     -0.24634     0.106968     0.240986     0.209117     0.105772   -0.0069088    0.0329072    -0.231444   -0.0117498     0.260345    0.0210296   -0.0142033   -0.0221035   0.00759901
    0.067206     0.162117    -0.242104    0.0857607    0.0943498    0.0260148     0.049904    0.0321833      0.16469   -0.0920345    0.0725914   -0.0242666     0.118738   -0.0859179    -0.156814      0.41202     0.163161     0.350909    0.0665897    0.0823159     0.379921   -0.0479728    -0.165445     0.143227    0.0421495    -0.385852     0.311793    -0.206106    0.0655181    -0.234423    0.0416827     0.135952
  -0.0856981     0.184601    0.0075107    0.0264904    0.0669521    -0.205789   0.00188281     0.212235     0.182617     0.539087     0.197653    -0.143728     0.211791    -0.244414   -0.0277113    -0.222934    -0.215544     0.219795     0.347811     0.167134   -0.0582777    0.0551564    0.0376304   -0.0502742     0.304931     0.134582    0.0442531   -0.0405517     0.333613    0.0911104    -0.312505     -0.16328
     0.55816     0.218631    -0.213801    -0.227387     0.167546     0.145295    -0.335441      0.11156    -0.431543    -0.142616   -0.0752565     0.071908    -0.569095    -0.426883    0.0162886      0.18699 -0.000189628     0.154026     0.461676     0.274207   -0.0677262    -0.045277     0.264021    -0.162682     0.318339    -0.142476     -0.12661   -0.0415037    -0.181835    -0.512795   -0.0948072    -0.277594
   -0.407317    -0.469152   -0.0125838     0.321262   -0.0602562   -0.0428427   -0.0851231     0.295067    -0.324268    -0.242239     -0.33455     0.436509     0.118707    0.0114974     -0.13978   -0.0901205    -0.194955     0.209543   -0.0934292    -0.483939    0.0115416    -0.333221    -0.288595    -0.468504    0.0263223    -0.296826     0.322773     0.244626    -0.115072   -0.0622695     0.135244      0.31752
   -0.164701   -0.0719642     0.311477   -0.0225107     0.148176      0.38476      0.20906     -0.30198    0.0511394    -0.307596    -0.293276    -0.291637     0.136443   -0.0125553  -0.00210817    -0.347017   -0.0644472   0.00588126    -0.265841     0.301469    -0.331775     0.144823    -0.403041    -0.244197     0.229116    0.0226369     0.111061    -0.154574    0.0434027    -0.308977    -0.197906    -0.107536
   -0.168067    0.0269383    0.0782517     0.124537    -0.194922     0.197268     0.172098     0.172613    -0.227927     0.136197   -0.0349715    -0.100168     0.196935     0.208778     0.129814   -0.0467928   -0.0913306     0.123878     0.171847    -0.286411    -0.390217    -0.132628   -0.0585115    -0.374687    -0.133472    -0.215399     0.311365    0.0711952  -0.00445853    -0.340069   -0.0552813   -0.0159119
   0.0889377   -0.0336658    0.0787884    0.0848283     0.155077   -0.0620584     0.251424   -0.0500073     0.202318    -0.501295   -0.0147766    -0.333958    -0.118113     0.041666    0.0540661    -0.073571    -0.015025     0.157929   -0.0384734     0.119759    0.0795703     0.157533     0.317466    -0.206165    -0.335647   0.00188771    -0.203026     0.437886    -0.191222     0.313099      0.18504    -0.266536
   0.0596472    -0.120498     -0.22792    -0.210035     0.245947     0.265046    0.0261351   -0.0420188    -0.232761     0.375545    0.0634436     0.130337      0.13726    -0.156384     0.269324    -0.197673     0.139786   -0.0265973    0.0431054    0.0425224     0.093879    -0.147522    -0.037185     0.128538    0.0787107   -0.0298444     0.105057     0.309565    -0.031258     0.116691     0.248035     0.224044
    0.273039    -0.549391      0.41938   -0.0481028     0.196311    0.0157443    -0.124795    -0.402501    -0.330253    0.0946357    -0.315719     0.179617    -0.206118   -0.0780202    -0.296273    -0.296868    0.0326122     0.346944    0.0159409     0.147491    -0.065552    0.0181655    -0.712016    -0.818056     0.173233    -0.584328     0.036978    0.0382672     0.200427    -0.289904     0.456818     0.205437
   -0.133143    -0.231973    -0.340065   -0.0858335    0.0354721     0.015195    0.0187133     0.294902    -0.170589     0.126748     0.115236     0.299741     0.277419    -0.496946    0.0300895   -0.0806881    -0.121027     0.226118   -0.0300052    0.0998927     0.344069     0.408625    -0.255341   -0.0972868     0.043885    -0.231473    0.0529715    0.0948484    0.0327244    0.0269444    0.0982783    0.0766373
   0.0415466     0.308463     0.294554     0.115363     0.179446    0.0372702     0.104861   -0.0638205     0.118408    0.0690637     0.108911     0.179515     0.117788    -0.151613    -0.147466     0.332768     0.175997   -0.0565711     0.323306    -0.193803    0.0853818    0.0179714     0.207052    -0.134962    -0.142918    -0.161982   -0.0287038   -0.0935611    0.0338931     0.267048     -0.28656    -0.054043
    0.162532    0.0308275    0.0883054    -0.251743     0.232865    -0.264879     0.161568    -0.199532     0.190901     0.288775     -0.19357    -0.223143    -0.121573    -0.159103    -0.515362    -0.233378     0.314845    -0.182339     0.288526     0.475391     0.215352   -0.0991644      0.43896    -0.066459    0.0499061     0.292486    -0.429551    -0.249737     0.184876    -0.205185    0.0744831    -0.400581
  0.00900208   -0.0332563    -0.250295    -0.327062     0.278387     -0.01906    0.0865114    -0.134773   -0.0788228    -0.148193    -0.012024    -0.278016    -0.166038    0.0183224   -0.0663678     0.172423     0.199174   -0.0605098     0.076017   -0.0853944     0.343252     0.166017    0.0161349    -0.137555    -0.166216   -0.0691346   -0.0413724   0.00407001   -0.0241384     -0.04238   -0.0114592    -0.116765
   -0.270996    -0.454963     0.225572     0.180479    0.0576757   -0.0320986   -0.0397228    -0.248315    0.0219718    -0.256416   -0.0244158   -0.0339166     0.368304    -0.182741    -0.076022    0.0674067    0.0695969    -0.291735   -0.0539305    -0.138512    0.0181422    -0.180136     0.271337   -0.0504174   -0.0409308   -0.0476633     0.125272   -0.0124151   -0.0791801      0.23144     0.228893    0.0496191
    -0.23545     0.225718   -0.0218583    -0.273765     0.167717    0.0736931    -0.417364    -0.279518    -0.254963   -0.0179831    -0.286484      0.15553     0.163786    -0.361395    -0.122379      0.13422     0.268429     0.404005    -0.191705    -0.122272    -0.159872   -0.0893571    -0.490961     0.499692   -0.0420269    -0.364998    -0.350571   -0.0460328    -0.128258    -0.109289     0.181461    0.0809265
   -0.124263     0.242779   -0.0103426    0.0115098   -0.0307128     -0.21935    -0.133175    -0.308168     0.164544      0.17965    0.0244435    -0.155297    -0.143749    -0.263942   -0.0405096    -0.204804    -0.112448    -0.339476   -0.0819774     0.141816    0.0321318    -0.113039   -0.0895023    -0.114664      0.36686    -0.383337    0.0749126    0.0724786     0.190968     -0.16598    0.0363813    0.0565911
   -0.208468    -0.138447    -0.146304    -0.119657     0.116463    0.0947087    -0.248476   -0.0383135    0.0117318    -0.044682      0.19472   -0.0537134    0.0456564    -0.327809    -0.601479     0.123927  -0.00997151      0.11113   -0.0193938    -0.349139      0.09833     0.171873    -0.344321     0.270473     0.362211    -0.128043    -0.102819    0.0643534    -0.175474     0.055425     0.176495      0.27215
   -0.170614    -0.204681   -0.0186497  -0.00559645     0.168429     0.270427     0.296543    -0.216041    -0.270561     0.122718    -0.221118   -0.0884039   -0.0876441    -0.139994      0.30793    -0.265284     0.327663     0.516165     0.148602      0.18538    -0.327046     0.130791    -0.148693   -0.0758011    -0.155287    -0.342224  -0.00979056    0.0509971     0.222749    -0.178041     0.376872     0.026332
    0.149021    -0.372802     0.143037    -0.255661     0.142208     0.120085    0.0592285     0.189498    0.0476579   -0.0454307    -0.443322    -0.396581    -0.347133     0.174321      0.42851    -0.137575     -0.19125     0.456789     0.283245    0.0530946    -0.175477  -0.00553047    0.0579622    -0.849037    -0.075997    0.0220517     0.253035    -0.325111     0.406269    -0.344572     -0.15217    -0.207611
    0.455952    -0.189169     0.330788    -0.168459    -0.122537     0.185404    -0.100691    -0.507641    0.0975695    -0.253051    -0.236908    -0.376869    0.0877177    -0.423724      0.11019    -0.158017     0.156704     0.226572   -0.0598518     0.107902     0.254839     -0.23947     -0.14097    -0.361417    0.0478458    -0.233726     0.160682    0.0316051     0.429605   -0.0929629      0.06875    -0.215491
   -0.264229    -0.173213     0.241353   -0.0227506     0.349717    -0.379602 -0.000499494    -0.223998    0.0115064     0.439506     -0.26096    0.0290352    -0.143985     -0.18697    -0.193496    -0.199328    0.0228896     0.252771     0.148634   0.00684022    -0.341084    0.0300555   -0.0809666    -0.535058     0.116401    -0.462209     0.381183   -0.0075139     0.089287     0.179027    -0.132635      0.27514
    0.193586    -0.158136     0.206029    -0.157091    0.0559312     0.453695    -0.201997   -0.0300726   0.00120744    0.0893956   -0.0609584    -0.263015    -0.199177    -0.104853     0.244527     0.179355     0.168941    -0.457425     0.434704    -0.116191   0.00911428   -0.0407563     0.151464    -0.404103    0.0273891    -0.214314   -0.0302231    -0.121738     0.401917    -0.248305    -0.106093       0.2372
  -0.0707531      0.11488    -0.232064      0.17925    -0.713509     0.167754    -0.115146     0.379399    -0.180251   -0.0620352     -0.26035    0.0438747    -0.259259     0.114296     0.105141     0.393959    -0.266668     0.413859     0.396856    -0.478709    -0.219944   -0.0710876    -0.267031    -0.333539    -0.250427    -0.214312     0.185472    0.0129851    0.0112602    -0.453874     -0.20939      0.21367
    0.182002   -0.0653221   -0.0437473     0.149553     -0.21109    -0.256365     0.464833    -0.448639   -0.0524025    -0.129052     0.264874     0.331025    -0.139896     0.338639      -0.0867   -0.0589825     0.129727    -0.107479    -0.237525    0.0710259     0.114068   -0.0821121    -0.291166    0.0886108     0.350485   -0.0201196    -0.185855    -0.371551  -0.00232389    -0.186528    0.0299692   -0.0664186
   -0.307052    -0.086999    0.0544449   -0.0328993   -0.0961485     0.324444     0.251678     0.183344    -0.303572     0.381443     0.112775     0.138165   -0.0475748    -0.145499  -0.00609537    0.0399331     0.318838    -0.236471     0.376261    0.0770638     -0.30314    0.0194227    -0.196152   -0.0943448    0.0401163    0.0331413    -0.202929   -0.0995043     0.197078     -0.15077   0.00828537    0.0206046
    0.248834  -0.00282394   -0.0861272   -0.0118422     0.244334    -0.184837    -0.347155    0.0401788   -0.0590078     0.200936     -0.18018      0.34065    0.0730014   -0.0352913     0.326111     0.156657    0.0112998     0.114238    -0.323731     0.118645    -0.315345     0.114913   -0.0903177    0.0254818   -0.0408371   -0.0672118   -0.0331349     0.275256    -0.295444    -0.267841    -0.166415     0.136656
    0.286221     0.323139    -0.105452    -0.171129    0.0807746   -0.0955295    -0.191842     0.147786    0.0560288     0.038847    -0.138975    -0.118339    -0.210791  -0.00375398    -0.132565     0.446484     0.115469    -0.147905     0.184393    -0.103325    -0.216002    -0.212385    0.0972868     -0.29359    0.0526915    -0.116587    -0.192115    -0.178505   -0.0246459    -0.431654     0.358286     -0.35489
    0.190281   -0.0981623    -0.160707    -0.299109    -0.106212    0.0079125 -0.000983269    -0.203936    -0.297064   -0.0529647    -0.192299    -0.119675  -0.00782414    -0.111204     0.393443     -0.39855    -0.114725    -0.043729    0.0386367    -0.184148    -0.262673    -0.218773    -0.495457     0.367166   -0.0194368    -0.116381    0.0557943    0.0968139     0.810007    0.0580851     0.389957    0.0782577
    0.260416    -0.179074    0.0360094    -0.344051    -0.145125     0.249538   -0.0760713  -0.00724373     0.205772     0.199595    -0.235826    -0.267131    -0.149752   -0.0172033    -0.159028    -0.114322    0.0236357    -0.100336     0.405703    0.0672265     -0.33369    0.0752727     0.258092    -0.353541    -0.195817     0.386006    -0.206875     0.278379    -0.173791    -0.115708     -0.21699    -0.396791
  -0.0226702    -0.175198     0.244046    -0.154021    -0.305118    -0.227709     0.515225     -0.13547    0.0307074     0.258821     -0.50117    -0.158626     0.157467     0.264722    0.0320322    -0.139985   -0.0125585    -0.177822   -0.0274445     0.155146   -0.0958726   -0.0513295    -0.159547    -0.237764     0.234049    0.0949142    -0.129705    -0.162761     0.153947    -0.303862     0.320137     0.127129
   -0.123891     0.165745    0.0697704     0.171058      0.14849     0.262171     0.129971     0.335471     0.189437     0.202241    -0.187341    -0.263222   -0.0553408   -0.0639532    0.0623533   -0.0774544     0.311964   -0.0238213     0.210673   0.00247137     0.324464     0.176353     0.152922   -0.0404178     0.514563     0.534326     0.226834    -0.355353     0.182131    -0.232828     0.160464    -0.105984
  -0.0409928     0.238696    -0.200504    0.0602123     0.226544   -0.0619487   -0.0753274    -0.163164      0.26358   -0.0154969     0.140126    -0.109088    -0.184075    0.0264329     -0.30504    -0.192666     0.383801     0.553548    -0.328018     0.178092     0.200061   -0.0599923    -0.161351     -0.25274     0.101815    -0.146971   -0.0120323      0.60895    -0.294834     0.110564     0.215742    0.0399632
  0.00356774    -0.350878     0.136127     0.209696     0.253132    -0.294352    -0.132327    -0.222665    0.0554294    0.0946772   -0.0858108    -0.164901    -0.183276    -0.370921    -0.342557    0.0461374     0.202528     0.108988    -0.446038     0.175704    -0.133349     0.289567    0.0643485    -0.217725    -0.193495    0.0758818    0.0670905     0.270589     0.295478     0.168848     0.360581     0.328858
   -0.128992    -0.273412   -0.0503657     0.150083     0.191467    0.0522966     0.202522    -0.237291     0.147017    0.0293199    -0.137078     0.205904    0.0878258    -0.258546   -0.0455097   -0.0610714    0.0161659    -0.372899   -0.0853105     0.323807     0.135721     0.463937    -0.161838     0.112782   -0.0459041     0.197351     -0.24123     0.322403    -0.334633    -0.209024    -0.307412    -0.123092
    0.409047     0.099779    -0.189557     0.143913    -0.194292     0.266773   -0.0305606    -0.356792    -0.272655     0.114025    0.0966801     0.399317   -0.0685779    -0.265901     0.146283     0.135524    -0.104441     -0.04281     0.248738     0.377715     0.183031     0.292358   -0.0984774     0.191951     0.137006    -0.308381     0.141887     0.165608     0.020059     0.209912      0.48615    -0.150386
  -0.0990289    -0.160601     0.182376    -0.140545    0.0368673      0.33182     0.133673     0.282527    -0.263825     0.154287   -0.0446419    -0.129914     0.534218     0.054393    0.0563323  0.000569874     0.277589    -0.262946    0.0408775     -0.25781   -0.0997974   0.00917217    0.0961445    -0.460789    0.0319093    -0.282048     0.138904   -0.0155464    -0.122307   -0.0902882     0.103487     0.233804
  -0.0171494     -0.30364      0.59844    -0.110286   -0.0390343    -0.157591   -0.0624199    -0.024283     0.120043      0.07955    -0.499798    -0.504212    0.0640171    0.0272289    -0.219165    -0.106748   0.00767675    -0.414684    -0.140645     0.382469     0.277422    -0.501945   -0.0717436    -0.361616     0.455182   -0.0127993     0.617252    -0.231317     0.542053    -0.169443   -0.0473698    -0.149356
   -0.251488    0.0582611    -0.188062    -0.177063    -0.135184     0.164271     0.127689    0.0636281    0.0369848    -0.205326     0.360225   -0.0652525    0.0907193     0.196818    0.0410814   -0.0961575    0.0578203     0.255871   -0.0180112    -0.105712    -0.256273    0.0448899   -0.0914663     0.114847     0.186898     0.328791    -0.060063   -0.0622443    -0.116179     0.173446    -0.229177    -0.215428
   -0.322142     -0.13849      0.13577    -0.106996   -0.0559345     0.496605   -0.0882865    -0.154484    0.0394651      0.17173    -0.112292    -0.400798     0.218031   -0.0349623     0.268285      0.10869   -0.0218451     0.215257     0.553863    0.0560116   -0.0659002     0.230714    0.0153422    -0.318371     0.403649    -0.216542     0.423997    0.0602886     0.167985     -0.28321    -0.119816    -0.266922
