 -0.0437502
   0.381739
   0.117874
   -0.45439
   0.852238
   0.321433
  0.0986344
 -0.0306975
  -0.251148
   0.223293
  -0.152257
   0.345661
 -0.0812505
  -0.462718
  0.0339852
 -0.0769181
  0.0731393
  -0.115461
   0.146458
  -0.172157
  -0.763897
    0.28313
  -0.300691
  -0.331852
   0.110661
   0.152373
 0.00777355
  -0.489273
   0.363307
    0.57415
   0.335142
  -0.347489
   0.129899
  -0.292985
   0.445011
  -0.223419
   0.369973
  0.0824372
 -0.0861015
   0.417183
  -0.453977
   0.393748
  -0.153179
  0.0993509
  -0.328837
  -0.184736
   -0.12349
    0.16944
   0.534239
   0.213959
  -0.163689
  0.0311622
  0.0636661
   0.171967
  -0.392834
   0.152285
   -0.12133
  0.0414422
  -0.437147
  -0.641357
  -0.933492
  -0.182335
   0.050961
  0.0409554
   0.570804
   0.324955
  0.0283652
   0.197166
 -0.0320317
   0.158371
   0.241891
 -0.0650032
   0.183863
   0.345715
   0.189793
   0.498936
  -0.186784
  -0.573448
   -0.10804
  -0.002549
   0.364914
  -0.146272
  -0.318733
   0.384107
  -0.169956
 -0.0961678
  -0.431766
   0.366962
  -0.269411
   0.541193
   -0.14444
  -0.363932
   0.628158
  -0.450819
  -0.290708
   0.307414
  0.0843289
  -0.301936
  -0.198266
   0.266795
    -0.3832
  -0.377631
  0.0769208
  0.0645097
  -0.135405
 -0.0828018
   0.195465
  -0.776164
  -0.189283
  -0.210504
    0.40311
  0.0783273
   0.270245
  -0.424506
-0.00875327
   0.157247
   0.061534
  0.0935669
   0.371343
 -0.0390286
   0.560207
 -0.0308853
   -0.24914
  -0.126481
 -0.0546853
   0.152071
  -0.292468
  0.0928892
