 -0.803992
 -0.401254
-0.0214201
  0.308742
 -0.449978
  -1.01503
  0.862682
  -1.45156
 -0.698205
  -1.27935
 -0.429794
 -0.482067
  -0.33299
 -0.278368
 -0.812042
 -0.366562
 -0.877266
 -0.467599
   4.88724
 -0.563793
   1.57288
  -2.03648
 -0.508962
  -1.35971
 -0.529461
  -1.08625
 -0.392279
   -1.8491
 -0.555955
 -0.222359
  -1.10115
   -1.0038
   1.27281
 -0.126019
 -0.708617
  -1.20968
  0.231587
  0.729672
 -0.398351
  -1.85716
   1.35288
 -0.394929
   1.53584
 0.0419766
 -0.494412
  0.145702
   0.56279
 -0.424057
 -0.216678
 -0.353879
  0.861503
  -1.54402
-0.0986063
 -0.845809
  0.164385
 -0.537106
  -1.01768
 -0.485474
  0.464359
 -0.411999
 -0.894877
   1.40878
  0.957546
  0.103616
 -0.817001
 -0.471745
 -0.419752
   1.90189
   1.30379
 -0.286929
 -0.923857
  -0.64061
 -0.627586
 -0.900694
  -1.30703
 -0.301501
  -1.81521
 0.0703318
 -0.385831
  0.137347
 -0.174483
 -0.570136
 -0.946253
  -1.12875
   2.01007
 -0.199817
 -0.578811
  -0.14889
  0.136898
  -0.33326
  -1.06821
  -1.05596
  0.370957
 -0.900712
-0.0226748
 0.0681574
 -0.102362
  -1.10601
 -0.311333
  -0.97529
  -1.25738
  -0.45816
  0.465256
   -1.5017
 -0.454031
 -0.462162
 -0.807853
  -1.54217
 -0.281395
  -1.17231
  -1.03119
  -1.19767
 -0.960722
  0.142573
 -0.718639
 -0.820164
 -0.352738
  -1.10451
 -0.284854
   -1.3374
  -0.22547
-0.0524087
 -0.872199
  -1.01454
   2.06617
 -0.970474
 -0.607781
 -0.796289
