  0.00680375  -0.00211234   0.00566198    0.0059688   0.00823295  -0.00604897  -0.00329554   0.00536459  -0.00444451    0.0010794 -0.000452059   0.00257742  -0.00270431  0.000268018   0.00904459    0.0083239
 0.00271423  0.00434594 -0.00716795  0.00213938 -0.00967399 -0.00514226 -0.00725537  0.00608354 -0.00686642 -0.00198111 -0.00740419 -0.00782382  0.00997849 -0.00563486 0.000258648  0.00678224
  0.0022528 -0.00407937  0.00275105 0.000485744 -0.00012834   0.0094555 -0.00414966  0.00542715   0.0005349  0.00539828 -0.00199543  0.00783059 -0.00433371 -0.00295083  0.00615449  0.00838053
 -0.00860489   0.00898654  0.000519907  -0.00827888  -0.00615572   0.00326454   0.00780465  -0.00302214  -0.00871657  -0.00959954 -0.000845965  -0.00873808   -0.0052344   0.00941268   0.00804416    0.0070184
-0.00466669 0.000795207 -0.00249586  0.00520497 0.000250707  0.00335448 0.000632129 -0.00921439 -0.00124725   0.0086367   0.0086162  0.00441905 -0.00431413  0.00477069  0.00279958 -0.00291903
 0.00375723 -0.00668052 -0.00119791   0.0076015  0.00658402 -0.00339326 -0.00542064  0.00786745  -0.0029928   0.0037334  0.00912937   0.0017728  0.00314608  0.00717353  -0.0012088   0.0084794
 -0.00203127   0.00629534   0.00368437   0.00821944 -0.000350187   -0.0056835   0.00900505   0.00840257   -0.0070468   0.00762124   0.00282161  -0.00136093   0.00239193  -0.00437881   0.00572004  -0.00385084
 -0.00105933  -0.00547787  -0.00624934  -0.00447531   0.00112888  -0.00166997  -0.00660786   0.00813608  -0.00793658  -0.00747849 -9.11187e-05    0.0052095   0.00969503   0.00870008    0.0036889  -0.00233623
 0.00499542 -0.00262673 -0.00411679 -0.00535477  0.00168977 -0.00511175  -0.0069522  0.00464297  -0.0074905  0.00586941 -0.00671796  0.00490143  -0.0085094  0.00900208 -0.00894941 0.000431268
 -0.00647579  -0.00519875   0.00595596   0.00465309   0.00313127    0.0093481   0.00278917    0.0051947  -0.00813039  -0.00730195  0.000404201  -0.00843536  -0.00860187   -0.0059069 -0.000771591   0.00639355
 0.00146637  0.00511162 -0.00896122 -0.00684386  0.00999987 -0.00591343  0.00779911 -0.00749063  0.00995598 -0.00891885   0.0074108 -0.00855342 -0.00991677  0.00846138  0.00187784 -0.00639255
 -0.00673737   -0.0021662   0.00826053    0.0063939  -0.00281809    0.0010497    0.0015886 -0.000948483   0.00374775   -0.0080072   0.00061616   0.00514588   -0.0039141   0.00984457   0.00153942   0.00755228
  0.00495619    0.0025782  -0.00929158   0.00495606   0.00666477   0.00850753   0.00746543   0.00662075   0.00958868   0.00487622   0.00806733   0.00967191   0.00333761 -5.48296e-05  -0.00672064   0.00660024
 0.00777898 -0.00846011  0.00299414 -0.00503912  0.00258959 -0.00541726   0.0040124 -0.00366266 -0.00342446 -0.00537144 -0.00851678  0.00266144 -0.00552687  0.00302264 0.000213719  0.00942931
 -0.00439916  0.000922138   0.00438537  -0.00773439 -0.000570331    0.0018508   0.00888636 -0.000981649  -0.00327298   0.00695369  -0.00130973  -0.00993537  -0.00310114   0.00196963   0.00666487  -0.00532217
  0.00350952 -0.000340994 -0.000361284  -0.00390089   0.00424175  -0.00634888   0.00243646  -0.00918271  -0.00172033   0.00391968   0.00347873    0.0027528  -0.00305768  -0.00630755   0.00218212   0.00254316
 0.00461459 -0.00343251  0.00480877 -0.00595574  0.00841829  0.00369513  0.00306261 -0.00485469 0.000648819 -0.00824713 -0.00479006  0.00754768   0.0037225  -0.0081252 -0.00777449 -0.00276798
 0.00153381  0.00186423  0.00333113 -0.00422444  0.00551534 -0.00423241 -0.00340716 -0.00620498  0.00968726 -0.00992843  0.00654782 -0.00337042 -0.00623598 -0.00127006  0.00917274  0.00837861
 0.00529743  0.00398151 -0.00757714  0.00371572 -0.00232336  0.00548547  0.00886103  0.00832546  0.00723834 -0.00592904  0.00587314 0.000960841 -0.00405423  0.00809865  0.00819286  0.00747958
-3.71215e-05   0.00152399  -0.00674487  -0.00452178   0.00729158 -0.000152024 -0.000726757   0.00697884 -8.04521e-05  -0.00417893  -0.00639158   0.00368357   0.00455101  -0.00721884   0.00206218 -0.000151566
  0.00676267   0.00448504  -0.00643585  -0.00556069 -2.94904e-05  -0.00757482  -0.00723523  -0.00279115  -0.00350386   0.00863791   0.00816969   0.00244191   0.00673656   0.00636255 -7.85116e-05  -0.00330057
-0.00211346  0.00317662  0.00217766 -0.00482188  -0.0069754  -0.0085491 -0.00784303  0.00294415 -0.00272803 -0.00423461 -0.00337228 -0.00817703 -0.00145345  0.00868989  0.00167141 -0.00469077
  0.00317493   0.00523556 -0.000251463  -0.00685456   0.00766073   0.00251331  0.000354294  -0.00584313   0.00115121  -0.00147601   0.00659878  -0.00211223  -0.00511346  -0.00347973    0.0045872   0.00277308
 0.00969689 -0.00323514  0.00795121 -0.00727851 -0.00178424 -0.00989183  0.00566564  0.00548772 -0.00412644 -0.00770664   0.0073107  0.00442012 -0.00901675  -0.0010179  0.00972934  0.00415818
 -0.00578234  -0.00052212   0.00730362  -0.00812161  -0.00800881  -0.00234208  -0.00396474    0.0031424   0.00618191  -0.00736596  -0.00896983  -0.00893155 -0.000845688   0.00561737   0.00384153   -0.0011488
 -0.00761777   0.00179273    0.0015727  0.000597984   0.00190091  -0.00276166  -0.00391429   0.00777447 -0.000468307  -0.00660359   0.00219458  0.000514942   0.00237851   0.00192392  -0.00532688   0.00659617
  -0.0085982  -0.00802325   0.00847456  -0.00660701 -0.000365333  -0.00549018   0.00653539  -0.00418343  -0.00285614   0.00756555  -0.00311498   0.00629817   0.00318292  -0.00927345  -0.00485062   0.00556515
 0.00251928  0.00672207 -0.00383687 -0.00557981 -0.00603959  0.00224884 -0.00780535   0.0034921  0.00564525  0.00438924 -0.00599295 -0.00197625 -0.00368684 -0.00131983 -0.00538008 -0.00228504
 0.00065692 -0.00690552  0.00110795 -0.00970841 -0.00239571 -0.00235666 -0.00389184  0.00474815  -0.0047911  0.00299318  0.00104633  0.00839182  0.00371973  0.00619571  0.00395696 -0.00376099
 0.00291778  -0.0098799 0.000659197  0.00687819  0.00236894  0.00285385 0.000370298 -0.00198582 -0.00275691  0.00437734  0.00603793  0.00355625 -0.00694248 -0.00934215 -0.00872879  0.00371444
-0.00624767  0.00237917  0.00400602  0.00135662 -0.00997749 -0.00988582 -0.00389522 -0.00476859  0.00310736   0.0071511 -0.00637678 -0.00317291  0.00334681  0.00758019   0.0030661 -0.00373541
 0.00770028  -0.0062747 -0.00685722 6.92197e-05  0.00657915  0.00351308   0.0080834 -0.00617777 -0.00210957  0.00412133  0.00737848 0.000947942  0.00477919  0.00864969 -0.00533762  0.00853152
  0.00102886    0.0086684 -0.000111862   0.00105137   0.00878258   0.00599291   0.00628277   0.00188995   0.00314402     0.009906   0.00871703  -0.00350917   0.00748619   0.00178313   0.00275542   0.00518647
  0.00550843    0.0058982  -0.00474431   0.00208758 -0.000588716  -0.00666091   0.00590981   0.00730171   0.00746043   0.00328829  -0.00175035   0.00223961   0.00193798   0.00291203   0.00077113  -0.00703316
  0.00158043  -0.00934073   0.00401821  0.000363013   0.00665218  0.000300982  -0.00774704   -0.0002038  0.000206981  -0.00903001   0.00628703  -0.00230683   0.00275313 -0.000957552  -0.00712036  -0.00173844
 -0.00505935  -0.00186467  -0.00965087   0.00435193   0.00147442   0.00625894   0.00165365  -0.00106515 -0.000452772    0.0099033  -0.00882554  -0.00851479   0.00281533    0.0019456  -0.00554795  -0.00560424
  0.00260486   0.00847025   0.00475877 -0.000742955  -0.00122876   0.00701173   0.00905325   0.00897822   0.00798172   0.00534027  -0.00332862   0.00073485  -0.00561728 -0.000448975   0.00899641 -0.000676628
 0.00768636  0.00934554 -0.00632469 -0.00083922  0.00560448  0.00532895  0.00809563 -0.00484829  0.00523225   0.0092701 -0.00336308 -0.00195242  0.00121569  0.00108896  0.00244333 -0.00617945
-0.000440782   -0.0027979    0.0030776   0.00833045  -0.00578617   0.00213084   0.00730867  -0.00780445  -0.00252888  -0.00601995    0.0029304   0.00185384   0.00353108   0.00192681  -0.00882279   0.00121744
  0.00127235  -0.00514748  -0.00962178  -0.00312317  -0.00981853   0.00847385   0.00202853   0.00541372   0.00774394   0.00866545  -0.00653871  -0.00104037 -0.000245586   0.00590463   0.00278018   0.00931363
 -0.00689327  -0.00414222   0.00764409  -0.00267944   0.00798863   0.00495276 -0.000483887  -0.00454026   0.00893281  -0.00755348   0.00731358   0.00246389   0.00437333   0.00849079  -0.00631868  -0.00435432
 -0.00665669  -0.00594046    0.0025225  -0.00647522  -0.00746662  -0.00544896   0.00893849  -0.00972267  -0.00678351  -0.00760021 -0.000763044    0.0029709   0.00830441  -0.00798286   0.00228453  -0.00858886
 -0.00212508 -7.13807e-05   -0.0012683  -0.00413645  -0.00511863   0.00824781   0.00132329  -0.00618582  -0.00930567  -0.00136313   0.00627807   0.00506765  -0.00287234    0.0099594  -0.00928667  0.000470968
-0.00598106  0.00323583  0.00399574 -0.00344768  0.00778687  0.00293424 -0.00317035 -0.00899664  0.00533402   0.0060666  0.00397426  0.00363843  0.00808374 -0.00374121  0.00504957 -0.00404134
 0.00618741 -0.00621873  0.00182221 -0.00893121 -0.00797092  -0.0068545 -0.00511703 -0.00727659  0.00178237 -0.00883895  0.00779106  0.00891003 -0.00887956  0.00850439   -0.000619 -0.00486062
  0.00174022  -0.00662326    0.0016917 -0.000472907   0.00631098   0.00852135  0.000530451     0.001645   0.00458795  -0.00549529  -0.00471656    0.0026717  0.000763506  -0.00966699   0.00863036  -0.00304908
-0.00588572 0.000452573 -0.00198029 -0.00385663  0.00359808  0.00290268 -0.00113322 -0.00461955  0.00406372 -0.00334216 -0.00570952  0.00518417 -0.00483777  0.00367148 -0.00967645  0.00690246
 0.00704822  0.00201525 -0.00357045   0.0033592 0.000536604     0.00696 -0.00499579 -0.00487544 -0.00853529 0.000287644  0.00779625  0.00222822 0.000620655  0.00642662  0.00917914  0.00473494
 -0.00312081  -0.00280116  -0.00912169  -0.00952274  -0.00989848 -0.000254917  -0.00414229   0.00416525   0.00640292  0.000148191 -0.000650583  -0.00843484  -0.00618033 -0.000327033   0.00846762  -0.00913211
 -0.00831178  -0.00510283    0.0042271   0.00222482  -0.00814283    0.0092313   0.00734938  -0.00667812 -0.000481053   0.00514564    0.0055501   -0.0098604   0.00157225   0.00472924   0.00487454   0.00845144
-0.00807192  0.00575285   0.0089287 -0.00797039 -0.00450207 -0.00521358  0.00619486 -0.00809915  0.00493461 -0.00445573 -0.00653399  0.00875428  0.00521724 -0.00806637  0.00962217  0.00690546
 -0.00316921   0.00384927 -0.000869716  -0.00131204   0.00308057  -0.00352034   0.00200984  -0.00740048   -0.0083747  -0.00244006  -0.00726088   0.00319755  -0.00771082   0.00761366   0.00164899  -0.00578274
  0.00336651  0.000577697  -0.00375313   0.00886444   0.00536411  -0.00755828   -0.0092347  0.000298719    -0.002014  -0.00576869 -0.000947003  -0.00679676  -0.00383506  -0.00132483   -0.0098913   0.00299573
 -0.00747556 -0.000761019  -0.00831631   0.00560501   0.00571865   0.00369354   0.00820453   0.00734395  -0.00874652  -0.00905635  0.000541499  -0.00645734   0.00855732  -0.00780951  -0.00224008   0.00192383
 0.00276819  0.00400679 0.000788268  -0.0018677  0.00644852  0.00155357  0.00843102 -0.00556548  0.00578487 -0.00251598 -0.00236225 -0.00805019  0.00615919 -0.00225355  0.00494554  0.00868362
 0.00698543  0.00662924  0.00428863  0.00270408 0.000322771  0.00249316 4.80253e-05  0.00157625  0.00343682 -0.00941048  0.00511891  0.00199413 -0.00721998 -0.00712117 -0.00608204   0.0055482
  0.00688562   0.00470623  -0.00631949   0.00333414  -0.00374021  -0.00788847   0.00776866  -0.00795533 -0.000404457  -0.00459359  -0.00600552  -0.00424527   0.00315286   0.00894002  -0.00556165  0.000138293
 0.00556925  0.00872698 -0.00715763 -0.00410797  0.00122015   0.0028904  0.00746828 -0.00534304  0.00347992  0.00258719  0.00665109  0.00625994  0.00546602 -0.00943095  0.00180814  0.00235164
 0.00527528  0.00548865 -0.00431421 -0.00846493  0.00760017 -0.00654556 -0.00642027 -0.00280428 -0.00113915 -0.00242579  0.00295044 -0.00798629 -0.00348577   0.0073888  0.00215201 -0.00791652
  0.00611578   0.00499438  -0.00202449  -0.00266407  -0.00211522  -0.00455621   0.00199289   -0.0086353   0.00803097  -0.00135602   0.00762463   0.00349699 -0.000786967 -0.000567224  -0.00415137  -0.00551169
 -0.00507858   0.00153442  -0.00397662   -0.0074784   0.00498886  -0.00039689 -0.000282685  -0.00615028   0.00717732  -0.00733224  -0.00413657  -0.00630845  -0.00994344   0.00801544  -0.00422497   0.00617234
  0.00300981   0.00375054  -0.00649174  -0.00910541   0.00919433   0.00550115  -0.00774071    0.0072253  -0.00585487   0.00988392  0.000722291   0.00335817 -0.000683305   0.00657093   0.00784648   0.00423812
 -0.00189465  -0.00613015   0.00675972  -0.00690579   0.00347296  -0.00352297  -0.00305607  0.000650283 -0.000855207   0.00280736   0.00434183 -0.000798651  0.000822792  -0.00988314  -0.00462632  -0.00616739
 0.00386741 -0.00111805  -0.0052728  0.00306173  -0.0056169 -0.00301352 0.000287034 -0.00147177  -0.0031296 -0.00899067  -0.0081136   0.0061871  0.00758025  0.00973287 0.000425216  -0.0043144
-0.00639727 -0.00281507 -0.00122019  0.00707569  0.00366197  0.00572373 -0.00227403 -0.00719324 -0.00146891  -0.0079322  0.00200811  0.00935388 -0.00781533  0.00738179 -0.00681351  0.00605207
 -0.00373626  -0.00208632 -0.000886192  0.000646838   0.00490017   0.00940084   0.00917507  -0.00822943  -0.00958983  -0.00893853   0.00795766   0.00799042  -0.00920566  -0.00161712  -0.00632398  -0.00560293
  0.00556781   0.00245583  -0.00852724 -0.000770222  -0.00182044  -0.00080127   0.00203654   0.00671065   0.00126653  -0.00595535   0.00606453    0.0034512  -0.00857356   0.00925102 -0.000496723  -0.00230982
-0.00283529  0.00861709  0.00833702 -0.00793513  0.00801793  0.00751209 -0.00616456  0.00842809  0.00857355  -0.0082069  0.00641851  0.00936789 0.000175978 -0.00990547 -0.00623504 -0.00425621
 0.00255036 -0.00476228  0.00497357 -0.00927008  0.00443645 -0.00298989  0.00744057 -0.00429702  0.00105475   0.0035051  0.00915419  0.00248119  0.00275612 -0.00134254 -0.00982863  0.00992083
-0.00272545  0.00850839  -0.0080143 -0.00470752  0.00602048 -0.00417886 -0.00627943  0.00459403 -0.00238576 -0.00986092  0.00396193  0.00779022 -0.00976639  0.00772689 -0.00646599  0.00278397
 -0.00703539   0.00850757   0.00351389   0.00740105  -0.00448232  0.000954457  -0.00689596   0.00657243  -0.00554044  -0.00774178 -0.000946377   0.00721568  0.000915689 -0.000775005   0.00713652   0.00819024
-0.00226661  0.00912222 -0.00651729 -0.00624614 -0.00505664 -0.00279671  0.00834789   0.0025576 -0.00265763  0.00230982 0.000347815 -0.00242402 3.67067e-05  0.00388182 -0.00964005  0.00300131
   0.0023894   0.00387384  0.000402365   0.00790707   -0.0051717    0.0035064   0.00447951 -0.000712142   0.00576463  -0.00646687  -0.00349646  -0.00331968   0.00275812  -0.00635994  -0.00512945  -0.00950849
-0.00723773 -0.00164673 -0.00575463 -0.00229437  0.00555655 -0.00740673 -0.00973677 -0.00710108  0.00490309 0.000611044 0.000474907 -0.00506021 -0.00550713  0.00083486  0.00794111  0.00688226
  -0.0052913  -0.00165653   0.00478933    -0.000463  -0.00815013  -0.00073116   0.00882486    0.0076145   0.00280197   -0.0046716  -0.00570518  -0.00443991  -0.00103154 -0.000834629   -0.0039484   0.00173073
 0.00751864 0.000296976  0.00943636  0.00307519  0.00289024  0.00969959  0.00597412 -0.00220667 0.000310637 -0.00355098  0.00273313   0.0048035  0.00728389 0.000674233  0.00168576 -0.00800741
 0.00901771  -0.0035249  0.00152959 -0.00913242  0.00574394 0.000354445  0.00848208 -0.00145409  0.00568284  -0.0072231    0.004106  -0.0053487  0.00194227  -0.0098424  0.00638203 -0.00053909
0.000454578   0.0058184  -0.0074639 -0.00665518  0.00551799  0.00851022  0.00113815 -0.00417137 -0.00504075 -0.00612872 -0.00936787 -0.00775687  0.00454551  0.00231789 -0.00576428  0.00356322
 0.00879299  0.00576531   0.0044308  0.00453692 -0.00388025  0.00291288 -0.00691717 -0.00819741  0.00568978  0.00718883  -0.0035461 -0.00236795  0.00734643 -0.00716407  0.00709296 -0.00219899
  0.00865432   0.00962907   0.00114583   0.00417231   0.00813929  -0.00771602  -0.00999906  -0.00690147  -0.00384474  -0.00936694  -0.00465834  -0.00929922   0.00295095 -0.000422618     0.004264   0.00174394
 -0.00465731   -0.0013052  -0.00371914   0.00146244  -0.00839232 -0.000636308   0.00326503   0.00729746  -0.00344748   0.00971893  -0.00507049  -0.00610105  -0.00744515  -0.00797753   0.00169996  -0.00879082
-0.00834846 -0.00715421  0.00538149  0.00979083 -0.00487023  0.00538243 -0.00711064  0.00128503  0.00601549 -0.00176898  0.00198581 -0.00103355  0.00780841 -0.00375019 -0.00928961 -0.00684891
 0.00494461 -0.00300875  0.00461353  0.00655229  0.00635494 -0.00212144  0.00384975 -0.00709254 -0.00240251  0.00877927 -0.00319359 0.000152343 -0.00919826  0.00850637  0.00136152 -0.00754672
 -0.00864784  -0.00325699  -0.00775589  -0.00351807  -0.00787456  -0.00486653   0.00776696   0.00814093   0.00336449 -0.000247224  -0.00289263    0.0011729   0.00600259  -0.00218224   0.00432399  0.000947199
 0.00480901 -0.00106248 -0.00250051  0.00116395  0.00681608 -0.00865075  0.00407141 -0.00558643 -0.00987149 -0.00912217  0.00456591 -0.00906975   0.0093842 -0.00407257 -0.00661647 -0.00926365
  0.00267044  -0.00437236  -0.00278172   0.00479588  0.000761107  -0.00501476   0.00293681   -0.0058744   0.00473802  -0.00995582   0.00529849  0.000740604  -0.00213805 -0.000377517   -0.0083122  -0.00732904
     0.00856 -0.000812705   0.00383491   0.00537609   0.00053654  -0.00209368   0.00978966  0.000665052  -0.00121585   0.00435557   0.00159531  -0.00183166    -0.009717   0.00497884  -0.00109531   0.00295345
-0.00939352  0.00612297 -0.00225067  0.00136759 -0.00889179 -0.00931386  0.00549319  0.00584623 -0.00926968 0.000791679 -0.00341317 -0.00140773 -0.00958584 -0.00172536  0.00126322  0.00897416
  0.00746193  -0.00490187   0.00435025  -0.00200153   0.00300445   0.00413991   0.00866352  -0.00821141  -0.00150453  0.000258828 -4.30643e-05  -0.00122152  -0.00476233   0.00886163  -0.00826808  -0.00415585
   0.0049846 -0.000518749   0.00721174   0.00609281  0.000167388   0.00270492   0.00193904  0.000897709   -0.0065034   0.00852588   0.00948997  -0.00608924  -0.00319949  0.000753196  -0.00711507  -0.00573756
 0.00585132  0.00723517  0.00226092 -0.00114423  0.00137508 0.000924438 0.000644367  0.00987055 -0.00881673  -0.0093987 -0.00135097 -0.00357907  0.00946293 0.000380956  0.00226508  0.00444753
  0.00986221 -0.000523182  0.000540346  2.95953e-05  -0.00781826  -0.00752061   -0.0090727  -0.00432166  -0.00899473  -0.00958272 -0.000410899  -0.00219422   0.00117047   0.00247403   0.00206822   -0.0029782
-0.000290799  -0.00567086   0.00587757  -0.00891572   0.00525358  -0.00347806  -0.00904516   0.00643684  -0.00287676 -0.000396133  -0.00714222  -0.00341383   0.00998482   0.00512286   -0.0089663   0.00984703
 -0.00540032   0.00157405 -0.000123373  -0.00321858   0.00405344   0.00080393   0.00245976    0.0050587   0.00122121  -0.00795114  -0.00713552  -0.00760832   0.00452288    0.0049327 -0.000586519  -0.00576791
 0.00926184 -0.00470895 -0.00468363  0.00451542  0.00181299  -0.0037288 0.000952259  0.00893623  0.00587507  0.00381003  -0.0044776  0.00585989 -0.00106711  -0.0034439  0.00570692  0.00353257
  0.00813015  -0.00441645  -0.00968602   0.00218359   0.00638748   0.00277374  -0.00275771  -0.00239131    0.0048226  0.000106776  3.71966e-07 -0.000654517  -0.00496052   0.00941385   0.00357757  -0.00569868
  -0.0052951   0.00889394   0.00881674   0.00651789  -0.00483486 -0.000231001   0.00545412  -0.00895979  -0.00642097  -0.00902348    0.0069001   0.00251193  -0.00246738   0.00260702   -0.0039555  -0.00433723
 0.00819057 -0.00364152  0.00784636  0.00457805  0.00913222 -0.00491135 -0.00781326  0.00395482  0.00519543  0.00218712  -0.0066997 -0.00976509  0.00160097  0.00687787 -0.00546377  0.00630587
  0.00577181  -0.00664703   0.00282376  -0.00906305   0.00312197  -0.00172212  -0.00802285     0.006701 -0.000745602   0.00887725  -0.00078707   0.00678701   0.00148427   0.00525743  -0.00755022 -0.000325153
-0.00838409 -0.00970386  -0.0057471 -0.00925187 -0.00461521 -0.00356036  0.00470295 -0.00941979  0.00862676  0.00800325 -0.00918488 0.000227727  0.00488112 -0.00464865  -0.0034664 0.000652932
-0.00129568  0.00935736  0.00158988 -0.00817372 -0.00236476  0.00356703  0.00852729  0.00688964  0.00244428 -0.00225978  0.00367666 -0.00607145 -0.00700236  0.00612644   0.0036034 -0.00538645
 0.00642258   0.0078563 -0.00463833 -0.00819264 -0.00570405 -0.00993538 -0.00761242 -0.00707729  0.00806787 -0.00679731  0.00315043  0.00294899 -0.00144596  0.00968403 -0.00639807  0.00725836
  0.00904139    0.0051918   0.00908464  -0.00332336  -0.00124117   0.00761193  -0.00643372  -0.00879689  -0.00464785   0.00724293  -0.00486833  -0.00165021   0.00336937   0.00873507   0.00296333 -0.000208053
  0.00659137   0.00832501   0.00159931  -0.00911268   0.00838963   0.00398688  -0.00618997    0.0064575   0.00718958   0.00696046 -0.000593504  -0.00425638    0.0066445   0.00300842  -0.00699802   0.00568589
-0.00179977 -0.00791338 -0.00763747  0.00695906  0.00969855 -0.00407119  0.00816217 -0.00494931 -0.00682826 -0.00670616  0.00340048  0.00654111 -0.00797109 -0.00363618 -0.00366694  0.00862028
 -0.00531117   0.00793237   0.00950761  -0.00692154   0.00191925  -0.00668236   0.00953596 -0.000891168   -0.0097219  -0.00105755   0.00485245   0.00692259  -0.00804913   0.00785443   0.00260849    0.0001511
  0.00994105   0.00497101  -0.00288984    0.0096396  -0.00910018  -0.00472767  -0.00530971  -0.00592844  -0.00143383   0.00809077  -0.00938733  0.000595081  -0.00554541  -0.00305427 -0.000784635 -0.000856588
 -0.0051219 -0.00127703  0.00222187  0.00679735  0.00204061  0.00175782 -0.00409381  0.00231871 -0.00929972 -0.00924136  -0.0007587 -0.00734885  0.00861307 -0.00815021  0.00280225  0.00855412
   0.0068208   0.00991241   0.00819371   0.00772062  -0.00481526    -0.007116  -0.00820782   0.00375091  -0.00902523  -0.00759515  -0.00565401  -0.00457064 -0.000649414   0.00356136   0.00457277   0.00422869
-0.00771567 -0.00320536  0.00102604  0.00432494  0.00855246  0.00693223 -0.00335636  0.00925274  0.00769087  0.00588494 -0.00809611  0.00630394  0.00773473  0.00470614  0.00485805  0.00455553
 0.00461855  0.00305176  0.00227614  0.00980329  0.00593576  0.00406832   0.0035542  0.00691053  0.00647318  0.00790019 -0.00766011 -0.00417624  0.00146155  0.00691266 -0.00994755  0.00374588
 -0.0062927  0.00107849 -0.00192919 -0.00774024 -0.00198928  0.00471445  -0.0084875 -0.00429841 0.000599394 -0.00658361 -0.00799447 -0.00166588  0.00812253  0.00686358 -0.00711035  0.00274108
-8.46565e-05   0.00516579   0.00254437  -0.00414889 -0.000765884  -0.00390143  -0.00723836  -0.00429271  -0.00600124  -0.00489847   0.00153106   0.00546031  -0.00798581   0.00158351 -0.000793812  -0.00427851
   -0.007338     0.007277  -0.00201875  0.000672727   0.00199145 -0.000506257   0.00637432  -0.00740915   0.00291013   0.00837985  0.000924969   0.00103266   0.00524343   0.00381461  -0.00622626  -0.00484123
 -0.00101959   0.00631811   0.00100988   0.00821452  -0.00758332   0.00377152  -0.00607818  -0.00358456   0.00887305   0.00545288  -0.00812425  -0.00911276  -0.00296361   0.00108194  -0.00339128 -0.000301611
-0.00164106  0.00458997 -0.00962888  -0.0096496 -0.00591629  0.00674544 -0.00705876  0.00699384  0.00512528  0.00386621  -0.0019735 0.000368711 -0.00231917  0.00180024  0.00552748  0.00666123
 -0.00188165  -0.00346264   0.00487575  0.000535024  -0.00969112   0.00879757   0.00695047   0.00918192   0.00425045   0.00882622  -0.00993084  -0.00871317 -9.18401e-05  -0.00332211  0.000985221    0.0082671
-0.00873214  0.00135634   0.0086175 -0.00464843 -0.00189823 -0.00844126 -0.00765459 -0.00677294  0.00542495 0.000371914  0.00359577 -0.00689422 -0.00782785 -0.00087675  0.00976701 0.000290497
 0.00566061  0.00464277 -0.00917448  0.00596949  0.00344034  0.00777599  0.00515141 -0.00230922   0.0066022  0.00522057 -0.00102238 -0.00348964 -0.00810154  0.00996284 -0.00522253 -0.00683368
 0.00131917 -0.00660504 -0.00148212  0.00942095 -0.00504629 0.000863297   -0.007352 -0.00962134 -0.00876479  0.00624377 -0.00651556 -0.00659264 -0.00463298 -0.00674855  0.00369786 -0.00897237
  0.00789422   0.00452338   0.00699712   0.00133456   0.00229937   0.00214853   0.00902534  -0.00109843   -0.0026309  -0.00199704   0.00541194 -0.000732437  -0.00203421   -0.0098106   0.00243388   0.00928497
-0.00641563 -0.00904824  0.00870592 -0.00146193  0.00181506 -0.00864608 -0.00108327  0.00305027  0.00759769  0.00240117  0.00645764 -0.00703529  0.00565262 0.000155495 -0.00600765  0.00354683
 -0.00532112  -0.00901054  -0.00511861   0.00697824   0.00313799  -0.00609327  -0.00412018   -0.0094929   0.00190969  -0.00870825 -0.000225338   0.00987548  -0.00851885  -0.00779146   0.00916045  -0.00493448
 -0.0068397  0.00786636  0.00360359  0.00497537  0.00922028 -0.00747968 -0.00197436  0.00681797  0.00492149 -0.00551673  0.00978269 0.000574108  0.00463877 -0.00622497 -0.00587906  0.00931765
  -0.0052355 -0.000997668   0.00629589   0.00790249   0.00290906   -0.0078243   0.00840959  -0.00518125  -0.00653254  -0.00181575  -0.00530578  -0.00505139  0.000392793  -0.00614533  1.41311e-05    0.0035531
-0.00827897 -0.00638228 -0.00147154 -0.00905868 -0.00386195   0.0065541  0.00775929 -0.00894046 -0.00896262  0.00754198  0.00163364  0.00567615 -0.00868299  0.00575459  0.00499379 -0.00391849
-0.00524308  0.00128968   -0.006016  0.00766598  0.00346539 -0.00760641 -0.00751527  0.00693284 0.000577842 -0.00282105 -0.00811855 -0.00902937  0.00103362  0.00189558  0.00452373  0.00275465
 0.00551331  -0.0069478  0.00369597 -0.00834865   0.0096063  0.00145526 -0.00728911 -0.00935632 -0.00100276  0.00434453  0.00631983  0.00031425 9.91204e-05  0.00131362  0.00639576  0.00485604
 -0.0073967 -0.00962024  0.00252202  0.00606869 -0.00722665  0.00500674  0.00300153  0.00335119 -0.00781431  0.00488299  0.00432182  0.00321931 -0.00322143 -0.00115444 -0.00402603 -0.00770812
 0.00189775  0.00966994 -0.00605677  0.00150406   0.0011252 -0.00334588  0.00214773 -0.00987756 -0.00900134 -0.00153244 0.000436689  0.00109778  0.00978118 -0.00316755 -0.00404618 -0.00761552
 -0.00278779   0.00847583   0.00845317 -1.44476e-05   0.00348258    0.0014547  -0.00666326   0.00566827  -0.00366231   0.00765857  -0.00111242   0.00311626  -0.00349588   0.00486155   0.00540813   0.00840188
 0.00453149  0.00935137 -9.4069e-05 -0.00434331 -0.00399451 -0.00794634 -0.00422087 -0.00299585 0.000521224  0.00621582  0.00810193 0.000302401 -0.00695173 -0.00594425  0.00268688 0.000260473
-0.00746842  0.00114005 -0.00975397  0.00601416 -0.00740525 -0.00641723  0.00168242 -0.00106757 -0.00875867 -0.00942999 -0.00795131 -0.00225455  0.00543156  0.00745682 -0.00385267 -3.6948e-05
 0.00680819  0.00605326  0.00561974 -0.00718632  0.00810692 -0.00860112 -0.00018217 -0.00137185   0.0076147 -0.00208024  0.00893055 -0.00933704   0.0019755  0.00161743 0.000923436  0.00450708
 -0.00724252   0.00116946  0.000521239  -0.00464777   0.00475223  -0.00779634   0.00428466   0.00599356  -0.00722633   0.00633335  -0.00626099   0.00820523   0.00379017 -0.000113657  -0.00183172   0.00059836
 -0.0040604 -0.00621197  0.00341204 -0.00595347  -0.0048131 -0.00677013  0.00267468  -0.0071984  0.00114963  0.00160523 -0.00653544 -0.00687487 -0.00677734    0.004388  0.00763222 -0.00401986
 -0.00444254  -0.00184654   0.00133236  -0.00969031  0.000357119  -0.00438298   0.00630325   0.00313079  -0.00804963  -0.00995774   0.00133602   0.00574054 -7.13963e-05    0.0095043   -0.0036611   0.00586821
 -0.00670767   0.00975094   0.00991473  -0.00152077  -0.00701919   0.00258941   0.00128083   0.00413044  -0.00580536   0.00474539   0.00725557  -0.00258271 -0.000866607   0.00488779   0.00339743   0.00469085
-0.00695875 -0.00527021  0.00500054  0.00339837 0.000346812  0.00130379 -0.00347084  0.00229718  0.00134605  0.00786518 -0.00196228 -0.00872535  0.00736948  0.00437662  0.00714286 -0.00933819
  0.00412756   0.00705759 -0.000858952   0.00710838 -0.000352994  -0.00957812   0.00123882   0.00384164   0.00516728  -0.00150561  -0.00874106  -0.00569933  -0.00661782   0.00465637   0.00899152  -0.00357657
  0.00938616   0.00399206    0.0098218 -0.000267033  -0.00470415  -0.00364905  -0.00796985    0.0066419  -0.00578387  6.78713e-05   0.00791655  -0.00841439  -0.00555551   0.00505941  -0.00775258   0.00857206
 0.00211701  0.00138847  0.00568044 -0.00823599  0.00181035 -0.00308075  0.00560566 -0.00302237  0.00541365  0.00686459   0.0012783  0.00879583  0.00152096 0.000269817 -0.00478074 0.000907114
 -0.00573812  -0.00495895  -0.00935992 -0.000442269   0.00139201  -0.00732977  -0.00380037   0.00560814    0.0027381  -0.00588382   0.00719375    0.0071826    0.0091756   0.00944117   0.00575466   0.00129261
 0.000829643   0.00143509   0.00305662     -0.00736   0.00835434  -0.00133772 -0.000382377   0.00376799  -0.00447313  -0.00910408   0.00256382   0.00704783   0.00116574   0.00778308  -0.00204506   0.00542762
 -0.00717587  -0.00140497  -0.00501465   0.00421614   0.00126526   0.00118498 -0.000175725  -0.00599664   0.00530116  -0.00298198  -0.00881405   0.00447676  -0.00354081   0.00694061  -0.00423063   0.00728884
  -0.0016243   0.00882599   0.00992883  -0.00326995  -0.00251174 -0.000453545  -0.00950196   0.00301513  0.000442373   0.00306185  6.29619e-05  -0.00839189  0.000844931   0.00801791   0.00703573   0.00366906
-0.00338707 -0.00797893  -0.0021148  0.00787819  0.00320605  0.00770948 -0.00811845 -0.00149279  -0.0052725  -0.0069325 -0.00701603  0.00118669 -0.00999189 -0.00124666 -0.00152447 -0.00161619
-0.00242068 -0.00159564  0.00511386  0.00506758  0.00795082   0.0056119 -0.00191728 -0.00160681 -0.00132625  0.00814568 1.30012e-06  0.00951868  0.00616358 -0.00296297  0.00318774 -0.00722349
-0.000941903  -0.00892705   -0.0093453  -0.00773585   0.00878242  -0.00746375  0.000771358  -0.00649008  -0.00439625   0.00375533   0.00469662  -0.00438814  -0.00749134  -0.00682785   0.00399568   8.7985e-05
  0.00157651 -0.000890465  -0.00484443 -0.000472674  -0.00527857   0.00323828   0.00792052   0.00339518   0.00138396  -0.00207818   0.00291386  -0.00245246   0.00495884   -0.0038984  0.000324058  -0.00598306
 -0.00282545   0.00097876  -0.00371891  -0.00404303   0.00351501   0.00705244 -0.000533106   0.00911876  0.000807773  -0.00583649  -0.00526938   0.00331644  -0.00266434    0.0087263  -0.00659558   0.00891216
 -0.00216417  -0.00144001  -0.00156051   0.00255726  -0.00820173  -0.00363999  -0.00404756   0.00318223   0.00428182    0.0088663  -0.00927022 -0.000759332   -0.0050321   0.00105384   0.00325761   0.00214245
 -0.0079674  0.00953869  0.00809942   0.0055476  0.00659114 -0.00243369  0.00466636 -0.00260109  0.00172982  0.00939698 -0.00928465  0.00906548  0.00812328 -0.00588023  0.00797764 -0.00404089
  0.00267976  -0.00358287   0.00851637   0.00447803   0.00277714  -0.00553119  -0.00233973  -0.00294103  -0.00666489  -0.00160996   0.00629964  -0.00169699   0.00944388 -0.000442757  -0.00955454  -0.00852352
-0.000904063   0.00854488   0.00702408  -0.00431292  -0.00388881   0.00169044   0.00308599   0.00784101   0.00108743   0.00380134   0.00690649 -0.000789292   0.00792111   0.00488414   0.00516982  0.000600869
 -0.00869873   0.00368619   -0.0049211   0.00407841     0.008155   0.00273917  -0.00886262  -0.00850989  -0.00887078   0.00743702 -0.000206882   -0.0094269  -0.00300574  0.000238575  -0.00795043    0.0060902
 -0.00121655   0.00907365  -0.00822273   0.00489464  0.000764094   0.00486326   0.00273566  -0.00814848   -0.0013354 -0.000357851   0.00106223   -0.0034143  -0.00547372  -0.00376795   0.00718657  -0.00417245
  0.00991824  -0.00773453   0.00990597   0.00807324   0.00500465  -0.00895665   0.00956335   0.00613386   0.00848036 -0.000643535   0.00670696  -0.00452538   0.00959504   0.00875653  -0.00843518  -0.00162151
 0.00783018 -0.00665791 -0.00672686 -0.00140573  0.00820535  0.00600879 0.000445793 -0.00313006 -0.00434906 -0.00849198  0.00345565 0.000177225 -0.00225993 0.000642217  0.00600478 -0.00234169
 0.00290769  0.00591075 -0.00426845 -0.00208766   0.0069541 -0.00470511  -0.0059538  0.00543446  0.00465136 -0.00924684 -0.00909092   0.0042464  0.00950968  -0.0075261 -0.00737511  0.00733986
-0.00418401 -0.00410198 -0.00406587 -0.00597866 -0.00809318  0.00637993 0.000891278 -0.00244224  0.00788795 -0.00565308  0.00773498 -0.00437198  0.00498914  0.00373976  0.00328632 -0.00210317
-0.000349491   0.00901787   0.00580917   -0.0033954  -0.00568724   0.00985537  -0.00796094   0.00896412  -0.00939148  -0.00705186   0.00321051  -0.00988179  -0.00457796    0.0058354   0.00745807   0.00123803
-0.00826657  -0.0066078  0.00525937 -0.00635976  0.00977213 -0.00384936    0.001198  0.00766008 0.000497568 -0.00106702  -0.0067119 -0.00451329 -0.00732726  0.00657442  0.00338354  0.00232325
  0.00559229 -0.000807291   0.00892786   0.00990505 -0.000951923  -0.00903308   0.00886917   -0.0003434  -0.00608494   0.00207969 -0.000225193 -0.000662892  -0.00208491  -0.00276713  -0.00942486 -0.000351483
0.000625077  0.00583451  0.00328876 0.000397207 -0.00801485 -0.00551324 -0.00194272  0.00248272  0.00341975  0.00134538  0.00796943  0.00609249  -0.0020802  0.00135297 -0.00158426 -0.00648791
 -0.00945432   -0.0026564  -0.00658286 -0.000406248  -0.00168948  -0.00771369   0.00925035   0.00222559     0.004366 -0.000974841  -0.00843731  -0.00771891   0.00625803  -0.00786217   0.00192961  -0.00311689
  0.00797234  -0.00478163   0.00728032   0.00995749 -0.000294869   -0.0046624   0.00244021  -0.00687512   0.00668298  0.000409637   0.00921737  -0.00539722   -0.0082374  -0.00236689  -0.00188512  -0.00769172
 0.00497672  0.00153202  0.00190203 -0.00671276  0.00381834  0.00115238  0.00551282 -0.00181566 -0.00982246  0.00707552 0.000465426  0.00643557  0.00921335 -0.00760497 -0.00668131   0.0071857
  -0.0023866    -0.009401   0.00714319   0.00731853  -0.00406339 -0.000416603  -0.00955659  -0.00738041   0.00999303   0.00966078  -0.00277763  -0.00824436  -0.00270611   0.00533725  -0.00593608  -0.00772939
-0.00313073  0.00596595 -0.00444215 -0.00931239 -0.00288167 -0.00892933 -0.00112806 -0.00270413  0.00814619  0.00933737 -0.00626856  0.00735955  -0.0082676 -0.00294987  0.00454524  -0.0006542
-0.00235087  0.00168843 -0.00333567  0.00358574 -0.00872818 -0.00289226  0.00620533 -0.00873514 -0.00323148  -0.0065723  -0.0069795  0.00406241  0.00876495 -0.00291559  0.00633302 -0.00436578
-0.00694964 -0.00810913 -0.00367817 0.000168684 -0.00703846  0.00519377  0.00746455 -0.00889227  0.00453114   -0.008804  0.00846728  0.00626354 -0.00175387  0.00301252 -0.00439066  0.00589526
 -0.00529905   0.00227367 -0.000519005  -0.00402723   0.00938141  -0.00431368  -0.00276237  -0.00385007  -0.00088598  0.000258124  -0.00978766  -0.00212103   0.00734253   0.00654536   0.00351319  -0.00960711
  0.00843623   0.00983501  0.000561574  -0.00860223   0.00502878  -0.00197387   -0.0074945 -0.000440082 -0.000777877  -0.00902722  -0.00417655   0.00746825    0.0039853   0.00143279   0.00336351   0.00868624
 -0.00629354   -0.0071555  -0.00534099  -0.00691213  -0.00146918   0.00189664 -0.000762202   0.00764484  -0.00784523  -0.00054986  -0.00447619    0.0094973   -0.0040045     0.009037   0.00989019  -0.00556826
  0.00887201  0.000451766  -0.00417049   0.00390079   0.00847789  -0.00166499  -0.00653929  -0.00229998 -0.000692213 -0.000715836  -0.00483174  -0.00670692  -0.00928305   0.00853177  -0.00802067  -0.00557659
 -0.00862373  -0.00336166  -0.00248872 -9.29083e-05   0.00853498   0.00674908  -0.00244807  -0.00931025  -0.00380078   0.00307574  -0.00981295   0.00219472   0.00211274  -0.00992276   0.00662646  0.000984751
 0.000529006  -0.00754404  -0.00511446 -0.000993102  0.000790972  -0.00165374   0.00670691  -0.00990124   0.00763042  -0.00812482  -0.00660816   0.00834737  -0.00959305  -0.00462883  -0.00722921  -0.00821678
 0.00200951 0.000282066  0.00169031  0.00054449 -0.00296886  0.00924224  0.00123424  0.00323036  0.00231799  0.00142129 -0.00457492 -0.00556927  0.00149852 -0.00794846  0.00541548 -0.00797247
 -0.00549249  -0.00969898   0.00103443   0.00529848  -0.00135272  -0.00225866   0.00539724   -0.0037223 -0.000383479   0.00878908  -0.00537493  2.34701e-05  -0.00583975  -0.00260415   0.00180669   0.00616976
  0.00767792    -0.006503  -0.00328575  -0.00529094  -0.00726076   0.00794848   0.00793943   0.00505723 -0.000630232  -0.00663549   0.00948795  -0.00913171  -0.00458395   0.00490343  -0.00710418 -7.64435e-05
 0.00520445  0.00393025 -0.00477797 -0.00614827 -0.00832841 -0.00938073 0.000129422  0.00128812  0.00940835  0.00475449 -0.00868841 -0.00643141 -0.00784966  0.00311827  0.00973835  0.00982826
 0.00661528  -0.0035474 -0.00546267  0.00935452 -0.00559892 -0.00752325  0.00441175  0.00377085 -0.00415874   0.0038997  0.00463914  0.00125731 -0.00119687  0.00753496 -0.00881913 -0.00599242
  0.00146521   -0.0035971  -0.00214069   0.00313681  -0.00297783   0.00798873  -0.00557508  -0.00356948   0.00274322  -0.00426349 -8.85804e-07   0.00489357   0.00885478 -0.000262535   0.00472183   0.00547006
  0.00619006   0.00925916   0.00482458  -0.00940886  -0.00826409 -0.000763676   0.00436199  -0.00242283  -0.00686397 -0.000998873   0.00883448   0.00193916  -0.00346391  -0.00998465   0.00594674    0.0080013
 -0.00358174  -0.00619395   0.00113811   0.00344043  -0.00820522   0.00556303   0.00987095   0.00453801  -0.00870046 -0.000129938 -0.000568428  -0.00984568   0.00960753   -0.0058466   0.00562438   0.00579759
-0.00658744 0.000448956  0.00638873 -0.00485153  0.00968528 0.000750718  0.00272564 -0.00717869  0.00975184  0.00156012  0.00476047 -0.00371207  0.00157548 0.000707208 -0.00571077  0.00799374
 0.00451326  0.00542734  0.00143416  0.00630804 0.000990372  0.00130511  0.00084605  0.00228991 -0.00882483 -0.00972238  0.00244423  -0.0092173 -0.00556898 -0.00193139  0.00658029 -0.00215642
  0.00851757   0.00296902   0.00299205   0.00820285  -0.00628026  -0.00428231  -0.00897585  -0.00652842   0.00727782   0.00578462 -0.000240485   -0.0011467  -0.00350817   0.00404875  -0.00315297  -0.00899491
-0.000523909    0.0082812   0.00731313  -0.00953354 -0.000413691  -0.00184082   0.00275637  0.000761482   -0.0015632   -0.0047994   0.00154418   0.00286783   0.00326922  -0.00187553  -0.00928859   0.00178678
 -0.00890651   0.00370347 -1.03711e-05  -0.00518677   0.00942116   0.00101378  -0.00171519   0.00669898   -0.0032016   0.00804433  -0.00444773   0.00329023   0.00209308   0.00239931   0.00429532  -0.00843083
0.000680504  0.00160845 -0.00796437 -0.00973319  0.00976763  0.00479201  0.00102829 -0.00179556  0.00999261 -0.00742752 -0.00892773  0.00326183 0.000696951 -0.00821632 -0.00495139  0.00179044
  0.00548714   0.00503824   0.00660368    0.0049083  -0.00394798  -0.00511151   0.00160728   0.00285042  -0.00706718   0.00715955  -0.00385935    0.0050259 -0.000441139  -0.00956403   0.00659507  -0.00976064
 0.00204442   0.0086307 -0.00949382  0.00181205  0.00342271  0.00153447 -0.00998352  0.00341532  0.00410695 -0.00891125 -0.00332286  -0.0051961 -0.00712757  0.00172575  0.00659434  0.00835957
-0.00323601  0.00319802  0.00326787    0.002816  0.00808651 -0.00512485 -0.00433358 -0.00898067 -0.00796529  0.00180707  0.00604524  0.00159357  0.00224304  0.00264031  0.00183293 -0.00571254
 0.00127101  0.00233911   0.0060995 -0.00530628 -0.00612642  0.00611599  0.00810904  0.00798053  0.00720474 -0.00521382 -0.00721557 -0.00992283  0.00651193  0.00937877  0.00843674 -0.00672408
 0.00257679  0.00170461  0.00609192 0.000663305  0.00657976 -0.00824166  0.00168264  0.00861447  0.00356542 -0.00227212 0.000208035 -0.00419154 -0.00963182 -0.00795903 9.59174e-05  0.00163919
 0.00438007 -0.00380458  0.00633291  0.00825365 -0.00768859  0.00444195  0.00623418  0.00951615  0.00922812   0.0090186  0.00959332  0.00574005  0.00839737  0.00803005  0.00901597 0.000974165
-0.000265339   0.00510789  -0.00836253  -0.00368558   0.00686623   0.00332011  -0.00507111  0.000431653  -0.00895202   0.00513693   0.00624011  -0.00858383   0.00717789  -0.00366397   0.00305536   0.00155797
  0.00253145 -0.000611731 -0.000188383   0.00484286  -0.00616979  -0.00395421   0.00435901  -0.00694166   -0.0049356   0.00395233   0.00879839  -0.00653823   0.00198238   0.00781436   0.00443594  -0.00828296
  0.00292225   0.00607341  -0.00196853 -0.000211515 -0.000606485   0.00296036  -0.00977986    0.0004415  -0.00190272   0.00646025   0.00185767  -0.00472482  -0.00720372  -0.00508697   0.00683314   0.00532773
 0.00430129 -0.00335524 0.000170599  0.00813151  0.00269056 -0.00547039 -0.00881015  0.00775495  0.00848194  0.00998824 -0.00878328 0.000464323   0.0078026  0.00565266  0.00218137 0.000724853
 0.00172607 -0.00978717 -0.00948666 -0.00888042  0.00317319 -0.00926652  0.00156108 -0.00872953  0.00719373 -0.00658125 -0.00345435  0.00999001 -0.00166823 -0.00662121  0.00531774 -0.00736693
 2.35537e-05  -0.00451166  -0.00923543  -0.00728589  1.79551e-05  -0.00804558  -0.00953094   -0.0015001  -0.00805734  -0.00831421   0.00896422   0.00974526   0.00733845   0.00114559  0.000470117 -0.000935486
 0.00135842 0.000983455 0.000184095 -0.00546839  0.00171693 -0.00825482 -0.00419792 -0.00108934 -0.00483608  0.00234773 -0.00109934   0.0034957  0.00572652 -0.00578159  0.00612876 -0.00424992
-0.000293251   0.00689334  -0.00153581    0.0097247   0.00884776  -0.00106675   -0.0017754  -0.00920958  0.000619036  -0.00281118  -0.00946432  -0.00204252   0.00833441    0.0010058     0.007022 -0.000307173
-0.00801074 -0.00279391  0.00422443  0.00370619 -0.00104873 -0.00997349 -0.00738316  0.00411519  0.00237424  0.00151751 -0.00238911 -0.00189923  0.00573591 -0.00626035  0.00385085 -0.00455734
 -0.00936701  -0.00768497  -0.00483263   0.00948075   0.00124828   0.00339197  -0.00972883  -0.00813268  -0.00941921  -0.00919315 -0.000175198    0.0089152   0.00181266   -0.0031532  -0.00139197   0.00380191
 0.00405289 -0.00716754  -0.0024919 -0.00699584 -0.00714102 0.000124942  0.00711936  0.00523322 -0.00835755 -0.00526975 -0.00666601  0.00737836  -0.0015301  0.00718483 -0.00717898 -0.00089711
  0.00949987  -0.00201161  -0.00141636  0.000748146  -0.00861964  -0.00114519   0.00261546  -0.00803885 -0.000338339  -0.00755974  -0.00912365  -0.00852568 -0.000712935 -0.000515626   0.00527623  -0.00666004
 0.00231683 -0.00721567 -0.00365588  0.00517581  0.00290927 -0.00653652  0.00040903  0.00455172 -0.00180627  0.00374302  0.00193008  0.00666363 0.000927851  0.00475111 -0.00423348 0.000427716
  -0.0072605   0.00435016  -0.00882414  -0.00588014  -0.00679503   0.00379133    -0.003919   0.00286663   0.00623159  -0.00304265   0.00434095  -0.00448135   0.00644173 -0.000382823  -0.00114139  -0.00124144
  0.00240151   0.00520274  -0.00606563  -0.00468922   0.00866622    0.0043434    0.0098625  -0.00314005  -0.00191358   0.00179258  -0.00647641   0.00901427  -0.00345632 -0.000709891 -0.000558013 -0.000716818
-0.00635973 0.000617849  0.00340304 -0.00315476 -0.00559083  0.00948404  0.00971187 -0.00935924 -0.00355861  0.00405282 -0.00384058 -0.00711688 -0.00633001  0.00501803  0.00164168   0.0060715
  0.00022077   0.00557606  -0.00861772  -0.00111301 -8.05423e-05  -0.00875523   0.00574695   0.00800588   0.00303735   0.00927053   0.00702015   0.00958104  -0.00143936  -0.00353787  -0.00113578   0.00220091
 0.00707998 -0.00773275  0.00904615 -0.00851084  -0.0082487  0.00875802 -0.00787008 -0.00180731  0.00281083 -0.00171066  0.00107581  0.00648083 -0.00669263  -0.0072825  0.00255233  0.00352814
 0.00829355   0.0039346 -0.00758487 -0.00178699  0.00517937  0.00816208 -0.00378111 -0.00178328  0.00743261 -0.00676096 -0.00220224 -0.00400675 -0.00029883  0.00666198  0.00819416 -0.00321885
 0.00892923  0.00724031 -0.00172969 -0.00931947  0.00599833 0.000400231 -0.00112678 -0.00119083  0.00868957  0.00994903 -0.00471001 -0.00800306 -0.00733347  0.00784232  0.00552508 -0.00903992
  0.00177692   0.00794021 -0.000826908  -0.00304371   0.00610229   0.00539198   0.00517302    0.0035349   0.00863102  -0.00702923   0.00952815  -0.00166781   0.00963275   0.00772232   0.00511334   0.00856198
  0.00496263  -0.00661635    0.0092425  0.000960962   0.00378388  -0.00188428   0.00977013   0.00247345  -0.00193525  -0.00493988   0.00447039  0.000731277  -0.00709756 -4.53239e-06   0.00169136   0.00467936
-0.00206432 -0.00913555 -0.00836435 -0.00596203  0.00625643  0.00680867  0.00757287  0.00488745  0.00977944  0.00710102 -0.00678037  0.00941219  0.00482334  0.00833297  0.00797417 -0.00021403
-0.00828338  0.00721668 -0.00925307   0.0055005  -0.0046676 -0.00948294 -0.00202605  0.00339715 -0.00442282 -0.00755566 -0.00587158 -0.00152037  0.00243981  0.00581978 -0.00684101 -0.00962451
  0.00668423  -0.00520536  -0.00558654   0.00294066  -0.00839669  -0.00801367  -0.00217189  -0.00861724   0.00908735   0.00104774  -0.00920505   0.00391069 -0.000619292   0.00876912  -0.00630334   0.00109733
   0.0059858  -0.00555641  -0.00340217   -0.0086818  -0.00503934   0.00457178   0.00471534   0.00053784   0.00701612   0.00884377   0.00901747 -0.000544072   0.00466355  -0.00782355 -0.000168586   0.00134778
  -0.0030289   0.00424487  -0.00571156  -0.00142559    0.0062312   0.00211655 -4.28361e-05   0.00531855  -0.00683572  0.000752114 -0.000770754   0.00254499 -0.000478764   0.00292591  -0.00635768  -0.00449296
  0.0073695 0.000240151 -0.00317477 -0.00766984 -0.00518807 -0.00845942    0.002868 -0.00817195 -0.00961565  0.00188547  0.00128398   0.0050479  0.00406192  -0.0088846 -0.00360432 -0.00896698
  0.00536027   0.00068412 -0.000392576   0.00159147  -0.00719933   0.00956459  -0.00308998  -0.00403505  0.000316702   0.00613926   0.00850994   0.00983794 -0.000934827  -0.00784774  -0.00465503  -0.00356532
  0.00239241   0.00217021  -0.00123516   0.00720435   0.00371078  -0.00836717    0.0090324   0.00409513    0.0035183  0.000316382 -0.000856972  -0.00241978   0.00143178   0.00553871  -0.00138676  -0.00320796
 -0.00377717   0.00822066   0.00838351 -0.000976505   0.00778525  -0.00470647   0.00498845  -0.00189805  -0.00856721   0.00349839  -0.00206011  0.000497966   0.00565065   0.00328486   0.00693264  -0.00195693
-0.00454493 -0.00430252 -0.00475259  0.00916586 -0.00266969 -0.00572018  0.00326099 -0.00915139   0.0045962 -0.00759598 -0.00157117 -0.00397203  0.00794272  0.00704207  0.00282002 -0.00583445
  0.00526273   0.00120353   0.00318905   0.00304798   0.00649706  -0.00182251  -0.00885006   0.00792985  -0.00832412 -0.000910174  -0.00157218   0.00732653  -0.00762531  -0.00463954   -0.0046304  -0.00217024
  0.00105794  0.000617015  -0.00300438   0.00838825   0.00489683  -0.00974339   0.00923686 -0.000506973  -0.00733937   -0.0023343     0.005521  -0.00939665  -0.00529223  -0.00165898   -0.0052311    0.0099705
 0.00954455  0.00795794  0.00301849  0.00604161 -0.00386456  0.00416842  0.00397146 -0.00218868 -0.00674175 -0.00760072 -0.00486215 -0.00436706 -0.00224026  0.00050745   0.0034627  0.00881767
 -0.00887554  -0.00954168   0.00720592   0.00602129  -0.00928507   0.00644279  -0.00448568  -0.00662445  -0.00589151  -0.00896468   -0.0060211  -0.00118374 -0.000623657   -0.0012522  -0.00121324  -0.00107911
 -0.00329425  -0.00819476   -0.0050375   0.00284118   0.00597367   0.00893396   -0.0093475   0.00923191  -0.00866677  -0.00420965  -0.00513515 -0.000907029    0.0062978   0.00832755  -0.00208935   0.00742227
  0.00878587  -0.00488343   0.00344356    0.0095008  -0.00844064   0.00895788  -0.00712365  -0.00433216    0.0099932  -0.00314474    0.0044841 -0.000630453   0.00560306  -0.00672914   0.00829044  -0.00769119
 -0.0049239 -0.00674706  0.00514999 -0.00895023 -0.00781311  0.00580249 -0.00971832 -0.00647987 -0.00840716 -0.00485347   0.0026131  0.00789064 -0.00652592 -0.00947626  0.00531291 -0.00774005
-0.00435969 -0.00124353 -0.00823925 -0.00280033 -0.00228565 -0.00536289  0.00286752 -0.00229245  0.00149236 -0.00264838   0.0070771 -0.00290458 0.000622475  0.00536754 -0.00059577  0.00569858
 0.00862047 -0.00544578  0.00674835 -0.00919263 -0.00964329  0.00703003 -0.00567251 -0.00805045 -0.00782344  0.00694059  0.00984019 -0.00434935  0.00746434   0.0051531  -0.0020894 -0.00689535
 -0.00609044 -0.000328646  0.000304325   0.00162391   0.00430846  -0.00682816   0.00933146  -0.00419917  0.000523459   0.00640856   0.00289625  -0.00885407    0.0017761  -0.00769952   0.00684451  0.000396568
  -0.0031453   0.00359286   0.00120393  -0.00278859   0.00062289   0.00553143 -0.000839042   0.00279945   0.00247202 -0.000998851    0.0084501 -6.36401e-05  -0.00584575   -0.0036393   0.00304101  -0.00193619
  0.00603205  -0.00665466   0.00968772  0.000340514  -0.00348282   0.00901918   0.00614134   0.00704064   0.00542774 -0.000962413   0.00818657  -0.00279616   0.00133807   0.00503108   0.00760041   0.00819276
-0.00137606 -0.00119566 -0.00459583  0.00924683 -0.00566423  0.00456513  0.00204629  0.00680779 -0.00643372 0.000496384 -0.00325585 -0.00227948  0.00685708  0.00978517  0.00578434  0.00288914
  -0.0068695   0.00547206  -0.00677035 -0.000352318   0.00449124   0.00937099  -0.00331168 -8.10142e-05  -0.00159142  -0.00512511   0.00712283   0.00974664   0.00990597   0.00472323    0.0079394  -0.00147008
 -0.00647242  -0.00665643  -0.00222325  -0.00213665    0.0079087   0.00982304  -0.00532886  -0.00852502   0.00031942    0.0014153 -0.000804496   -0.0028235   0.00120047  -0.00502016  -0.00993436   0.00433097
 -0.0095481 -0.00670471 -0.00602135  0.00494314 -0.00733372 0.000666969 -0.00513788  0.00107485  0.00554186 -0.00801505 0.000821492  0.00544783  0.00670818  -0.0012391 -0.00602225 -0.00976424
  0.00210447    0.0017545  -0.00190089  1.31722e-05   0.00157754   0.00277026   0.00148815  -0.00810304  -0.00581444  -0.00931634  -0.00092654   0.00538602   -0.0043365 -0.000860901 -0.000283009  -0.00388461
 0.00243439  0.00369564 -0.00894147  0.00510066 -0.00563739 -0.00407935 -0.00382448  0.00990447  -0.0020944  0.00699701   0.0053523 -0.00538621  -0.0042421  0.00933005 -0.00515045  0.00786237
  0.00108455   0.00294866  -0.00212445  -0.00733791  -0.00428108    0.0093637  -0.00544096 -9.55236e-05  -0.00995265    0.0036325   -0.0047095  -0.00428915   -0.0072284   0.00500749   0.00182624   0.00520599
-0.00129687  0.00288477 0.000306655  0.00306574  0.00880543  0.00648217  0.00297021 -0.00328897  0.00347918 -0.00167749  0.00132482  0.00923708 -0.00234744  0.00617437  0.00709946  0.00873712
-0.000876971    -0.005025   -0.0086008   0.00484195   -0.0056613  -0.00404175  -0.00525357  -0.00561394   0.00959075  3.69243e-05  9.69064e-05  -0.00763765  -0.00495559  -0.00807685   0.00756834   0.00374755
 0.00480792   -0.002125 -0.00318671  0.00361335 -0.00564283   0.0097835 -0.00967562  0.00783635 -0.00189399   0.0016492  0.00707343  0.00575857 -0.00217644  0.00417289  0.00449569  0.00694659
 0.00914789  0.00589489  0.00178854 -0.00651341 -0.00814686  0.00653497 -0.00212735 -0.00855611 -0.00342811  0.00796955 -0.00619376   0.0016163   0.0098927 -0.00862542 -0.00463615  0.00470062
-0.000750426   0.00217714  -0.00168603   0.00360674   0.00196063  -0.00136165   0.00144309  -0.00993336  -0.00971245  -0.00148349   0.00582522  -0.00188889   -0.0073106   0.00032091   -0.0049423  -0.00816271
  -0.0037842   0.00684624  -0.00467612  -0.00193106   0.00338121   0.00319653 -0.000487171    0.0099531   0.00116608   0.00331907    0.0015694   0.00105878   0.00469364   0.00693325   -0.0042406  -0.00605678
-0.000889612   0.00407338   0.00754996  -0.00892898  -0.00728827  -0.00100696  -0.00886233  -0.00700073   0.00750956   0.00696289   0.00111038  -0.00980104   -0.0027162   0.00616808  -0.00796375    0.0034996
 0.00301432 -0.00263987 -0.00843146 -0.00360448 -0.00944335  0.00108137 -0.00365138  0.00172273 -0.00559957  0.00791802 -0.00721849  0.00909408  0.00485127 -0.00145909  -0.0069627 -0.00603834
 -0.00738571  -0.00941274  -0.00496732  -0.00467398 -0.000419701  -0.00382965  -0.00167471  -0.00291014  -0.00686676   0.00943567  -0.00271118  0.000417031   0.00560375 -0.000674934  -0.00608337  -0.00138194
  0.0066852 -0.00451483  0.00501359  0.00724185  0.00656654 -0.00863779 -0.00103542 -0.00903303  0.00928023  0.00174609 -0.00993895  0.00413151 -0.00971299 -0.00690165  0.00809317  -0.0070987
 -0.0063144 -0.00687415 -0.00177268   0.0032659  -0.0007038   0.0065526 -0.00964424  0.00242944  0.00598827 -0.00235542 -0.00715353  0.00159202  0.00696964  -0.0032369 -0.00978992  0.00365484
  0.00224826   0.00522367  0.000896689   -0.0011852   0.00658588   0.00986127 -0.000218225   0.00586611   0.00160737 -0.000157173 -2.38771e-06   0.00189437   0.00294118  -0.00190922   0.00479567   0.00662678
  0.00121663  -0.00697701 -0.000107317  -0.00948717   0.00957559  0.000248443   0.00294227   0.00556386   0.00789302   0.00578873  -0.00284412   0.00486267  -0.00744817  -0.00263404   -0.0014825   0.00480009
-0.00741038  0.00941419 -0.00638511   0.0091755  0.00927547  0.00339667  0.00504161  0.00088283  -0.0067605 -0.00496078  -0.0072228  0.00618067     0.00313  0.00757288  0.00280745 -0.00565337
-0.00940413 -0.00729987 -0.00514054 -0.00982854  0.00294858  0.00780172  0.00573532 0.000841598  0.00359045  -0.0071088 -0.00429574  0.00614228 0.000257161  0.00422177 0.000942373  0.00284679
  0.00363596   0.00455727   0.00202229   0.00291143  -0.00204606  -0.00293611  -0.00620574   0.00119343   0.00210311  -0.00342854   -0.0026259  -0.00476689  -0.00585566  -0.00981845 -0.000420261  -0.00525979
-0.00711832   0.0044392 -0.00508833  0.00583026  0.00224092 -0.00935301 -0.00332814 -0.00416863  -0.0064618  0.00237612 -0.00802635  0.00379536 -0.00340211  0.00291603 -0.00335786 -0.00976615
-0.00252671  0.00866443  0.00314528  0.00542723 -0.00427168  0.00693954 -0.00337934  0.00783143   -0.006489  0.00399476 -0.00693546 -0.00234466  0.00417631  0.00264428  0.00239555    0.007058
-0.00291652  0.00730722  0.00288826   0.0093244  0.00795421  0.00956012 -0.00484423 -0.00850759  0.00193624 -0.00287057  0.00528776  0.00853413 -0.00995455 -0.00807009  0.00876798 -0.00248125
 -0.00940567   0.00191326  -0.00705402  -0.00367734   -0.0011472 -0.000433363  -0.00584591    0.0023638   -0.0064386  -0.00278137  -0.00998087   0.00773771   0.00986292   0.00241468   0.00479571   -0.0030536
-0.000278104  -0.00231603  -0.00372921  -0.00232389  -0.00275591   0.00142657 -0.000831489   0.00918033   0.00855599  -0.00554373   0.00771446   0.00860145  -0.00361382   0.00648245  -0.00387981  -0.00301948
 -0.00160429  -0.00093383   0.00330317   0.00724851   0.00863281   0.00745726 -0.000387697  -0.00780579  -0.00532411 -0.000368563   0.00993192  -0.00546119  -0.00795388   0.00472763   0.00148521   0.00176801
  -0.0075884     0.007756   0.00944412 -0.000344303 -0.000817431  -0.00138737  -0.00116397  -0.00226144   0.00306891   -0.0034495  -0.00365999   0.00945509  -0.00696706    0.0024602   -0.0035644   0.00142865
 -0.00847363   0.00973877  -0.00132284  -0.00984082   0.00719603   0.00828946  -0.00764661  -0.00812807   -0.0020791   -0.0077147  -0.00358926 -3.29814e-05   0.00701294   0.00789595  -0.00826497   0.00942454
  0.00565195  -0.00882085 -0.000919762  -0.00516548 -0.000208215   0.00791627   0.00257308  -0.00713931  -0.00553324   0.00891309  -0.00768423  -0.00250029   0.00137329  -0.00124862   0.00892836   0.00289966
-0.00150985 -0.00239448  0.00305884 -0.00431382 -0.00410502  0.00541223 -0.00244189  0.00381588  0.00769753  0.00396885  -0.0062171  0.00471047  0.00186479 -0.00448206  0.00413501 -0.00248326
-0.00330291 -0.00678475  0.00235126  0.00648887 -0.00886848 -0.00507566  0.00934956 -0.00440172 -0.00616257 -0.00833466  0.00309799  0.00521072 0.000416713  0.00202635 -0.00188962  0.00890686
 0.00963187 -0.00883078 -0.00540696 -0.00447315  0.00658145  0.00215115  0.00934273  0.00427898 -0.00388001 -0.00687436 -0.00101055  0.00798478 -0.00135643 -0.00687554 -0.00449847  0.00534066
  -0.0036603   0.00785278   0.00182953  -0.00252878  -0.00722288    0.0011791    0.0030695  -0.00338545   0.00284443  -0.00383251  -0.00817473  -0.00673885   0.00819384 -6.43522e-05  -0.00783199   0.00782571
  0.00110487  -0.00323895  -0.00664744  -0.00231368   0.00891219  -0.00730471   -0.0080347  -0.00496782  -0.00417907  0.000954747  -0.00698303    0.0044645    0.0040792  -0.00148151 -0.000194843  -0.00958109
