   0.0341424     0.286329     0.200552    -0.198976     0.135932    -0.199638    -0.104585     0.164865     0.199055     0.094956   0.00382256    -0.401157    -0.201356      0.37561    -0.369102     0.575811     0.242904    -0.413461    0.0589451     0.505198    -0.202252    -0.298041     0.302339    0.0119963     0.499386     -0.12735       0.1888     0.229975    -0.166916     0.477452    -0.326853     0.107277
    0.207262     0.219594    -0.110188     0.373139    -0.142025     0.129174     0.054285    -0.161542     0.306831    -0.251626   -0.0541878     0.125468   -0.0148434     0.123715    -0.218189    0.0360214   -0.0880482    -0.227827   -0.0504045     0.525137  -0.00448664   -0.0242477     -0.14711    -0.226633     0.232145   -0.0394867    -0.361539    -0.243798    -0.256429     0.328704  -0.00236451      0.25869
    0.106194     0.184123    0.0750307     0.179499    -0.310881     0.192063   -0.0017223   -0.0425443     0.367966    -0.214581   -0.0598004     0.252287    -0.148176  -0.00223887   -0.0718021    0.0347704   -0.0769799    -0.227511   -0.0435316     0.300457    -0.285865    -0.117218  -0.00622001     -0.14624    -0.104019    -0.147701    -0.290049    0.0330321     0.192565    0.0812023     0.156587    -0.178769
    0.361497    -0.127097    0.0840862    -0.217884      0.32884     0.163875    0.0665144    -0.127686      0.14429    0.0120449    -0.109372     0.251583    -0.422633     -0.16142    0.0304705    0.0443114   -0.0195802    -0.372176     0.124713      0.26495    -0.124229    -0.133352    -0.137823    -0.118065    -0.322317     0.175145    -0.145192    -0.145065     0.184338   -0.0270852    0.0168201   -0.0935417
   -0.012945    0.0945992     0.200429    -0.237831    -0.113117     0.233418   -0.0468506  -0.00295008     0.108012     0.154916     0.127028    -0.280779     0.292939   -0.0208467    -0.186803     0.111523    -0.115707      0.12618    0.0497878   -0.0724563     0.172969    0.0519878   -0.0236901    -0.251122    -0.350211    0.0233349    -0.106206   -0.0114301   -0.0557938   -0.0335408     0.085311     0.220881
   0.0175616    0.0550971    0.0628408     0.386849      0.14688     0.325196     -0.44357     0.217083    -0.136978     0.210258    0.0097189   -0.0397761    0.0484565     0.417898    -0.348964   -0.0267134    0.0389105   -0.0794517     0.238447     0.220837    -0.495551     0.335135    0.0137192   -0.0484391     0.321146      0.10477     0.110883   -0.0399028    -0.303651   -0.0322704    0.0185478    0.0625688
    0.351507    0.0369149    0.0168502     0.513498   -0.0407027   -0.0846024    -0.265091     0.446389    -0.100382     0.763483     0.182827    -0.504357     0.462293    -0.058138    -0.133815     0.336531    0.0610262    -0.346318    0.0300458    -0.291189     0.206508     0.175324      0.49584   -0.0181346     0.234691    0.0164339     0.389227     0.189586    -0.647214    -0.109291   -0.0673946   -0.0624929
    0.268041     0.321736     0.148533     0.419121    -0.179675     0.697462    0.0202183   -0.0508032    -0.729972    -0.254331    0.0115976    0.0394606      0.43449   -0.0666198     0.256807     -0.46367     0.418839    -0.215803     0.256513    -0.470829   -0.0587062     0.394975    -0.187397     0.413333     0.499359    -0.616554     0.158424    -0.214889   -0.0267947   -0.0859155     0.234208     0.299413
    0.277997    -0.389586     0.163547     0.167827     0.178737     0.488597     0.134379    -0.187875    -0.151774    -0.305312    -0.213749     0.333747    -0.329498    -0.170665   0.00360117    -0.101209     0.087893   -0.0695355     0.222842     0.363552    -0.084329    0.0601616     0.228315    -0.207537     0.248301  -0.00324038   -0.0489667    -0.127234    -0.164632    0.0544007     0.307368    0.0532908
   0.0124118     0.316179    0.0739606     0.301952    -0.136364   -0.0330322    -0.222766      0.68931   -0.0532995    -0.244875     0.212064    -0.325048     0.423773   -0.0425063     0.346506     -0.14422     0.126301    -0.339865     0.107066    -0.330145     0.065564     0.390717    -0.123514      0.21868     0.202786    0.0124526    -0.102097    -0.122611    0.0283094   -0.0256777   -0.0659504     0.298494
    0.199135    -0.192397     -0.35659    -0.264821     -0.11349     0.370679   0.00425489     0.924634    -0.445129    -0.200217    -0.050608     0.687371     0.325001     -0.37845    0.0190669     0.110214    0.0775711    -0.592518     0.162421     0.547405     0.158422     0.348687    -0.243265     -0.15191    -0.194544   -0.0403515     0.251776    -0.454771    0.0310765     0.388727     0.712548   -0.0898561
   -0.434779   -0.0393073     0.141208    -0.190711    -0.150118    -0.142787   -0.0623899     0.819439    -0.449466    -0.425077      0.39824    -0.122563     0.136671     -0.11468   -0.0643103       -0.115    -0.296261    -0.186627    -0.103894   0.00421528        0.529    -0.759277   -0.0382857     0.388699    0.0070816    -0.156306    -0.259964     0.120487    -0.496643   -0.0333723    0.0541959     0.355944
   0.0984192    0.0861868    0.0730136   0.00440342     0.331467   -0.0486524    0.0995298     0.235702    -0.224266    -0.145297     0.164219     0.421745     0.419761    -0.183813    0.0635719   -0.0649312     0.163616    -0.371676    -0.104027    -0.400573    -0.063953     0.417501     0.158067    -0.133112     0.129826     0.162195    0.0100064    -0.122872     -0.10701     0.447895    -0.119494    0.0610287
    0.637977     0.132674    -0.445438    -0.306991    0.0679503     0.459354    -0.363023     0.201591    -0.362383     0.286351    -0.197161    -0.184588    0.0281584      0.49001     0.327321   -0.0559515     -0.11571    0.0632177    0.0403916     0.157635     0.102243     0.190568    -0.672404    -0.219584     0.104106     0.170325     0.265407     0.324486    -0.320569     0.181339    -0.109555     0.170806
    0.330071    -0.149318    0.0641578    -0.242412     -0.17967     0.628846    -0.161063     0.897941     0.300131      0.29281    -0.396765    -0.385669      0.21281   -0.0556264    -0.464611     0.103451     0.273042    -0.472252     0.350449   -0.0878482    0.0314981     0.224155    -0.165175     0.345036    -0.231495    -0.149891     0.190681    -0.359538  -0.00117166    -0.477847     0.184065    -0.226945
    0.230347    -0.154787     -0.25539    -0.481969    -0.189845   -0.0415017     0.232479     0.192966     -0.18699      0.20582    0.0299321     0.338252     -0.14889   -0.0194382    -0.341105    -0.132698     0.307566    -0.114505     0.160384    0.0991678    -0.301932   -0.0495474     0.416672     0.149858    -0.255071   -0.0827039    -0.225705    -0.228403    0.0983655    -0.035832     0.230269   -0.0711345
    0.151016  -0.00929998    0.0968446    0.0625277    0.0555167     0.360372     0.172965     0.150199    -0.111058  -0.00613943   -0.0107574    -0.597316    -0.525288     0.227204    -0.483616      -0.2539     0.361516    0.0727288    -0.159645   -0.0444332    -0.174645     0.159813    -0.202946    -0.142509    -0.114465    -0.208184     0.123211   -0.0797168     0.213233   -0.0990172 -0.000939762    -0.237337
    0.767488   0.00869336    0.0444767     0.446643     0.159238     0.208281    -0.693381     0.181795     0.143826    -0.537906    -0.394694     0.216477   0.00547112    -0.677978     0.208912     0.577532    -0.130333     -0.47624     -0.12751      -0.1711     0.243308     0.430475    -0.127559    -0.247049   -0.0362549  -0.00746122    -0.507428    -0.164908    0.0185471     0.476756    0.0138995     0.122631
    0.189123     0.150814     0.441835    -0.103405     0.170681     0.119845    -0.490165 -0.000718423    -0.314242     0.351909   -0.0687763     -0.25401    0.0430204     0.160532    -0.213083    -0.144248     0.164125     0.098728    0.0382449     0.133595       0.4174   0.00630863     0.228898    -0.150639    -0.131713     0.283522     0.209936     -0.27851    -0.300111     0.406109   -0.0423374   -0.0406758
  -0.0125792    0.0505188     0.431226     0.376533     0.221555    0.0492652    -0.250684     0.494749     -0.11866     0.241644   -0.0776744    -0.382912    0.0518781    -0.632895    0.0681456    0.0573414     0.402865    -0.215524    0.0465881    0.0270981    -0.261498    -0.154423    -0.344827    -0.096084    -0.192104    -0.157508     0.134963    0.0079607    -0.111354    0.0586251    -0.121702    0.0499604
    0.080192   -0.0959468   -0.0122179   -0.0790565   -0.0322943   -0.0819294    -0.131852     0.352896    0.0558562    0.0680444     -0.29581   -0.0469632     0.146286    -0.120857    0.0268338    -0.115766    -0.127135    -0.250763    -0.470266    -0.318658     0.353719     0.317542    -0.193391     0.367931    -0.521091     0.273289     0.207807     0.129786    -0.294021     0.204196    0.0124224     0.104414
  -0.0423573     0.295477    -0.034456     0.136673   -0.0272718    -0.128402    -0.011603    0.0305394    -0.204513   -0.0316614     0.319067     0.188252  -0.00566366     0.285286    -0.301057    -0.101795      0.18341    -0.208409     0.275185   -0.0291315    0.0378197      0.14864    -0.143715   -0.0848379     0.106087     -0.43989    -0.119879  -0.00706105    -0.294003   -0.0864394  -0.00325807      0.41294
   0.0361705    -0.434939   -0.0233219    -0.390867    -0.130745    -0.208371   -0.0760284    0.0773169    -0.405133     0.189173     0.362111     0.173196    -0.101179     0.100996   0.00886895    -0.156929     0.150947    -0.116499    -0.316529   -0.0150278    -0.451809    -0.118055    -0.270197    -0.242066   -0.0771205    -0.384686     0.277177    -0.115957    0.0305708     -0.14884     0.201857    -0.229078
     0.18792     -0.21319    0.0874931     0.408128      0.20394       0.2243    -0.356686    -0.109937   -0.0265039    -0.444155      0.34651    0.0329477    0.0997527    -0.314534     -0.23732     0.245587   -0.0266427    -0.419034    -0.327349     0.192726    -0.170055    -0.181815    0.0899701    -0.169789    -0.170624    -0.212363     0.274247    -0.335669    -0.296794     0.268731     0.110493     0.233809
    0.608709    -0.185222    0.0654435     0.165026    -0.150913    0.0238492   -0.0828396     0.338095    -0.527901     -0.16979    0.0922444     0.302068    -0.235841    0.0732417    -0.357102    -0.107509      0.25175    -0.152178     0.131182    0.0865789    -0.531766   -0.0420887   0.00103555    -0.107451    -0.169137     0.105177     0.122166    -0.440582    -0.171845     0.432722   -0.0362736   -0.0820039
   -0.239585   -0.0784381    -0.390794   -0.0979246     0.147437     0.268377     0.355864     0.289233    -0.157364   -0.0974995    -0.476607   -0.0176319     0.041638      0.29925      0.38674     0.381556     0.208074    0.0369718    -0.300135    0.0241961    -0.232355    -0.358697    0.0715002     0.244242    0.0840756    -0.125707    -0.294538   -0.0746963      0.44175     0.140938     0.341008      0.12429
    0.404006     0.177669    -0.182275     0.454903    0.0668597   -0.0215526    -0.219152    -0.167723    -0.263022    -0.261733    0.0414196    -0.250291   -0.0524279     0.391948     0.144185    0.0815401    -0.120209    -0.370512    0.0096836    -0.506507     0.137583   -0.0296082   -0.0767307    -0.160154     0.225965    -0.137034    0.0971655   -0.0426374    -0.266339    -0.118848   -0.0555987   -0.0116263
    0.139697   -0.0519127     0.380603     0.308054     0.147276     0.116156   -0.0545866    0.0113325     0.008375    -0.043513    0.0228864    -0.212849    0.0735535    -0.123136    0.0986484     0.252816    0.0645501    -0.423834     0.229333   -0.0247091     0.282211    -0.191373    -0.388613    -0.103606    0.0501055     0.222785 -0.000923605    -0.245878    -0.163941     0.226791     0.233235    0.0946927
    0.309746 -0.000903506   -0.0493636     0.253387     0.224909    -0.364855    -0.153877    -0.176591     0.052202   -0.0217372     0.123062    -0.195019     0.117369    -0.028231     0.249951     0.104496     0.146322     -0.15413    -0.266877    -0.071512    -0.113136    -0.389122     -0.10363     0.341407     0.113839    0.0034019   -0.0960841    0.0723946     0.104387   -0.0234546    -0.400375     0.205302
    0.206464     0.356396    -0.135921     0.135036     0.189409    -0.107075    -0.195076   -0.0228091    -0.185049      0.53464    0.0648183    -0.318111     0.233581    -0.168047    -0.355584    -0.226623   0.00387487    0.0103094    0.0663689    -0.259205    -0.236055      0.34908    0.0373752   -0.0249213   -0.0446832  -0.00253147     0.446984   -0.0696733    -0.111956    -0.135318   -0.0432979    -0.156362
    0.524746    0.0174152   -0.0788268     0.265905     0.100479   -0.0683118   -0.0865804    -0.135642    -0.552633    -0.094036     0.355677    0.0282874    -0.051457    -0.309025   -0.0958307     0.145503      0.22191    -0.527321     0.460553    -0.361845      0.24334    -0.114303     0.412696      0.36583     0.179307    -0.191656     0.529931     0.130735    -0.178082     0.767103     0.283369     0.190508
    0.164297    0.0809203     0.105455    0.0401774    -0.146605     0.604564    -0.109714     0.513221    -0.175829    -0.123814    -0.257751     0.155599  -0.00234501     0.153027     0.241794     0.317827   -0.0733854    -0.754834    0.0345186    0.0407463   -0.0795843    -0.115071    -0.181183    -0.497767    -0.170301    -0.153478   -0.0969979    -0.207122      0.18322   -0.0249698     0.148267    -0.157121
   -0.219355     0.462298    -0.272708    0.0327451     0.176261    -0.565451     -0.37374     0.310105    0.0427342    -0.111958     0.297709     -1.07435     0.341541    -0.136603   -0.0725694      0.19081    0.0655938    0.0187516     -0.11006    -0.377509     0.272534     0.281402    -0.337378   -0.0359346     0.115811   -0.0884119     -0.11956    -0.400434     0.230043   -0.0451413     0.136025      0.17465
     0.22861     0.227582     0.201451    -0.356065    -0.224111    -0.103178     0.232633     0.062186     0.188542      0.18076    -0.156713     -0.41442     0.270587    -0.149415    0.0268698    0.0649748     0.153344    -0.421335    0.0349015    -0.123724    -0.171445       0.1939    -0.269968   -0.0175383    0.0807661    0.0348833     0.271903    -0.134159  -0.00884427     0.114662     0.063086   -0.0307491
    0.163126       0.2508     0.051255     0.233357    -0.149915     0.200772    -0.432375     0.573997   -0.0926411  -0.00724962    0.0251608   -0.0909613    -0.105017    -0.173038    -0.120861     0.250511     0.167818    -0.153011   -0.0733589    -0.302156     0.106373     0.296249     0.341735    0.0237058   -0.0667023    0.0347524    0.0739533    -0.322023    -0.410324   -0.0780161    -0.105517     0.169059
   -0.185094   -0.0791795   -0.0413463     0.411973    -0.084428    -0.200278   -0.0876153       0.3202    0.0578678   -0.0476669     0.389617     0.399115    0.0486143     0.137352   -0.0546062     0.597393   -0.0841066     -0.24175    0.0206225     0.166889      0.14289     0.219531    -0.142807    -0.349538     0.289212    0.0833514   -0.0888973     -0.53127    0.0417025    0.0329932     0.646484     0.146431
     0.28994     0.143564     0.488907     0.187539    -0.104648    0.0927529    -0.375577     0.031733     0.215214     0.101883     0.142011    -0.293236     0.183898    -0.186757     0.182879     0.107365     0.142957    -0.263367    0.0441696    -0.356985    -0.120015     0.211767    -0.092535     0.108977     0.157913    -0.169953     -0.14873    -0.269447   -0.0614917    -0.236332     0.190646    -0.010189
    0.183755     0.183123    0.0449718     0.291656    -0.110946    -0.286999    0.0481016     0.389704     0.118495   -0.0921542      -0.1344    -0.359107   -0.0703177    -0.186875     0.150591     0.282964    -0.156288     0.308575    -0.243538    0.0394446     0.355807     0.385234  -0.00194095    -0.117489    -0.076692    -0.010692    -0.258142     0.186851    -0.322844      0.34461     -0.39271   -0.0653562
    0.272523     0.133639     0.413356   -0.0841013     0.053566    0.0577301    -0.660644     0.295459    -0.362699     0.193705     0.446653    -0.226922     0.147076    -0.595648    0.0174653    0.0656749     0.154624    -0.229017    -0.322692    -0.658843    -0.216642    0.0759915     0.104352    -0.101084    0.0843191     0.121325     0.181406   -0.0098702   0.00526095      0.24501    0.0306385    -0.204383
    0.169618    0.0569453   -0.0998161     0.348668     0.193094    -0.029715    -0.394582       0.1994    -0.223994     0.348684     0.239193    -0.385127    0.0911171    -0.202558    -0.269351     0.157305   -0.0275505    -0.450178     0.357094     -0.32161    0.0828811    0.0989083    0.0584681    -0.538555   -0.0423119   0.00551515  -0.00670024   -0.0887944   -0.0384657     0.261514      0.08627   0.00877577
    0.872143    -0.281419    -0.246093     0.333093     0.140358     0.305743    -0.121979     0.261119    -0.223544     0.544597     0.321692    -0.292717   -0.0251507   -0.0775417     0.170351    0.0877121    0.0894596         -0.3    0.0771639    -0.415921   -0.0512235      0.27546    -0.275794    -0.371261     0.438141    -0.265208     0.398362     0.160553    -0.424536    -0.140701  -0.00812136    -0.185014
  -0.0374437   -0.0292608      0.47499     0.584806    0.0408476     0.352801    0.0170408   -0.0184478  -0.00501331    -0.236759     0.105636    -0.310826    -0.321788    0.0231427    -0.213399    -0.119447  -0.00222119    -0.226673    0.0763641   -0.0918341    -0.460282    -0.088957     0.126428    -0.126579    -0.104969     0.121985     0.182705   -0.0552327   -0.0412787    -0.062031      0.11898     0.168571
   0.0496131   -0.0723316     -0.48818    -0.174493    -0.100034     0.180169     -0.24515        0.401    -0.155625     0.179853     0.164303   -0.0380227    -0.239881    -0.256815     0.133501    -0.194207     0.210887    0.0843759     0.113956    -0.321819     0.177518     0.594669   0.00395029   -0.0276618     0.107631    -0.288297    0.0305572   -0.0730853    -0.139303     0.182494    0.0828783    -0.155114
   -0.143427     0.124747    -0.231621    -0.390427    0.0552175     0.184096    0.0658681    0.0020496  -0.00591395    0.0807829    0.0478389      0.15638     0.264081    0.0316587    0.0490072     -0.10907    0.0682229   -0.0333686      0.14064     0.004285     0.211977     0.032696     0.133962    0.0165759    0.0742739     0.202731   -0.0509735    0.0691816    -0.123455      -0.4944    0.0876925    0.0412187
    0.789368    -0.443445     0.225618     -0.39978     0.140054    -0.348435     0.166371     0.300136    -0.352781     0.163321      0.16581    -0.528246    0.0429621    -0.314419      0.11036    0.0351308     0.192153   -0.0209519   -0.0331215    0.0930593     0.013439    -0.145029      0.40084   -0.0552958    -0.419365  -0.00848569    -0.147154    -0.264127    -0.479835    -0.442541    -0.608214     0.164516
   -0.146002   -0.0641012    0.0506629    0.0492294     0.100529    -0.187476    -0.176596      0.11649    -0.659604    0.0521291     0.228068    0.0176876     0.249814    -0.066689     0.461059    0.0131732      0.34681    -0.230723     0.214733     0.291862    -0.422029     0.210447    -0.024123    -0.304733     0.300076    -0.413081      0.12864   -0.0846329    0.0125834    -0.343278     -0.03776      0.15445
    0.190818     0.321467     0.214912     0.154112    -0.240583    -0.117093    -0.283114     0.118372    0.0854603    -0.378458    -0.452845    -0.520683    0.0354648    -0.228113     0.294353     0.396968    -0.051032    -0.167181    0.0125513    -0.186879     0.136953     0.115307   -0.0082016    -0.108704    -0.202597    -0.288072    0.0804221    -0.217935   -0.0629767     0.215261    -0.177206    -0.148858
   -0.215789    -0.250914    -0.155957    -0.141109  -0.00180006    0.0647716     0.194956    0.0453645     0.339067    -0.140363     0.180256    0.0223635    -0.189125    -0.243309     0.446986    -0.111538   -0.0758082     0.148101     0.139337    0.0671089   0.00772235   -0.0909024    0.0614088    -0.126102  -0.00758301   -0.0420337  -0.00747784    0.0501445     0.171453     0.127703     0.253899     0.118692
    0.266484     0.121551     0.255462   -0.0817173   -0.0100605    -0.273698    -0.203046     0.137839  -0.00498353     0.162892     0.212263   -0.0682706   -0.0226449     -0.17702   -0.0458542   -0.0183585     0.256564     0.277308    0.0832084    -0.197467    0.0170337     0.141554    -0.152895    -0.335726  2.81292e-05    -0.280693    -0.144189     0.265123    0.0682224    0.0196911     0.039164    -0.119748
     0.11349      0.35748     0.408894     0.236318      0.43668    0.0857773    -0.199329    -0.289404    -0.652793    0.0878367      0.12802    -0.266932     0.328945    -0.158162    0.0542526    -0.264918      0.27885    -0.349888     0.451101     0.122037     0.241371    0.0543857     0.138825   -0.0922682      1.03958    -0.391134     0.134909   -0.0856927    -0.290354    0.0929583    0.0319505   -0.0431054
    0.414348     0.333727     0.327304      0.17327    0.0325229    -0.348468    -0.157411   -0.0141136    0.0293207      0.04268    -0.159024    -0.188132    -0.198471    0.0217772      -0.1066      0.31412   -0.0578078    -0.199238     0.014029    -0.527151    0.0681766     0.283118    -0.498554  -0.00578023    0.0337186   -0.0696441   -0.0853736    -0.116804    0.0402151   -0.0810934    -0.197519    -0.315496
    0.350468    -0.366106    -0.178419    -0.328266    0.0887865     0.720306    -0.151201     0.379858    -0.382913    -0.174136     0.141767     0.448389    0.0579695    -0.153223     0.143752     0.192528   -0.0719715    0.0176259    0.0124708     0.455314    -0.054626    -0.395241  -0.00857267     0.148933     0.620927    -0.239207     0.183853     -0.11959    -0.118887    -0.203208    -0.181208    -0.295269
    0.146468    0.0459737     0.192202    0.0378549     0.102776    0.0733303    -0.090496     0.132253    -0.280439    0.0789849     0.280716   -0.0312232     0.176736    -0.123688     -0.22326     0.134241    0.0605352    -0.179118    -0.182547    0.0728665    -0.157723    -0.111382     0.236706    -0.222276    0.0618452    -0.112181     0.151098     0.274589     0.062323    -0.352851   -0.0200762    -0.249785
  -0.0501309   -0.0454319    -0.117295     0.258306    -0.377196     0.323929    0.0336158     0.251144   -0.0331684     0.232576     -0.01833     0.129123    0.0180298    -0.152992    -0.292534     0.138892     -0.04967     -0.33737     0.166669    0.0594353     0.154438     0.121791   -0.0230277    -0.141806    -0.208793    0.0282399     0.103879   -0.0920086    -0.181329     0.320328     0.403706   -0.0173667
     0.31956    -0.111015     0.160165   -0.0215433    -0.278764    -0.320873    -0.282558    0.0934878   -0.0943158    -0.247949     0.101592   -0.0331349    0.0806697    0.0179613     0.205961   -0.0402824     0.250322     -0.24122     0.340738    -0.120996    -0.462803      0.02662      0.40481    -0.183203    -0.268412     0.192568    -0.433278     -0.15959    -0.062656    -0.185553    -0.063544    -0.281664
  0.00432772    0.0736975    -0.142172     -0.09508    -0.344509    0.0730574    0.0238387    0.0589979    -0.496476     0.495886     0.149452   -0.0421845   -0.0212662     0.253817    -0.186686    -0.275609    0.0772398    -0.104244      0.21039     0.203251    0.0612556    0.0709927    0.0965637    -0.125974    -0.434065    -0.160443    0.0195457     0.114544    0.0797312    -0.179355   0.00226084    -0.152146
    0.466261    0.0451726    -0.389266    -0.219952    0.0329673     0.451338     0.173622     0.124998   -0.0547688    0.0777322    -0.466184    0.0617381    -0.121756    0.0598234    0.0930394     0.430301    0.0177131    -0.164172     -0.19436     0.155709    -0.245505     -0.20945    -0.298225    -0.308941    -0.380148  -0.00121921  -0.00980405    -0.254431    0.0357872     0.102546   -0.0289689     0.022233
    0.134173    -0.196423   -0.0639853    -0.126699     0.140568     0.280038    -0.623863     0.354251    -0.511722    0.0821959     0.107984     0.286383     0.275489    -0.216811    -0.260951    -0.208258     0.244926    0.0353582   -0.0627184   -0.0145888     0.287933     0.555958     0.236049     -0.13273     0.297095    -0.427279      0.17406     0.058376    -0.185861    0.0576948   -0.0585302   -0.0103246
    0.128045   -0.0386756     0.269117     0.312824    -0.224929    0.0523261    -0.169914     0.161138     0.104167    -0.159883    -0.234232    -0.144057   -0.0130201    -0.019398    -0.348386    -0.162966     0.134727  -0.00701413     0.088008    -0.183688     0.219663     0.164398    -0.154866    -0.109799   -0.0112601     0.240023   -0.0227587    0.0183292    -0.515978     0.218516    -0.276787   -0.0461448
   -0.166244     0.318187   -0.0785928   -0.0602027      0.01529    -0.232152    -0.261453   -0.0158279    -0.029163   -0.0848178     0.125931    -0.142679    0.0887844    0.0110431      0.34441    -0.112373   -0.0735368    -0.176944    -0.177528    0.0185281     0.245593    -0.573872    -0.183397    0.0609613    -0.137363     0.186401   -0.0416336     0.212929   -0.0535311    -0.421425   -0.0628537     0.278899
     -0.2736      0.26718  -0.00253475    -0.149336    0.0655474    -0.147074    -0.295204     0.407969     0.295876     -0.21254     0.180341     0.233332     0.132611    -0.384432     0.174915     0.351108     0.303049    -0.148511    -0.223232   -0.0409351    0.0976673     0.241119   -0.0120962    -0.276854      0.37106     0.146569    -0.241088    -0.432788    -0.313595    0.0441624    0.0721078     0.211073
    0.170715    0.0733993   -0.0562059    0.0557929    -0.140064     0.328952     0.144227   -0.0603861     0.259385    -0.139562    -0.404761      0.34937     0.177328    -0.123368   -0.0594024     0.061961     0.131304   -0.0491926    0.0453598    -0.052552    -0.113994   -0.0999992   -0.0282714    0.0109647   0.00636591     0.125025    0.0429007    -0.022704    -0.232517    0.0381081     0.260541    -0.369902
   -0.587698     0.158808    0.0513038   -0.0760597    -0.107472     0.127117    -0.251532     0.342185    -0.367549    -0.237781     0.495936    -0.192077   -0.0860614   -0.0251858     0.340326    -0.409311    0.0929954    0.0221282     0.379071    0.0305792    -0.176084     0.177792   -0.0350155    -0.509275   -0.0101411    -0.284286    -0.142301   -0.0635544     0.324191     0.173178    0.0743366     0.125696
   -0.219487     0.382412     0.261305    0.0311981    -0.207094     0.246262    0.0234201    -0.299203    -0.357523    -0.398609  1.98404e-05   -0.0748758     0.088498    -0.325058    -0.084654    -0.183327      -0.2927     0.959422    -0.303678     0.114199     0.217583    -0.327798     0.161572     0.242527       0.2094   0.00838496    -0.108855     0.413077    -0.261472    0.0729759    0.0118095    0.0579562
   -0.174927      0.25165    -0.126868     0.220734     0.111863     0.550876    -0.141569     -0.14224     0.130116    -0.192204     0.170777    0.0974184      0.16107     0.312338     0.349958    0.0179321     0.120611      0.18789   -0.0416357    0.0313043    -0.292177     0.243562    -0.100735    -0.086168      0.11788     0.187788    -0.125104     0.437707     0.250445     -0.32429   -0.0548891      0.17775
    0.299341  -0.00566436     0.383297    0.0829215    -0.158178     0.254155    -0.362703    0.0367742   -0.0153289    -0.403797   0.00242606    -0.191702     0.179514    -0.135876   -0.0990617     -0.09993    0.0589731     0.029546     0.178397    0.0463322    -0.152616     0.125504     0.149526     0.322531      0.06365    -0.125513   -0.0258921     -0.27042     0.176537  -0.00406941    -0.279621     0.232381
   -0.370616    -0.206426   0.00147701     -0.21748 -0.000294107      0.12409    -0.580895     0.413092    -0.121513    0.0333199     0.191195     0.332714     0.313907    -0.664415     0.306269     0.187805     0.153055    -0.158437     0.158675    0.0475738    0.0215677    -0.210767     0.340504    -0.335261    -0.343747     0.111478    -0.105823    -0.137304     0.165989   -0.0272841    0.0737632     0.366322
    0.374564   -0.0662567     0.334284     0.344701     0.046186    0.0157774    -0.423751     0.269225    -0.214491    -0.195065   -0.0063545   -0.0517853   -0.0653513    -0.309853     0.101842     0.147231     0.225813    -0.426008    0.0890884    -0.466683     0.163008     0.380619    -0.150997   -0.0121213   0.00904697    -0.299586     0.284895    -0.126533    -0.291846     0.455842    0.0539228     0.292784
    0.136895    0.0827005    0.0208562    0.0600015   -0.0810642     0.355246    -0.160152    -0.445741    0.0370466   -0.0123305    0.0748073     0.297418     0.139524     0.198309      0.20378     0.235199    -0.215877    -0.210637    -0.319243    -0.119486    -0.248101     0.311576    -0.166008    -0.251803     0.249942    -0.170707    -0.130171   -0.0277275    -0.094639    -0.114389   0.00584827   -0.0822668
   0.0160631     0.348916    -0.146534     0.314497     -0.43671     0.251588    -0.421372      0.25134    -0.135308     0.129467     0.020712    -0.343017    -0.107038    -0.162096    -0.341523   -0.0868566   -0.0556584   -0.0303917    -0.203299    -0.064761    -0.131766    -0.196013   -0.0244318    0.0923543     -0.22512       -0.101     0.175169     0.108517    -0.393361   -0.0575836     0.163057     0.337377
     0.22599     0.427917    -0.193672     0.346075     0.139513    0.0529537    -0.274194    -0.216807    -0.276841     0.248673    -0.230945    -0.236435    0.0516854    -0.199811    -0.261744     0.246706    0.0373954    -0.156393    0.0900319   -0.0919317     0.222557    0.0620183    -0.226284    0.0979502    0.0505657  -0.00967705     0.167827     0.404992    -0.199739     0.164986     0.188419    0.0277792
    0.102906    -0.147131     0.262835     0.269818    -0.309397     0.255542     0.144533    -0.175432    -0.178522     0.259385    -0.214891    -0.419681     0.235905  -0.00934139    -0.188085    0.0184426   -0.0577428     0.168867    0.0330728    -0.336727    0.0482065      0.26587   -0.0295537    -0.104843    0.0599591    -0.233057   -0.0570254     0.136788     0.236191   -0.0544775      0.30106    -0.245938
   -0.205733   -0.0792696    -0.309705    -0.334864    -0.386673    -0.411643    0.0816828     0.281358    -0.163533     0.159888     0.540224      0.30919     0.290275    -0.377053    -0.118705     0.399695     0.240177    -0.389487    -0.429919   -0.0402671    -0.165929    -0.084013    -0.139068   -0.0503424     0.239171    -0.208756    -0.151317     0.254131    -0.402806    -0.240593    0.0605565     -0.38224
    0.300631     0.166456    0.0375192      0.15401     0.110681    -0.264706    -0.182179     0.565736    -0.428802    0.0318594    -0.137957    -0.142778    0.0822367    -0.122404     0.274444    -0.114356      0.11877   -0.0331847    -0.116866    -0.439337    -0.172097   -0.0274283     -0.26433    -0.212275    -0.194676    -0.463224    -0.130446   -0.0085212   -0.0695538     0.514047  -0.00454062   -0.0213938
     0.72404      0.18436    -0.111526   0.00401749   -0.0135226     0.047269    -0.295293     0.451693    -0.593977    -0.243151    -0.229972    0.0396062    -0.348094    -0.562317     0.151336    0.0872076     0.117964    -0.511075    -0.158827    -0.287196     0.145786     0.208276     0.208717    0.0196104   -0.0291306    -0.202719    -0.273831    -0.329051     0.136005      0.54377     0.355881   -0.0457545
   -0.405511    -0.149671    -0.127487   -0.0718584     -0.14377    -0.399652    -0.251142     0.810885   -0.0460319    0.0560556    -0.173729      0.15207    -0.110736   -0.0106442   -0.0686276     0.144642     0.129021    -0.245472   -0.0771981    0.0581852     0.501776      0.18521    -0.343277    -0.651434    -0.233312   -0.0625245     0.622648    -0.409552    -0.215098   -0.0399969     0.113195     0.180828
     0.21075     0.105578    -0.141638    -0.150021    -0.202202    -0.202169     0.220985    -0.123932    -0.296743     0.224685    -0.620082    -0.564776   -0.0564655    0.0775098    0.0500528    -0.146713    -0.179367     0.275009    -0.182312    -0.196125    0.0365092    -0.133523  -0.00778588    -0.150705   -0.0760204    -0.312878     0.283108     0.174197   0.00336879    -0.468672     0.191387    -0.271107
   -0.197893   -0.0657597     0.110193   0.00735628   -0.0272621     0.293213     0.336737    -0.452417     0.217276    -0.439699    0.0815598     0.152688    -0.149452    -0.291111  -0.00667975   -0.0319628  -0.00318565     0.165707     0.106109   0.00411413   -0.0504494     0.426779    -0.239728     0.178759   -0.0751346    0.0564212    0.0165936     0.410783     0.338967     0.229905    -0.192287     0.155046
  -0.0025719     0.193814    -0.373221    0.0201037  -0.00699296    0.0532481     0.101838     0.223185     -0.16866     0.301352     0.159516    -0.177431     0.292883    -0.182938    0.0813503     0.113226       0.2814     0.113195    -0.165666     0.278751     0.190658    0.0156207    0.0617765    0.0219908     0.184235     0.238563     0.135814   -0.0895044      0.26183    -0.355828    -0.262635    -0.124928
   0.0678593  0.000537123   -0.0265697    0.0485019    -0.226445     0.246617    -0.437979     0.276779    0.0781974      0.26391     0.105227     0.132373   -0.0577712     0.253119    -0.106285       0.2989    0.0930455    -0.454966    -0.039267    -0.256734  -7.3289e-05    0.0615113    0.0391984    0.0103896    0.0268875   -0.0422032     0.272817    -0.193174    -0.445259     0.225118    -0.128207     -0.12145
    0.322473     0.546979    0.0341072     0.386787    -0.108786     0.199476    -0.503085     0.298365     0.439269    -0.127387     0.114409    -0.397276     0.301009    0.0574645    -0.536183    0.0668083     0.344339    -0.146774     0.384703     0.239987     0.321331   -0.0402168    -0.563396     0.366415     0.504005     0.218997     0.136982    -0.152358    -0.221699    -0.205858     0.129525     0.444914
    0.215477     0.366812    -0.133998    0.0631353   -0.0376983     0.356484     -0.08183     0.359584    -0.472589     0.142828     0.168782    -0.160733    -0.209438     0.038179    -0.132989   -0.0274882    -0.236348    -0.161675    -0.159007     0.150118     0.205148    -0.102559    -0.119018   -0.0874903   -0.0739732    -0.130072     0.134555     0.149058    -0.266229    0.0297553    -0.161525    0.0706879
   0.0151188    0.0359072     -0.30754     0.138885     0.215403    -0.394516    -0.219902     0.141475    -0.555617    -0.201845    -0.158778    -0.309745     0.134431    -0.382936   -0.0559195    0.0754332     0.154849     0.169044     0.013065    -0.392693     0.224622    -0.241791    -0.416345    0.0577071     0.164474    -0.601448    -0.182866    -0.418427     0.176646    0.0106561      0.10883     0.268721
     0.70509     0.336808    -0.226204    0.0754168    0.0311208     0.229432    -0.417582   -0.0363459   -0.0699449   -0.0167498   -0.0296956     0.162044     -0.14155     0.096708     -0.23828     0.314714   -0.0675501    -0.407819    -0.129282  -0.00050918    -0.495723    -0.145006     0.137416    -0.188278   -0.0228604    -0.177964   -0.0106482    -0.202026    -0.317247  -0.00869132     0.432166   -0.0195746
    0.182045    -0.304285    -0.177915    0.0851183    -0.244112      0.31828    0.0192424     0.156045    0.0664945     0.202176     0.220375    0.0383542     0.192259    -0.277257     0.120568   -0.0549475     0.151054    -0.162908    -0.175197    0.0193967    -0.100501    0.0406137    -0.378439    -0.252136   -0.0863671   -0.0499364    -0.222846     -0.33315   -0.0918026   -0.0799262    0.0544474    -0.234632
   -0.422643    0.0941609     0.110432    0.0132663      0.07307     0.243364     0.516572    0.0109541      0.41218    -0.163762     0.452881     0.224696    -0.355408    -0.341704    -0.289113    -0.253294     0.289879    0.0391811     0.169191     0.160058    0.0917055     0.192041  -0.00308028     0.266057    0.0548575    0.0111709  -0.00772325     0.463303     0.127523   -0.0511508   -0.0294699     0.297551
    0.197355    0.0598522    -0.115485     0.216867    0.0998323     0.406852     0.105795      0.23669      -0.0768    -0.104845    0.0416568    -0.156659    -0.436752    0.0548453     0.065482   -0.0678494    0.0316633    -0.151044     0.407172     0.176262     0.419264     0.423065    -0.467209    -0.351491   -0.0949431   -0.0195604     0.118844   -0.0916319     0.275205     0.141794    -0.390853     0.107459
     0.30309     0.314405  -0.00281769    -0.397759     0.238826    -0.303148    -0.159761      0.45186    -0.227153    0.0827416     0.126861    -0.310479     0.290297     -0.14887     0.203851    -0.024689     0.596446   -0.0863039     0.338259    0.0648671     0.259233     0.165301    -0.179975   -0.0294423     0.426947   -0.0983205   -0.0328334    -0.169861      0.10395     0.123685     0.279256    -0.123662
    0.232508    0.0477378     0.105674     0.280652    -0.211873    0.0211533    -0.232591      0.39152    -0.460781  -0.00244375    0.0906956    0.0465903    -0.485295   -0.0496007    -0.294135    0.0734015   -0.0708216    -0.502072    0.0993037    -0.277103    -0.378689    -0.182739   -0.0984511     0.157393    -0.100682    -0.268431     0.172263    -0.130964    -0.171375    0.0725802     0.311383    0.0617319
   -0.128185     0.238665     0.119053    -0.145029     0.335775     0.189288   -0.0380242    -0.338995    -0.220851     0.190839    -0.188283    -0.169302  -0.00794475      0.25396    -0.322688    -0.419525     0.126289     0.319381     0.208761     0.172525     0.188833    -0.135482    0.0525674     0.105304     0.211771   -0.0833781     -0.30021     0.213809      0.26275    -0.468142    0.0527087   -0.0630637
   0.0334987    -0.292706   -0.0388574    -0.455315     -0.16062     0.452592     0.155702   -0.0735465    -0.213639    -0.207282    0.0409305      0.15673   -0.0142302    -0.431221     0.334721   -0.0227299    -0.283971   -0.0231165    -0.126734    -0.116542    0.0598937     0.186819     0.144407    0.0883736   -0.0331579    0.0775522    -0.108777     0.187135   -0.0721142   -0.0229568    0.0165942      0.28131
  -0.0335964    -0.157794     0.112532     0.152929      -0.1288    -0.162454   -0.0475169    -0.228569    0.0988119    0.0861967     0.287222    -0.284551     0.188529    -0.285602     0.166032   -0.0429508  -0.00131251   -0.0774204    -0.101615    -0.198885    -0.206647     0.264477     0.344917      0.27012    -0.219597     0.114338    -0.394423    -0.133097    0.0296633    -0.150814    -0.266132     0.127487
   -0.486277     0.236903    -0.350394    -0.135718    -0.339358    0.0394234    0.0971018     0.136801     0.298962  -0.00250277     0.159467     0.097576     0.128717    -0.399167     0.551264    -0.175985    0.0826806    -0.397993     0.086427    0.0755571    -0.145193      1.03958     0.210474    -0.176624  -0.00106433     0.323518     0.218541    -0.156434    0.0639474    0.0217633     -0.36507     0.277293
    0.738602     0.194721    -0.243509     0.369523   -0.0198946    0.0615434   -0.0559104   0.00662564    -0.188156     0.243582   -0.0542676     0.128199     0.249239    0.0347308    0.0665672   -0.0380784     0.142702     -0.23112     0.417206    -0.602057    0.0049468     0.325842  -0.00505955    -0.307926   -0.0270526    -0.432332     0.161229   -0.0622967     -0.00211   -0.0665798    -0.257316     0.349814
    0.112394     0.153533    -0.580892     0.234668      0.10903    -0.383707     -0.34875   0.00361748    -0.160649   -0.0211969    -0.083836    -0.249704     0.669554    -0.328352     -0.31309     0.165367   0.00393467    -0.564625    0.0911743    -0.351049     0.144139    -0.061217     -0.19459   0.00429541    0.0548452     0.219892    -0.246782    -0.286699    -0.262187     0.152935    -0.289514    0.0119135
   -0.280361     -0.16085    -0.219229    0.0585203   -0.0562805    -0.205383    0.0583246   -0.0425766    -0.450917    -0.267202    0.0388236    -0.101457     0.142842    -0.218945    0.0913391    -0.298484     0.412362     0.111045     0.150192   -0.0731685     0.262413     0.085786     -0.10199     0.271632     0.260915    -0.183451    -0.232606    0.0787838     0.136099    -0.142167    -0.157464     0.298325
  -0.0291707    -0.169681    -0.142525    -0.117446    0.0419988     0.206528    -0.295127    0.0748244   -0.0632708    0.0437667   -0.0762655   -0.0723471    0.0705441   -0.0749376   -0.0696944 -0.000221795    0.0280502   -0.0335284    -0.122608    -0.112309     0.209945     0.159678    -0.222303    0.0147008    0.0447989    0.0232294   -0.0445461     0.130725      0.32594    0.0694549    -0.094198     0.196069
     0.27641     0.415028    -0.389077    0.0826767      0.35912   -0.0693125    -0.326522    0.0403082    -0.483182    -0.183104    0.0510098    -0.164717     0.376006    -0.124531     0.284179     0.051518     -0.13412      -0.3433    -0.157077    0.0348063     0.281735    0.0180637    -0.306612   -0.0250988     0.172055   -0.0235959    0.0729278    -0.144417     0.288309    -0.272563     0.266194    0.0828469
  -0.0481468    -0.058773    -0.024482     0.070056    -0.110183     0.162201   -0.0463905     -0.36359     0.403131    0.0846926   0.00250657    -0.121401   -0.0879205    -0.380522     0.141892     0.036911     0.265606     0.395883    -0.138319     0.235708     0.215402    0.0556818     0.318611     0.272011    -0.436843    -0.204021    -0.159867     0.062253    -0.134823   -0.0990202    -0.203369    0.0632283
 -0.00948654     0.254188       0.3331     0.225196     0.752377    -0.346854    -0.140102    -0.145284      0.28417     0.131047    -0.184688     0.177969   -0.0494499     0.214252     0.035671      0.35364    -0.125386    -0.218055    -0.333897    -0.408128     0.300586    -0.046921    -0.041951    -0.152181     0.328398   -0.0584416     0.250347    0.0795231  -0.00459354     0.338664     0.187377     0.326048
   0.0722091     0.274708    0.0452911   -0.0547448    0.0309107    -0.157102    -0.331767    0.0590433    -0.102301  -0.00642104     0.241482    -0.267483      0.15825    -0.254519    -0.129804    -0.174152     0.245131    -0.270402    -0.115041    -0.373742    0.0492699     0.366782    0.0879326   -0.0847664     0.561925    -0.285421    0.0254124      0.27268    -0.245417 -0.000496833   -0.0717985    0.0461084
  -0.0765742   -0.0306094    0.0135467    -0.031013   -0.0993164     0.141411     0.483745    -0.440221   -0.0206485     0.169211    0.0422956    0.0659984     0.213952   -0.0806982     0.192206    -0.371409     0.111367    -0.102425   -0.0794418     0.175477    -0.157098     0.204222    -0.290833    -0.146116     0.229925   -0.0283966   -0.0706457     -0.12293      0.10737  1.92128e-05     0.185068    0.0212675
   -0.173724     0.087449     -0.45651    -0.031912     0.147278   -0.0947276    0.0899696    -0.158934    -0.032506     0.205169      -0.1894    0.0425323    -0.222051     0.302269     0.326154      0.30471     0.166793    -0.205297    -0.207868    -0.127938    0.0633558     0.185165    0.0952156    0.0132424     -0.22051     0.200201    -0.146719     0.314502    -0.457134   -0.0158072     0.102144    -0.100255
    0.290848    -0.187791     0.179134    -0.169816    0.0221158    -0.186638    0.0191096   -0.0106353    -0.299382     -0.05611      -0.1447     0.247322     0.119183    0.0493394     0.313204     0.225256   -0.0217119   -0.0868975     0.174422    -0.559728  -0.00431889     0.209203   -0.0828739   -0.0183165  -0.00399312    -0.329741    -0.117478     0.160679    -0.201599     0.437148   -0.0513167    -0.119473
    0.135512   -0.0678057      0.15846     0.229004      0.20213  -0.00625132    -0.243367     0.366133   -0.0891952    0.0712094   -0.0748575    0.0585139     0.227349   -0.0189421     0.248403   -0.0282808     0.135783   -0.0495652   -0.0943903    -0.362282  -0.00243369   -0.0508512    -0.152701    0.0382732     0.269189    -0.119876   -0.0621231   -0.0630693    0.0576762    0.0816081     -0.20615    0.0256495
    0.297182      0.21799    -0.011787     0.437098   -0.0714852    0.0511497    -0.409453     0.161653    -0.269885     0.190783    0.0384681    -0.397672    0.0746943   -0.0145949     0.780025     0.232753    -0.236252    -0.343432    -0.333118    -0.525956    -0.398874   -0.0517365    -0.245119    0.0539762   -0.0637095   -0.0238569    0.0225533    -0.092114     0.225603    -0.197749   -0.0384896   -0.0172697
 -0.00123288     -0.18825    -0.282117   -0.0223729    0.0156023     0.122042    -0.191939     0.473129   -0.0700072   -0.0505303     -0.10163     0.370736   -0.0338948    -0.102053    -0.177108     0.172794     0.444736    -0.270964     -0.15756    -0.249978      0.07438    -0.157047   -0.0407917    0.0585057    0.0772808     0.125992     0.543995    -0.158382    -0.309293     0.140384     0.143926     0.183383
    0.130304    -0.115173    -0.200029      0.28781     0.403229     0.268072    -0.483359     0.434385    -0.754553    0.0448851    0.0797354    -0.149108    -0.166016    -0.107631    0.0503683    0.0327235   -0.0509012    -0.418258     0.049461   -0.0905531   -0.0478319   -0.0708327       0.2357     -0.14172     0.396155     0.132349  -0.00308069     -0.30928    -0.292417    -0.124607   -0.0354962     0.597381
    -0.15577    -0.288644   -0.0198712      0.11136    0.0454826     0.131646    -0.153211      0.29553    -0.267605    -0.164612     0.358916     0.460586   -0.0632344    -0.187495    -0.178862     0.198275     0.317388   -0.0274835     0.186484    0.0790584    -0.180794     0.250822     0.271494    0.0855742     0.129127    0.0561387    -0.234658     0.149869    -0.380288     0.790887     0.058307     0.232417
   -0.256002    -0.388909     0.442148   0.00425415    -0.152625    0.0730272     0.187224     0.013012     0.167153    -0.018805    -0.041119     0.368049    -0.196839    -0.170475    -0.190018    -0.247778   -0.0325785     0.282365    -0.176324    0.0244623    -0.120381   -0.0364683     0.459122    0.0153909   -0.0196131    -0.108151    -0.197158   -0.0348516    -0.214446     0.229003    -0.244809   0.00680326
    -0.16184     0.224817    0.0176554     0.220753    -0.341434      0.14983    -0.182688     0.461922    -0.163055    0.0884688    -0.227517   -0.0113387   -0.0686652    -0.287909    -0.250156     0.333365    -0.110215     0.258457    0.0998084     0.266698    -0.234717    -0.118121    0.0751181    -0.106054    0.0155369    0.0269868 -0.000726698   -0.0322806    0.0322782   -0.0785792     0.330165    -0.106969
    0.217591     0.219267   -0.0309708     0.542374    -0.107134    0.0616863    0.0275935      0.36405    -0.129948    -0.115079     0.315917    -0.575389     0.283756     -0.22899    0.0661437    -0.177482     0.179411     -0.30012    0.0697083     0.115225    0.0925087     0.476266   0.00464806    0.0692275    -0.186916   -0.0036628    -0.262124    -0.249232    -0.263538    0.0113825    -0.238669    0.0159245
   -0.161668       0.1851    -0.172024    -0.609215    0.0641518    0.0433772     0.189348     0.400371     0.294587    0.0141683    -0.263323   -0.0595349     0.256492     0.472298     0.275847    0.0154254     0.262262     0.273726    -0.029973     0.127546     0.241733   -0.0889677    -0.246514    -0.108834     0.522714     0.472093     0.156934    0.0678488  -0.00251422     0.142275     0.128775     0.127107
   0.0160986     0.105245   -0.0595771    0.0558639     0.152271    0.0595695    -0.169417    0.0130115    0.0758522    -0.233908     0.110634   -0.0931121     0.384143     0.019944    -0.165994      0.20404     0.107763    -0.306715     0.179395   -0.0400351    0.0575913    0.0655765  0.000884318    -0.135477     0.182588     0.295744    -0.165318    -0.316531  -0.00522031    -0.247425     0.208853   -0.0243245
   -0.241816     -0.16904   -0.0791058     0.123601       0.2173    -0.294954   -0.0178742    0.0822435    -0.127404    -0.134342   -0.0871384     0.141213     0.398464   -0.0250912     0.100988     0.289018     0.139421     0.234723   -0.0451908    -0.270147     0.242681    0.0757977   -0.0202944    -0.072124     0.368076     0.129547    0.0723035    0.0163221     0.281816     0.436821     0.209958    -0.141516
    0.174475    -0.160116    -0.169575    0.0778316   -0.0410253    -0.286771    -0.209999     0.163307    0.0106541     0.429101    -0.390236   -0.0292976     0.138841    0.0717039    -0.243709    -0.253894    -0.263925   -0.0278817    -0.115567    0.0494091   -0.0273933   -0.0256662   -0.0418166   -0.0634181   -0.0750025    -0.641223     0.283362    -0.120501    -0.165614    -0.121568    -0.155706   0.00452973
    0.341885    0.0893008     0.254852     0.123923    0.0476497     0.151737     -0.36225      0.18182      -0.3145     0.242289    -0.123473    -0.586038    -0.604088     0.166986     0.187311      0.46515     0.352621    -0.629779     0.130341   -0.0935358    -0.366371    -0.479296    0.0761381    -0.408499    0.0472801   -0.0923861     0.366397    -0.193502     0.281536   -0.0210467     0.106481    -0.160447
   -0.132691    -0.503155    -0.293405      -0.3752     0.179897     0.338806     0.206954    -0.682964    -0.100235    -0.256847    0.0650904      0.67769    -0.173796    -0.188527     0.157449     0.170487     0.248434     0.365843    -0.240289     0.137418     0.226877     0.456967     0.129801     0.186688      0.11883    -0.290255   -0.0381012   -0.0646577    -0.255649     0.256837   -0.0829883    -0.227643
   -0.382176    -0.107491     0.226676     0.116768     0.130387    -0.311933    -0.246845    0.0706175     0.377011    -0.117957     0.565333   0.00768853     0.293206     -0.69294      -0.4257     0.152124    -0.187803    -0.117011  0.000190332   -0.0784256   -0.0754052     0.193565     0.473151      0.25734    -0.247384     0.587888     0.200972     0.165737     -0.35992    -0.391488    -0.185808     0.357017
    -0.11812    -0.465138    -0.414399    -0.207745   0.00634623    0.0934709     0.404215     0.295044     0.587127     0.166344   0.00671933    0.0427641    0.0325187    -0.213295    -0.273917     0.036374    -0.259681    -0.200552   -0.0342188    -0.142475    0.0156609     0.132198     0.285771     0.145316     0.129568     0.322895     0.273165     0.170158     0.182226    0.0153317     0.369274    -0.212777
  -0.0657096    -0.110389    -0.444759     0.172721    -0.241375     0.112189    0.0650853     0.584487     0.155423   -0.0778573     0.477565     0.119717   -0.0820304    0.0163952    0.0458703     0.164194    -0.277614    -0.373166    0.0718585    -0.264293     0.328065   -0.0266083     0.105313     0.172926   -0.0312797    -0.108562    0.0255082    0.0955248   -0.0920164     0.225719    0.0715768     0.144402
    0.259703   -0.0196881    -0.200247   -0.0586125   -0.0400594      0.43535     0.384721    0.0552994    -0.260214     0.267892     -0.33084     0.405604    -0.246885     0.469801      0.29674     0.319962    -0.156922    -0.451146    -0.307756     0.012726    0.0801086    0.0236485    -0.161408    -0.122472     0.315678    -0.450935     0.128346    -0.372272   -0.0361111   -0.0243014     0.299816    -0.323895
   -0.111219     0.318106    0.0110786   -0.0466408     0.295321      0.38709    -0.371086   -0.0716512   -0.0661648    -0.109554    0.0386191     0.281186   -0.0898162     -0.17948   -0.0800185   -0.0751381     0.343377   -0.0942185   -0.0616758    0.0831832    -0.046693     0.129467    -0.200594   -0.0465577    0.0208172    -0.140105     0.114155     -0.28677     0.220761  -0.00254735    -0.305008     0.072229
    0.190982   0.00270709     0.629646     0.258088    -0.126331   -0.0235463    -0.102029     0.405057    -0.271313    0.0766967    -0.349457       0.2389   -0.0600672   -0.0448409     -0.20323   -0.0348014     0.396273   0.00171759    -0.220602    -0.314431    -0.534451     -0.38348     0.195663    -0.152393    0.0132115    -0.231305    -0.396942     0.147243     0.495761     0.115828      0.29986    0.0982652
    0.405077   -0.0635993     0.232589     0.206253 -0.000830262     0.202736     0.196231    -0.127254     0.264151    -0.423669   -0.0991174    -0.297914     0.233863    -0.158446    0.0130237    0.0596419     0.346066   -0.0231655     0.159225    0.0374745    0.0496478    -0.158194    0.0999939   -0.0585808    0.0582384    0.0176788    -0.268391    -0.202534    0.0979522    0.0871057   -0.0351268      0.28058
   0.0120991   -0.0620809    -0.115401    -0.195117    -0.220751     0.166627     0.145904    -0.237622     0.203284 -0.000538448   -0.0907133    0.0623785    -0.220966      0.12389    -0.162758  -0.00721688     0.132492    0.0239931    0.0372514     -0.27015    0.0976726    -0.168678     0.133903   -0.0576502    -0.053043    0.0761582     0.226182   -0.0540911     0.278193     0.165575    -0.157097    0.0296324
    0.336315     0.634661    0.0345143     0.283064     0.343263      0.30344    -0.360529    -0.128679    -0.347046    -0.387634     0.103421    -0.682133     0.543367   -0.0154454    0.0195182     0.391608    -0.249463    -0.868587  -0.00744054    -0.217209     0.198976   -0.0809018    -0.155662    0.0849565     0.284334     0.138041  -0.00724875    -0.443179    -0.366933      0.22822     0.158626     0.156803
   0.0987545     0.285644   -0.0029362     0.175899    -0.121166    -0.346892     0.241324      0.10624   -0.0387084    0.0466286    -0.351042    -0.516741    0.0536026     0.628574   -0.0818203    0.0201148   -0.0908683   -0.0587458     0.209001    -0.234649     0.281988     0.128093    -0.220863     0.329019    -0.383508     0.279199      0.21663    -0.537414    -0.169436     0.135134     0.189788     0.345567
