    0.154784    -0.633505   -0.0585397     0.742609     -0.35083   -0.0498552    0.0420995    0.0865469   -0.0603023   -0.0857353     0.472361   -0.0326707    -0.456228    -0.158112     0.172748     0.374115     0.259893    -0.300733    -0.222514     0.419692     0.556203    -0.127613    -0.218464     0.143669    0.0422546    -0.327214    -0.137563    -0.187731   -0.0515789     0.171868    -0.495975    -0.308483
   0.0165598   -0.0137202    -0.196728    -0.230412     0.109256     0.353113   -0.0587144    -0.103828     0.242821    -0.285301     0.273165   -0.0805933   -0.0963553    0.0905092   -0.0337979    -0.133962    -0.112626    -0.164019   0.00275161    0.0822449     0.238059    0.0219467    -0.157598    -0.165739     0.221342     0.159584    0.0719501    -0.375379    -0.233935    -0.134704     0.112549     -0.24839
   -0.427769   -0.0770509   -0.0156619    -0.167799    0.0559004     0.112345     0.236981    -0.359197     0.234174     0.532801    -0.320986    -0.188319     -0.40979     0.526191      0.34852    0.0480286    -0.144054    -0.461742    -0.194857   -0.0159427    0.0727436     0.338575     0.301296     0.417866    -0.317787    -0.500821     0.057417    -0.470654    0.0403412      0.34486    0.0199154    0.0244041
    0.297943     -0.11148    -0.192192     0.640007     0.161841     0.674198    -0.574206     0.323009    -0.641881    -0.122961     0.455319    -0.284389     0.477059     0.354839    -0.028512     0.287553      0.17761     0.117159    -0.114892     0.051399    -0.139178    0.0971619   -0.0793934   -0.0945807    0.0302996    -0.209956     0.216386   -0.0729971     0.290587   -0.0869212     0.302205     0.172762
  -0.0847223      0.11527     -0.27097   -0.0452546   -0.0944927   -0.0414913    0.0848217     0.106566    -0.127547   -0.0319852    -0.134744     0.224567  -0.00516274   0.00455202   0.00232599    0.0954505    0.0638744  -0.00337155    -0.354374      0.33536     0.111433    0.0861891     0.176185    -0.211172      0.12282     0.101307   -0.0858553     -0.15176    -0.211456     0.424242    -0.172415    0.0427766
   -0.145478    -0.271346    -0.155139     0.163199    -0.414621    -0.400509        0.352     0.251051    0.0222954    0.0711083     0.126175   -0.0557187    0.0128186   -0.0789046     0.283213     0.342709    0.0120906    -0.274151    -0.323768     0.330403     0.206381    0.0017054    -0.070248    0.0449246    -0.124123    0.0492019     -0.24944     0.194733     0.316001     0.514992     0.176968    -0.137128
  -0.0458187   -0.0449565   -0.0402625    0.0706856    0.0367373    0.0156689     0.108822    -0.123761   -0.0946646    -0.182617    -0.304971    0.0515729     0.317716     0.355186     -0.28061 -0.000545063   -0.0431138    0.0765239    -0.319124   -0.0877037    0.0302116     0.175601     0.220875    -0.126853     0.295932     0.259014    0.0886077    -0.403962    -0.219033    -0.131482    -0.158235    0.0293538
  -0.0111046    -0.117284     0.163297   -0.0969387    -0.243861    -0.219782     0.186485    -0.418522     0.373318     -0.10427   -0.0578354    -0.155816     -0.21109    -0.351078     0.330677    0.0468445    0.0128569    -0.359354  -0.00711999     0.283912    -0.216705   -0.0763987   0.00905302     0.111689   -0.0789442     0.376009    -0.299686     0.230471     0.206989   -0.0183332     0.262094    -0.536717
     0.34864     0.311659    -0.223129     0.337006    0.0218488     0.258049     0.194969     0.706142    0.0204745    -0.207996     0.178281    -0.761608    0.0920076    -0.230547    -0.409247     0.081113    0.0792211    -0.166072    -0.315542  -0.00326709    0.0683345    -0.480673    -0.139723    -0.271622    0.0334046     0.167237    0.0165048    -0.266383    0.0744926     0.168041    -0.383289   -0.0226711
   -0.597675    -0.086168     0.497287      0.40413   -0.0114313   -0.0311584     0.151394     0.140953    0.0949981    0.0160518     0.203583    -0.574778    -0.226196   -0.0311185    -0.244835     0.473814     0.278479    -0.278466   -0.0815077    -0.258085    -0.283879    -0.101594  -0.00566179   -0.0678892    -0.315367   -0.0775496    -0.175996    -0.278911   -0.0841502     0.194563    -0.111257   -0.0602037
  -0.0929911     -0.12939      0.42914   -0.0165833    -0.397632     0.286501      0.07958    -0.214467     0.160399    -0.229904    -0.161432     0.152378    0.0522084     0.114136     0.259108     0.161159   -0.0651821     0.109485    -0.196366     0.531665     0.288123     0.339524    -0.196961     0.047805    -0.470559     0.343072     0.269353     -0.05352    -0.287593     0.382668    0.0921212     0.139388
    0.745707    -0.085366    -0.212123    -0.209418      0.14955     0.201631     0.523092    0.0876852    -0.312221   0.00808944     0.610305    -0.170673     -0.24827    -0.186506    -0.059698     0.580125    -0.666319     0.320886     0.210143     0.264142      0.22071   -0.0726437    -0.172593    -0.253859    0.0492484    0.0513052    0.0911098     0.347175    -0.292593    -0.217844    -0.281026    -0.274093
 -0.00113744     0.396979    -0.207296    -0.435025     0.272758    -0.666768    -0.119892    -0.241631     0.061233     0.170383   -0.0166585    -0.289621    0.0850498   -0.0902664    -0.185173    -0.110802    -0.395112    -0.463907    -0.396187  -0.00951106     0.279627     0.139452     0.225469    -0.189255    -0.335112   -0.0245592     0.188561   -0.0324841   -0.0948677    -0.435069   -0.0229325   -0.0442546
   -0.212731    -0.208643   -0.0541727    -0.281617    0.0781318     0.235936    -0.325451   0.00781395     0.352553    0.0295217     0.228958    -0.291792   -0.0881422      0.13445    0.0218197     0.221669     0.307277    -0.208079    -0.331377   -0.0427214    -0.206777   -0.0403813     0.155488     0.250086   0.00958736    -0.398989   -0.0710735    -0.508307     0.234083     0.244522   -0.0192532    -0.157186
   -0.362358     0.528236    -0.246896    -0.126112    -0.225305     0.347342    -0.598352    0.0633892   -0.0717497     -0.17307    -0.464397     0.363755     0.154275     0.171246    -0.163524    -0.171098    -0.314184    0.0469338    -0.014459     0.622971      0.50109   -0.0155704    -0.696308    -0.234426    -0.297124   -0.0190313   -0.0626804      0.19008    -0.514228      0.65504    -0.612843     -0.32962
    0.384599     0.033539     0.313244     0.395258   0.00335427     0.200385     0.527538    -0.156958    -0.133393     0.397617     0.434462    0.0565174   -0.0884085    -0.152577   -0.0108934       0.4716   -0.0710551     -0.28908    0.0464128    -0.710798    -0.246699      -0.5776    -0.227681     0.463131   -0.0766034    -0.402117     0.231805     0.275781    -0.622729     0.316424    0.0670517    -0.217081
   -0.337087   -0.0500225     0.152958    0.0178919     0.307693     0.206931    -0.155734     0.451086     0.253619     0.174633     0.283476   -0.0814404    0.0384972    0.0274795    -0.101931     0.267059    0.0933573    -0.282827      0.31646     0.180526     0.114593   -0.0478666     0.165263   0.00385113    -0.148133    0.0376035    -0.108003   -0.0250822    -0.211307     0.269314     0.478164   -0.0645035
   0.0507384    0.0793406     0.072936   -0.0609855    -0.168756    -0.562895    -0.312756     0.175782   -0.0931732    0.0772727    0.0393345     0.265978    -0.437061    -0.230862     0.246555   0.00469362    -0.132724      0.41293     0.125812     0.398366  -0.00637667    -0.115337    -0.247978  -0.00857979    -0.332016     0.490517     0.099391     0.441103     0.288278    -0.399708    0.0248042     0.142555
   0.0559321  -0.00471923    0.0162216     0.104022    -0.520575     0.128815    0.0430079     0.074518     0.123641    -0.167307     0.224024    0.0939795   -0.0932145    0.0525052     0.284157   -0.0566041     0.280339    0.0566124    0.0366659     0.553592    0.0217695     0.146075     0.291809    0.0247162     0.126438     0.102887    -0.222195    0.0580008      0.28028    0.0480645    -0.288688    -0.115014
      0.2824    -0.299555   -0.0995692    -0.100108    0.0129149     0.110017     0.594089     0.197445   -0.0112771      0.24954       0.1417    -0.182391   -0.0516934     -0.40735    -0.356226     0.130793    0.0984519  0.000152035   -0.0423521    0.0392967     -0.21493    -0.265781    -0.111926    -0.375874     0.338822    0.0103984     0.126506    -0.354602    0.0350845    0.0576249    -0.160923    -0.278132
   -0.394226     0.191172    -0.245923     0.100232   -0.0378761     0.284248   -0.0744803     -0.14952    -0.196799     0.342383     -0.23863    -0.213696     -0.18567  -0.00618967     0.130079    -0.254167     0.271153    -0.383625    -0.556973    0.0509413      0.46729    -0.225987    -0.407215     0.218045   -0.0341906    0.0070121      0.32878     0.496516    0.0694981      0.25957    -0.170395    -0.346703
   0.0812535   0.00737517     0.323572     0.295186    -0.186855    -0.172816      0.45464    0.0041898    0.0382043   0.00128378     0.439305    0.0888702    -0.284791    -0.220007    -0.480212    -0.248006    -0.234406     0.133736    0.0866524     0.382165    -0.186484    -0.147167     0.151123     0.207088   -0.0737962    0.0684654   -0.0453165     -0.20302    -0.229635    -0.155807    -0.105483     0.186658
  -0.0183259     0.427915     0.403331    0.0292898    0.0407437   -0.0901153   -0.0553525    -0.211355     0.431847     0.219224    -0.149519   -0.0852976     0.391794    0.0716138    0.0684681   -0.0066765    0.0536912    0.0945826    0.0703454     -0.17198     0.135748    0.0599906      0.26096  -0.00244556    0.0737466   -0.0658395     -0.13404     0.112783    -0.104563    0.0636777      0.23315    0.0650696
   0.0549318    -0.135612    -0.100569     0.157502   -0.0684631    0.0824386    -0.179753     0.149958    0.0380576     0.379228    -0.211759    -0.180361    -0.345933     0.397767    -0.181052      0.33129     0.387867    -0.073522    -0.231279     0.070459    -0.146178    0.0358524     0.153391    0.0254226    -0.159715    -0.320915     -0.18794    -0.262105    -0.380777     0.370604     0.145741    -0.217082
    0.303611    -0.464273    -0.534069    0.0747634    -0.407952    -0.354756    0.0120911     0.158164     -0.07862    -0.537388    -0.469649     0.147168   -0.0140347    -0.315514     0.730739    -0.219709     -0.41394    0.0613908    0.0514709     0.139489     0.198631    -0.476325     0.144505     -0.29782    -0.156769     0.165043    -0.211401     0.137809     0.511181  -0.00487994    -0.172868    -0.245508
    0.427705     0.176602    0.0342739    -0.508921    -0.241662    -0.336574    -0.226624  -0.00831705     0.489316    0.0690223    -0.116651    -0.312543    -0.318731     0.146818     0.249207    0.0847432  -0.00260415     0.212803    -0.100578     0.126224     0.262081   -0.0854284     0.112575     0.557792    -0.389518    0.0602643    -0.122919     0.136549    -0.221151    0.0638182     0.176836     0.136576
   -0.174184   -0.0594406     0.107125    -0.115749    -0.347776     0.162227    0.0906325    -0.105491     0.160832    0.0441872    -0.384438   -0.0603499  -0.00655841     0.439649    0.0543998   -0.0301513    -0.177994     0.111325    0.0607006    0.0292969     0.327775     -0.10453    -0.590571     0.133631     -0.18984     0.013261     0.194633     -0.35732    0.0791916   -0.0245532    -0.311512     0.540343
   -0.176506   0.00435879     0.347846    -0.200708    0.0640041    -0.205501     0.194428    -0.431419    0.0933953      0.21621     0.366533    0.0176979    -0.159458     0.255092     0.262214    -0.202444     0.165077    0.0852303    -0.116478     0.044446    0.0856186    -0.291497     0.554756   0.00962539    -0.111575     0.224003     0.032189   -0.0694399     0.378445    -0.723341    0.0318767    0.0118156
    -0.36818     -0.43057     0.333974     0.178374     0.199076     0.238425     0.578828     0.228437    -0.411586     0.142795   -0.0295136     0.109144   -0.0904753    0.0649083   -0.0417998     0.105589     0.198253   -0.0644721     0.564146    -0.133184    0.0191783     -0.19671      -0.2476    0.0748998     0.214716    -0.134211     0.368347   -0.0364058     0.123882     -0.28805  -0.00100637    -0.193876
    0.652906     0.560292   -0.0128281    -0.640848    -0.162333     0.111527    -0.170067    -0.394248    0.0331776     0.262208    -0.867245     0.875905     0.107333     0.335566    -0.572365    -0.214419    0.0682251     0.266771   -0.0530633    -0.100376   0.00458696     0.527945    -0.458496     0.435355     0.206354    -0.131711     0.106294     0.280916    -0.350182     0.148549     0.214243    -0.076146
   0.0916242     -0.54506    -0.172282    0.0894091   -0.0657306    -0.119161    -0.351608    -0.127013   -0.0962961   -0.0229443     0.165853    -0.200852    -0.609447    0.0784757     0.662253    -0.120865   -0.0557414    0.0683843    -0.453014    0.0773117     0.454307     0.143787     0.238789     0.117138    0.0635161    -0.378719     0.498038     0.524619     0.261276    -0.260774     0.440266  -0.00682949
  -0.0904308    0.0351579     0.130883    -0.189478   -0.0996827   -0.0105941    -0.336274    0.0654655    -0.173089    0.0020211    -0.101579    -0.238456    -0.138449    0.0806929     0.211542     -0.10256    -0.214946     0.180524      0.28269    -0.100976   -0.0915454   -0.0722118   -0.0292269    0.0855047     0.122353    -0.028669     0.239039    0.0307716     0.208328     0.177824    -0.217262     0.286739
   -0.480027  -0.00774668     0.327453   -0.0990935      0.15669    -0.246115    0.0271197     0.021583    0.0620524     0.105122       0.1042     0.130282     0.115878     0.343267     0.203923     0.114521    -0.335127   -0.0284721    0.0645352    -0.176142    -0.118119    -0.109862   -0.0361297   -0.0973392     0.234753     0.383515     0.106483   -0.0976865    0.0244306   -0.0145496     0.245874    -0.159551
   -0.412342    -0.165864     0.159753     0.109529     0.251103   -0.0561131    -0.109534    -0.127847     0.146467    0.0763359    0.0696292  -0.00637454     0.193222    -0.138861    0.0536269    -0.206758     0.124988    -0.178933    -0.222684     0.675817     0.270128    0.0983292   0.00756983   -0.0843259    -0.255498    0.0515454      -0.0833    0.0822351    -0.313539     0.184017     0.120321   -0.0641905
    0.275364    0.0499662   -0.0417941     0.187025    0.0729648    -0.153014    -0.356275     0.104279     0.231457     0.081169    -0.118837    -0.292156    0.0780978     0.215148    -0.314969     0.178867    0.0445317    -0.355157   -0.0679423     -0.23339     0.458562     0.523963     0.236544     0.595508     0.405435     0.261725     0.274734    -0.190888    -0.362851     0.185088   -0.0860867    -0.298844
   -0.398391    0.0313881     0.133496    -0.211188    -0.131524    -0.242001   -0.0490465    -0.125447   -0.0680882   -0.0104033    0.0937737     0.253447      0.14782    -0.269679     0.527859    -0.018257    0.0364751    -0.316505     0.239808    -0.117042    -0.144944    -0.236898     0.090231   -0.0498987     0.380103     0.149692    -0.140337   -0.0419169    0.0927407     0.233805     0.277808    0.0248405
    0.329135    -0.215498      0.22231   -0.0916418     -0.19735    0.0704419     0.129541   -0.0351249   -0.0435118    -0.146463     0.300805     0.110208     0.110811    -0.167116    -0.272995    0.0976913     0.146973     0.309852    -0.116977     0.196713    -0.356836     0.133978     0.143504    0.0920825    -0.108025     -0.16071    0.0125116    -0.267569    -0.102069     0.659832    -0.236569    0.0281662
  -0.0380104     0.181371    0.0306549    -0.337094     0.414823    -0.177736     0.136317     0.175163     0.022208    0.0198983    -0.120943    0.0156032   -0.0184614     0.485393    -0.109875     0.194681    -0.220755     0.116262    -0.724561     0.365789     0.431419   -0.0720887    -0.216315   -0.0420922    -0.350301    -0.382193   0.00238524     0.076842     0.102364     0.171716    -0.288852    -0.288588
      0.2121    -0.270537    0.0436658     0.061059     -0.16628     0.157535    0.0973319     0.157853    0.0732132    -0.268741    -0.154834     0.387352     0.100029    0.0824265    0.0147169     0.223732    -0.218563  -0.00991834     0.235677    0.0262894   -0.0151813   -0.0195957    0.0284196   -0.0303067    -0.188995     0.156235   -0.0260888    -0.205326   0.00463672    -0.252086    -0.380248   -0.0745928
    -0.12423     0.370988    -0.340231     -0.29344     0.041768   -0.0874888   -0.0501431   -0.0612191    -0.105783    0.0970103    -0.275543   -0.0303714     0.032862   -0.0897798      0.59248    0.0349802     0.224271   -0.0581046    -0.367136   -0.0107945   -0.0972745    0.0685254   -0.0326103     0.417683    -0.303404    -0.058831     0.333728     0.275587    -0.210534     0.311924     0.275954     0.220404
  -0.0466797     0.138314     0.133523    -0.475202    0.0380614     0.262387      0.22338   -0.0055611    -0.384591     0.308085    -0.203124     0.229846     0.220759    -0.316383   -0.0511272   -0.0302676     0.115354     0.243062     -0.12713     -0.20997     0.198391     0.215591  -0.00258376    -0.327447    0.0134862     0.263108    0.0592412     0.145274     0.279203    -0.356641    0.0187886  -0.00456063
   -0.218029   -0.0999723     0.348759    -0.075003    -0.186262     0.442802   -0.0517111  -0.00999076    0.0458915    0.0671982    0.0360962     0.262393    -0.102163   -0.0473815     0.289416    -0.103062     0.296848    -0.234061     0.124785     0.442807    -0.270831     0.193002     0.344022    0.0580951   -0.0668333     0.234242   -0.0782764    -0.103823    -0.250964    -0.402951   -0.0119759    -0.199469
   0.0137724    0.0245481    -0.249163     0.348837     0.409312    -0.446605      0.10826     0.148359    -0.303274    -0.209692     0.284076    -0.282078     0.151374    -0.169077   -0.0441148      0.33906      0.22765   -0.0325573   -0.0854699     0.233703     0.238959   -0.0157566  -0.00642157    0.0750153     0.345469     0.056905    0.0831125    0.0556776     -0.29947     0.586201     0.246297   -0.0245139
    0.110279     0.152535     0.381978     -0.33522    0.0748574      0.23003     0.602781   -0.0659134     0.111293     0.177194    -0.428832    -0.445826    -0.122757    -0.329135   -0.0568705    -0.548438    -0.249477     -0.36168   -0.0920396     0.265248    0.0674674    0.0218386    0.0920386   -0.0719659   -0.0453431     0.027432    0.0768002    -0.200457   -0.0273852     0.234397     -0.03098    -0.219932
   -0.290247     0.198286    -0.152304     0.102485    0.0936039    -0.213266    0.0226288     0.397863     0.163938    0.0524156    -0.134783      -0.4131     0.297357    -0.142475   -0.0679306     0.374018     0.265405    -0.339599    -0.281442   -0.0454415    -0.197827    -0.176095    -0.168662    -0.184161    -0.136718     0.509787     0.277231     0.178178    0.0527413      0.59817     0.331854     0.311172
     0.13477      0.11898     -0.43741     0.146899    -0.316789    -0.235668     0.325381      0.18113   -0.0579738   -0.0340653     0.161635     0.475024     0.149203    -0.169626    -0.041773     0.105938    -0.171475    0.0399417    0.0171485       0.1495      0.26168     -0.72366     0.123765    -0.261402    -0.312551   0.00150095    -0.102159    -0.238592    -0.029559     0.393306    -0.106211    -0.253532
    0.576068    -0.452511   -0.0117126     0.327539    -0.123311     0.359765    -0.267241    -0.182137     0.118087      0.15963    -0.247869     -0.18559     0.102446     0.158789     0.132708   -0.0377706    -0.388735     0.100193   -0.0880579     0.306997      0.37493   -0.0982287     0.553341    -0.171761     0.767877     0.114739     0.209547    -0.441878     0.144878     0.545862     0.490073    -0.579114
    0.120715    -0.146762    -0.111238    0.0674473     0.321826   0.00162449     0.179365    -0.234193     0.047357     0.573224   -0.0482858     0.214219     0.356888    0.0859607     0.194825    0.0622315   -0.0416563     0.371503     0.184851    -0.101749    0.0350479   -0.0889861    -0.146503   -0.0924883   -0.0676486    -0.164335     0.322757   -0.0243925    -0.274463     0.187972    -0.101487     0.063533
   -0.254063     0.477241     0.403348   -0.0611245  -0.00948199    -0.283618    0.0839676    -0.401943    -0.397189     0.339533   -0.0472271   -0.0866788  -0.00530247     0.198586    0.0695238     0.260563      0.13982    0.0442827    -0.410234    -0.287209    -0.067673   0.00574665    -0.469583    -0.131623    -0.237002     0.036903     0.138129     0.159955    0.0320486   -0.0769321    -0.215762     0.206399
    0.192742    -0.122397    0.0102423    -0.048331     0.105131    -0.105271     0.151655    -0.259806     0.273858     0.186365     0.250436     0.105388    0.0688267    -0.124394    0.0982713    -0.237315    -0.128706   -0.0825487    -0.201458    -0.165125     0.145917     0.114407      0.23264     0.142056     0.220452    0.0135586    0.0109709   -0.0719248   -0.0299743     0.184412   -0.0179068    -0.319942
   0.0166488    0.0965559     0.237144    -0.495566    -0.368426    -0.311613     0.298351    -0.288928  -0.00659728  -0.00517767    -0.107265     0.114577    -0.420214    0.0909725   -0.0116772    -0.106052    -0.264396  -0.00929139   -0.0141974     0.127331    -0.029759    -0.183749    -0.109182     0.411805    0.0307572   -0.0303532   -0.0525038    -0.487965     0.135672   -0.0418165    -0.242389   -0.0963829
     0.20248    -0.446498    -0.219149    -0.104284     0.131223    -0.393235    -0.306505    -0.217554   -0.0998312    -0.115085     0.309064    -0.523265    0.0929278    0.0431369     0.135742     -0.18472   -0.0143068     0.358335    -0.171053    -0.207774     0.377735     0.161085     0.117466   -0.0585737     0.077252    -0.131117   0.00120844     0.106889     0.478987     0.171782     0.147843     0.328411
  -0.0883584     0.273122    0.0511494    -0.240481     0.197108     0.172724    -0.386534   -0.0575004    0.0942776  -0.00301157     0.184713  -0.00411249    -0.143049     0.174365    -0.217898   -0.0406085   -0.0865005    -0.396076    -0.224251     0.231198     0.471397  -0.00699703    -0.113399      0.37112    -0.102498      0.13818     0.225117    0.0185858    -0.106244     0.428021       0.2849    -0.190999
   -0.121848     0.161821     0.120982  -0.00415914     0.115291     0.167855     0.150108   -0.0539576     0.167912    -0.348457    0.0987639    -0.277554    0.0655521    -0.320437    -0.122958     0.181047    -0.152191     0.295226    -0.066056   -0.0406506     -0.13198     0.123746     0.188663     0.172175    0.0625367     0.218744   -0.0333505     0.219757    -0.122096    -0.247898   -0.0195127     0.131254
   -0.234139    -0.422654     0.269455     0.159752    -0.473346    -0.219946     0.164616   -0.0364749    -0.623065    -0.208696    -0.454759    -0.153492    0.0125058     -0.10545     0.322661    -0.274057    0.0608474     0.113472    0.0296085      0.20597   -0.0146981    0.0393845    -0.257474    -0.124342  0.000636467     0.275704     0.156347     -0.21778   -0.0200059    -0.154115   -0.0903578     0.061766
   0.0322343    0.0628008    -0.205098   0.00825664     0.290314   -0.0567188    0.0548223    -0.280075    -0.206692     0.177514    -0.343905     -0.36624    -0.145289    -0.389468     0.235194   0.00327473    0.0459157     0.105246    0.0465997    0.0358152     0.153056    0.0968078     0.054472    -0.314824    0.0699588    -0.350982     0.257143     0.260469     0.130162    0.0179361     0.281568     0.391911
   -0.280671    -0.445712   -0.0242793    -0.177961     0.142547     -0.12787    -0.240379    0.0375912   -0.0522258    -0.201579   -0.0512624    -0.108606  -0.00481212     0.323228     0.301722    -0.397794     -0.33052     0.229252    -0.112117      0.08509     0.122756     0.213931  -0.00220092    0.0110696     0.422799    -0.421771    -0.168157    -0.154072     0.427959    -0.033629   -0.0656456     0.318018
    0.200513  -0.00109359      0.16251    -0.246227   -0.0201529    -0.245618    -0.040743    0.0699758     -0.10881    -0.116352    -0.235054      0.19899     0.242164     0.302737    -0.254232     0.165681    0.0106701     0.238766    -0.106732     0.246544     0.171401     0.249805    -0.331516    0.0479528    -0.338151     0.188537    0.0541943    0.0560167    -0.345976     0.258803     0.219482  -0.00231555
   0.0554186    0.0657625     0.362009     0.104919   -0.0152526     0.160151     -0.18901    -0.256393    -0.221501    -0.206994     0.108885   -0.0139811     0.442737     0.300415   -0.0197228     0.157591      0.17397    -0.230071   -0.0696471    -0.235579    -0.275223     0.258412      0.16533     0.383432     0.226751    -0.138798    0.0956675    -0.175411   -0.0558864     0.339401     0.229056    -0.260602
  -0.0173502     0.157783     0.572994     0.321177    0.0570606    -0.183657  -0.00184503    -0.198361    0.0133545  -0.00206546     0.097786    -0.187579    -0.159554     0.132292     0.187685     0.174102   -0.0909539    0.0676936     0.146139   -0.0642489    -0.264348   -0.0884371    0.0870034    -0.100829     0.409092     -0.19076   -0.0806968    -0.243743     0.219005    0.0527475    -0.302902   -0.0422483
  -0.0245268    0.0769697     0.256761    -0.290453    -0.311472     0.051068     0.311156    -0.230714    -0.113805   -0.0947738   -0.0909588   -0.0745748    -0.194541     0.450627   0.00288004      0.32805     0.396697     0.151363    -0.213537     0.139967    0.0116582    -0.279932     0.128279    0.0570297    -0.286538     0.337102    0.0635489     0.129286      0.22196     0.252396      0.37965    -0.027077
    0.447304    -0.304322     0.226058     0.251356     0.299995   -0.0292399    0.0156098     0.268265   -0.0628578     0.100757   -0.0722218    -0.145294   -0.0560126     0.233997    -0.149954    -0.137781    0.0205274    -0.191403    -0.231928    0.0971805    -0.121434     0.129008     0.250188  -0.00950487   -0.0283048   -0.0197183     0.374014    -0.183271   -0.0696505     0.367026     0.422388    -0.268145
   -0.323945    -0.234336      0.10142     0.101819    0.0980479    -0.129281    -0.102338    -0.169128    -0.394582    -0.164168     0.380498    -0.337339     0.128517    0.0990549     -0.15309     0.326458    -0.176262     -0.46515    0.0630804    -0.255091    -0.314493    -0.462708     0.133372    -0.308441    0.0718044    0.0706045     -0.23489    0.0237359     0.113107     0.222209    -0.101519    -0.355354
    0.274948     0.106937    0.0573368    -0.172167    -0.219872    0.0703238    0.0868823    0.0191752     0.124206     0.283029    -0.380618     0.069056     0.166462    0.0384475    0.0607514    0.0076436     0.117875    -0.024424    -0.100795   -0.0290146     0.524481     0.222862    -0.179432    -0.154232    -0.238717    0.0710905     0.486293   0.00625388  -0.00638933    -0.083496     0.269136     0.101098
    0.141582    -0.101566   -0.0467044    -0.166752    0.0494574    -0.207117     0.255605     0.217909    -0.384646    -0.170606   -0.0599637    0.0242353    -0.200819   0.00819625   -0.0992705   -0.0878436    -0.234974    -0.414479     0.094626    -0.137403    -0.472361     0.475427     0.296484      0.22856   -0.0581777    -0.111829     0.318699     0.113233    -0.125714    -0.228655   -0.0714938     -0.54548
   -0.284275    -0.275628   -0.0308334    -0.369828   0.00899386    -0.216347     0.351499     0.111577  -0.00237064    -0.153985    -0.158935     0.198757   -0.0549178    0.0342378     0.145615    -0.276576    -0.022164     0.139552    -0.165676      0.26778  -0.00465088    -0.143668    0.0552089    -0.135019    -0.184424     0.144346    -0.201274  -0.00436374     0.202166   -0.0715625     -0.06866     0.544873
   -0.359189    -0.203751     0.500151    -0.154558    -0.246086     0.102913    0.0766796    -0.269874    -0.291941    0.0214559    -0.193091    -0.483831     0.358247     -0.18983    -0.401099     -0.13712     0.279362     0.129938    -0.408549    0.0457195    -0.176583   -0.0300309    -0.453064    -0.173838   -0.0475641   -0.0523604    -0.214063    -0.285272     0.284455       0.5352   -0.0931201    0.0215159
  -0.0524238     0.176478   -0.0514166   -0.0905836     0.217753     0.304321    0.0673925    -0.326154    -0.253462     0.439433    -0.172703     0.152188     0.207442     0.238586    -0.287642    0.0100322     0.114729    -0.533379    -0.199798    -0.150185     0.183937    0.0144412    -0.518796    0.0634851    0.0895708    0.0580016    0.0704598    -0.255508    -0.326148     0.040838    0.0562726    -0.145641
   -0.112019     0.220449    -0.404065     0.255466     0.335443    -0.189473   0.00113374    -0.124751    -0.370421    -0.491312   -0.0595309    -0.155697    0.0831349    0.0780781     0.118915     0.101055     0.233833     0.175986     0.140407     0.292335     0.277737   -0.0921595  -0.00812243    -0.159443     0.251595     0.271732    -0.154248     0.217048    -0.382789    0.0311824     0.338372    -0.512167
   -0.012229    0.0803117    -0.323629    -0.341453    -0.151256    0.0396118     0.377079     0.759228     0.294012    -0.128714     0.061153   -0.0482066    -0.353595    0.0331794    -0.180034     0.210234    -0.119502    0.0225605    -0.351441   -0.0342802     0.089945   -0.0311311    -0.182936     0.288158     -0.18941   -0.0487302   -0.0368963    0.0420524     0.072648    0.0350238    0.0824215     0.404545
   -0.356696     0.270659     0.135132      0.25684     0.228209     0.144137    -0.353706   -0.0745007     0.298871    -0.361665     0.343563    -0.648305    -0.117523    0.0617803    -0.522988     0.261535    -0.306972     0.143786    -0.423483     0.336555    -0.108402    -0.230862    -0.222519   -0.0439594     0.240869   -0.0112969    -0.156723    -0.378318   -0.0883059   -0.0467111   -0.0716565    -0.187831
    0.179514     0.105181    -0.103711    0.0140672    0.0925085     0.153944  -0.00160925     0.174932   -0.0409596    0.0527776   -0.0891489    0.0127583     0.170839 -0.000548518    -0.355644     -0.12399      0.21625    -0.050448     0.134153    -0.271838    -0.089882    -0.223794    -0.306461    0.0431106   -0.0135204     0.342473      0.13667   -0.0994797   -0.0998975     0.592305    0.0591806    -0.169208
    0.215855    0.0977443   0.00779748    0.0925086    0.0467001    -0.313012    0.0568181     0.255131     -0.38651     0.249431    -0.149324    -0.115776    -0.306164     0.450795     0.527948    -0.130836   -0.0433133   -0.0733197    -0.190753    -0.474153    -0.200569     0.293727    -0.127373     0.254949     0.125675    -0.087713     0.189853     0.182478   -0.0220032      0.39253     0.308724     0.139022
  -0.0411705     0.208374   -0.0453475    -0.410003     0.167659     0.212081     0.214828    -0.320438     0.239126     0.125637    0.0171583     0.300673    0.0720471     0.166493    0.0306724    -0.281659    -0.111237      -0.2439    -0.382885   -0.0536177     0.357086     0.117906     0.226056     0.253963  -0.00310439   -0.0894349     0.243633    0.0873913    0.0685337     0.247573    -0.227069     -0.17111
    0.187763    -0.166084    -0.268254     0.206824     0.172019    -0.363141    0.0370042    -0.136309    0.0256525       0.1411     0.155518     0.282336    -0.118207    -0.215609     0.293955     -0.10782     0.401684     -0.49141    -0.390607    -0.276786     0.230055    -0.561679    -0.220967    -0.133511    -0.123787       0.2187   -0.0744455    0.0631448    0.0729783     0.167386 -0.000412447    -0.165645
    0.202716     0.156652    -0.113474     0.320069   -0.0385109    -0.153359      0.17022    -0.530985    -0.391463    -0.595349   -0.0722477   -0.0146443    0.0892191   -0.0378144    0.0607186    -0.212328   -0.0463307     0.164918    -0.143489     0.116558    -0.281441    -0.082231    -0.219033    -0.111003    0.0804643     0.116244     0.178995    0.0506755     0.125227   -0.0468305    -0.101268    -0.102538
   -0.222079     0.287959    -0.129616     0.202968     0.202805     0.198076    -0.109583    0.0185687    -0.179946    0.0776697     0.158492    -0.302747     0.160482     0.216702    -0.611553    -0.177539    0.0743775     0.264677   -0.0345903    -0.287715   -0.0923662    -0.390462   -0.0160375    -0.200381     0.393977    -0.027795    -0.068465    -0.280699    -0.409216    0.0469312    -0.412759   -0.0186656
   -0.128607    0.0985418    -0.320347   -0.0212027     0.308763    -0.215776    0.0166922   -0.0532038    -0.443357   -0.0636554   0.00350961     0.147074     0.431002    -0.143521   -0.0604826   -0.0290629    -0.283547    -0.125523   -0.0262513      0.32316   -0.0356695   -0.0195555   -0.0306504    -0.053311    -0.127019    0.0515381    -0.155359    -0.164733     -0.32921   0.00564304     0.158271    -0.179196
 -0.00897959    -0.297012    0.0682981     0.137899    0.0746345   -0.0044656     0.788474   -0.0505855    -0.252144     0.175906   -0.0418627    -0.136603     0.149778    -0.313759    -0.158386     0.173604     0.003688    -0.145624    -0.150719    -0.119477     0.140007    -0.140793    -0.192065     0.197862    -0.234507    -0.186713     0.341523    -0.357134    -0.312633      0.60156     0.175984     0.123218
    0.183562     0.305066    -0.199998   -0.0496506     0.476494     -0.14811     0.254707     0.358604     0.331945    -0.340303     0.041662    0.0533674    -0.320137     -0.06197    -0.143353    -0.476739  -0.00675276     -0.29471    -0.157256    -0.217724     0.257878   0.00927377    0.0699031      0.39332     0.256282     0.024662   -0.0870026    -0.485482   -0.0632249   -0.0986854    0.0386922   -0.0752014
    0.310245     -0.20412     0.287051  -0.00478684     0.286225     0.102901     0.138995    -0.171691     0.185048     0.296548    -0.174887    0.0650299     0.198005    0.0892084    -0.270014    0.0334557    -0.247504   -0.0415836     0.205093   -0.0301336    -0.217732    -0.092369   -0.0156889   -0.0462507    0.0433563    -0.109251    0.0392466    -0.384283     0.233493     0.210238    0.0785182    -0.231615
   -0.152569     0.193786   -0.0777329   -0.0761245     0.046537      0.33618      0.31662    -0.118368     0.525437     0.234032     0.217366     0.145739    -0.240196    0.0129408   0.00423303     0.160643    -0.153751    -0.239047    -0.133711     0.370041     0.292611      0.27476    0.0884011    0.0365713    -0.376649    0.0797718     0.231396    -0.186179   -0.0567656     0.176832    -0.180382     -0.19764
   -0.165188     0.234677   -0.0968902    -0.226361    -0.261609   -0.0572928     0.186172   -0.0493404    -0.113479   -0.0815176    -0.507561    -0.510263 -0.000346514   -0.0639796     0.487661     0.112191    -0.253585    -0.505603    -0.464147      0.26386     0.259882    -0.138976    -0.253795    -0.184512    -0.107609    -0.527587     0.247998   -0.0475412     0.316225     0.445189  -0.00557528     0.399196
  -0.0970772     0.164537     0.194567     0.143716     -0.33165    0.0262386     0.241186    0.0753359    -0.172709    -0.058626     0.111197   -0.0365437    -0.120091    -0.205408  -0.00456273   -0.0962599   -0.0498282     0.108422    0.0925373    -0.245342   -0.0472179    -0.297246    -0.369392     0.108331     0.237318     0.231254    0.0881258  -0.00263601   -0.0551997   -0.0652069    -0.209518     0.287059
  -0.0577634     0.388343   -0.0695281    -0.210219     0.102017     0.641275    -0.533092     0.169736    -0.516121     0.105516     0.301904    -0.197234     -0.20449     0.234101     0.115355     0.283065   -0.0828749    -0.209768    -0.222892    0.0372296     0.199922    0.0247491    -0.202947     0.141073     0.284269   -0.0772432    0.0260998    -0.504983    -0.629189    -0.359444    -0.199393    -0.413676
  -0.0171803      0.18807     0.200633     0.116732    0.0811347    -0.165183     0.356208  0.000966119    0.0720958   -0.0270048   -0.0472768   -0.0419649    -0.250278    0.0792806     -0.43904 -0.000551364   -0.0160009    -0.241388     0.138783    -0.357316    -0.119819    -0.105574    -0.105364    -0.150296     0.325838   -0.0826277   -0.0597012   -0.0471809    0.0475663     0.157181   -0.0721444    -0.128623
   -0.101071    0.0373607     0.425615    0.0818258    -0.130539  0.000537696   -0.0657147    -0.266116     0.109544      0.34652   -0.0566822    -0.101302    0.0757635      0.15146     0.419302     0.129892     0.209654    -0.320792     0.149478    -0.133202    -0.218836      0.15999     0.177477     0.204794    -0.601767     0.415631     0.447804     0.178618   -0.0795069    -0.155895     0.392221    -0.238546
  -0.0505618    -0.282798    -0.229529     0.118557    -0.379567    -0.515366     0.212644    -0.169033    -0.314674   -0.0264557     0.176988      0.19623    -0.283211    0.0661618    0.0297085    -0.154077  -0.00406493   -0.0883524    -0.017213   -0.0337281     0.252652    0.0342184    -0.179139     -0.14243    -0.303515      0.32689    -0.196756     0.527305     0.284739    0.0710289    -0.438252    -0.341241
     0.34384    -0.423951   0.00131024    -0.129716    -0.316331     0.161108    -0.265769    -0.386491    -0.363231      -0.1164     0.254008    -0.328064    -0.230077     0.276217     0.510999    0.0277061   -0.0609103    0.0201769    0.0970596     0.347715    -0.144997    0.0483708   -0.0243171    -0.179218      0.22991    0.0301079   -0.0781471    -0.018056     0.570984     0.260446    -0.178337    -0.316429
    0.414851     0.167365    0.0667025    -0.221145     0.197634   -0.0893948     0.254543     0.205097   -0.0425646     0.270293     0.229551    -0.129629    -0.588494    -0.157066    -0.308375    -0.162731   -0.0767813    0.0439401    0.0276619     0.372656   -0.0822013     0.129205    0.0650882   -0.0497634  -0.00194861     0.161583   -0.0428379     0.430454     0.328688    0.0370005   -0.0285222   -0.0207395
   0.0859411     0.162245    0.0446631     0.183338   -0.0310691    -0.145642    0.0733528    -0.236658    0.0017379   -0.0174027     0.238721    0.0540015   -0.0355291    -0.133724     0.113737    -0.201686    -0.233683    -0.206308   -0.0332646    0.0431026    0.0137699     0.437131    0.0682552     0.426999      0.21006     -0.33459     0.189488   -0.0589749     0.078602     -0.12258   -0.0576015     -0.16436
   -0.433689     0.155212    -0.328914   -0.0547033     0.329123    -0.363304     0.187851      0.55638    -0.149105      0.21781   -0.0919185     0.346217     0.634075    -0.112544    -0.219191     0.252902    0.0577395    -0.118995     0.127215    0.0472909  -0.00426749    -0.347852   -0.0259257    -0.645274   -0.0654253     0.422151    -0.117894    -0.448652    -0.621156    0.0290562     0.662153     0.150732
   -0.143043     0.252633   -0.0954913      0.25569   -0.0461899    -0.317353    0.0163983    0.0296702   -0.0418846   -0.0558665     -0.39074   -0.0735827    -0.317927    -0.136478    0.0345404    0.0735221    -0.248314    -0.376072    -0.109561    -0.105451     0.131872    -0.040178     0.150392     0.198875     0.219894    -0.125218     0.340853    -0.361413     0.147812    0.0856524     0.221795    -0.294965
   -0.164762     0.037324     0.277293     0.276575     0.404434   -0.0764382     -0.40594    -0.367089   -0.0878826    0.0569892    -0.339699    -0.188944     0.401265     -0.19553    0.0583478     0.125793    0.0167257    -0.270668    -0.147652    -0.341515    -0.349042     0.310957    0.0487649    -0.166167     0.037363     0.318665     0.137883    -0.148073    -0.092487    -0.103952     0.299153     0.391427
    0.219747    -0.104462     0.043442     0.356121   -0.0153699    0.0185994      0.25439    0.0327722    -0.199901   -0.0646997    -0.236987    -0.336744   -0.0260649    -0.465618     0.190342    -0.036689    0.0718345   -0.0123175    0.0918771    -0.237985   -0.0844958   -0.0805842     0.209817    -0.111826     0.152891     0.071575    -0.145972    -0.251631  -0.00528791    -0.232316     -0.13709   -0.0624359
   -0.416476  -0.00912364     -0.20286    0.0558372     0.256819    0.0876488   -0.0260145     0.430259    -0.113803    -0.182133    -0.300115   -0.0142495    -0.315364    -0.124035   -0.0248593     0.569997     0.241415     0.271905     -0.39622    -0.307823     0.137277    -0.676771    -0.477619    -0.246279     0.117353   -0.0980264   -0.0263301     0.416887    0.0648681   -0.0807639    -0.272961       0.3938
   -0.249689    -0.106379     0.256169   -0.0238338     0.201572    -0.455016    -0.275154   -0.0891535    -0.542755     0.283918    -0.213123    0.0815449    -0.056333    0.0362485    0.0537994     0.147971    -0.150715    -0.201853     -0.37292    -0.140266   -0.0894622    -0.238477    -0.385728    -0.299731    0.0751895     -0.37107   -0.0951169     0.310596     0.313293    0.0750281     0.358843  -0.00905288
   0.0750554     0.348348    0.0409099    -0.300177     0.292239    -0.277703     -0.22166    -0.421148    -0.201421     0.144257      0.11303    -0.235646   -0.0302115    -0.112122    -0.136944     0.067474     0.251977     0.177996    -0.404835    0.0966757   0.00666773    0.0380577    0.0451023    -0.201998     0.377779    -0.161024    -0.180745      0.18557    0.0995321     0.398031     0.138641    -0.151573
   -0.148503    0.0337179   -0.0807993     0.684011     0.293502    -0.346242     0.208051     0.182474    -0.165149    0.0637779     0.618498    -0.105893   -0.0145919    -0.373992    0.0443688      0.11026     0.278933    -0.364699    -0.277151    -0.347869    -0.184493    -0.341879     0.224816    -0.216942    -0.365566      0.17916     0.251616    0.0462056     0.136899    -0.182647     0.190875     0.396367
  -0.0971121    -0.359677     0.129203     0.214705     0.188708    0.0884773     0.196757    -0.409527    -0.516196  0.000424946   -0.0725727   -0.0673602    0.0822247     0.383139     0.379163     0.123578     0.248763    -0.396909    -0.146537   -0.0796203     0.290882    -0.107731    -0.188521    0.0444309     0.172074    -0.156968    0.0801796     0.305737     0.128113     0.527148      0.17289   -0.0935713
   -0.414266    -0.169121    -0.197276    -0.290396    -0.158304     0.107259    -0.174318    0.0840151    0.0981088    0.0316178   0.00445363    -0.276548    -0.540515     0.111354    -0.207988    -0.166204    -0.559938     0.130303    -0.339964     0.317344    0.0117793     0.127254    -0.149731    -0.150852    -0.150781      0.21361     0.305298   -0.0773929    -0.103133   -0.0347953    -0.453967    0.0745931
  -0.0815114     0.159654     0.269386    0.0408476     0.292136      0.22511   -0.0913947     0.253402      0.55113     0.171538     0.142043     -0.36611     0.221169    -0.296108    -0.315274      0.21948    -0.515805   -0.0254299    -0.230518      -0.1321   -0.0920973    0.0022414    0.0971339    0.0545238  8.66954e-05   -0.0958037    -0.161545     0.172234    0.0897376     0.142524     0.088735     0.282659
   -0.301899      0.54058     0.442647    -0.490095   -0.0819608     0.028536    -0.020695     0.114893     0.446523   -0.0828162    -0.124343     0.171618    -0.217905       0.2777    -0.152044    -0.072133    -0.135469    -0.375375    -0.372549    0.0109509     -0.54485      0.27132   -0.0488217    0.0506147     0.309034     0.292906   -0.0273773    -0.617876     0.299771      0.20523     0.179568    -0.428209
    0.237037    0.0295932    -0.179723    0.0752833    -0.157388     0.262321    -0.040871    -0.167152     -0.13338       0.3851     0.248827     0.197034    -0.467674     0.360218    -0.140785    -0.166468     -0.44142     0.384354    -0.136971    -0.103786    -0.350086     0.480385    0.0116341    -0.291859   -0.0900344      0.40364     0.459992     0.356792    -0.153599     -0.17842    -0.125099    -0.397694
   0.0988819     0.038368    0.0807393    -0.316835   -0.0200077       0.2789     0.181601    -0.164559    -0.287174    -0.137599     0.261859     0.139685     0.188671     0.179986  -0.00330536     0.220732      0.17058    0.0745708     0.123805    0.0853509    -0.251966    0.0280148      0.31975     0.203305    0.0236369    -0.254811   -0.0282538    -0.173272    0.0780078     -0.14697   0.00173929      0.27728
    0.172036     0.486686    -0.253465    -0.233079    -0.257811     0.336209     0.047416    -0.235689    -0.161167   -0.0196455     0.167873     0.545653    -0.242768   -0.0696038   0.00284096   0.00480891    -0.233492      0.16032    -0.179734    0.0539315     0.328584    -0.335454    -0.138552   -0.0110226    -0.328301   -0.0594741     0.132591     0.451852    0.0480294     0.153339    -0.505714   -0.0932081
  0.00345549    -0.106351       0.2299     0.049092    -0.142732    0.0171111     0.193583    -0.285807   -0.0199753     0.353542    -0.140673    -0.298683     0.204366    -0.218797     0.397128    -0.379716    -0.340682    0.0672092    -0.287042    0.0211956     0.150875     0.320721     0.366673     0.329469     0.113846     -0.47417     0.243972    -0.106667   -0.0937899    0.0537153   -0.0284742     -0.24912
    0.446799    0.0855635    -0.363768    -0.252882     0.240314     0.388734     0.206181    -0.100549    0.0669985    -0.170835     0.280531     0.542949    0.0396297    -0.206021    -0.446781     0.208994   -0.0406553   -0.0506317    -0.185464     0.238451   -0.0284759    -0.328508    -0.279307     0.130222     0.379219    -0.295807    -0.169206     0.077251    -0.944254       0.3014   -0.0339148  -0.00787473
   0.0642663      0.29767     0.139477   -0.0633153     0.501316     0.195825     0.265098    -0.205902    -0.200862     0.144288     0.179864   -0.0544886    0.0587297    0.0221787   -0.0560512    -0.174524    0.0314159   -0.0476646     0.123234    0.0827746     0.046127   -0.0301827  -0.00823182    -0.161608     0.258647     0.137584     0.174254     0.159906   -0.0624652    -0.188569   -0.0245212     0.318267
     0.16011    -0.410807     0.228343     0.108265     0.135611     0.433254    -0.434365    0.0777644    -0.305712   -0.0533891     0.336443      0.13281     0.323151     0.139443    -0.095501     0.275777     0.344181    -0.339545    -0.128722     0.244945     0.201145     0.525956    -0.381944    0.0219958    -0.114757     0.437763    0.0495318    -0.123343    -0.788096     0.357966    0.0516074     0.229188
   0.0667825     0.067749    -0.188857    -0.212611     -0.10263    -0.259681    0.0936113    -0.133863    0.0694208    -0.474766    -0.240771     -0.13169     0.116006    0.0111735      0.14459      0.29456     0.208842     0.226632    -0.292777    0.0251002     0.154759    0.0580454     0.141106     0.291018    -0.137409   0.00729935    0.0248814  -0.00468214    -0.175981      0.70915     0.453651   -0.0329701
   -0.426483    -0.272775      0.41774    -0.161824    -0.319187     0.360388    -0.265519     0.543907     0.314499    -0.169255     -0.13003    -0.127911    -0.291585     0.151441   -0.0155491     0.285458   -0.0575791   -0.0544038    0.0997073    -0.178085     0.145964     0.143605    -0.313226     0.481264    -0.476309     0.100212    -0.178686    0.0926756    -0.632133    0.0119939    -0.166947    -0.120549
    0.261357   -0.0188047     0.207598    -0.271727    -0.518435     -0.20123      0.12171    -0.288894   -0.0419613     0.114195     0.292526     0.409473     0.297086     0.341468    -0.331185     0.263981   -0.0656192     0.230331    -0.123709    -0.224499     0.258079    0.0378614     0.143785    0.0378801   -0.0393205   0.00371302   -0.0489117   -0.0777209    -0.278502     0.432318    -0.124716   0.00648647
   -0.139248    0.0864221     0.302016     0.122332     0.164662     0.235698   -0.0674661    -0.331664      0.10172     0.240157     0.282192  0.000481493   -0.0381066    -0.347916   -0.0371312     0.291242     -0.22525    -0.263864   0.00984286     0.146431    0.0887788     0.253121    -0.062525    -0.124023   -0.0494587       0.2466    -0.136097    -0.367785    0.0643082     0.139852    0.0462174    -0.435058
   -0.158972     0.209956     0.336484     0.337647     0.166117    -0.205524     0.280537   -0.0613523     -0.20231    -0.112433     0.194462    -0.269681    0.0508575    -0.296906     0.424737    -0.154173    0.0118823     0.276545   0.00450321      0.29094    -0.178764    -0.652507     0.124347     -0.50687    -0.125272    -0.258282    -0.374981     0.133336   -0.0348507   -0.0388345    0.0446223     0.407215
    -0.12561    -0.114481     0.136688     0.093149    0.0116776   -0.0542107   -0.0173495   -0.0488449     0.172629    -0.297268    -0.372662     0.170806     0.220851    -0.187769       0.0485     -0.63269     0.125429    -0.109179    -0.176535    0.0864845    0.0426221    -0.325566   -0.0129215   -0.0716768    -0.423259    -0.223906    0.0943275    -0.367876   -0.0106266    0.0512706     0.269153    -0.804115
     -0.2051    -0.181856    0.0546363     0.202274     0.383867     0.183403     0.017501     0.353854    -0.159811   -0.0871441     0.416848    -0.196801     0.175601   -0.0191026   -0.0634076   -0.0845351    0.0474724    -0.229461   -0.0470985    -0.244862   -0.0596802    -0.351644     0.460261      -0.1473    -0.227089     0.177685     -0.19166    0.0897628   0.00558119     0.439114   -0.0551403    -0.370946
   -0.439253     0.280912  -0.00351168    -0.134085    -0.011835    0.0809153    -0.316543     0.064633     0.153399    -0.644009   -0.0536137     0.110062      0.22547    -0.382289   -0.0534369    -0.218126    -0.292335     0.168606    -0.189088     0.395772     0.227932     -0.15151      0.32609    -0.570564     0.400729     -0.20412     0.101159    -0.720465    -0.220312     0.245098    -0.287523    -0.380055
     0.20082     -0.66687    -0.278799    0.0386943     0.273678     0.364038    -0.159994    -0.268019     0.106664    0.0223399   -0.0114969    -0.461101    -0.300713     0.248423     0.268974   -0.0786455     0.102284    -0.325401   -0.0801891    -0.511021    -0.416921     0.482318     0.190451    0.0201344    -0.028141   -0.0087671     0.370067    -0.353272     0.305623    0.0801243     0.366289      0.15489
   -0.435826     0.224089     0.135956    -0.252022    -0.315864   -0.0563351     0.395893    -0.480138   -0.0737633    -0.209691    -0.405692     0.200371     0.508943      0.29137     0.157094    -0.134687    0.0429207    -0.268746    -0.321146    -0.193661    -0.201303     0.117806    0.0407409     0.237677    -0.372102    0.0280615    -0.156767     0.181895     0.295138     0.254837     0.197013    0.0693087
     -0.4251     0.223447    -0.306716     0.081225    -0.154695     0.164171    -0.103308    0.0147736    -0.331093   -0.0625804    -0.309817     0.169159     0.299541     0.159838    -0.237384      0.40721    -0.278437      0.19269    -0.183429    -0.110891    0.0854401     0.066444   -0.0606448    -0.307178     0.292423    0.0317461    -0.169265     -0.16826    -0.286199    -0.178179   -0.0430902    0.0306953
    0.328771  -0.00587731     0.350045     0.190541     0.274612      0.48105     0.197867     0.326796   -0.0651127    -0.487669   -0.0856028   0.00274883    0.0645113     0.130039    -0.229877    -0.116253     0.173868     0.156789      0.22729    -0.147678    -0.157474    0.0767507    -0.022802    -0.096457     0.204929     0.242656    0.0574266   -0.0502678    0.0525125     0.176254    -0.174715    -0.153638
    0.065614   -0.0854415     0.395656    0.0825773    -0.285139     0.126633   -0.0510308    0.0889464    -0.175846     0.250593     0.281069   -0.0018748     0.286727    0.0762545    0.0724766    0.0818219       0.4483     0.424377     0.214379    -0.328927     0.164111     0.100021   -0.0165762     0.230633   0.00591028     0.076902  -0.00999313     0.115681     0.201589    -0.100683    0.0317987    0.0788595
  -0.0664705    -0.309061    -0.108333    -0.262129    -0.106144     0.292318     0.234007   -0.0133001      0.23712    0.0840946    0.0653968    -0.122855     0.163835    -0.299482     0.150408    -0.253923    -0.127867     0.257525   -0.0390273     0.198668   -0.0598669     0.204111     0.129376   -0.0920276     0.359055    -0.135578    -0.210707    0.0450919     -0.22338     0.370389  -0.00750861    -0.611476
    0.386043    -0.334009    -0.504446    -0.166331    0.0712084     0.165134     0.046415    0.0373627    0.0645334     0.229774    -0.309164    -0.274144     0.491041     -0.26686    -0.151862   -0.0762368    -0.134017     0.115919    0.0420959     0.225197     0.608335  -0.00481669    0.0624056   -0.0443037    -0.345826    -0.184587     0.173097    -0.375957    -0.715362    -0.134479     0.437148    -0.317515
    0.494182       -0.525     0.462906     0.585837   -0.0755351      0.23225    -0.303127     0.082829    -0.256149    -0.129788    0.0894576    -0.357061  -0.00987409     0.139152     0.139181    0.0381025     0.312106    -0.202317    -0.135749     0.251496    0.0933053     0.574217     0.184715     0.322761       0.4785    0.0503434    0.0572202    -0.262956   -0.0539307     0.288796     0.420575    -0.458728
   -0.212283     0.299134     0.141298     -0.47209     0.356438     0.372452     0.147294    -0.186647    0.0922531     0.346721    0.0189238    -0.290947     0.359971   -0.0596581    -0.368381      0.15385     0.681536     -0.43842     0.354457    -0.526306    0.0144866    -0.210493     0.454726    0.0422288      0.36657     -0.28724     0.335589   -0.0492958    -0.193553    -0.129205     0.249816    -0.533729
   -0.287525    0.0655767    -0.118463     0.569739    -0.119101   -0.0150244      0.14967   -0.0311329   0.00803098    -0.149447    0.0566966     0.192319    0.0395932    -0.549841    -0.298988    0.0174798    -0.427244   -0.0646456   -0.0830752    -0.259723   -0.0603749    -0.307151  -0.00379608     0.413579     0.140126    -0.189071    -0.130158     0.275386    -0.234927     -0.16891   -0.0521478    -0.341094
