   -0.128371    -0.707912    -0.525753     -0.23314     0.387449      1.67252     -0.12716     0.649933     0.433691    0.0408456    -0.990637     0.018474    -0.482445    -0.139006    -0.624387     0.115592     -1.68916  0.000490424     0.745117   -0.0293813     0.307733     -0.23453   -0.0103498    0.0755185    0.0793756     0.014199     0.121958    -0.171622     0.271252    0.0266979      0.13957    -0.395112
    0.307436    -0.819785     0.723052     -0.36347    -0.201006     0.107079    -0.802525    -0.730902     0.193684    -0.371692    -0.872734     0.409157     0.219747    -0.881816     0.446714     0.446427    -0.381163     0.280663     -1.05447    -0.612409     0.561533       1.2296      0.23203     0.600775    -0.254995    -0.424082   -0.0739039    -0.415407    -0.385127     0.165187     0.563993    0.0899987
      0.1731    0.0503124    -0.608478    -0.626074    -0.122617      0.25673     0.740273     0.636526    -0.542571    -0.336909     0.347087   -0.0367839     0.402802   -0.0151594    -0.377291    -0.312948    0.0778934   -0.0853745     0.255821    -0.054126    -0.571464     0.176607     0.365169     0.318992   0.00268974    -0.846643    -0.379275     -1.11619    -0.774605     0.558517  -0.00168731     0.165125
     1.46233    0.0482014      1.37857     0.128622     -0.81085    -0.204199      -1.1384    -0.407492     -0.49164    -0.226373    -0.315477     0.283399     0.580589    -0.835885     0.114623     0.943714     -0.98989     0.757168     0.309226    -0.178928     0.939471       1.6448     0.525663     0.560353     0.668929    -0.173594      0.72634    0.0344572    -0.746979      0.81039    0.0545485     0.386836
   -0.534218     0.562414    -0.430402   -0.0389497    -0.092295     0.494878    -0.368732    -0.339227     0.484099    -0.325425     -0.92098   -0.0411536     0.559992   -0.0784331    -0.149358     0.561216    -0.813076    -0.258063    -0.293491      0.51671   -0.0168996     0.541901     0.377297     0.586601     0.137837    -0.402428    0.0252334      1.06848    -0.217011      0.62856    -0.370347    -0.377143
     0.31279    -0.105759   -0.0319653    0.0459448    -0.246967     0.355426    0.0566266    -0.873606   -0.0480585    -0.157807     -1.29767    -0.129873    -0.769496     0.322715      1.08894     0.332654    -0.612346    -0.567693    -0.162872      0.10824      0.32599    -0.810439    -0.196316    -0.423212    -0.319296     0.503284    0.0468539     0.358006    -0.249495    -0.407242     0.513522    -0.226768
    0.385212     -0.39494    -0.354295    0.0247769    -0.249719     0.207213    -0.439991     0.224879    -0.310367     0.309635     0.310837     0.667848    -0.127124      0.22328   -0.0169075      -0.4018     0.447935   0.00504324      0.39159     0.258441     0.270422     0.289279  -0.00118717     0.123788    0.0793379   -0.0935422      0.18427    -0.282985   -0.0813497    -0.120052    -0.234551    -0.231246
     1.51905     0.560298    -0.258281   -0.0510869     0.894528     0.148605    -0.752213   -0.0785508    -0.545566   -0.0178191    -0.301816     0.572336    -0.524686     0.118025     0.242537      0.39079     -1.21466    -0.393257    -0.062479     0.144036     0.324776    -0.280644   0.00167496     0.467686     0.354544    -0.350483       0.5169     0.155875     0.363024   -0.0614518     -0.51564    -0.693575
     0.69806     -1.78351    -0.168785    -0.175626      0.67803    -0.165424     -1.47889     -0.17622    -0.804687      0.93036   -0.0749641     -1.72963     0.623885       1.6602    -0.596188     0.551612    -0.941154    -0.300783      1.33923     -0.12559    -0.817973    -0.987497     -0.33685     0.383434     0.240718    -0.231421    0.0905708     -1.05303    -0.186129    -0.938507       1.5249    -0.721604
   0.0290554    -0.288173    0.0877501    -0.457344     0.454729     0.198322     0.810867    -0.423758    -0.219234    0.0736974     0.416827     0.414181      -0.1683      0.78442    -0.924844    -0.518493     0.175882    -0.252918     0.266613    -0.324008    -0.873033    -0.435677    -0.295153     0.154918    -0.612714     0.286552    -0.847321     0.469423    -0.238785    -0.558653    -0.646548    -0.343468
    0.224164    -0.135619    -0.853721    -0.225656     0.403338     0.157842   -0.0702388     0.026772   -0.0153058    -0.119679     0.245488       0.2539    -0.275149     0.159295      0.48754   -0.0287671     0.143799     -0.15849    0.0473474     0.281351     0.121934     0.448778    -0.567698    -0.543628    -0.231381    -0.174655    0.0370341    -0.193032    -0.229019   -0.0289308    -0.187597     0.603267
   0.0407702     0.151484    -0.504947    -0.182473   -0.0952653   0.00846113     0.216504    -0.362897    -0.188995     0.244886     0.547031     -0.85956     0.189044     0.205725  -0.00435742     0.150185    -0.155957     0.108078     -0.18552     0.198299     0.163426     -0.48689     0.117077   -0.0458656    -0.147307     0.458217     -0.27023    -0.133198    -0.348809     0.319982    -0.125463    -0.327027
    0.805185     0.470654     0.455426      1.16331      1.47182    -0.658547     -1.00946     -1.71332      -1.4866      0.70025      1.56508      1.02002    -0.849766     0.977369     0.338763    -0.830677    -0.283339    -0.369309    -0.346848     0.755923    -0.985283     0.448693    0.0423368    -0.109083     0.294505     -0.76349     -0.68076       1.9725    -0.261307     0.379552     0.372424    -0.394426
  -0.0881192   -0.0154666    -0.016902    -0.314982    -0.401169     0.215184     -0.17019     0.388896     0.548425     -0.34998     -1.07216     0.503216    -0.126406    -0.250723     0.590398     0.237834    -0.283741     0.406925    0.0809802    -0.956144   -0.0230545     0.175094    -0.365806    -0.133648    -0.480634     0.263219      0.12482    0.0884855    -0.134926     0.303273    -0.507129    -0.265903
    0.650685    -0.313537    -0.176299    -0.192083     0.347612   -0.0325118     -0.14403     0.374455     0.300923    -0.239486     0.300335     0.293933      -0.3279  -0.00161786    -0.745315    -0.397175    -0.308145    -0.094111    0.0563237     0.571157     0.241235    -0.269844     0.875513     0.520858     0.180919     0.264178     0.235739    -0.534728     0.211438    0.0218413     0.230676     -0.37781
   0.0414079   -0.0704631   -0.0028124      1.01347      -1.1144    -0.259853     0.435818 -0.000480504    -0.773491     0.246292    0.0882025    -0.983898    -0.838942     0.797067     0.965346     0.263735     0.134228    0.0151608    -0.971476     0.264891  7.40149e-05    -0.827372    -0.428696    -0.242037     0.302186    -0.405917    -0.322532    0.0127271     0.616596     -1.17025     0.770792    -0.591272
   -0.184568    -0.222918    -0.658269     0.237876    -0.114464    -0.587268    -0.672059    -0.224197     0.106278    -0.114989      1.35067       0.1385   -0.0839102    -0.285414    -0.206089    -0.531389   0.00315719     0.576866     0.837718      1.12396     0.676087     0.729202     0.361044    -0.218978    -0.177889    -0.936321     0.272935     -1.11665     0.502926     0.153131     0.325621    0.0528662
    0.162661    0.0234649     0.676419   -0.0849363   0.00699212     0.598337      1.44995      1.61277    0.0684706     0.505634    -0.983025     -1.73298     0.210434     0.169816      0.15401    -0.180415     -1.52316     -0.91398    -0.940768     0.202783    0.0962919     -1.55259    0.0260163    -0.478186     0.539067      1.16203     0.295709     -0.43142     0.397209     -0.59656      1.09858     -1.00137
    0.390843   -0.0477328     0.083254    -0.175946     0.221731     0.741846    -0.803771      0.49605    -0.762965     0.465469     -1.31611     0.383764    -0.121148       1.0181     0.654541    0.0213076     -1.60449     0.143961     0.385896    -0.758665      0.24709    -0.135192    -0.469544    -0.113463    -0.301933     0.316354     0.439569    -0.474341     0.243266    -0.305628    0.0366563     0.114385
   -0.681573     0.600477     0.725432    -0.483614    -0.594239    -0.267134     -0.11813     0.135153    -0.619313    -0.582639     -0.59596    -0.943026     0.481254      1.12317    -0.351941      0.32566     -0.75074     0.272765     0.421703     0.149883    -0.221915  -0.00346936   -0.0783441    -0.693301    -0.753225    -0.487167     0.635065     -1.19571   -0.0112088   -0.0225598     -0.29605     0.408237
   -0.557682     -1.38891      1.05607    0.0891439     0.867178     0.279648     0.653576    -0.607789    -0.656775      0.52181    -0.400508    -0.869766    0.0861766     0.197709    -0.959082     -1.75657    -0.147375     0.115651    -0.302699    -0.362005     -1.34802    -0.752511     0.477028    -0.719522    -0.177256      1.28633   -0.0705846      1.41562   -0.0227087     0.391434      1.51855    -0.297667
   -0.367718    0.0391462    0.0980623   -0.0216264    -0.310554  -0.00438886     0.496279    -0.433345    -0.138411     0.373033     0.655842    -0.439235   -0.0726541   -0.0493912    -0.478025    -0.138633     -0.48746     0.230488   -0.0873042    0.0903981    -0.362586    0.0814677     0.165288    -0.434415    -0.260873   -0.0178996    -0.532844     0.448494     0.223517   -0.0599242     0.201071     0.148902
   -0.323183     0.376632     0.312772    0.0330714     0.481918   -0.0454931    -0.179442     0.335356    -0.713803    -0.172111     0.462577     -1.28755     0.152047      1.46653    -0.610715    -0.912966    -0.319226     0.520503     0.940004     0.432379    -0.748115      -0.8561    -0.421895     -0.72562    -0.299821    -0.250865    0.0239591      1.07446    -0.247941     0.492135     0.457749    -0.334805
     1.23299     0.626321   -0.0569702     -1.07216     0.662426     0.860641      1.22238      1.01436    -0.130794      1.06749      2.19027    -0.475669    -0.658441      2.17661    -0.155921    -0.801356      -1.7634     0.510298    0.0954551    0.0753887      -1.2781     -1.15013     0.316294    -0.557028      0.47842    -0.325963     0.382129     0.403524     0.899258    -0.408677     0.614377    -0.213857
   -0.108381     0.740849    -0.309114     -1.07569    -0.342766     0.567252     -1.25021     0.080176     -0.14576     0.233882     -1.32108    -0.757934     0.369303      1.01679      0.51082     0.886116     -1.94865     0.156174     0.785871      -0.6924     0.341815    -0.314561   -0.0228292   -0.0219239    -0.746005    -0.452347     0.985261     0.949154    -0.252008     0.936117     0.107928    -0.126819
    0.790196     -1.09045   -0.0379821    -0.479915     0.099995     0.131732     -0.25783     0.245388      0.87992    0.0149186     0.494692      2.43264    -0.407768     -0.73288    -0.915015     0.868449      0.38921    0.0258953      1.92273     0.354872   -0.0646902      1.41298       0.6389     0.378022     0.187443    -0.852723     0.549684     0.711711    -0.537878     0.695549     -1.70099       1.5948
   -0.217845    -0.180925     0.223415     0.160509     0.467561      1.12375     0.743094    -0.190761    -0.108446     0.549953    -0.394163     0.590496     -1.11131    -0.176732    -0.552902    -0.873659    -0.965762     0.238028    0.0939258    -0.713681    -0.211153    -0.300159     0.525758     0.632935      1.00349    -0.733245    -0.181221      1.32839     0.149311   -0.0942549     0.239236     0.326298
    0.802704     0.375791    -0.488919    -0.151774      -1.5553    -0.606968      1.34859    -0.693875     0.369033    -0.591105      1.40425    -0.890238    0.0530844    -0.139847      1.12301   -0.0191958     0.300776      1.04304     0.142319     0.877035     0.252105    -0.032956     0.406214    -0.119321      0.45257     0.840994    -0.451499     -1.11451    -0.125364    -0.647033    -0.223211    -0.132393
     1.14025    -0.242162    -0.536889     0.299677     0.124726     0.523232     0.199011     0.120857     0.432698      0.70633    -0.463505     0.148265    -0.323976    -0.913964    -0.175318    -0.295058     0.017085     0.283314    -0.552103     0.149677    -0.327212   0.00266935    -0.398538     0.750198     0.631264     0.123577     0.598427     0.091149     0.178596    0.0721329    -0.364168     0.052592
   -0.797968     0.226822     -1.15075    -0.930376     0.168212    -0.353894     -0.14534     -0.78834     0.702091     0.451611     0.296739     0.476528    -0.353208      1.21393     0.655623    -0.553065    -0.511037     -0.19468    -0.380452      0.60815    -0.621444     0.254578     0.226584     0.819705     0.415112     -0.68272    -0.170174     0.979222    -0.500361    -0.566422    0.0921493     0.270159
   -0.473615      0.36884    -0.118642   0.00868147    0.0567105    -0.204781      0.24354   -0.0959853    -0.910309    -0.474978    -0.358482    -0.857767    -0.115158      1.31659     0.485762     0.620812     0.411747    -0.526066    -0.951873    -0.555038    -0.933737     -1.06306    -0.194292    -0.684377    -0.210825     -0.01863     -1.04849     0.440143    -0.332266    -0.290292     -0.16031      0.15663
    0.902191     0.503621    -0.234055    -0.575206    -0.244576     0.642417     0.712726   -0.0951815     0.176706   -0.0105072     0.906867     0.348465    -0.154474       0.7424     0.223415    -0.913725   -0.0391552     0.180313     -0.38382     0.315067     0.225796    -0.322216    -0.330528    -0.894717    -0.499898      1.22625    -0.576597  -0.00425905     0.541504    -0.403038    -0.301147     0.282653
