   0.234076   0.0460063    0.242322   -0.251258     0.28054    0.155549   -0.273431   -0.143433    0.119927    0.049658   -0.277846    0.332476  -0.0372157    0.432674    0.220587   0.0354833  -0.0634983   -0.529643    0.121031   0.0876017   -0.201041   -0.131377    0.579753   0.0975236    0.139529    0.559839    0.476544   -0.101414    -0.48529   0.0592778   0.0690728   -0.127822
  0.0405409    0.315979   0.0785269   -0.179639    0.244233    0.378267    -0.15172   -0.167095   -0.362859   -0.275693  -0.0820424    0.238942   -0.122999   0.0619488    0.188787   -0.401209    0.429854    0.609107    0.466943    0.321284    0.206746    0.203169  -0.0717744       -0.14   -0.569131   0.0505493    0.324046    0.774244  -0.0264402   -0.275493    -0.41928   0.0297931
  -0.320759   0.0587119    0.584578   -0.661202     0.76299   0.0378081    0.527864  0.00108243   -0.168668    0.537061   -0.481102    0.408225   -0.374595   -0.208432    0.364548  -0.0351262   -0.208855    0.119925   0.0947388   -0.453983   0.0118007   -0.675685   0.0605762  -0.0453254   -0.518848    0.207195    0.745356    0.122633   -0.113029    -0.18367   -0.227808    0.175937
    0.27364    0.114392   0.0421513   -0.112929   -0.484471    0.631191   -0.313031    0.440224    -0.65691  -0.0439476   -0.378599    -0.12431   -0.526466     0.27255    0.438389    0.182804   -0.662741    0.681519   -0.610448   -0.360302   -0.502537   -0.464729    0.635641    0.188264   -0.211205     0.50142    0.347132     0.98523   0.0627266   0.0414369   -0.549716    0.240917
  -0.683384  -0.0775918   0.0151083    -0.69345   -0.537784    0.551216    0.347051    0.549016 0.000750425   -0.622904    0.543845     0.47259    -0.55532     1.15852    0.198708   -0.168855   -0.155396    0.021443   -0.245391    -0.29539   -0.482016    0.143498   -0.197011   -0.435269    0.468018   0.0558924    0.265498    0.689175   0.0559161    0.677225   -0.426828     0.38561
  -0.127642    0.078784     0.21836   -0.543572   -0.196519    0.459132    0.253113   -0.510339    0.335672    0.115749   -0.330057   -0.577821    -0.63925   0.0207458   -0.204359   -0.188479   -0.768475    0.444996    -0.39825   -0.152145    0.182099    -0.36599   0.0566546    -0.74552    0.743607   0.0222742    0.824683    -0.12058     0.30774     1.27503    0.217371   -0.374545
   0.153827  -0.0535018    0.537213   -0.076983    0.074202   -0.153433   -0.189472    -0.10864  -0.0248833   -0.312855    0.191116    0.719756   -0.116823    0.618706    0.113753    0.379408   -0.125202   -0.336174    0.866535    0.171536     0.15584   -0.356867    0.649822   -0.113772    -0.79579    0.373318   -0.157499   -0.243446   0.0462398   -0.130468   0.0198845   -0.113321
  0.0557611     0.24727  -0.0646772    0.438957   0.0235834   -0.342486   -0.169128   -0.268955  -0.0777213     0.27492    0.167263    0.313204   0.0641066   -0.520353    0.337253    0.160331    0.280356   -0.247069    -0.29772    0.166993   -0.358479   -0.121155   0.0585818  -0.0785806    0.119348   -0.250395  -0.0923334   -0.290603    0.635794    -0.19077    -0.12023   -0.200045
 -0.0664823   -0.208752    0.129075  -0.0921044   -0.113798    -0.27786    0.122761  -0.0129907    0.287868   -0.392204    0.393302    0.453778   0.0726944   0.0524198   -0.070549   0.0751804  -0.0250985   -0.292425    0.678881   0.0614223    0.339531    0.361483   -0.314236    0.174901    0.190329   -0.133606    0.256363   -0.195557   -0.504124   -0.374746    0.265917   0.0347595
   0.104838   -0.470889   -0.106534     0.11626    0.222768  -0.0786643    0.203284   -0.013426    0.124731    0.195457  -0.0579043   -0.148183    0.191621   0.0455459   -0.409675   -0.467115  -0.0936493   -0.282143   0.0160167    0.105968   -0.256684   -0.110461  -0.0101829    0.121375  -0.0728115   -0.138675   0.0890302  -0.0936196   -0.389918  -0.0470023  -0.0622268   -0.047732
   -0.45919    0.148752   0.0666955    0.553239  -0.0132431   -0.235641    0.305071   -0.293457   -0.121425   -0.253714   -0.145825    0.454249    0.466381   -0.335147    0.277221   -0.257826   -0.511825   -0.116772    0.178197  -0.0231564  0.00712008   0.0572827   -0.166052  -0.0904725    -0.45328   -0.176233   0.0947413    0.089474    0.559009   -0.137853   0.0374393   -0.376501
  -0.621077    0.402721     0.16912    -0.30341    0.117904    0.341051    0.710875   0.0267051   -0.731407   -0.785836    0.901211    0.381748    0.213885    0.804017   -0.459241   0.0453985   -0.237818     0.12265   -0.451186   -0.377902    0.279617    0.182152   0.0328806  -0.0450642   -0.639534   -0.671674   -0.204829   -0.273758   -0.547169   0.0976604   0.0856727    0.111434
 -0.0661967     1.00002   0.0623525  -0.0254247    0.198547   0.0814619    -0.51447    0.378246    0.137946   -0.245464    0.027005   -0.563309    0.363787   -0.795058 -0.00493839   -0.802469    0.313157   -0.537677   -0.223288    0.657285   -0.447412   -0.342082  -0.0284068  -0.0776225    0.806608   -0.124291     -0.7099    0.341384  0.00702326    0.233804    0.476912   -0.395502
   0.360219   -0.244971    0.624652   -0.116257    0.145574    0.657536    0.157747    0.149277    0.202618    0.129138   0.0013918   -0.212105   0.0171568  -0.0862456   0.0205741   -0.136292   -0.176912    0.453316   -0.475071    -0.30337   -0.547564   -0.334511    0.166415   0.0529801    0.279383   0.0714896    0.370206   -0.157165  -0.0731767    0.216861  -0.0404218     1.00956
   0.213149   -0.665819     -0.1663    0.404796   0.0871639  -0.0818035    -0.15191    0.287875    0.214311    0.178934  -0.0304563    0.196406  -0.0943353  -0.0820068  -0.0314808  -0.0465419    0.182486   -0.354436    0.144286   -0.368426    0.213104    0.390623   -0.237364    -0.36118    0.192315     0.58466     0.26746   -0.132806   -0.165553   -0.224452   -0.105455    0.488084
   0.220007  -0.0639456    0.261291    0.239486    0.346292   -0.481234   -0.156285  -0.0847538    0.273807    0.073687   -0.295164    0.393712    0.266406   0.0568543   -0.528933  -0.0599353  -0.0501246  -0.0737028   -0.690579     0.31827    0.993418  -0.0683569   -0.024341   -0.505225   -0.243441   -0.123946   -0.499268   -0.176036    0.340209   -0.654423    0.403776    -0.98485
   0.449444   -0.242227    0.300493    0.266855   -0.452539  -0.0334719    0.526024   -0.183175    0.554014    0.313608   -0.124834    -0.51616   0.0658899   -0.583309    0.692132   -0.153278  -0.0616557   -0.550851  -0.0343931   0.0834223    0.807721   -0.541664   -0.563012      0.2356    -0.24757   -0.110333   -0.174498    0.670347    0.189979   -0.518445    0.348897   -0.458236
   0.262034   -0.989509   -0.175188  -0.0334466   -0.662658  -0.0210957    0.213747   -0.246299     0.35468    0.206489    0.241638    0.118224    0.285819    0.180773   -0.721803   -0.157274   -0.645921  -0.0782422    0.193342    0.452329   -0.239296   -0.501234   -0.445027  -0.0915979     0.74071   0.0396224   -0.530608    0.424407  -0.0250272   -0.604817    0.054702   -0.948937
   0.162969   -0.717157   -0.335955    0.061893    0.436848    0.133033  -0.0670781   -0.415858   -0.125171    0.166255    0.165088   0.0311375  -0.0998823    0.356059   -0.863983   0.0282254  -0.0774123    0.360187   -0.159811    0.107419    0.245211    0.374958   -0.181436   -0.388902  -0.0653049  -0.0706364    0.369567    0.423718   -0.586048    0.456017   -0.158878  -0.0313905
  -0.119159    0.123381   -0.364169   -0.277006    0.118264   -0.296972   0.0102743  -0.0912275  -0.0860674   -0.131797   -0.273077    0.200027    0.107265    0.140291   -0.351571 -0.00132445   -0.378501   -0.190189    -0.14539 -0.00590632    0.467113  -0.0553178   -0.488211   0.0281758   -0.116847   -0.358464    -0.44523   -0.314664   -0.250648   -0.176406   0.0339587   -0.196084
   0.255931   -0.671146   -0.182236    0.842159  -0.0242749  -0.0384434   -0.300618    0.284807    0.158042    0.461339   -0.672477     1.05116   -0.839955    0.486803    0.303896    0.252092     -1.0214  0.00837245   -0.141881   -0.355931    0.447897   -0.570184    0.665998   0.0643722    0.439997    0.984481    0.278919   -0.321145   -0.256783  -0.0636887    -0.61359   -0.300424
   0.285042   0.0543154    0.837396   -0.584515   -0.239021    0.330482    0.263822   -0.264567    0.480981   -0.187636   0.0933556   0.0472494   -0.462352    0.417012    0.510001   -0.116389   -0.452196    0.772811    0.382248   -0.611411   -0.761015   -0.364831    0.307518  -0.0978355   -0.607254    0.702326    0.815364    0.748484  -0.0150151    0.576387   -0.651922   0.0635747
   0.289049   -0.586799   -0.359367    -0.52737    0.946887    0.226488   -0.142748  0.00735664    -0.14971   -0.608815    0.404853   0.0612305   -0.565153    0.245033    0.168105    0.499487   -0.462701   0.0280882   -0.432733   -0.159621    0.139887    0.187848    0.627697   -0.221937   0.0813779    0.423289    0.676904   -0.209398    0.394559      0.5326   -0.365409    0.245648
  -0.103973  -0.0410543   0.0978441    0.144964   -0.536243    0.343438   -0.347908   0.0447015   -0.138712    0.221684    0.499038   0.0398645   -0.526232    0.239136    0.619838    0.702563    0.492115    0.073814    0.425958    0.110856   -0.561363   -0.101626    0.290356    0.103213    0.166716    0.050951   0.0768525    0.261447   0.0246591     0.49351   -0.343006    0.581181
   -0.53584   -0.169388   -0.101217    0.561127   -0.372216  -0.0665038   -0.290043    0.553857   -0.240584   -0.174132    0.266318    0.369727   -0.615389    0.590196    0.191286    0.715289   -0.144974    0.517798   -0.864232   -0.347176    0.338865     1.10787    0.103327    -1.24555    0.760287     0.24963   0.0606608    0.417314    0.435437    0.717346    -0.33247    0.500938
  -0.311694    0.193496    0.407837   -0.518655  -0.0169041    0.421926    0.322106    -0.30842    0.513169    0.043956   -0.151266    0.363078    0.594192    0.250892  0.00469828   0.0447897   -0.351034    0.411829    0.532137    0.446823    0.461016  -0.0471113   -0.275687    0.163372   -0.473895    0.332496    0.162358    0.870354   -0.466009   -0.234843   0.0227907   -0.721054
   -0.41212   -0.268947  0.00921205    -0.91762  -0.0737353   0.0073602   -0.261417   -0.196435   -0.252499   -0.461853   -0.248448   -0.447696   0.0370338   -0.378011   -0.474905    -0.80155   -0.210003  -0.0425891  -0.0102362   -0.157161    0.719346    0.015035   -0.145373   -0.268626    -0.43665   0.0941353    0.540133   0.0798682   -0.761319   0.0190312    0.484032   -0.826455
   0.342185    0.065908    0.746082   -0.522985   0.0920217   -0.541547     0.41563    0.290532   -0.103424   -0.221089    0.414065  -0.0121828   -0.727683   -0.412829    0.361974    0.649514    0.380447    0.309606    0.638443  -0.0344898    0.406856    0.652466    0.362849   -0.185367    0.120086   -0.238832  -0.0375531    0.152657     1.01524    0.066578   -0.829662    0.761742
   0.141187   -0.717088    0.595237   -0.269279    0.318647   0.0621299   0.0448396    0.520895    0.403496    0.466299    -0.54806    0.738129   -0.123124   -0.193704    0.279618    0.416507     -0.1742    0.461501   -0.200329    0.332209   -0.513415   -0.264343  0.00130201   -0.282214 0.000993152    0.121674     1.14172    0.410928   0.0220042    0.411206   -0.159677 -0.00432424
   0.122769    0.170195   -0.268228    0.475312   -0.485235     0.38856  -0.0025598   0.0127371   -0.137293   -0.160727    0.645862   -0.596729    -0.24307   0.0991483  -0.0225679    0.154056 -0.00322516   -0.354681   -0.103436   -0.119023  -0.0184027   -0.200096   -0.189381   -0.181926   0.0581835   -0.783286   0.0897082   -0.167492   -0.143979   -0.267614  -0.0729214  -0.0998643
  -0.411985    0.216539    0.442185    0.399492  -0.0756272   -0.255734   -0.514908    0.283188    0.645827   -0.402432    -0.15983   -0.242445    0.511043   -0.176265   -0.120707   -0.245817    0.595717   -0.325565    0.533914    0.537265    0.216152   -0.207257   -0.477058  0.00912115   -0.274497   -0.841572    -1.15262    0.149939    0.670503   -0.471258    0.601685   -0.473744
  0.0779001    0.822714    0.155747   -0.846028   -0.300982  -0.0619079   0.0447445   0.0137245    0.403375   -0.530273    -0.21852   -0.873479 -0.00844273   -0.947763     0.21108  -0.0610745    0.343815    0.329085   0.0900382     0.73117   -0.702688  -0.0325466   -0.436042    0.376608    0.651891   -0.681766   -0.389265    -0.14294    0.436913   -0.728404    0.135476   0.0940213
