   0.0779599     0.104723     0.124875   -0.0474792     -0.45766    0.0519263    -0.150749     0.310672    -0.047287     0.317069    -0.249065    0.0450388    0.0595404    -0.665416    -0.034782    -0.363009     0.214416      0.12423    -0.204611     0.477627    0.0509642     0.224089    -0.564799    -0.185332     0.107718  0.000132354    -0.384814     0.291593     -0.26047      0.17952      0.17433    0.0591221
    0.215193   -0.0319642  -0.00177411    -0.118727    -0.239557    -0.157005     0.155037    0.0260157      0.16919  -0.00111268    -0.151582     0.328387   -0.0706782     0.172663     0.054956    0.0593119     0.106518     0.242319    0.0056052     -0.26703   -0.0155188     0.254345     0.104796    -0.149508    -0.036338     0.176991      0.21311     -0.14335     0.191002     0.145792    0.0531295     0.267028
    0.284345   -0.0410499     0.111185    -0.230441   -0.0962684    0.0561741     0.290694    -0.016739    0.0955413    0.0282411    0.0256842     0.229252   -0.0967629    -0.309124    -0.142735    -0.324101     0.230424     0.339662     0.211915    0.0206727    -0.123409    -0.197671    -0.436048    0.0147187     0.115989    -0.039797   -0.0816037     0.290334    -0.338239    -0.198056    -0.340257    -0.202467
   0.0809757    -0.224063     0.244646   -0.0895384    -0.218639     0.596224    -0.221178   -0.0909798    -0.102486    -0.241069    -0.483093  0.000260784    -0.154076    0.0433196     0.231159   -0.0848565    -0.459235     0.251439    -0.204824    -0.171142    -0.281826    -0.435381    0.0303942   -0.0105795    0.0572755     0.297973  -0.00432327    0.0251378     0.184067     0.211567    -0.461151     -0.23092
    0.106561    0.0277825    -0.154906   -0.0393624   -0.0960009    0.0105292     0.115002    0.0932106    -0.168357    -0.054336   -0.0405779    0.0894515    -0.162176     0.465751     0.181326      0.18503     0.155254     0.144867    -0.118572     0.124615    -0.223502     0.123384   -0.0248503   -0.0166842    0.0909547    -0.225196    0.0992199    0.0227645     -0.27347   -0.0705985    -0.132013    -0.172412
    0.013193     0.195537    -0.136737     -0.18698     0.234028     0.256735     0.103115    0.0775685    -0.167604    0.0889188    0.0955354    -0.044996     0.043597    -0.259089   -0.0997009    -0.217685   -0.0182188    -0.385682     0.107562     0.161746    0.0289665     0.132729    -0.127184     0.179372    -0.174039    -0.267875    0.0345619    -0.248633     0.176408     0.106963     0.140347   -0.0139321
    0.202575     0.159433    -0.188174      0.15438     0.110832   -0.0936412     0.214412    0.0134233    -0.154046    -0.130115   -0.0968199   -0.0382029    0.0384727     0.126585   -0.0648537     0.348566    -0.252939     0.179119    -0.243553    0.0957827    -0.177957      0.20218     0.142768   -0.0562029    0.0427291     0.246544    0.0874386    -0.217886     -0.17254     0.227137   -0.0150417   0.00916787
   0.0675973     0.258036    0.0393297   -0.0191668     0.352514    0.0678173    0.0607919     0.258209    0.0356763    -0.325343      0.17715     0.132654    -0.110887   -0.0688059   -0.0696001     0.112525     0.484605    -0.261461     0.182901    -0.204364    -0.630257     0.187625    -0.171175    0.0382207     0.166674    -0.102693   -0.0429173     0.165431   -0.0938482       0.3124    -0.171603    -0.104317
   -0.330884      0.16718  0.000682377    -0.199771     0.247731     0.143384    0.0275202     0.513368    0.0528825    -0.350873    -0.115486    -0.447345   -0.0298789   -0.0920211    -0.204124    -0.356878     0.175911    -0.178102     0.257896     0.156195   -0.0531169    0.0382544    -0.352408     0.379859    -0.254659    -0.176318    -0.442029     0.214876     0.356294    0.0288538   -0.0280049     0.374944
   -0.116036     0.256624     -0.12731     0.157297     0.145842    -0.116044     0.192397   -0.0546514     0.223211    -0.199391    -0.248471  -0.00871599    -0.130819    -0.058357    -0.409773    -0.131027     0.373159    -0.168331     0.345276   -0.0499013    -0.110792     0.425036    -0.126615    -0.192322     0.116967   -0.0881492    -0.202777    -0.251066     -0.38081    0.0716413     0.218256   -0.0594723
  -0.0727942     0.197824      -0.2868   -0.0747199     0.194455    0.0995999     0.423879   -0.0940094     -0.14766    -0.383507   -0.0628949    -0.635527    -0.262787    0.0628121    -0.461149    -0.391689     0.160237    0.0346889   -0.0257402    -0.199925     -0.23999   -0.0468405   -0.0600571   -0.0602079   -0.0570093    -0.572448   -0.0423548     0.611494     0.109631   -0.0438124     0.123803    -0.281447
  -0.0379296    -0.203226     0.262889   -0.0127121     0.201396    -0.143541   -0.0597813    -0.059076    -0.266469    -0.180203     0.175293    0.0484178    -0.102512    -0.157178   -0.0646753     0.296286   -0.0840662     0.043137     0.328387   -0.0216858     0.100013     -0.10832     0.198465     0.235405  -0.00904594    -0.113491    -0.049059     0.124353     0.332585    -0.152602    0.0566869   -0.0339848
   -0.470857    -0.276355       0.5121    -0.146823    -0.570222     0.211719     0.383484      0.24734     0.239152    0.0800039     0.075803    -0.429248   -0.0483849    -0.526724    0.0118867   -0.0505638   0.00665893     0.230837   -0.0484727     0.399379    -0.341036    0.0239989    -0.228353   -0.0246039     0.172149   -0.0649198     0.136625    0.0868956     0.325089     0.301136     0.339933     0.459732
   -0.134781   -0.0401919     0.154266   -0.0893513     0.182872     0.295387     0.125476    -0.215852     -0.47068    -0.271486     0.100095     -0.13553    -0.171853     0.338823    0.0338965   -0.0938251   -0.0516649     0.248844    -0.132674    0.0663898     -0.25394   0.00887591    -0.104894    -0.281775    -0.199282    -0.236745     0.151729   -0.0878081     0.127154    -0.119598    -0.471749   -0.0927134
    0.104893   -0.0567436      0.10396    0.0887288    -0.217735     0.163682   -0.0526314     0.203043   -0.0859833    0.0238957    0.0234752   -0.0762793    -0.163306     0.080181    -0.131222    0.0841114 -0.000328623     0.150154    0.0400594    -0.134046    -0.182422   -0.0836906    -0.248999    -0.264027    0.0974302    0.0557463    -0.243434    -0.206421    -0.356031   -0.0575152    -0.261616   0.00276939
  -0.0576258     0.108607     0.434018    -0.101764   -0.0968323     0.347745     0.114147     0.425926     0.122748     0.102951   -0.0720862     0.157763    -0.051735    -0.128798     0.237398     0.186752   -0.0104299    -0.140343      0.57638     -0.11892    -0.222765    -0.461379    -0.020023   -0.0429395   -0.0105589    0.0628873    0.0700812     0.341262    0.0971951     0.290143    0.0696747     0.133985
   -0.127122     0.147678      0.32699    0.0605157    0.0444038    0.0709698    -0.216631     0.190596   -0.0727346    -0.262562    -0.203497    0.0452962    -0.303206   -0.0990141   -0.0427819   -0.0645539    0.0317724    0.0702312    0.0358829     0.120996    -0.167972    -0.272986     0.179992    0.0580826    -0.138486      0.11646    -0.235083    0.0160207    -0.084791      0.01778    -0.223784    0.0432677
    0.220548     0.138347    0.0274259    0.0791371   -0.0103831     0.134066     0.237509    -0.246312    0.0041568     0.059624     0.142228     0.339087     0.107262   -0.0683189     0.150973     0.146327    0.0813712     0.293429    -0.238543     0.252663     0.117801       0.1908     0.298202     0.344154   -0.0410771    -0.037355     0.211625   0.00441943     0.476475   -0.0647134     0.102407   -0.0671844
    0.415045    -0.130284    -0.438505    -0.335927    -0.257252    -0.133773     0.229181    -0.486854    0.0134233     0.437829     -0.72106     0.485127    -0.295115    -0.215007   0.00929949    -0.164732   -0.0466343   0.00714297   -0.0946634     0.159683    -0.121312    -0.283714    -0.182502     0.203618     0.113896     0.240567     0.129281    -0.164787   -0.0306159    0.0651168     0.181807     0.174517
   0.0122904     0.122157    -0.182952    0.0349726     0.221689    -0.158752    -0.314105     0.390021   -0.0935041     0.223025    -0.411285     0.327691     -0.20556    -0.113529   -0.0400284    0.0304107    0.0230662   -0.0270677    0.0659901    0.0617346     0.257352   -0.0122691   -0.0704352     0.282804    -0.354743      0.15712    -0.104433    -0.104777     0.274418     0.158637    -0.184219     0.161947
   -0.192869    0.0397559    -0.050318    0.0823957     0.172483    -0.347509    -0.014115     0.200679   0.00732814   -0.0533736     0.119258     0.169931    -0.270234    -0.162168   0.00884967   0.00946941    -0.167543     0.124038    -0.220318    0.0546692   -0.0846281    -0.103209   -0.0143003    -0.150407    -0.292406   -0.0411698     0.148044     0.316344     0.156068    0.0270218   -0.0767798   -0.0332113
   -0.202755     0.166215   -0.0815816   -0.0716271    -0.146646    -0.108363     0.243818     0.345406    0.0404147     0.315382   -0.0917143   -0.0276185    -0.311583     0.142487    -0.108217    -0.197094    -0.104996   -0.0624572     0.170875   -0.0076677   -0.0314411     0.258372    -0.320104     0.200977     0.116613    -0.243845    0.0855121     0.312711   -0.0239642     0.202991    0.0584367     0.357773
    0.134872    0.0175177     0.162274    -0.210147    -0.139955    -0.131428    -0.232116     0.233355     0.135944    0.0251787    -0.132125    -0.147578    -0.164129   -0.0574686    -0.174685    -0.194222     0.106224     -0.11044    0.0932847    0.0317623   -0.0626884   0.00481548    0.0817951     -0.17517    -0.129296     0.337271    -0.154945    0.0549125    0.0788632    0.0805987   -0.0676904     0.294002
 -0.00559977    -0.201747    -0.267391     0.400691     0.071015    -0.168202      0.33243     0.209442   -0.0355984   -0.0694814    -0.265915   -0.0212251    -0.225926     0.039722    0.0442984     0.286294     -0.31289    -0.124989   -0.0546205   -0.0634258    -0.183691    -0.323509     0.177903    0.0746741    0.0829355    -0.305807     0.110315   -0.0722726    -0.323962    -0.033674   -0.0279947   -0.0317494
    0.206934     0.182335   -0.0172574    -0.140279      0.15981    0.0935089   -0.0195522    0.0231313     -0.18312    -0.151648    -0.168462   -0.0792446    -0.264893    -0.410997    0.0761446    -0.040532    0.0994535    -0.228827     0.153988     0.139529   -0.0926123   -0.0889509     0.128175   -0.0653765    0.0956303     0.327017    0.0780982     0.107764     0.199404     0.414775   -0.0602463     0.408281
   -0.195813     0.218116     0.339162    -0.178549     0.107958    0.0941708      0.16131     0.120777      0.19067    -0.012254   -0.0300481     0.209575   -0.0017186    0.0584325    0.0423581    0.0591653      0.10558    -0.149811     0.224576     0.213405    -0.202134     0.118218    -0.173116   -0.0860744     0.305425    -0.259409    -0.198408    -0.107868    0.0541503     0.187707 -0.000716578     0.208896
   -0.294775    0.0619153     0.317119     0.272355     0.288315   -0.0359698    0.0187366     0.155634     0.221423     -0.09266    -0.160583    -0.475664   -0.0824586    0.0744975   -0.0190977    -0.125629     0.185629     0.277174     0.179783    0.0413392     -0.36811     0.270095     0.277945     0.347856    -0.267238   -0.0915507   -0.0955201     0.052746   -0.0175007    0.0304889    0.0642772     0.118366
    0.254176    -0.223431    0.0267979     0.262597    -0.101025     0.168005     -0.28513     0.539064    -0.120088   -0.0783456    -0.227434     0.316519    -0.179406   -0.0145696    0.0701263   -0.0683433       0.1307   -0.0526326    0.0716341    -0.018515    0.0357709    -0.241175    0.0809286   -0.0108618     0.583938   0.00503135    -0.326643    -0.115041    -0.318016     0.440775    -0.085388     0.292414
   0.0628506     0.015076    0.0312734    -0.477355     0.301541     0.012289     0.110694    -0.194073   -0.0655587    0.0899329    -0.192566   -0.0890241    -0.252507    -0.285853     0.206708     0.307225    -0.114052     0.106797     -0.43375   -0.0218244    -0.201196   -0.0658683    0.0802825    -0.312066    0.0967602    -0.142106    0.0798139     0.329441    -0.136276    0.0920459    -0.397533      0.14142
   -0.404024    -0.292433     0.275543    -0.129398   -0.0844519    0.0211915    -0.041217     0.086475    -0.326658    -0.128837   -0.0216352    -0.237506    0.0480977     0.119303     0.199906     0.247677   -0.0242513   -0.0401012    -0.151966    0.0905626    -0.148925     0.308846     0.143029   -0.0908453     0.195031     0.176712    0.0971571    0.0291861    0.0811149     0.190635    -0.263385     0.012452
  -0.0358886     -0.28809   -0.0673573    0.0880058    -0.299904     0.169705    -0.235955   -0.0205337    -0.183029    0.0219754    -0.448445     0.137133   -0.0838538     0.161175    -0.246861   0.00982701    0.0250752    0.0279932    -0.098278    -0.136238   -0.0381037     -0.18411     0.210015    -0.262428     0.600005     0.205458      0.38729    -0.454708    -0.214823    -0.165597    0.0485162    -0.128162
  -0.0430228     0.145758    0.0666384     0.212948    -0.265161    -0.200855    -0.306331    -0.311462     0.257607  3.60613e-05    0.0439272    -0.225934     0.326839    -0.316521     0.303525   -0.0446273    -0.023419    -0.261081     0.232985     0.228609   -0.0848728     0.105896     0.105647     0.305868     -0.12236    0.0249388   -0.0228116    -0.117729     0.247226    -0.292654     0.197979    -0.205746
    0.200766     0.206625     0.090062    -0.115107     0.339426   -0.0271446   0.00346864    0.0496029    -0.192268    -0.562481    -0.076378     0.140514    -0.154712    -0.338501    -0.143042    -0.176291     0.145058     0.111728  -0.00396023    0.0222854  -0.00203429     0.131921    -0.245057   -0.0583986    0.0850231    -0.164107     0.255161    -0.042243     0.118234      0.18262     0.153093     0.123522
  0.00964073    -0.280042    -0.222149   -0.0447941    -0.255012   -0.0880383   -0.0866674    -0.206143    -0.124611     0.544398    -0.265343     0.206708    -0.132656    0.0256138    -0.491955     0.030622     -0.32097   -0.0225704     0.114296     0.237483   -0.0109765     0.285667    -0.356056    -0.113083     0.148891   -0.0248461     0.181958    -0.139969     0.251708    -0.223551    0.0125293    0.0817652
  -0.0299623    -0.424701    -0.130517    0.0818003    0.0302151    0.0203951   -0.0407989    -0.394188    0.0554735     0.280642   -0.0751564    -0.403299    0.0890211    -0.555872    -0.255279    -0.358582     0.233567   -0.0606452   -0.0768393    -0.267204      0.19862     0.110173    -0.583949     0.194899    0.0428184    -0.381354    -0.053218    0.0128295    0.0588838      0.23333   -0.0323204   0.00515257
    0.216573     0.138409     0.155797    -0.211277   -0.0353473   -0.0353757     0.267914     0.383603   -0.0117762    -0.226707     0.166845     -0.11536    -0.291064    -0.227366    -0.267294     0.262995    -0.138152     0.172503    -0.174021     -0.12485    -0.136776   -0.0489663     0.101804    0.0101932    -0.120394   -0.0958249   -0.0345085   0.00999384     0.237798     0.204741    -0.172494     0.150898
    0.409347    -0.073935    -0.211109    -0.196017    -0.268823    -0.169391     0.173926     0.242939     0.245948    -0.487322   -0.0850263    -0.137769    0.0691628    -0.241205    -0.469719    -0.177429    -0.357328     0.280347    -0.256339   -0.0459542     -0.25692    -0.125671    -0.535195  -0.00858214   -0.0536042     0.406028   -0.0308299     0.132317    -0.177856     0.413239    -0.259448    -0.100753
    -0.20564    0.0346633     0.232345  0.000112845     0.230512    -0.129993    -0.145804     0.134393   -0.0579516    -0.203911    0.0711665    0.0264234     0.140628    -0.188478     -0.13442   -0.0209592     0.058577     0.225115    0.0702728     0.247746    -0.253635    0.0902694   -0.0306657    0.0762794    -0.180113   -0.0514177    0.0204096     0.155358   -0.0459594   -0.0420865     0.268643   -0.0183148
  -0.0168495   0.00513776     0.451521   0.00580258    0.0695528     0.324719     0.168146      0.11857    0.0509988     -0.14308     0.045458     0.132145     0.168445     0.482085    -0.103238     0.348132     0.226104     0.155122    -0.196165    -0.011725     -0.46022    0.0319395    -0.316045     -0.25858     0.244378    0.0560795     0.212723    -0.209478    -0.140833      0.22803    -0.112969     0.261892
  -0.0972421   -0.0180161    0.0464879     0.155508    0.0450182     0.184322     0.181434     0.377311    -0.276244     -0.14163   -0.0633515     0.239131    -0.386751    -0.211667    -0.183647     0.164827    -0.107165     0.198792     0.360054     0.244432    -0.219877    -0.253263    0.0985504      0.28002    -0.275815    0.0498767     0.338778     0.124635     0.182318    -0.171017    -0.215331      0.47403
  -0.0145126    -0.178965   -0.0901051      0.10075    -0.073187    0.0456192      0.17245    -0.154133    -0.289536     0.136786     -0.15537    -0.405041   -0.0748942    0.0813475    -0.246692    -0.299983    -0.522395     0.362188   -0.0312973    0.0886603    -0.403562    0.0790935   -0.0707066     0.222493     0.151589    0.0609569     0.413282    -0.234569     0.057434    -0.184753     -0.40306     0.116337
   -0.240777     0.153962    -0.264522     0.364999    0.0908505    -0.440788   -0.0911242     0.278628     0.108387     0.224689    0.0404938    -0.141669    0.0303453   -0.0695877    -0.217881    -0.171934     -0.22453     0.137349      0.13246    0.0451892   -0.0264938     0.358568   0.00173772     0.154594     0.220403     0.129088    -0.185849     0.137043     0.190503     0.147664   -0.0862823     0.355896
   0.0466519    -0.316188    0.0765181   0.00273775    -0.421246      0.27889   -0.0298506    0.0850688     0.284299     0.262622    -0.487467    0.0970268    0.0768839    -0.513108    -0.118888   -0.0329736     0.554868    -0.618691     0.178879     0.105122    -0.274191    -0.356876    -0.155562    0.0690661     0.625122    0.0813519    0.0641208   -0.0347153   0.00970095     0.309979    -0.168942     0.166306
    0.382835    -0.366378    0.0894713     0.517061   -0.0747373     0.125526     0.327284    0.0426746   -0.0981225   -0.0469061     0.194592   -0.0985861     0.140236   -0.0618334    0.0930797    -0.205628   -0.0451038     0.211393     0.082049    0.0920896    -0.233711    -0.519592   -0.0465713     0.132346     0.151047     0.596497    0.0820221      0.76735     -0.24976    0.0620528     0.279685     -0.32475
   0.0815292    -0.167475     0.325873     0.252323     0.117274   0.00254401    -0.166815     0.151958     0.133942    -0.187925    -0.376329      0.21872    0.0809117   -0.0703337    0.0673749    0.0879378    -0.404715    0.0737578  0.000273828     0.162893    -0.127399   -0.0539893      0.16512    0.0837437    -0.068872     0.299182    -0.072965    -0.225733     0.103478    -0.225303    -0.271684      -0.2918
    0.263498    -0.173821    0.0596152      0.24514    -0.247662   -0.0600284    0.0865697     0.152175     0.201247    0.0329755    -0.188102    -0.099954     -0.08933    0.0474084    -0.193271     -0.10035    0.0659518    0.0147727    -0.271919   -0.0430112  -0.00392625    0.0808291  -0.00282705    -0.309911     0.357247     0.156695    -0.192153    -0.374733     -0.24888   -0.0659409    0.0187536     0.144595
    0.174527    0.0529372      0.49797     0.105897      0.29668     0.251845     0.406247    0.0903747    -0.170895     0.362101   -0.0258542     0.137103   -0.0498451    0.0767624     0.240232      0.11042    -0.124877    -0.126241     -0.22091     0.183331    -0.234802    -0.198704    -0.377797     -0.12272    0.0145538    0.0469367  -0.00994735    0.0492237    -0.070765    -0.282312    -0.235189     0.224332
   -0.072965    -0.130442   -0.0248045     0.176408    -0.204514     0.151604    -0.070118     0.262962      0.10163    -0.308915    -0.185212    -0.130282     0.074421    -0.458572    -0.219356     -0.15187     -0.23569    0.0289119    -0.292812     0.128307   -0.0876741   -0.0376708     -0.24971   -0.0629761    -0.095214     0.262396     0.252576   -0.0358592    0.0552882     0.112444    -0.342419   -0.0144547
   0.0856207     0.133699     0.113695   -0.0206767    0.0460679    0.0682099   0.00635257    -0.211174     0.216184      0.13306   -0.0215234    -0.267473    0.0261224     0.144245    0.0468741    -0.229875     0.233448     -0.22641   -0.0562848     0.410581   -0.0331963     0.041113    -0.101651    0.0382225    0.0955136    0.0451089    0.0641617    0.0485165    0.0525153     0.311132     0.269272     0.281728
   -0.410898    -0.160094     0.194179      0.12217     0.201315    0.0148973     0.110311    -0.144963     0.113542    0.0245652     0.195681    -0.192865    0.0283678    0.0173357    -0.342477    -0.115378    0.0494145   -0.0275607      0.23808    -0.259476   -0.0260827    0.0762516    0.0828572     0.145992    -0.344986    -0.209917   -0.0474186     0.187838    0.0906247     0.378542    -0.249705     0.507441
    0.150237   -0.0542962   -0.0255144    0.0705461     0.132921    -0.258093   0.00886256     0.161608   -0.0446704    -0.205531     -0.20898     0.282729    -0.112505    0.0419728    -0.374264    -0.188349    0.0920679    -0.176579   -0.0404576     0.258481   -0.0860532     0.100941    0.0668138   -0.0866314    0.0216764     0.135988    -0.012901    0.0819896 -0.000524295     0.061446    0.0638249  -0.00700638
   0.0130882    -0.358615    -0.142441    -0.283716    -0.440802   -0.0171475   -0.0813309     0.219275    0.0208972    -0.247742     0.502616    0.0104735    0.0553669     0.434954    -0.010682     0.444908    -0.189357     0.208683     0.011612    -0.155772     0.538378     0.362805     0.322408     0.119447    -0.332988    0.0849226    0.0109659    0.0215609     0.197141     0.236917    -0.104932     0.188221
  -0.0359909    0.0425784   0.00816197   -0.0989397     0.125207   -0.0213743    0.0464075   -0.0549536      0.26947     -0.15583   -0.0833912    0.0603588   -0.0778985    -0.572379     0.141397   -0.0839646    0.0746341   -0.0456442   -0.0516254     -0.19447    0.0893621    -0.136573    -0.332243   -0.0298998     0.264483   -0.0919277     -0.20293     0.231818     0.233733    0.0500202     0.251987    -0.167779
    0.559185     0.121707    -0.183945   -0.0275326   -0.0595728    0.0921206    0.0801267       0.1917     0.139083     -0.41076   -0.0634324    -0.243405    -0.144874   -0.0332133    -0.289023    -0.178698     0.186703    0.0157914    -0.337466    -0.127193    -0.252075     0.372047   -0.0246771    -0.266193     0.956122 -0.000838313       0.3349    -0.270066    -0.501755     0.177716    -0.234289    -0.114988
     0.28512    0.0587206   -0.0778759   -0.0139739     0.142558     0.557205     0.270981     0.234088    -0.113444     0.141257    -0.105926    0.0830279     -0.15049    -0.414542     0.146947    -0.434916   -0.0668753     0.226759     0.219754   -0.0532076    -0.198565    0.0112724    -0.157563     0.264658    0.0898628     0.055453    -0.102793     0.367104    -0.369706    0.0159722    0.0184511    0.0979716
  -0.0952164     0.159161    0.0159183    -0.437897    -0.236249   -0.0921586  0.000719846     0.596245    -0.261718    -0.217152      0.17487    0.0584095   -0.0332278     0.206657     0.111169     0.315668    -0.512389     0.215634   -0.0821086   -0.0348651    0.0952777    -0.134623     0.188127   -0.0195637   -0.0730758     0.398579    0.0607347    -0.105604     0.360123    0.0553119    -0.088978   -0.0629803
    -0.19197     -0.20101     0.289589     0.136245    -0.467531    0.0264937   -0.0982522   -0.0161018    -0.215017    -0.200624    0.0891517     0.149484   -0.0942397    -0.157582    0.0994201      -0.0101     0.181569    0.0830527     0.037076    0.0746127     0.237244    0.0763922     0.030824   -0.0803784   -0.0424576     0.205261     0.141631     0.294829     0.206795     0.100428    -0.266319     0.366096
  -0.0761465    0.0686605    -0.273907     0.204733    0.0715908   -0.0623517     0.197186      0.40465    -0.100782    -0.102469    -0.126867     0.242162    -0.499608     0.250127  -0.00977789    0.0718255   -0.0605096     0.357503    -0.375383      0.06048      0.20192   -0.0436439     0.144905     -0.22045     0.305484     0.339405    0.0571017     0.128537    -0.328964    0.0164368    -0.211414    -0.112252
  -0.0818733  -0.00690247   0.00194351   -0.0397891     0.146665     0.296945     0.117814     0.065262    -0.312725     -0.13885     0.048369   -0.0922521      0.29397     0.590785   -0.0757653   -0.0426704    0.0167377     0.151323    -0.388368     0.172981      0.16414      0.23386    0.0161314   -0.0106349    0.0964942    -0.195815    -0.102082   -0.0299523   -0.0532412    0.0819321     -0.11573   -0.0307473
   0.0399429     0.318246    -0.206202   -0.0041571    -0.455272    -0.193444   -0.0604185       -0.145     0.345831    -0.322467     0.415104    -0.436361    0.0203275     0.223254   0.00158582    -0.198286     0.450486    -0.134348     0.439916     0.263938     0.115101     0.321179    -0.103561    -0.123711     0.148646    -0.169689    -0.173595     0.190318   -0.0694777     0.236362   -0.0407165    -0.112202
  -0.0202016    -0.134463     0.262475    -0.339207     0.415113     0.184729    0.0466046    0.0552989    0.0817597     0.285534     0.211338     0.188204   -0.0764602    -0.316718     0.151637    0.0552766     0.120185     0.440379    -0.321873   -0.0616951     0.157193     0.110859   -0.0642202      0.25482    0.0996129   -0.0283218    0.0668934     0.130896      0.23756     0.193938    0.0372252     0.196702
    0.234463    -0.130677    -0.636246    -0.129884    -0.260522     -0.20679    -0.331461    0.0368436    -0.292728     0.127236    -0.206157    -0.100457    -0.218804    0.0759478    0.0631952    0.0350668      0.21799    0.0426607   -0.0972622    0.0394764    -0.157078     0.161239    0.0815834     0.212474    -0.114549     0.286104    -0.229063    -0.211244   -0.0765111    0.0836362    -0.143527    0.0378934
     0.20605    0.0673786    -0.189579   -0.0477224     0.155814     0.085272   -0.0743605    -0.123582    0.0257073     -0.23183     -0.13757    -0.233141     0.114655    -0.467877    -0.200298    -0.226362    0.0121312   -0.0687382     0.214753     0.167297   -0.0525556    -0.149547   -0.0261674     0.114372   -0.0953012    0.0562976    -0.249962   -0.0423915   -0.0496697    0.0444516     0.047261    0.0997807
   -0.121563    0.0164849     0.196077    -0.205228     0.217021    -0.190653   -0.0284737    -0.194857     0.193889     0.360685   -0.0992897     0.162054    0.0212338    -0.359171   0.00790427    0.0147543   -0.0572025     0.057418    -0.169332    -0.214413    -0.408878      -0.1837   -0.0906497     0.126247     0.150003    -0.131957    0.0542642     0.125842     0.254903     0.192072     -0.27896     0.253862
     0.10898      0.11315      0.30067    -0.288446   0.00421465      0.12365   -0.0690144     0.308386   -0.0277598    -0.385001    -0.208449    0.0171336   -0.0367628    0.0497364     0.195761    0.0427813   0.00575375   -0.0777211    0.0952387    -0.107838   -0.0713272    0.0243958    0.0817224    0.0168731   -0.0559081    0.0249978    0.0516018    -0.295051     0.106092    0.0246688    -0.251959      0.23611
   -0.074305    -0.124995    0.0647265    0.0180969   -0.0250851   -0.0539817     0.123346 -0.000149283    -0.107355    -0.036743     0.156862    -0.152929    -0.287404   -0.0689323     0.107068   -0.0907597   -0.0131462   -0.0395386   -0.0488183   -0.0267016     0.137037    0.0353007    -0.113587    -0.150638     -0.22918      0.16158     0.171387      0.13778   -0.0116592    0.0771538    -0.154032    0.0449492
   -0.204862     0.208552    0.0821073    0.0703459    0.0603494    -0.173539     0.233222   -0.0162887    0.0377925    -0.407893    -0.373155   -0.0862347    -0.237983   -0.0432377     0.308302   -0.0984783     0.122497   -0.0798203    -0.109908     0.253397    -0.100447    -0.446049      0.19002     0.210274  -0.00647873   -0.0521225  -0.00121013     0.170236    0.0147988    -0.211238    -0.186966    -0.232842
     0.22313    0.0251671     0.065371    0.0481812    0.0984954   0.00168757    0.0308707    0.0609729    0.0346708   -0.0258258     0.111857    -0.160065    -0.296667    0.0754063    -0.206476    0.0364128     0.276117     0.285037    0.0645771    0.0941515     -0.03968   0.00641194   -0.0599213    0.0463211     0.218422    0.0339058      0.17906     0.427059   -0.0475697    0.0305617    -0.220853     0.206127
  -0.0071434     -0.17049     0.038058    -0.110361      0.10325     0.316289    -0.242203    -0.207807   -0.0344557    -0.171783    -0.243091    -0.441161    -0.318148     -0.19054    -0.185246    -0.120547    0.0323755    0.0925471   0.00342352     0.134575    -0.162931   -0.0741146    -0.205546    -0.207677     0.181675    -0.188342     0.199189     0.053204   -0.0076641   -0.0912527   -0.0553682     0.177496
   0.0429064     0.065585     0.462722    0.0963968     0.223558  -0.00610055     0.115028    0.0854071   -0.0333495      0.29424   0.00808881    -0.108781     0.145774     0.144249    -0.025354  -0.00699798   -0.0131768     0.115606     0.157696   -0.0612431    -0.266299     0.320099    0.0624824     -0.29586     -0.19955    -0.204554   -0.0107553    -0.188079     0.118204     0.272224  -0.00468478   -0.0500952
   0.0799682     0.280354    0.0726444     0.191723    -0.053866   -0.0239039     0.273171   -0.0209209   -0.0777505    -0.304511    -0.224031     0.111405     0.117202   -0.0117739   -0.0701744   -0.0855719   0.00380003   -0.0625868    -0.101605   -0.0690181    -0.265266    0.0899856   -0.0469111    -0.114853    -0.109892   -0.0532094   -0.0979045   -0.0863379     0.104602     0.151271   0.00195356     0.140101
    0.165703   -0.0949753   -0.0463685   -0.0598615    -0.197056      0.12363    -0.093873    0.0684947     0.220819     0.198913    -0.271291    0.0241492   0.00354247    -0.241017    0.0455674   0.00399531    -0.156263    -0.169201    0.0811754     -0.10207     0.127351    -0.260066     0.173481     0.191446     0.169512     0.245135    0.0313911   -0.0875035     0.287576    0.0862805    0.0388414     0.045804
    0.168865     0.100333     0.320647     0.229031     0.259033    0.0200305    -0.349896     0.333274   -0.0636603    -0.247748    -0.166904     0.161913    -0.173616    -0.142278    -0.183412   0.00935325    -0.177631    0.0858074     0.166919    -0.190287    -0.270504    -0.309417    0.0915941     -0.20056     -0.18011   -0.0781773     -0.14441     0.062541     0.300329    0.0621935    -0.124788     -0.23269
 -0.00371145      0.24479    -0.110391    -0.185071    0.0760893    -0.152481   0.00204957    0.0697821    -0.281087    -0.166657     0.127423      0.10858    -0.246294    -0.102483   -0.0972975    -0.119429   -0.0521898     0.167813   -0.0430916   -0.0499682   -0.0212661    -0.316617    0.0466621    -0.160552     -0.28584     0.214156    -0.107407     0.227301     0.120223     0.163717    -0.133776   -0.0127375
  -0.0324663    0.0262674     0.391681    -0.326581    -0.117687   -0.0686566     0.205246    0.0465331      0.23337   -0.0550234   -0.0156146     0.210656     -0.09456    0.0298681   -0.0550293    -0.280291     0.372851     0.255076    -0.121413     0.316398    -0.364422     0.444726   -0.0898992     0.110548     0.391943     0.112005    0.0168494    -0.210127     0.103834     0.249111     0.405083     0.244361
   0.0163801    0.0041611     0.202104    0.0604185    0.0861071   -0.0709285    -0.181722   0.00404601   -0.0433935    0.0558619    -0.146559    0.0828078    -0.133098    -0.447695   -0.0450723     0.132169    0.0620394    -0.226656    0.0779624     0.103007     -0.17421   -0.0558196     0.144994     0.187063     -0.13481   -0.0706761     0.114252    -0.235943     0.283253     0.163332     0.064218    -0.173325
   -0.296737     0.133742     0.426622     0.239023   -0.0117583     0.145498   -0.0705191   -0.0454682    -0.135829    -0.133568    -0.444613    -0.140705    -0.205107    -0.391318   0.00405635    -0.168254    0.0228471    -0.254102   -0.0327643     -0.28912    -0.301294   -0.0955999    -0.196698    -0.181336     -0.32111   -0.0150604   -0.0748793   -0.0608356    -0.278636     0.357672   -0.0893651    -0.160153
   -0.153061     0.160905     0.157551     0.222938    -0.143823    -0.338165     0.106476    0.0910083   -0.0701805    0.0694562      0.33023      0.16424    0.0170722     0.195794   -0.0348418    -0.024384    0.0356556    0.0129975   -0.0281761     0.141248    0.0513799    0.0197632   -0.0230656    -0.291123     0.195789    0.0827302    -0.061883    -0.259326   -0.0615634   -0.0512781    -0.138528    -0.175334
    0.124261    -0.231056   -0.0697923    -0.169015     0.209207     0.466885      0.33572   -0.0306132     -0.16822    0.0240541   -0.0196869    0.0659205    -0.339588     0.407771   0.00349643      0.10023    -0.039674    0.0651342    -0.281397    -0.162732    -0.134871     0.216099     -0.21816   -0.0738731    0.0713111  -0.00846783     0.185347    0.0525387   -0.0480439     0.115526    -0.165608   0.00405006
   0.0755886    -0.078563   0.00816805     0.385728     0.212776     0.129989    -0.283874   -0.0344376   -0.0652465    -0.108764   -0.0697339    -0.185786    -0.434585   -0.0227282     -0.33951    0.0223175   -0.0947513    0.0342227    0.0153976    0.0284031     0.139391     -0.39335   0.00482714    -0.159064    -0.189481    0.0544964    0.0836194    0.0130072     0.183078   -0.0637548    -0.105915    -0.252053
    0.252937     0.409094   -0.0485609   -0.0562938  -0.00205704    -0.280555    0.0496006      0.26318     0.408437     -0.16553     0.166116    -0.061714    -0.445455     0.146288   -0.0904574   -0.0919129    0.0829365     0.321135    -0.102586   -0.0789432     -0.25347     0.299544     0.125499    -0.171161    0.0429455  -0.00929089    -0.137803     0.286413    -0.289633      0.27927    -0.236308     0.164065
    0.172754    -0.382661     0.262857     0.045532    -0.158835     0.199876    0.0257306    -0.187358    0.0345799     0.353518  -0.00293436     0.263939    0.0850476    -0.339782    0.0741677   -0.0416351   -0.0103076     0.071091     0.179858   -0.0827462     0.329117    -0.314428     0.243945     0.115872   -0.0490389     0.103884     0.270828   -0.0182132     0.277644     0.303968    0.0113265    -0.238707
    0.263133    0.0453399    -0.453149    -0.306495     0.310013     0.067313   -0.0990536     -0.34825    -0.197005     0.190091   -0.0831729   0.00474662     0.115829    -0.154489   -0.0101613     0.193803    -0.388615    0.0931063    0.0102873     0.136133     0.204836     0.230376   -0.0181505    0.0115042    -0.254922    0.0915876       0.2476     0.318325    0.0223604    -0.372556     -0.31838  -0.00767918
    0.140958    0.0184786    -0.180188     0.179634    -0.180757    -0.204036   -0.0765585    0.0503591   -0.0959373   -0.0775711    -0.204189   0.00904605    -0.194919     0.168723     0.190081   -0.0138225     0.208537   -0.0598974     0.177574     0.427203      0.23328    -0.384194    -0.314481    0.0218299    -0.113801   -0.0735879   -0.0915262    0.0166228    -0.318807     0.214017     0.245451     0.068637
    0.108006    -0.142205   -0.0773385    0.0322691    -0.395235    -0.110134    -0.106948     0.258433     0.102169   -0.0663498    -0.468708      0.43153    0.0147912    -0.266047   -0.0908787     0.104982     0.015018    -0.439784      0.20261     0.210699     0.477038    -0.520986     0.141136     0.043845    -0.186742    -0.189542     -0.35482   -0.0133339    -0.147606   -0.0209141    0.0616057    0.0242439
   -0.161003    -0.475349    -0.252978    -0.154061    -0.305331   0.00067174     0.215654    -0.182171     0.352914   -0.0195466     0.137258    -0.121179    -0.341447   -0.0140677   -0.0529531     0.204019    -0.219869     -0.16091   -0.0588333    -0.137684    0.0392401     -0.48681    -0.235289   0.00664135    -0.362299     0.099904     0.233079    0.0442738     -0.15619     0.226061    -0.358781    -0.232666
   -0.218661    -0.404298     0.312394    -0.225877    -0.367466     0.111904    -0.111413      -0.2416     0.161119     0.146457    -0.285374     0.195429    0.0738548    -0.282087     0.207051   -0.0540973     0.443218    -0.195776     0.409995    -0.228745     0.288761    -0.433325    -0.226328     0.205575    -0.271384    0.0741823    -0.392378   -0.0634137      0.41745    0.0627626     0.376605    -0.402013
   -0.162581     0.283994     -0.14948    -0.221898    0.0274228     0.353743     0.089017     0.234362    0.0913903    0.0548678    0.0413122    0.0710163     -0.24805    -0.388589   -0.0505502   -0.0325328   -0.0426125     0.499983     0.168725   -0.0940446    -0.373006     0.119507    -0.381739    -0.175173     0.281036    0.0283122    -0.172311    0.0538191  0.000351932      0.25687    -0.123843   0.00891893
   -0.147303     0.262682     0.175855 -0.000483697    0.0422975  -0.00960655     0.093816    -0.119328      -0.3382   -0.0105928    -0.118956      0.19263    -0.452828       0.1482    0.0357828    0.0246189    -0.360421     0.195741     0.020317    -0.167642   -0.0960777    0.0283162     0.045537    -0.111491    -0.335236    -0.110681     0.416586     0.176574     0.377697     0.152378    -0.225706     0.259597
    0.328872   -0.0326049     0.312383    -0.165215    -0.144938     0.112273   -0.0522134     0.264687    -0.115358    -0.287223    -0.241479     0.175711   -0.0372484    -0.405738    0.0328963     -0.23344     0.254345    -0.280026     0.309829     0.377897    -0.407042    -0.241254    0.0977135     0.138039     0.186673     0.236158    -0.184819  0.000931265    -0.270232     0.155419     0.433674     0.199495
  -0.0440212     0.121514    0.0486515    0.0761418    -0.136556     0.298187     0.443264    0.0194193     0.179467    -0.232775     0.178809    -0.208368    -0.299447    -0.265337    -0.242042     0.102949    0.0821876   -0.0698188     0.150618    0.0557758    -0.205971     0.196767    -0.216116    -0.238549    -0.258149    -0.350537   -0.0006803     0.118467    -0.101299     0.530699   -0.0234594    0.0769317
  -0.0609849    0.0339501     0.431292    -0.151282     0.339956     0.121954    -0.182369    0.0413067    -0.306182    0.0330187   0.00646184     0.274508    0.0199365     -0.03777      0.17308     0.345246    -0.175761     0.145606     0.135937    0.0883655    -0.117834    -0.183582      0.10277     0.301152    -0.395958    -0.162951  -0.00396931  -0.00829532     0.459414     0.301752     0.188748   -0.0770669
    0.196935    -0.141487   -0.0824896    -0.125809   0.00458661   -0.0192729     0.325283   -0.0345289    -0.184629   -0.0680516     0.257799    -0.251841    -0.126057    -0.184164   -0.0544953   -0.0163867    0.0983422     0.254054    -0.226089    -0.327948  -0.00773025     0.166014     0.162101    0.0806222    -0.132129    -0.255098      0.18452    0.0465573    -0.210408    -0.069911   0.00331692     0.139108
   -0.021127     0.181708   -0.0184016     0.127179     -0.22189    -0.208884     0.328287     0.268043    -0.056811   -0.0776398    -0.105825     0.234449    -0.351191   -0.0501187    -0.063117     0.140068    -0.326946    0.0899393    0.0596371    0.0166251      0.19007    0.0477664    -0.154615     0.106374    -0.188464     0.208187    0.0803817     0.504358     0.326379     0.321571    0.0333164     0.322858
    0.112435    -0.218443     0.515774   -0.0933063   -0.0215766     0.208949   -0.0410698     0.308468     0.621923    -0.161435   -0.0954674   -0.0769416    0.0289056    -0.334124     0.226879    -0.136145     0.153407    -0.269141    -0.207939   -0.0254591     -0.14144    0.0188156   -0.0517247    -0.374463     0.246795    -0.314492    0.0614516     0.122769     -0.13144   -0.0625945    -0.224784     0.105273
    0.503285    0.0253332    0.0954671     -0.43603    -0.294291     0.211853   -0.0569736   -0.0858888    -0.128148      0.55122    0.0706016     -0.16558     0.120628    -0.350327    0.0109735    -0.200089    -0.265871     0.309241    0.0213584    -0.165657    -0.271667    -0.317143    -0.222186     0.046202     -0.21732     0.365633     0.309201    0.0780118     0.334422   -0.0187404    -0.200869     0.279288
    0.236379     -0.22744   -0.0987787   -0.0892089    -0.284695   -0.0527026    0.0960558    -0.149665    0.0311573    0.0732631     0.142649    -0.193531   -0.0138699  -0.00200962     -0.11288     0.336052    0.0246576   -0.0663557   -0.0826617    -0.200543    -0.119965    -0.175792     -0.10362     0.171097    -0.119193    0.0827656    0.0620635     0.436607    0.0374369    -0.193649    -0.277481    0.0228065
    0.263712    0.0187263    -0.339205    -0.188867   -0.0271144    -0.147585   -0.0985777    -0.145244    -0.202842     0.419275     0.152824    0.0778735    0.0502905     -0.12385    0.0610586    0.0243606      -0.2981    -0.152841    -0.250167      0.22751     -0.19734   -0.0494151    -0.349197    -0.224512    0.0838248     0.299544     0.368383    0.0366318     0.133008    0.0837482   -0.0319479     0.163326
     0.16591    0.0705631     -0.13662   -0.0786626    -0.486024   -0.0920046    -0.171438    0.0450426    0.0942865     -0.40379     0.385294    -0.222474    -0.129686     0.201711    -0.257829    0.0765188     0.201859   -0.0755494   -0.0716272      0.28398     0.206831     0.135126    -0.104636    -0.251576     0.478034    -0.220466    0.0418727    0.0917445   0.00587241    -0.163837    0.0775145    -0.218731
   0.0721463    -0.243633    -0.134127    -0.170184     0.154407     0.207457     0.162852   -0.0458673    -0.030588     0.285572     0.222961    -0.067927     0.153665    -0.206138    -0.401509     -0.26191    -0.267586     0.132659     0.191128   -0.0213103     0.131707     0.243993    -0.373657     0.231769   -0.0783108    -0.154731     0.109167  -0.00712611     0.393962    -0.269366    0.0515443    -0.076256
    0.140844    0.0803044     0.355308  0.000272609    -0.135867    -0.325056    -0.286085     0.234779    -0.052283     0.249801   -0.0129436     0.097185    -0.037732    -0.165822    -0.242573  -0.00163961   0.00489599     0.350467     -0.26469    0.0107725    -0.239731     0.275637     0.180144  0.000992277     0.231335   -0.0465446   -0.0950405   0.00332833      0.19305     0.350369    -0.024999     0.320778
   -0.126145     0.473746     0.437656    -0.438767     0.251907   -0.0479532    0.0841132    0.0559423     0.354028     0.106036    -0.238674    -0.071258    0.0638697    -0.282489     0.225341    -0.401734     0.252382    0.0386963     0.154787    -0.256793   -0.0769383    0.0320291     0.169918     0.169007     0.145578    0.0583703    0.0713413     0.133711     -0.57881     0.158317   -0.0287378      0.26992
    0.107829     0.390329   -0.0493705    -0.165486    -0.186097     0.165806     0.170417    -0.256338     0.281833     0.200676    0.0649829   -0.0136241   -0.0377159   -0.0524683      0.12928    -0.086676    -0.126116    -0.216132     0.275237    -0.247161    -0.430219    -0.525498     0.429724     0.104159   -0.0884279   -0.0582437    -0.368573     0.117377     0.346826     0.148426    -0.152342    -0.124169
     0.10542     0.084295    -0.121608     0.027993     0.246315   -0.0723576    0.0156927    0.0410259     0.233925     -0.25976     0.162729   -0.0582046    -0.138185     0.123404    -0.205239   -0.0321829     0.150959    0.0591751   -0.0594257     0.225876     0.186566  -0.00211686   -0.0174894   -0.0515107     0.244716   -0.0911908   -0.0286542     0.158608    -0.246902     0.201531    0.0412635     0.279103
  -0.0192697  -0.00132635    -0.291015    0.0846351     0.461063   -0.0837417   -0.0113383   -0.0114495     0.153629     0.356185      0.43803    -0.187653   -0.0611592    -0.246186    -0.174163    -0.376657     0.113678    0.0709415     0.123733    -0.133894   -0.0982969    0.0721295    0.0659016     0.126461    -0.233146   -0.0797633    -0.181639    -0.207353   -0.0592071   -0.0866098     0.394059    -0.241176
   -0.274238     0.212625     0.074922     0.163784     0.146018    0.0997925    -0.136808    0.0920456    0.0945609     0.349488      0.05139    -0.198658    -0.292024    0.0627014     0.203195  -0.00858419    0.0690794   -0.0698999    0.0049254   -0.0323381    -0.204434    -0.108812    -0.213457    -0.124451     0.213241     0.162765     -0.14746    0.0211427   -0.0859352     0.132419   -0.0994505     0.115413
   0.0375832    -0.262972   -0.0282211    0.0187392    -0.249442    -0.174325    -0.205968     0.174121     0.192411   -0.0425169  -0.00128628    -0.229123      0.19197    -0.404348     0.229654     0.169261   -0.0833772    -0.292056     0.229067    0.0901591     0.325312    -0.403019    0.0156136    0.0742516    0.0415774     0.181979    -0.223627    0.0735131     0.349768    0.0586852     0.228514    -0.257031
     0.25868  0.000517952    -0.140438 -0.000152381   -0.0899461      0.27825     0.179371     0.151147      0.15479   -0.0352783    -0.182967   -0.0210438   -0.0802653   -0.0454061   -0.0232148    -0.336382      0.23012     0.335243       0.2524    -0.199164    -0.290663   -0.0878548    -0.193126   -0.0907678     0.411731     0.295668     0.115775    -0.159272   -0.0775628    0.0758196    -0.142767     0.127916
   0.0925728     0.204275    0.0721283     0.278275     0.162879    0.0306907     0.176353   -0.0620764    -0.343671    -0.324437    -0.145067     0.213704     -0.14714    0.0887687     0.118064     0.260815    -0.135431    -0.168522     0.127675    -0.211497    0.0573669   -0.0724569     0.326192    0.0172599     -0.28239    -0.260003     -0.21225    0.0959025     0.442935     0.421445      0.26408    -0.175519
    0.199362     -0.07647    -0.400324    -0.272043     0.140362    0.0213051   0.00608642     0.189096    -0.324878   -0.0346434    -0.204808   -0.0504578   -0.0623504    0.0131789   -0.0222347    0.0766215   -0.0858479     -0.19491    0.0574454    -0.141515     0.136237   -0.0438196   -0.0373394     0.149034    0.0602366     0.524299     0.407649     0.428761     0.205283      0.11853    -0.132092   -0.0826282
    0.255189     0.236936    -0.134848    0.0304183   0.00347867    0.0904014     0.367318     0.022782    0.0856371      0.12706   -0.0824047   -0.0692278    -0.179331    -0.256922     0.173257    -0.188802     0.169418    -0.353886    0.0726518   -0.0377746     0.107995     0.145992     0.290415    -0.156217     0.377219   -0.0783564    -0.145337   -0.0392603    0.0752039     0.506723    -0.042011      0.21151
   0.0671696     0.113116    0.0876463    0.0796087    -0.094754    -0.428233     0.194194     -0.12037     0.185181   -0.0920201     -0.20375    -0.137765   -0.0992851   -0.0244412    -0.221435     0.141289    0.0079906     0.180559    0.0200942    0.0569042    -0.438685    -0.141957    -0.236841    0.0306817    -0.402598   -0.0557728    0.0575135     0.109547   -0.0289854    -0.117473     0.148051    -0.491877
   -0.119193     0.277778    0.0457717   -0.0128767    0.0987886     0.273643     0.047569     0.480255    0.0685203    -0.234685     0.316138     0.101046  -0.00858898     0.197555    -0.174547     0.044209     0.139459     0.268201   -0.0764331    -0.055923    -0.248204    0.0833968     0.250987   0.00801975     0.248489    -0.210901   -0.0521912    0.0547527     0.259261    -0.302037     -0.23368     0.292288
  -0.0679271   -0.0249518     0.227009   -0.0990154     0.209379     0.132889    0.0326735    -0.193098    0.0497521    -0.198103     0.137916    -0.460807   -0.0116242    -0.161485     0.252994    0.0686999   -0.0748014    -0.330365     0.368819     0.148353    -0.112026   -0.0137688    -0.140262     0.260907     0.308703    -0.136399     0.108202     0.132544     0.427605      0.25829     -0.15012     0.190658
   -0.326052    0.0731593     0.138922    0.0055268     0.049719    -0.145972    -0.200785   -0.0925694    0.0491218     0.058657    0.0585727    0.0727542   -0.0343318   -0.0841086     0.361541     0.134858     0.226398    0.0706755     0.276435    -0.272508    -0.413189    0.0212181     0.164965     0.127578   0.00361141      0.13404   -0.0473399     0.136614     0.284995     0.269923     0.260343     0.381815
   0.0218546    -0.163058    -0.215598    0.0311145    -0.139695    -0.226737   -0.0282965    -0.143599     0.231045    -0.157302    -0.220118     0.111096     0.259751    -0.161883    -0.277429    -0.376245     0.193538   -0.0850334   -0.0141611     0.281771    -0.168292     0.178881    0.0444844     0.121371     0.333286  -0.00199474    -0.107136     0.215313     0.122311     0.109187    -0.106792     0.270583
    0.159091    -0.017819    -0.251338    -0.134049      0.16316   -0.0490898     0.206541   -0.0941248    0.0744382   -0.0392879   -0.0193989    0.0430943    -0.142292    -0.386753    -0.100872    -0.232704     0.166935     0.160631     0.343366     0.201061   -0.0650381    0.0711625    -0.116563      0.12396   -0.0482572     0.179288    0.0649509     0.393505     0.297635     0.107699    -0.196557     0.233914
   0.0998007    0.0917552    -0.124715     0.392638     0.202839    -0.200019   -0.0628213     0.217148    0.0977972    -0.055742    0.0987408     0.213287    0.0986779   -0.0970306   -0.0401092    0.0682949    -0.102517    -0.166983     0.194598    0.0089941     0.159678   -0.0543252    -0.252366   -0.0709217    0.0962984    -0.117566  -0.00717353    -0.272704     0.172641   -0.0902049    -0.129364     0.131753
  -0.0354962    -0.141409    -0.288717     0.084257    -0.127694    0.0952751     -0.10804      0.24258    -0.288161    0.0522261   -0.0812373    0.0330483    -0.249094   -0.0906984     0.312236   -0.0174338    0.0256557     -0.21031    0.0821131   -0.0606417     0.086881    0.0558542     0.151211    -0.186377     0.164024    0.0745881    -0.354993    -0.264858    -0.261263     0.250798    0.0324495     0.116298
  -0.0537113   -0.0687566     0.173141    0.0913235     0.111038     -0.21102    -0.164842    -0.111227     0.304745     0.310673   -0.0510124    0.0523606     0.170576   -0.0295918     0.209504     0.142285    0.0287655     -0.15879     0.342186     0.178654     0.300468    -0.358231   -0.0135155     0.339122    -0.326167    -0.273769    -0.229787    -0.133777     0.457501    -0.208812     0.310247   -0.0599818
   -0.494543   -0.0962576     0.121537    -0.131346   -0.0590258    -0.106337     0.130481    -0.102499   -0.0591046     0.107371     0.115995   -0.0510037    -0.132623     0.129836   -0.0697909    0.0921648     0.316981     0.127434    0.0161624    -0.324421    0.0754099    0.0759864    0.0737659   -0.0949493     0.058905    -0.166823    -0.034682    0.0125687    -0.261834     0.177342     0.406618   -0.0354738
  -0.0766648     0.237652    0.0310669    0.0574928   0.00447003    0.0781808   -0.0232234     0.252334     0.390298    0.0255377    0.0922883   -0.0488468    -0.258845    -0.204253     -0.02972   -0.0480645    -0.110288    0.0455006     0.083892    -0.227693     0.184213  -0.00102949   -0.0292075    -0.109695     0.244038    -0.152084    -0.100578     0.543788    -0.150344     0.270766    -0.324927    -0.109881
    0.280942     0.209166   -0.0287246     0.194201     0.172121     0.316488    -0.193193    -0.239667     0.155049    -0.392958    -0.269415     0.250038    -0.385875    0.0227536   -0.0569795   -0.0965969     0.159457     0.066271    -0.294294    -0.023054    -0.587789    -0.171471    -0.356176   -0.0726814     0.310564   -0.0919001     0.238945     -0.11746    -0.128281 -0.000830522    -0.467313      0.12524
   -0.335033    -0.044279    -0.152818    -0.140681    -0.231885    -0.045701   -0.0438296      0.52576   -0.0903491    -0.478564     -0.16515     0.323841     0.143578     0.059477      0.14354    -0.174492  -0.00475257     0.212109    0.0481611    -0.131213      0.32387     0.191224    -0.207533     -0.26455   -0.0449622   -0.0162874    -0.168033    -0.304051    0.0904573     0.332796    0.0914512    -0.103247
    0.231662   -0.0628108     0.141819     -0.31416    -0.103807     0.283046    0.0429765    -0.308993    -0.203797    -0.207551    -0.192057     0.101013     0.019214    -0.384852     0.141602    -0.138467    0.0514723    -0.180009    0.0698455    0.0643727     0.128546    -0.624137    -0.466079     0.223856    0.0510134    -0.236906    0.0288973     -0.03641    -0.261278     -0.14888     0.133702 -0.000283994
   0.0060278    -0.104466     0.100289    -0.157545    -0.281045     0.196943   -0.0096837   -0.0725271     0.066323     0.100379    -0.128393     -0.19629    -0.243666     0.103789     -0.24653    0.0727235    0.0657951     -0.21184 -0.000146793   -0.0022332    -0.133614    -0.359487    -0.140554     0.251599    -0.178894    -0.382554    -0.198064     0.175745     0.215898     0.178267   -0.0417255   -0.0977387
  -0.0174326    -0.115677      0.17948    -0.521628     0.303624     0.463314     0.242511    -0.112564    -0.286694   -0.0826838    -0.521965     0.287697    -0.202741     0.110652    -0.105664     0.155682   0.00136691    0.0674803     0.012562    -0.441372    0.0160868   0.00533509     0.196762     0.223851    -0.469098     0.184483     0.117578    -0.183544    0.0644716     0.139266   -0.0537068     0.203347
   0.0730246      0.12623     0.432566     0.207345    0.0239536    -0.190148    -0.103885    0.0224063    0.0297447   -0.0412316    -0.155631     0.107927    -0.347562     0.201733    0.0184747    0.0781713     0.302363     0.124008     0.134267     0.122018     0.222069   -0.0499992     0.101812    -0.192193  -0.00693266     0.216094 -0.000517422    -0.147543    0.0479514    -0.389991    -0.162262    0.0888079
