 -0.277991
 -0.347823
 -0.466005
 -0.574898
 -0.684158
 -0.420171
 -0.327291
  -0.32326
  -0.31046
   1.15637
 -0.309224
  -0.22123
 -0.234694
 -0.257782
 -0.280705
 -0.411925
 -0.373116
 -0.294718
 -0.316924
 -0.239683
 -0.204798
 -0.213763
 -0.471022
 -0.222417
 -0.208132
 -0.316772
 -0.129964
 -0.290127
 -0.521631
   -0.3325
 -0.081664
 -0.290814
 -0.212092
 -0.325482
 -0.155989
 -0.135642
 -0.418378
 -0.351259
  -0.37383
 -0.177768
 -0.268091
 -0.533943
 -0.376386
 -0.198999
 -0.257234
 -0.208229
 -0.505479
  -0.54058
 -0.463517
 -0.226428
 -0.326014
 -0.245498
   -0.1241
 -0.092529
 -0.171775
 -0.104046
  -0.38035
 -0.325072
 -0.215863
 -0.250175
 -0.604563
 -0.355116
 -0.395871
 -0.317379
 -0.322282
-0.0605467
 -0.320891
 -0.358659
 -0.252118
 -0.412444
 -0.305128
   -0.2682
 -0.231003
 -0.215311
 0.0359374
 -0.540768
 -0.248099
-0.0340824
-0.0215663
 -0.223548
 -0.319659
 -0.150188
 -0.383185
 -0.243994
 -0.498473
 -0.155313
 -0.321211
 -0.494548
 -0.262751
 -0.509666
 -0.260996
 -0.193873
 -0.433064
  -0.17942
 -0.388651
 -0.305767
 0.0866298
 -0.357307
 -0.341463
 -0.133276
 -0.421815
 -0.516471
  -0.36836
 -0.173523
 -0.188246
 -0.096039
 -0.426929
 -0.136268
 -0.133042
 -0.517992
  -0.16792
 -0.208415
 -0.346976
 -0.184424
 -0.291033
-0.0865372
 -0.621864
 -0.224334
  0.139122
 -0.341938
 -0.190955
 -0.266731
 -0.311577
 -0.250137
 -0.266497
-0.0756791
 -0.212268
 -0.481939
