    0.276642    -0.239996      0.40305   -0.0260758    -0.294899   -0.0295427    0.0210761    -0.291668    0.0166649    -0.152134     0.123421     0.104785    -0.190964     0.130941   -0.0412343    -0.317608    -0.493093    0.0370199    -0.355377     0.124045   -0.0781125    -0.265228      0.64682     0.421187    -0.391181    -0.105152     0.495144    -0.201702    -0.128405   -0.0018636     0.135242    -0.197302
  -0.0724528     0.533643     0.343531   -0.0455747     0.155155    -0.251674     0.361431     0.510676     0.174418    -0.225505    -0.270642    -0.289328     0.597061     0.387837     0.287033    -0.168041    -0.161842    -0.196776     0.194589     0.130229    0.0975727   -0.0534151     0.178203      0.12229   -0.0877216    -0.111812    -0.325721    0.0747739     0.108361     0.531923    -0.188896    -0.317419
    0.127381     0.222256     -0.25267    -0.101786    -0.456382      0.14571     0.145017     0.474067    -0.565166    -0.119341     0.133428     0.381999     0.203564   -0.0226078    0.0727973     -0.12814  -0.00504635   0.00708932   -0.0197558    -0.214305    -0.238184     0.285867      0.23488     0.718374    0.0635338      0.34291   0.00651694    -0.458557     0.630955     0.286287    0.0137337   -0.0591354
   -0.185057     0.206512    -0.242238    0.0599768     0.312218   -0.0831163      -0.4884    -0.217435       -0.159     0.365903    0.0458354    -0.112318   -0.0152797     0.244996     0.180261    -0.160322     0.501513      0.33213    -0.103747    -0.117224     0.024194    -0.256206   -0.0555112     0.499129     0.102383    -0.134983    0.0480145     0.336267    -0.407565    -0.327168    -0.340257    0.0388041
   -0.172222      0.13596    -0.158088    0.0950333    -0.435804    -0.101258    -0.153868    -0.057217    -0.050486     0.608835   -0.0677576    -0.384179    -0.167176    -0.232884    -0.034828     0.423674     0.407479     0.163053   -0.0743594    -0.303277     0.337668    0.0488362    -0.129683     0.218759    -0.503723   -0.0340072    0.0135383     0.218332   -0.0806289    -0.156245   0.00140356    -0.111246
   -0.026934    0.0897039    -0.189373    0.0326761    -0.212731     0.707419    -0.131605  -0.00593359   -0.0889161    -0.166779     0.225295   -0.0848293    -0.294979     0.222792     0.166717     0.218305    0.0689374     0.177857   -0.0214083    0.0547131     0.338579  -0.00941461     0.511187     0.735634     0.366464    -0.168071    -0.168403    -0.272085      0.02122   -0.0605789    0.0300944     0.490378
    0.381838      0.28834    -0.709897      0.12108    -0.720249    -0.312109    0.0290881     0.235606   -0.0686303     0.128761    0.0680284    0.0291941    -0.194294    -0.362658    -0.100902     0.368468     0.482081   -0.0163932   -0.0279013     -0.38855     0.256889     0.293075    -0.312773   -0.0151457    -0.302616    -0.118538      0.34665    -0.210298    -0.122821    -0.473525     0.178205     0.290037
    0.458778    -0.587311    0.0851432    -0.113835     0.188025     0.122757  0.000761985     0.188543     0.248877   -0.0516155   -0.0215666     -0.21532    -0.143107     0.364006     0.274428    0.0210269     -0.39846    -0.171409     0.108877    -0.262494    0.0943484    0.0148116    -0.311977     0.176374     0.120975    -0.336322    0.0126789     0.163343     0.210344     0.195448     0.312788   0.00358026
    0.160991    -0.271682    -0.499029     0.252154    -0.387154    0.0954723    -0.282925     0.299364    -0.134777   -0.0575408     0.473942    -0.304637    -0.083508      0.15501     -0.28044    0.0528574   0.00494115     0.237318     0.523088   -0.0129021     0.331713    0.0746228     0.172081   0.00610352  -0.00339915    -0.203381   -0.0167681    -0.531203     0.290718   -0.0797518    -0.268376   -0.0446263
   0.0567832     -0.38459    -0.880057    -0.394404  -0.00740374     0.396031    -0.112908    -0.193027    -0.134066     -0.41233     0.122813     -0.16585    -0.186182    -0.319367    -0.282194 -0.000861734     0.233926     0.198226     0.478883     0.167859     0.374096     0.357874     0.488523     0.382301     0.462845     0.739453     -0.24057    -0.161402     0.229608    -0.182651     0.112847     0.239933
   -0.286477     0.688367    -0.128216   -0.0253587     0.630369     0.569487    -0.519619     0.353878     0.153892    -0.339918     0.633613     0.327211    -0.430829     0.319716    0.0521752     0.163437      0.27566    -0.170058    -0.389313     0.359189   -0.0946925  -0.00712444   -0.0844837     0.162719   -0.0130167    -0.313055   -0.0774772    -0.108613    -0.240475    -0.399882    -0.311427    -0.522314
     0.21446     0.222433    -0.075373    -0.232766     -0.35816    -0.192366    -0.460347    -0.106834     0.209331     0.282587     0.343748    -0.078893    -0.408074    -0.357722   -0.0653873      0.13772     0.183151     0.132899    0.0185613    0.0433458    -0.221509   0.00280542     0.236242    -0.170702    -0.297017    -0.181604      0.65425    0.0891391   -0.0396466    -0.170426   -0.0408012    -0.154809
   -0.397473   -0.0445106    -0.178183   0.00158577   -0.0630406     0.122688   -0.0601488    -0.239995  -0.00589258     0.309576    -0.427979     0.452537   -0.0712054     0.153528    -0.148727    0.0173303    -0.452848     0.256859    -0.153871     0.182004     0.241082     0.264058     0.791397     0.574573    -0.118551     0.430332    0.0839225    -0.152578     0.228154     0.313403     0.338025    -0.314736
    0.194779     0.211121    0.0736911    0.0244889    -0.258539     0.497954    -0.134765     0.498155  -0.00920253    -0.198589    0.0769882     0.192654   -0.0936201     0.568264     0.656105     0.207472     0.269551   0.00311063    -0.175908    -0.146791    0.0328746     -0.50422   -0.0148124    -0.192368    -0.506822    -0.216419    -0.010199    -0.337387    -0.425207     -0.42431    0.0104062    -0.188324
   0.0775389    -0.140642    -0.107847     0.412557     0.133871     0.280845     0.665314    -0.201827    0.0273753    -0.312686     0.142722    -0.215804     0.264949    -0.189376     0.180683    0.0876707    -0.371314    -0.241773    0.0166219     0.286285    -0.217927     -0.43975    0.0403484    0.0436078    -0.366062    0.0733091    -0.107755     0.176304     0.233604    -0.201234     0.414627     0.251192
    0.281088    -0.657132    -0.482401     -0.18984    0.0307214     0.545023   0.00192473   -0.0381264    -0.285719    0.0308335     0.568704     0.113862    -0.170341     0.367255    -0.455474     0.496024     0.554858     0.157033    -0.171387    -0.344388     0.379506     0.587736    -0.119995     0.641682     -0.34746    -0.417392   -0.0366652    -0.161024    -0.262272    -0.323845    -0.140354     0.281527
   -0.291734      0.36546     0.342318    -0.119275   -0.0182876    -0.137209     0.278423   0.00391292    -0.237485     0.400461    -0.515509    -0.211548    -0.413707    -0.121059      -0.1532    -0.378919    -0.425592     0.455706     0.232035      0.11665     0.162823   -0.0977967     0.510881     0.286843    -0.519489     0.275574    0.0424696    -0.297357     0.300284     0.254864    0.0324711    -0.147288
   -0.229649     0.217617     0.107454     0.303452     0.454104    -0.547252     0.332672     0.359803     0.012935   -0.0332937      0.19827    -0.145945     0.580939    -0.266633    0.0955205   -0.0860297  -0.00565569     -0.41436     0.204404     0.136833     0.104113    -0.168187     0.455484     0.341775     -0.15782    0.0690161  -0.00159704    0.0720306    -0.228908    0.0234813    0.0793117     0.206833
   -0.285948    -0.343859   -0.0322176     0.133254    -0.235929    0.0941786    -0.124438   -0.0947839   -0.0529982    -0.132583    -0.199046    -0.336943    -0.492528     0.239807      0.05527     0.139858     0.171101    -0.538338     0.219079    0.0265025     0.238313    -0.383806    -0.165436    -0.247835    -0.427432    -0.108837     0.179355    -0.325759    -0.187254     0.115675    -0.117503    -0.437268
    0.382841     0.124005      0.21327     0.154154     0.102488     0.259372   0.00197437     0.164342   -0.0806643    0.0172878    -0.133347    -0.184883    0.0539124    -0.119396     0.239371     0.298433    -0.193078      0.37371    -0.435044    -0.269985   -0.0851432    0.0323155     0.136796    -0.201899    -0.199473   -0.0390222      0.41631     0.439723    0.0361184    -0.379162    -0.183999    -0.276796
   -0.136044    -0.335005    -0.475956     0.177918    -0.216183     0.174957     0.426589   -0.0319217   0.00939169    -0.618642   -0.0810745    0.0318638    -0.046177   -0.0235822     0.134436      0.23566    -0.115568    0.0270651    0.0652929    -0.159327     0.334877    -0.235701  -0.00180202   -0.0864219     0.474013       0.1614     0.141819    -0.378911    -0.173177     0.179412     0.444345     0.171407
    0.166036     0.190884    -0.108813     0.132795    -0.481103     0.748393     -0.11637    -0.297322    -0.148449    -0.807052   -0.0895992     -0.15539   -0.0209402    -0.122671     0.412062    -0.171479    -0.319236     0.587041     0.212249   -0.0373598      0.43934     0.347751      0.10467    0.0866746    -0.322842   -0.0246095     0.194679     0.224636    -0.260529     0.226839      -0.3637      -0.1789
    0.113473     -0.11513    0.0677989    -0.474632     0.156372    -0.178082      1.09768     0.277614    -0.252508     0.343293    -0.100919   0.00726169    -0.360567    0.0724616     0.394172    -0.189994    -0.367955    -0.437889   -0.0385052     0.447781    -0.366749    -0.307968     0.475428     0.859122    -0.180833     0.892719     0.151982     0.277101     0.835238   -0.0312263    -0.116731   -0.0311162
   -0.123452    -0.105074     -1.05475    -0.387369     0.252439     0.654509    -0.558983       0.3515    0.0189819     0.242377   -0.0314136    -0.128873     0.334715     0.172612    0.0777979    -0.177873    0.0516067     -0.11273      0.17568    -0.073807    0.0416699    0.0941099     0.187763     0.693199    -0.190282     0.268915    -0.140818    -0.527604     0.364743     0.362752     0.386262   -0.0417884
    0.245276     0.444027     0.180105   0.00350376    0.0189963     0.159211    -0.382583    -0.140892    -0.295692    0.0723256     0.331136    -0.272234    0.0217515     0.562255   -0.0976399     0.321925  -0.00804716    -0.231832    -0.155937    -0.562973    -0.496542     0.136897    -0.138633    0.0835491     0.126995    0.0488448    -0.226504     0.167573    -0.302115   -0.0431049 -0.000886712   -0.0833997
   0.0798261     0.412681    0.0564116     0.438138     0.631601     0.287916  -0.00516814     0.106841     0.530103     0.608061     0.449572    -0.378938     0.419985     0.237999    0.0349137     0.178334   -0.0797517     0.228402   -0.0162358    -0.420852    -0.368454    -0.162422    -0.176816    -0.244698    -0.336449    -0.379858     0.119145    -0.421795    -0.382266     0.239157    -0.105919    -0.226867
    0.295246    0.0474916     0.396286    -0.541575    -0.575631   -0.0856772     0.114557   -0.0210537     0.387103    0.0605404    -0.133701     0.469971    -0.517031    -0.148234     0.285941    -0.108998    -0.640345    -0.160444    -0.264659     0.213736    0.0760141   -0.0964693   -0.0349471   -0.0701176    0.0687306    -0.186642     0.248365    -0.302952     0.124589      0.37878    -0.168181     0.762485
  -0.0195046    0.0463331     0.407735    -0.086316    0.0347762   -0.0798117     0.415838  -0.00358758    0.0129836    -0.348725   -0.0636835   -0.0524545    0.0114199    0.0921135    -0.197341    -0.306068    -0.472872   -0.0393483    -0.254353     0.121538    -0.089937     0.178526     0.250194    -0.206876    -0.432625    -0.122027     0.163304     -0.88627     0.208739     0.226996    0.0297632   -0.0329232
   0.0587798     0.183302     0.279311     0.351209     0.492529     0.199828      0.22913    -0.185883     0.451247     0.463351     0.460109    -0.103395     0.439869     0.152532  -0.00981571    0.0704956     0.277257     0.145618    -0.483099    -0.359039     0.316944    -0.251384    -0.159614  -0.00735696    -0.315907     0.243526    0.0357894     0.143112    -0.361946     0.103798    -0.782074     0.282338
    0.116668    0.0597471     0.167547    -0.234333    0.0571615    -0.495716      0.20242      0.43536    -0.472714    -0.081091    -0.483681     0.212953   -0.0621555    -0.010843     0.284067     -0.12452    -0.116675     0.142954     -0.01304     -0.14755     0.178012     0.199707     0.119066     0.312414    -0.212492     0.319709     0.300386    -0.197479    -0.255591     0.290277    0.0768636     0.200614
   -0.071912    -0.286724     0.259773     0.301372    0.0867915     0.164696   -0.0951589    -0.500459    0.0461877    -0.310549     0.318964    -0.115851    -0.377354    -0.215479     0.314629      0.20435     0.129702    -0.420757   -0.0799423   -0.0655305    0.0760245      0.29016   -0.0276666    -0.273238    0.0318405     0.281596    -0.398368     0.306944    -0.493015     0.182608     0.337814    -0.166259
    0.266632     0.314452    -0.620337  -0.00998067     0.581009   -0.0259706      -0.1391     0.332009     0.185939     0.128254   -0.0719501    0.0399851     0.305718    0.0321704    -0.115929     0.125241    0.0978188     -0.23029     0.196189    0.0874859    -0.254426    0.0369329    -0.234998     0.323369     0.189964    -0.235233    -0.277249    -0.238249     0.409941     -0.41091     0.251865    -0.482706
