 -0.00889419   0.00737009  -0.00248622   0.00616331   0.00896211  -0.00338461    0.0078471   0.00429251  -0.00752012  -0.00863885  -0.00305806   0.00569343   0.00450145  -0.00751208  -0.00921119  -0.00798169   -0.0023339   0.00727462   0.00703654   0.00433199   0.00962338   0.00600618 -0.000376564   0.00362204   0.00472125  -0.00844822  -0.00714493  -0.00464158  -0.00965209  -0.00475178   0.00299354  -0.00854628
  -0.0073817  -0.00949268   0.00761703  -0.00841958  -0.00287729   0.00546413   0.00587293 -0.000397411   0.00682528  -0.00718513  -0.00470398   0.00132673  -0.00469721  -0.00391517   0.00334504    0.0029689  -0.00664055  0.000381574  -0.00269912  -0.00701717  -0.00361225   0.00692432   0.00660487    -0.008891    0.0084761   0.00945994  -0.00353257   0.00882401  -0.00529184   0.00946097  -0.00972227  -0.00267354
 -0.384102   0.353301   0.166313  -0.350997  -0.159892  -0.231923  -0.382025   0.416131    -0.3652     1.0508  -0.411916   0.989438  0.0913109    0.24194   0.116619  -0.573131  -0.140516  0.0608642  -0.155103   0.642367   0.445532   0.297448 -0.0949164  -0.063481   0.264568  -0.624533   0.267095 -0.0298418   0.573723   -0.24019   0.398597   -1.16447
  0.285119  -0.207512  0.0612543  -0.729887  0.0294661   -1.18355 -0.0825858   0.621762  -0.122363   0.656018  -0.679351  0.0667009 -0.0232027  0.0366156  -0.190592  -0.241645   0.206498   0.504327  0.0458779   0.090837   0.168118   0.486825  -0.643936  -0.102759  -0.175879  -0.437454   -0.53796   0.045349   0.474381  -0.488626 -0.0765918 -0.0203621
   0.184324    0.284203  -0.0284195   -0.688049   -0.139573   -0.486657  -0.0947626    0.611754   -0.322027    0.552857   -0.881554    0.151643   0.0212748     1.14487    0.180208   -0.436165   0.0863325 -0.00615588   -0.249734   -0.212894    0.749229    0.502131    0.155477   -0.121075   0.0904456   -0.647421  -0.0630498    0.496884    0.251089    0.323012   -0.118982   -0.424132
 -0.129009  -0.427337 -0.0916188  -0.692138   0.124403  -0.619337  -0.293646  -0.270179  -0.264739   0.630949  -0.294816   0.256754  -0.409665   0.331786  0.0310503  -0.183741   0.396328  -0.382181   0.167877  -0.259958   0.889829   0.430136   0.328736   0.733765   0.190429  0.0549728   0.501117  0.0157906   0.723796   0.102359   0.429423  -0.901426
   0.16447  0.0982848  -0.197583  -0.513729  0.0718792  -0.158917  -0.066608    0.26151 -0.0309279   0.444655  -0.292591  0.0844203  -0.129678    0.71687   0.183968  0.0505365   0.305639  -0.100907  -0.284635 -0.0551255   0.359626   0.502748   0.168687   0.150646 -0.0220847  -0.145564  0.0664722   0.144253   0.184647   0.150038     -0.164  -0.358309
 -0.485943  -0.389036   -0.04655  0.0674387  -0.214093  -0.682402  -0.216657   0.308247   0.492685   0.628855 -0.0492471     0.4213  -0.157027   0.527625  -0.129943 -0.0843671    0.39961 -0.0893833   0.201704  0.0241199    1.08254   0.895119   0.599504   0.496137  -0.265846  -0.304183 -0.0285133   0.822137   0.408302  0.0901044  -0.569884 -0.0669762
   0.13013  -0.791342   0.103404  -0.511591   0.125236  -0.605009  -0.655393   0.114794   0.149271   0.803221   -0.49879  -0.210941  -0.581819   0.504168  -0.285261   -0.43389  -0.606993    0.30266   0.201275   0.414678   0.817783 -0.0392042  -0.203638   0.118637   0.293778  -0.707682   0.172661   0.952678   0.423494   0.175172  -0.478178   0.104739
 -0.116706   0.674251 -0.0854262  -0.920084   0.328029  -0.130255  -0.442578   0.754212 -0.0227995   0.255844   -1.16532   -0.14639   0.448593   0.721236   0.168322  -0.556417  -0.259892   -0.11837  -0.268619  -0.615143    0.79982   0.475773   0.445003 0.00635051  0.0309636  0.0716348  -0.211415    1.19705   0.761717   0.606826  -0.607588    0.21819
  0.111389   0.711434  -0.211476  -0.360177  -0.936632  -0.253904  -0.610619   0.390785   0.219683  0.0042111  -0.454995  0.0792014    0.58034   0.383317   0.266337   0.269193   0.305148  -0.318907  -0.616277 -0.0293854    1.20593   0.243959   0.348918  -0.635469  -0.123133 -0.0920242   0.349148   0.908962  -0.364512    0.32809 -0.0639139  -0.473003
  -0.481515   -0.454818  -0.0991066   -0.620895     0.12827     -1.0457   -0.306613    0.223711   0.0627021    0.381204   -0.221844  0.00820168    0.215433    0.300882  -0.0843987   -0.294944    0.734652    0.209002   0.0902587    0.408328     1.12833      0.4584   0.0026013   -0.119113    0.300153    -0.41727   -0.166316    0.691906   -0.221754   -0.362415    -0.11175 -0.00371355
0.00646929   0.280336   0.189519  -0.654776  -0.142385  -0.369518  -0.375348    0.62418  -0.418478   0.269744  -0.861486   0.342572   0.427107   0.404187   0.410532  -0.578955  -0.192596   0.104328 -0.0254015  -0.137545   0.756026   0.696908  -0.127844  0.0287327 -0.0550421  -0.126335 -0.0965456   0.973379    0.22582   0.300387  -0.258766  -0.162409
  0.446483   0.614941  -0.345677  -0.812267   0.445738   -0.18569  -0.722414   0.718139   0.519481   0.507428  -0.144793  0.0984883   0.153697   0.408604 -0.0561586   0.119403  -0.361144  -0.574856  -0.761448  -0.350595    0.81234   0.989173 -0.0214459   0.136571  -0.195844  -0.165618   0.211459    1.14555   0.622983  0.0582163   0.180083  0.0573962
 0.174668  0.541469 -0.171932  0.187837 -0.328491  -0.50483  0.387776  0.165729  0.968235  -1.11038  0.136767  0.436577  0.282563 -0.229581  0.263609  0.556451  0.395763 -0.068845 -0.131012 -0.247697 -0.237094  0.374494  0.554359 -0.188325  -1.09628  0.362017 -0.771143 0.0666045 -0.309389  0.579219  0.155327 -0.408097
  0.117491   0.665385  -0.389478 0.00910059   0.593455  0.0213833   0.242387   0.413734  -0.289511  -0.751683  -0.593219  -0.321775  -0.739485   0.319527   -0.86217 -0.0838552  -0.887171   0.368459   0.148689  -0.457695    0.40052   0.351405   0.121833  -0.189436   0.621197  -0.205189   0.804633  -0.173234 -0.0746578  -0.737775   0.858743   0.429039
   1.48477    0.14023  -0.412121   0.553369  -0.408177   0.947846  -0.989088   0.113273   0.764663  -0.680557  -0.316605  -0.517586  -0.461681  -0.405858  -0.452602 -0.0270101   0.468958  -0.858205  -0.776429  -0.281456   -0.15448   0.286971   0.378915   0.772576   0.150462   0.383836     0.7196   0.472682   0.129453  -0.433296   0.128407  -0.753208
 -0.362957  -0.254236  -0.387099 -0.0427521  -0.553959  -0.400089   0.470304 -0.0972962   0.133549    0.31564  -0.436273  -0.132416 0.00178396  -0.335695  -0.158967    0.37432   0.219421    1.02927   0.343185  -0.127753  -0.144771   0.413995  -0.957112   0.159902 -0.0775531   0.371935 -0.0137651  -0.649525   0.463033  -0.762622  -0.586934  -0.164564
  0.226519  -0.395169  -0.238185  -0.161649  -0.636804  0.0464764   0.713617  -0.633561   0.103168  -0.421511  0.0455615  -0.313529   0.016473  -0.283708  -0.336099 -0.0646197   0.715728  -0.982341   0.194022  0.0921194   0.171763  -0.146473     1.6708  -0.226876 -0.0771486  -0.346742   0.159687    0.46327  -0.361689   0.526204  -0.960001   0.487094
 -0.553843  -0.151535    1.16404 -0.0244208   0.559456   0.418501   0.387314 -0.0980435  -0.489085  -0.145216  -0.546264  -0.160875  -0.231829  -0.968985    1.34817  0.0317529 -0.0907535  -0.626545   0.391048   -0.89931  0.0514915   0.312562   0.582909   0.722211  -0.135167   0.230345  -0.188753    1.12527   -0.69406   -0.48475   0.149083   0.888928
   0.350974    0.380021     -0.4584   0.0600248    0.127411     1.10951    0.447923   -0.122037    0.081763   -0.221294 -0.00948534   0.0780552   -0.391818    0.359893     1.29525   -0.245919    -1.03932   -0.203164    0.148917    0.917023   -0.661656    0.396515    0.135821    0.334682    0.817776   0.0485847    0.479272    0.408827   0.0457949    0.536821  -0.0357348    -0.56053
 -0.104077   0.254973   0.136972  -0.475562  -0.389007   0.341271  -0.580382   0.469334  -0.984417    1.06897  -0.761773   0.106512  0.0251278   0.305475  -0.124201 0.00280483  -0.942169 -0.0515012   0.216541   -0.46783   0.828679  -0.134784   0.456623  -0.696853  -0.275517   0.366322  -0.372599    0.58504   0.421061   0.108296   0.298759  -0.622342
 -0.310749  -0.184614  -0.876433   0.339373  -0.558464   0.519465   0.550495   0.187322  -0.769413   0.246485   0.386367   0.578762  0.0614503   -0.46105   0.169015  -0.717643  -0.891248    0.20601 -0.0173099  -0.633663  -0.199196   -1.21548   0.493013   -0.16858   -1.13143   0.355427  -0.832868   0.651599   0.320067   -0.33639   0.743494  -0.153241
  0.541867   0.462702 -0.0974026 -0.0230134   0.171375   0.358347   0.421737   -0.49328  -0.305083  -0.310866 -0.0604064   0.225856   0.253414  0.0230022  -0.320662  -0.765174   0.106834  -0.461647   0.109862  0.0585436   0.621518   0.170696   0.392699  0.0342305   -1.00098   0.801617   0.323465      0.801  -0.586082   0.432857  -0.449536   0.327476
 0.0778951  -0.409098 -0.0755996   0.412804  0.0165174  -0.647788  -0.649653  -0.448639   0.411944 -0.0914325   0.358635   -0.67558   0.305168  -0.312172   0.101926 -0.0093073  0.0508225  0.0809766   0.550952   0.683418    0.18802  -0.373024   -0.54908  -0.117307  0.0786125  -0.478397   0.348277 -0.0216489  -0.255334   0.358704    0.47897   0.333028
 -0.328372  -0.646997   0.333128  0.0337022   0.489396  -0.143782  0.0631818 -0.0792305  -0.327513   0.279934    1.08687   0.383265   0.528946   -0.20391  -0.187569  -0.221862  -0.234698   0.334184  0.0756706    0.15647   -0.46121 -0.0002248   0.173061  -0.265564    1.22214   0.567357   -1.02164  -0.692608   0.357492  0.0924886  -0.173264   0.336631
  0.500862   0.776729  -0.116353 -0.0820671   0.688785 -0.0560882   0.360389  -0.464746  -0.385753  -0.239332  -0.203716    1.32123   0.189434   -0.92773  -0.105684  -0.370873   0.422439  -0.477009   -0.13912   0.656086  -0.264804 -0.0433711  -0.403154   0.391216  -0.300231   0.781866  -0.176412  0.0701709  0.0611544  -0.450584  -0.179649   0.515138
  -0.352379   0.0467049    0.317999    0.420375    0.431536  -0.0440935    0.301537   -0.166616   -0.123086    0.104682   -0.188564    0.232871    0.144014 -0.00690287    0.288532    -0.18841   -0.197704    0.222643   -0.131802    0.338277   -0.190332   -0.465135    0.370922   -0.309217    0.395534   0.0922448   0.0458527    0.148546   -0.119037    0.636386    0.290016    0.362047
  0.961584  0.0561331  -0.572765  -0.213995 -0.0530131  -0.283873   0.573721  -0.167975  -0.512901  -0.260125  -0.188709  -0.258719   -0.55118   0.535717  -0.409912   0.250155  -0.128203  0.0475452   -1.23252  -0.231423 -0.0458628  0.0823218   0.291459  -0.118667  -0.634683   0.816153  -0.172418   0.330607  -0.477635  0.0724248  -0.213838 -0.0117869
  -0.237119 -0.00378328   -0.287781   -0.528345    0.532794  -0.0651644    -0.28288   -0.215822   -0.703077   -0.269957    0.568624    0.155772   -0.300819   -0.292198   0.0788971   -0.280837    0.809404   -0.022714    -0.44181    -0.37738   -0.557943   -0.681046   -0.387366   -0.231032   -0.408449     1.19945     1.00178  -0.0161288    0.539094    0.516462   -0.156139   -0.958907
   -1.00041    0.735906    0.495053  -0.0829186   -0.370766    0.764885   -0.248444   -0.337345   0.0162913    0.743938   -0.118895    0.635354   -0.462816   0.0671202   -0.979027       1.065 -0.00765367    0.368182   -0.635332     0.35499   -0.261904   -0.775714    0.880395    0.592261    0.117514   -0.393978    0.187355   0.0722818     0.22424   -0.501158    0.379112    0.399763
   0.368274  0.00427651   -0.287288   -0.460052    0.687094   0.0253769    0.517599    0.354515 -0.00470962   0.0261642   -0.730054   -0.105094    0.029394   -0.120509    0.615061   -0.421778    0.166168    0.378795    -0.14251   -0.586584   -0.576963    0.312622   -0.137314  -0.0514771    0.361668     1.23499   -0.217903    0.926783   -0.261637    -0.43945   -0.361549   -0.219764
   0.276482   0.0213594    0.312082   -0.526351  -0.0549484    0.111494    0.212042  -0.0378671   -0.219536    0.129446    -0.47243    0.248149    0.430959     0.03744    0.518061   -0.129947     0.34933   -0.653164   -0.614325    -0.63299   -0.313902    0.049397     0.25656 -0.00578354   -0.604325    0.388675    0.115833     0.19489    -0.63674    0.032563   -0.577664    0.307798
  0.820093  -0.611525   0.523601   0.624219  -0.632171   0.336713   0.200227  -0.170525   0.194044   0.315173    -0.6029   0.286814 -0.0470967   0.619381  -0.156444   0.336343  -0.236326  -0.426855    0.30226   -1.04194  -0.667506  -0.448063   -0.73881  -0.329113  -0.193675  -0.537971  -0.172158   -1.03973  -0.201114   0.118316    -0.6162   0.301723
  -0.297105    0.698447   -0.419942   -0.403519   -0.142049   0.0484703    0.879628   -0.348479     0.91373    -0.69893    0.508802 -0.00446111   -0.266766    -0.69888   -0.967084    0.347306    0.436159   -0.220796    0.527257    0.402713   -0.283058    0.144627   -0.479566    0.274091     0.71681    0.314994   -0.896197    0.419517     0.80429    0.271606   -0.752325   0.0663403
 -0.461497  -0.190832  -0.294478  0.0866411  -0.625406   0.490988  0.0235289   0.582939  -0.703911  -0.643503  -0.181199  -0.621857    0.10746   0.433873    1.44836   0.471569    0.76963  0.0596308  -0.882973   0.604526  -0.542272    1.18713    1.18248    0.66242 0.00165429  -0.356765    -1.0598   0.329964 -0.0194825  -0.631311  -0.770473    0.36003
 0.0822244   0.262859   0.023907   -1.01447  0.0726863   0.114637   0.174145   0.192758    0.13046   0.893961  -0.187763   0.183446  0.0336771   0.297939  -0.100708  -0.414597   0.140587   0.150144 -0.0469156 0.00258471   0.502475   0.731087  0.0303534  0.0151681  -0.392104   0.152223  -0.135249    0.75074   0.362997  0.0943307 -0.0916593  0.0925099
  0.180656   0.555756  -0.510323  -0.873765   0.626982   0.569697   0.266068    0.80522  -0.428717  -0.705172   -1.31913   0.665845   0.200857   0.377788  -0.289246  -0.170033  -0.616149  -0.457508  -0.520096  -0.419091  -0.581033   -0.48519   0.140477 -0.0453106  -0.514897    2.05239 -0.0313754   0.159951  0.0808766   0.632693   -1.07724   0.573776
  0.294583   0.702084  -0.287051  -0.742038   0.368305  -0.146379    1.26204   0.374317   0.767988   0.552073  -0.605724   -1.44795 -0.0713638  -0.909681  -0.381343  -0.177237  -0.637015   0.659433   -1.49245  -0.912166   -1.38951  -0.983073 -0.0289441  -0.187322   0.878726  -0.655014  -0.409212     1.4134   0.233554  -0.736429  0.0341296    0.76385
  -0.164532    0.139542    0.131055   -0.291479  -0.0655365    -0.31332   -0.124465    0.424704   -0.307426    0.901024   -0.376192    0.242084    0.544329     1.04216   -0.226623   -0.326871   -0.122507   0.0567099  -0.0513371   0.0645179    0.674549    0.472791    -0.83075   -0.847543    0.353794   -0.402207    0.128854    0.365339 -0.00963207    -0.20221    0.272153     -0.3945
  -0.61202   0.171901   0.191138   0.219643 -0.0809707   0.131576  -0.701205   0.301795  -0.383941    0.72786   0.102229   0.623667  -0.260219   0.976205  0.0354316   0.111426 -0.0416179  -0.231766  -0.196717   0.227623   0.681459    0.31069  0.0915751     0.1573  -0.611297   -1.01093   0.236742   -0.43901   0.342016    0.11982    0.49821  -0.448238
 -0.372998  -0.206099   0.367601  -0.169643  -0.221996  -0.256335  -0.104244   0.363461  -0.227988   0.874986  0.0550221   0.557126   0.158831   0.229891    0.17081  -0.285491    0.35599   0.174575  0.0472848  0.0488781   0.408726   0.340777  0.0521885  -0.214943  0.0638653  -0.597809  -0.646002 -0.0394754  -0.194023  -0.203205  -0.173511 0.00471684
  0.430386  -0.275257   0.378613  -0.137414  -0.355728  -0.659576   -0.13696   0.636733   0.274406   0.629517  -0.711748   0.112531  -0.187611   0.945062 -0.0393447 -0.0363171  -0.379062  -0.418211  -0.112376  -0.051941   0.672204  -0.191157 -0.0362823  -0.533786   0.525077   -1.09399   -0.53477  -0.153059  -0.102337   0.657414  0.0102632 -0.0837723
  -0.339466    0.236889    0.416699   -0.843296     0.29399   -0.325056    -0.23841    0.730128   -0.110683    0.350144    -1.28488    0.251266    0.776012     1.01004    0.479594   -0.303729   -0.144028   -0.132224   0.0531787   -0.252316    0.903094    0.258354   -0.152334   -0.641389   -0.027707     0.25214     -1.0055     1.17731   0.0015498 -0.00171847    0.232435    0.261632
-0.0125276  -0.410987   0.895302  -0.186753   0.113902   0.176647  -0.358059 -0.0776077  -0.374705   0.129072   0.222415   0.362388   0.224582  -0.584029  -0.611473  -0.374283  -0.118125   0.303262   0.125431  -0.877984   0.551246    0.11132  -0.131515  0.0221285  -0.667285   -0.23499  -0.972539   -1.17038  -0.247991  0.0904088  -0.316725   0.821276
   0.27853   0.746599   0.622648   0.546993 0.00188517 -0.0558303   0.670747       1.35  -0.187587  -0.501626  -0.201009   0.471223   0.617612  -0.185733  0.0910561   0.109132   -0.83182    0.15645   0.130715  -0.767778   0.156444   0.167507 -0.0923722   0.481157  0.0174864   0.255088  0.0552093   0.253303  -0.670026  -0.145487  -0.612633    0.66132
  0.092618   -0.22414   0.892848   0.201835   0.457292   0.465242   0.528532  -0.305948 0.00883747  -0.647459  -0.390008  -0.552961   0.594269  -0.140913   0.385967  -0.156886   0.511278   0.621742   0.720129   -1.24121   0.252025  -0.653915   0.305172   0.162267  0.0464298   0.752617   0.336788 -0.0476244  -0.227465    0.15572   -1.30951  -0.375482
 -0.682315  -0.595451   0.973524  -0.153265  -0.115488  0.0826358   -0.31994   0.499923   -0.24038    1.13816    0.22808  -0.204289   0.492495   0.179521  -0.130647  -0.312159   0.332426  0.0700079  -0.337981 -0.0536807   0.263432  -0.110315  -0.304017  -0.611216  -0.293828 -0.0381083  -0.227873  -0.081982   -1.00407  -0.355388   0.238952   0.192896
 -0.384396  -0.734095   0.143714   0.226341    0.62865  -0.311051  -0.302364  -0.374966 -0.0976156   0.362059   0.198432   0.239141   0.276662   0.501226  -0.347557  -0.462526   0.926227  -0.207348 -0.0484589  0.0220251   0.567791  -0.839043   0.228632   -0.38378  -0.794011   -0.49764  -0.608502  -0.126579 -0.0248279  -0.615734  -0.130369   0.199596
  -1.12575   -0.76666   0.511922 -0.0430782   0.124266   0.362262  -0.224238  0.0242879   0.130607   0.977338   0.343696  -0.405616   0.151604   0.324517   0.104343  -0.261585    0.44788  -0.281989  -0.356661   0.380548   0.217573  -0.200939  -0.337048  -0.639903  -0.484331   0.282104   0.114551   0.320701  -0.678183   -0.19309   0.041068   0.308319
 -0.824588  0.0622744    0.37379     1.0143   0.279022   0.678831  -0.178803   0.578485  -0.361069   0.136041   0.399528 -0.0275502  -0.328891   0.662999  -0.226522   0.143387   0.423368  -0.756886  -0.633792   0.563406  0.0749982  -0.163357   -0.43408   0.481392  -0.743617  -0.196086   0.643429   -2.16115   0.450061   0.102039   0.607327  -0.128895
  0.410095   0.465786   0.387052  -0.428388  -0.831215   -0.59855  0.0751244   0.732086  -0.323744   0.319357  -0.871148  -0.113802   0.478562   0.871621  -0.160206  -0.519761   0.169263  -0.746198  -0.188639 -0.0354522   0.782485   0.736899   0.250508  -0.134799   0.318531  -0.633567   -0.25296   0.821497  -0.271922   0.393362   0.222577  -0.169897
   0.283984    0.427647   0.0632515   0.0338911    0.222709   0.0548521   0.0740302   -0.459973   -0.142112   -0.259705     1.20221  -0.0175603   -0.146031    0.229964   -0.606823 -0.00559801    0.835117    0.224046   -0.131612    -0.69181    0.207204   -0.158455   -0.447502  -0.0628195   -0.361285    0.756489    0.378182   -0.119879   -0.093747    -0.71132    0.246599   -0.425366
 -0.243276 -0.0427653   0.287225  -0.478226   0.594232  -0.116034  -0.340813   0.178985   -0.29859     0.6206  -0.183224  -0.027782    0.22321   0.940768  -0.013164  0.0123826   0.192454   0.795282   -0.14912  -0.197663   0.313039   0.964078   0.497814   0.137186   0.647675  -0.272233  -0.704218 -0.0427461   0.741147    1.07623  -0.134573  -0.537887
  0.165703 -0.0401058 -0.0135762  -0.623071   0.184408  -0.427547 -0.0631977   0.310303  -0.333493   0.497519  -0.682816  -0.142066   0.136816   0.834157   0.342763  -0.468543   0.072819  -0.303181 -0.0807353   0.195396   0.519013    0.39053  -0.237086  -0.193555   0.208832   -0.45168  0.0972007   0.720875 -0.0109114   0.500984  -0.184885  -0.336157
-0.0521598   0.190725  0.0844268  -0.703604  0.0906356  -0.445416  -0.279229   0.538116  -0.119331   0.646216  -0.512744   0.068693   0.300849   0.359625   0.566614  -0.602517  -0.211278  -0.161706  -0.284906  -0.167692   0.429609   0.556041 -0.0884134 -0.0699793  -0.086291   0.143249   0.112944   0.973995 -0.0693631   0.383058   0.308996  -0.243096
 0.0835939   0.146219 -0.0360586  -0.406707   -0.05118  -0.242126  -0.302836   0.458845  -0.154405   0.469783  -0.404427   0.121523   0.145264   0.847285   0.320451  -0.261719  -0.011912  -0.129867  -0.235667  -0.187405    0.49383   0.400854 -0.0953282  -0.123763  -0.328405  -0.281253  -0.041581   0.339823   -0.13287   0.283317   0.169711  -0.362592
  0.211908  0.0353121  0.0355472  -0.233348 0.00192713 0.00387568 -0.0132045 -0.0109995  0.0490849 -0.0282032  -0.344122  -0.275768   -0.14907   0.234012  -0.200781 -0.0531867  -0.108897  -0.200446   -0.11394  -0.222446    0.21229  0.0654241   0.286942  -0.183215 0.00755738  -0.148832  0.0980022   0.325739  -0.185404  0.0441495   0.140571   0.213234
 -0.116497  -0.151565   0.125099   0.189018   0.122567 -0.0365969 -0.0913258 -0.0033079 -0.0308967  -0.136515   0.034043  -0.296346 -0.0338538  0.0743216 -0.0267298 -0.0703864 0.00226651   0.137406  0.0735423  -0.112337   0.183848 -0.0984522 -0.0720522  -0.113619  0.0780151 -0.0813532  0.0901923 -0.0736992  -0.126166 0.00878014   0.128923  0.0903509
  0.248541  0.0840391 -0.0845402  -0.209755   0.112887  -0.262021   -0.24856 0.00948926  -0.226796  0.0697684 -0.0410385  0.0744144  -0.154454   0.123099  -0.106522   0.189501   0.468443    -0.2456  -0.530208  -0.276878  -0.144785   0.066974   0.199081  0.0487016  -0.581061   0.106177  -0.198437  -0.174878  -0.129023   0.273084  -0.122634 -0.0260052
  -0.815523   -0.520578    0.675458 -0.00466044   0.0396821    0.230636  -0.0419316   0.0223333   -0.102992    0.798563    0.117375   -0.220467    0.149342    0.288992   0.0380717  -0.0966373    0.404927    -0.24189   -0.343009  -0.0695495    0.142101   -0.291311    -0.20953   -0.456734   -0.733737   0.0545859   -0.316491   -0.183152    -0.81074   -0.372458 -0.00935754    0.119074
 -0.829499  -0.520561    1.05431  -0.758765   0.679368   0.231956  -0.177379   -0.63744  -0.327071    1.09148  0.0262136  -0.295633   0.568406   0.392842  -0.196083 -0.0482308   0.346725   0.193709  -0.282737  -0.143149  -0.206813  0.0669448  -0.694712   -1.34703   0.055956 -0.0975687   0.249159  -0.295159   -1.08514  -0.490142   0.402074  -0.563451
 -0.903548  -0.598959   0.559781 -0.0265125   0.040543   0.141427  -0.338784   0.280465   -0.13527   0.869619   0.574057  -0.240257   0.131456   0.358996  -0.158273   -0.31013   0.193673  -0.215935  -0.148906  0.0668862   0.225048  -0.246435  -0.375027  -0.472009  -0.639986  -0.109985  -0.162168   0.121172  -0.547581  -0.401058   0.126899   0.118857
 -0.654995  -0.613138   0.428618   0.149152 -0.0447113    0.24924  -0.288299  0.0447175 -0.0418065     0.5799  0.0755249  -0.367671    0.50131   0.382656   0.247876  -0.176465   0.112475   0.117654 -0.0748371  -0.366087  0.0665348  -0.414347  -0.204022  -0.672842  -0.457336  -0.289317  -0.618146   0.136197  -0.521319  -0.403631  0.0451019  0.0271492
 -0.506569   0.504899   0.202353  -0.466332 -0.0614793   0.427156 -0.0951989   0.658834  -0.111522   0.776743  -0.622157 -0.0375936  -0.107148    1.30901   0.579385  -0.291047  -0.471596  -0.188903  0.0761685   0.781453   0.462367   0.465317  -0.363672   0.170522   0.566018  0.0190211  0.0064501   0.698832  -0.325599   0.387154   0.420323  -0.210751
  0.567564   -0.20822  -0.131169  -0.859018  -0.980145   0.174462   -1.24974   0.393697  -0.595683 -0.0628439    1.16614  -0.116688  -0.540542    1.11648   0.817149   0.325423     1.1681   -1.17932   0.393473  -0.375025   0.397521   0.716399    1.41789    1.55136   -2.03077   -1.84071   0.675947   -1.29285  -0.888464 -0.0439373  -0.237418   -2.09528
   -0.66711   0.0036351    0.888444    0.373932   -0.174263    0.334805  -0.0131658    0.114872   -0.317976     0.65683   -0.248589   -0.774199    0.164972     0.70441    0.178554 -0.00784694    0.263541    0.474421   -0.446233   -0.424457   0.0635522   -0.550584   -0.187732   -0.548121    0.218815   -0.186947     -1.0015    0.151855   -0.644242   -0.565786   -0.138675   -0.120874
 -0.844289  0.0855818  -0.321573   0.214971   0.119508 -0.0879661   0.188642  -0.304569  -0.182512   0.139407  -0.102293  0.0187089 -0.0807859  -0.371664   0.278944  -0.245175  -0.353228    0.34279  -0.114747   0.183644   0.166965  -0.400822    0.31052  -0.552443   0.232018 -0.0387357  -0.420178    0.86136   0.139475  -0.374823   0.598356   0.105893
 -0.599086  -0.388153   0.405992  -0.130901   0.138885  0.0834778 -0.0757027 -0.0953032  0.0244769   0.965273   0.230777  -0.281802   0.277897   0.263173  -0.215762 -0.0763217   0.654211  0.0248533  -0.508505  0.0427614   0.418234  -0.273405 -0.0890864  -0.325029  -0.646193   -0.09679  -0.484732   0.206778  -0.368996  -0.265431 -0.0510685   0.159321
   -0.231212    -0.183862    0.0586911 -0.000537743    -0.113155    0.0213037     0.138989    0.0895694    -0.370286   -0.0403579     0.442558    0.0701897    0.0344312    -0.178094     0.100135    0.0809242     0.474483      0.40897    -0.589771   -0.0814802    0.0309746    -0.057089    -0.295883     0.197542   -0.0832556     0.401401   -0.0312523    -0.293725     0.184191  -0.00486586    -0.305109    -0.188103
 -0.0335119    0.290615   -0.377728   -0.406597    -0.27268   -0.382002   -0.182407    0.430895   -0.159847    0.411973   -0.495645  -0.0186225   -0.114279    0.697794   0.0162908 -0.00891637     0.14295    0.112622     -0.1905   -0.140069    0.443119    0.318832   -0.408801  -0.0640945   -0.199111   -0.202105    0.424572   0.0792464    0.413033    0.265366  -0.0319073   -0.389563
  -0.517769     0.24461    0.260473    -0.20488   -0.105582     0.07149    0.368534 -0.00207132 -0.00795297  -0.0848479   -0.288806   0.0272023    0.228837   -0.335002    0.105476   0.0096652  0.00493003   0.0262458   -0.267328   -0.177388   -0.115868 -0.00723658    0.243881   -0.377432   0.0141605    0.347166   -0.277803    0.535493   0.0142024   -0.102318   -0.270649   0.0139219
  0.253969  -0.465896  -0.367364 -0.0101383  -0.103769  -0.426286  -0.158055   -0.26257  -0.774111 -0.0548674   0.884928   0.201507   -0.61926   -0.24803  -0.271949   0.772097   0.181082  -0.178752  0.0770953  0.0832716 -0.0702926  0.0444937   -1.22888   0.110874  -0.665596   -0.70179   0.415249   -1.20218   0.368827   0.233618   0.438312   -0.52371
-0.00110485  -0.0847614   0.0995127   -0.101377   -0.100857  -0.0394934   -0.186113   0.0742913   0.0360818    0.250379   -0.131356  -0.0773416   0.0524095    0.300364    0.100438   0.0361728  -0.0033656   -0.129752   0.0475215  0.00594572    0.222931    0.122403    0.014953   -0.019903  -0.0107778   -0.296491  -0.0237828     0.11979  -0.0898076   0.0890497  -0.0126026   0.0158781
   1.06485  -0.223349   0.299671  -0.436675  -0.256288    0.01584  0.0944401   0.276797 -0.0502941   0.637736   0.509245  -0.074421 -0.0300858     0.2327   0.292902   0.293086   0.187636  -0.411324   0.303183   0.254342 -0.0288631   0.813255   0.830163   0.253637  -0.340044  -0.233593  0.0348959   0.162706  -0.249656   0.251751  -0.533149  -0.106804
  -0.236971  -0.0928569  -0.0528354  -0.0539963   -0.041563   0.0820439   -0.195225   -0.106341   -0.146108    0.139621     0.12813    0.171631   -0.180129      0.1507   -0.140483   0.0697218    0.119764   -0.199685    -0.10818    0.284598    0.148041   0.0303486    0.325821   0.0764194   -0.177768    -0.22609     0.16204   -0.159019 -0.00190703   0.0573519    0.136382  -0.0627743
  0.225192   0.484926   0.288043  -0.285146  -0.119952   0.460472   0.362524   0.174719   0.436058 -0.0505851  -0.743401  -0.382319 -0.0727255  -0.187033  -0.632131   0.214968  -0.509298   0.284326  -0.622528  -0.414817  -0.453935  -0.416899   0.736186 -0.0335826   0.787951  0.0513794  -0.346689   0.730411  -0.133052  -0.279364 -0.0351764   0.377889
 -0.611166  -0.725806   0.543073  -0.162203  -0.191394 -0.0616612  -0.233732   0.043539  -0.183531   0.758738   0.308149   0.250247   0.224183  0.0733004  0.0622198  -0.231924   0.676087   -0.38511  0.0997943  0.0426538   0.414147  -0.378501  -0.249721  -0.331885  -0.880744  -0.260346  -0.500604  -0.168762  -0.530338  -0.182547  -0.417874   0.314534
 -0.136223  0.0424882  -0.590309  -0.644375  -0.113425   -0.29348   0.320222  -0.184788    0.13247  0.0544843    -0.1395  -0.803119  0.0646168  -0.356885 -0.0602227  -0.490453  -0.272125   0.106355   0.237851   0.571086   0.379614   0.198313   0.300956   0.128925   0.684431 -0.0908799  -0.259014   0.877946   0.322428   0.123565  -0.241711   0.247202
  -0.0437877      0.12938    -0.066868    -0.121073   -0.0730229     0.045061    0.0760958    0.0599125    0.0364191    0.0451713   -0.0618924    0.0300252   -0.0366586   -0.0320531    -0.142742    0.0643449  -0.00315869    0.0577748    -0.140423    0.0155411   0.00266244 -0.000883141     0.142146    0.0193913    -0.044733    0.0471861   -0.0335584     0.203703    0.0531376   -0.0724581    0.0285912   -0.0277592
 -0.0576895   0.0644776   -0.225862   -0.294357 0.000468027   -0.125831  -0.0453498    0.320193    0.244036    0.381572   -0.268665   -0.297844   -0.109678    0.162279    0.293661   -0.104216   -0.289415  -0.0915401   -0.309964    0.281344   0.0298054    0.217265  -0.0109638   0.0309674     0.28411    -0.43037   -0.216306    0.662939    0.105086 0.000312213    0.144048  -0.0487493
 -0.494387   0.325154 -0.0335206    0.26706   0.290052    0.22365   0.101233   0.308906  -0.177917  -0.549319   -0.48717  -0.251195  -0.377632   0.265497 0.00931299   0.256754    -0.3316  0.0402002  -0.242853  -0.327716  -0.046671   0.311402   0.287084   0.400379  0.0576393  0.0670656   0.624109   0.235293  0.0133257 -0.0315018   0.291593 -0.0720554
 -0.209704  -0.112262   0.184111  -0.130682  0.0532279  0.0888955  -0.143286  0.0177551 -0.0953668   0.248355 -0.0240458 -0.0667379  0.0618692   0.147803 -0.0290597 -0.0723056  0.0863831 -0.0645291 -0.0971173 -0.0500752  0.0881807 -0.0548976 0.00147489  -0.167655 -0.0522013 -0.0836346 -0.0535677  0.0667757  -0.137063 -0.0604655  0.0383582  0.0128005
    0.106208    -0.185909   -0.0930056     0.172682    -0.407575    -0.149079   -0.0422739    -0.102129   -0.0209406    -0.310755      0.74248    0.0687814    -0.298107     0.378721   -0.0222685   0.00491586     0.592358   -0.0563438     0.172858     0.398318     0.660008     0.182763     0.755486     0.118588     -0.53208    -0.737808     0.099193    -0.123968     0.191482     0.325686     0.171901 -0.000376544
 0.0783458   0.693217  -0.541796   0.492979  -0.408174  -0.321861   0.740921   0.291517   -0.45411  -0.876356   0.315374   0.361311  -0.628557  -0.347013   0.434248   0.118441   0.544544   0.347326  -0.101024 -0.0719542  0.0989894  -0.180473   0.046758   0.883168  -0.686622  -0.378659   0.467557   0.367647   0.552294 -0.0605122   -0.63927  0.0701186
   0.259415   -0.200873     0.17118    0.022866   -0.105933   0.0510877   -0.108954   -0.113535    0.129209    0.154293    0.362801  -0.0690302  -0.0335665   0.0789648   0.0733341     0.16793    0.145133   -0.205441   0.0451078   0.0330932  -0.0590503    0.196467    0.184091    0.165549 -0.00952834   -0.359825  -0.0588792    -0.27031   -0.118345 -0.00253628  -0.0474681   -0.149203
  0.369936   0.202118  0.0871954  -0.413316  -0.215577   0.153758  -0.484873  0.0415915   0.207722  -0.113486  0.0930859   0.231089 -0.0702756   0.295607  0.0531674  -0.264489   0.377928  -0.692218  -0.415368  0.0931743  0.0173476   0.528921   0.577655  0.0737594  -0.456148   -0.56696 -0.0708857   0.217254  -0.141106  -0.209798  -0.012446   -0.14214
  -0.371311   0.0120399   0.0314333  -0.0749446   0.0541222 -0.00782716   -0.237324    0.155417   -0.273068    0.313325  -0.0929831    0.119464   0.0703645    0.359281  -0.0118109   -0.148989   -0.156401   0.0268708   -0.178303    0.101408    0.271588   -0.174073 -0.00765444    -0.29037  -0.0653333   -0.055751   -0.132865 -0.00620465  0.00858296   0.0982597    0.267163  -0.0505975
 -0.0323059  -0.0131407   0.0238886  -0.0337943  -0.0968888  -0.0164272    -0.13904   0.0272548  0.00168252    0.223249  -0.0912736   0.0183215  -0.0238093    0.207341   0.0243013   0.0686079   0.0231767  -0.0557838 -0.00110145   0.0536279     0.14815   0.0542497  -0.0580013    0.048009  -0.0578171   -0.192655  -0.0175043  -0.0435382   0.0398964   0.0440283  0.00277171  -0.0292879
   0.33963 -0.0285466   0.150637  -0.200853  -0.200405   0.100611  -0.197297   0.150726   0.253301  -0.185387    0.20793 -0.0491165  -0.280091  0.0384304   0.291996  0.0475884    0.58843  -0.408241  -0.106775  -0.286992  0.0271311   0.706727   0.622211   0.172213  -0.488677  -0.264629  0.0546765 -0.0413351  -0.175132 -0.0812366  -0.127603   -0.30533
   0.198637   -0.124587    0.150272   0.0822937   -0.250784   0.0511236  -0.0786416   -0.102795   0.0252722   0.0722379    0.179703  -0.0509906  -0.0802836    0.280133    0.012678    0.149628    0.158277   -0.225656   0.0453139   0.0947038 -0.00313683    0.108635    0.220591    0.185792   -0.100117   -0.376487  -0.0365691   -0.343864  -0.0330465    0.101322   -0.172279   -0.103061
  0.338767  -0.392841  -0.138162   0.352415  -0.283803   -0.32555  -0.064429  -0.293318   0.488693  -0.235305   0.502564  -0.221507   0.135006   -0.16797   0.104443   0.423061   0.432035  -0.164954   0.404569   0.111372 -0.0989272   0.150568    0.39893    0.32569  -0.069802  -0.357818  0.0708349  -0.322275  -0.213193   0.308604   -0.10984  0.0414992
  0.157607   0.151691  -0.137647 -0.0822846  -0.115094  0.0327407   0.181605    0.07877   0.155981  -0.157791  -0.150777 -0.0716921 -0.0241799  -0.123258 -0.0579816  0.0902633 -0.0780972 -0.0379922 -0.0596888 -0.0566107 -0.0715549   0.101804   0.170696    0.10086  0.0683145  0.0766445 -0.0260556   0.265901 -0.0404485 -0.0492795 -0.0668041 0.00841841
   0.128573  -0.0733307   -0.115187  -0.0531987  -0.0731376    0.371286     0.24504   -0.190068   -0.308329   -0.109948    0.157286    0.170959 -0.00121435   -0.128641    0.197938   0.0291488  -0.0572241  -0.0213535   0.0562871   0.0567973   -0.383285   0.0421131    0.244701    0.263288    0.168957    0.184993   -0.024788   -0.277818    0.146869    0.182051   -0.276192   -0.214377
 -0.191214   0.154373  0.0533822  -0.236899   0.254011  0.0946909    1.05324   0.331847  -0.246125  -0.357426  -0.418225  -0.189125   0.381826  -0.423222 -0.0761046  -0.441989  -0.607672   0.469507  -0.235872  -0.787929  -0.477195 -0.0253974   0.474244  -0.136598   0.490283   0.926605  -0.566413   0.927209     0.1428  -0.507072  -0.331821   0.300159
   0.266015    0.207961   -0.264971  -0.0190341  -0.0447206   -0.101526     0.27419  -0.0428864    0.221277   -0.543743    0.078076  0.00683635  -0.0701051   -0.254564    0.194249    0.112042    0.105775   -0.118429    0.126817    0.153345  -0.0503398    0.242158    0.399125      0.2353 -0.00628253   0.0730171    0.091213    0.246985  -0.0306574    0.221191   -0.078156 -0.00460583
   0.256393   -0.223059   -0.111057    0.577785    -0.33681 -0.00176794    0.141076    0.458871 -0.00114789   -0.355942    0.432023    0.274269     -0.4407    0.281463     0.46832    0.260998   -0.411898   -0.971574    0.404714    0.627045    0.608625    0.134087   -0.206455    0.948322  -0.0944324   -0.447449   -0.097107    0.258271    0.258669    0.313491   -0.212765   -0.357349
0.00160142   0.395895   -0.36832  -0.177387  0.0266249  -0.159135   0.116869  0.0973984  0.0862063   0.103242  -0.381829    0.25201 -0.0772793  -0.137955  -0.188762  0.0508427  -0.201535   0.154509  -0.209237  0.0192564  0.0159742  -0.011981  0.0128295   0.221283  -0.142382   0.153952  0.0726235   0.495718   0.324455 -0.0261128 -0.0264994   0.231916
 -0.0576298   0.0670749   -0.108011  -0.0572761 -0.00444027   0.0250774  0.00641934   0.0238126  -0.0400028   -0.134535   0.0175508 -0.00367646  -0.0245384    0.037861    0.158328  -0.0147715   0.0549834  -0.0867598  0.00271485     0.13807   0.0729941    0.146456   0.0932705 -0.00648789   -0.100524   0.0729993    0.135862    0.190613   -0.105966   0.0258993    0.089281   -0.135637
 0.00780941   0.0390991   0.0530071   -0.053702 -0.00563527   0.0559834   0.0141617   0.0383823  -0.0701958  0.00648882   -0.103887   0.0252828 0.000914668  -0.0128273  -0.0908034  -0.0562174  -0.0516838  0.00912862  -0.0240056   -0.103731   0.0952828  -0.0141982   0.0405017  -0.0560136     0.04344   0.0615881   -0.039342   0.0273061   0.0483469  -0.0802708   0.0102987   0.0182693
  0.118979  0.0296748  0.0124602  -0.018844 -0.0467857   -0.15882  0.0432824 -0.0358323   0.273855 -0.0798142  -0.102474  -0.165927  0.0455611  -0.135881  -0.037521   0.026888   0.118248 -0.0519228  0.0834331   0.129707  0.0546409   0.126734   0.101234 -0.0320593   0.174856  -0.165247 -0.0588606   0.272308 -0.0754538  0.0618529  0.0178019   0.129242
-0.00635103   0.0124169 -0.00376956 0.000688988  0.00451699  -0.0142878 -0.00167948  0.00287425 -0.00411955  -0.0110224 -0.00746453 -0.00721156 -0.00666664   0.0115872  0.00717717 -0.00476925 -0.00424991  0.00367539  0.00613838  0.00274617   0.0031943   0.0116883  -0.0100002  -0.0091627 -0.00445881   0.0033702  0.00274552  0.00457345  -0.0103563  0.00998186  -0.0078767 -0.00798618
 0.00895205  -0.0538387  -0.0192607   0.0199647 -0.00448949  -0.0245351  -0.0202929  -0.0567708   0.0031791  -0.0462212   0.0348105  -0.0577381 -0.00998414  -0.0120469 -0.00031349   0.0317465   0.0992797   0.0104024   0.0139366   0.0280054    0.011317   0.0189722  0.00685504   0.0104905  -0.0289452   0.0251814   0.0661495  -0.0392546  -0.0240404   0.0274259 -0.00746496  -0.0441103
 -0.110439 -0.0704875   0.104745   0.127744 -0.0469458  0.0128342  0.0154212  0.0502858  0.0279299  -0.010851  0.0584783 -0.0249981  0.0147459  0.0219955 -0.0151549  0.0684918 -0.0505624 -0.0013296  0.0240434 0.00548441  0.0187714  0.0061426  0.0568997 -0.0197043  0.0825086  -0.097347  -0.153557 -0.0896355 -0.0469206 0.00246009  0.0284814   0.128164
 -0.00756787    0.0146002    0.0460499   -0.0215098    0.0153627   -0.0238583   -0.0174903    0.0788259   -0.0283205   0.00547674   -0.0188787      0.02252    0.0299604    0.0576305   -0.0181874  -0.00903957  -0.00254697    0.0029038 -0.000330528   -0.0185191    0.0520684     0.037289  -0.00122976   -0.0215671   -0.0134481   -0.0096677   -0.0265182    0.0280312   -0.0120086  0.000590702   -0.0125124    0.0131176
  0.0443838    0.018891   0.0196647  -0.0378848   0.0365069  -0.0341531   0.0113869   0.0360287 -0.00736439   0.0425981   0.0639487    0.092075   0.0267841   0.0519543  -0.0894034    0.016447   0.0636494 -0.00926176     -0.1026  -0.0280553  -0.0604479   0.0179776  -0.0462808  -0.0204815  0.00900814   0.0393057   -0.104407   -0.129494   0.0376496   0.0118661  -0.0644792  -0.0775572
 -0.0392196   0.0174095    0.030988 -0.00351689  0.00766591   0.0511366  -0.0393781   0.0237786 -0.00170251   0.0248074  -0.0337648  -0.0117738  -0.0409873   0.0373319   0.0212649 -0.00783534  -0.0168103  -0.0202625 -0.00424764   0.0425695   0.0657706   0.0261316   0.0392009   0.0268072    0.043103  -0.0586573   0.0558712   0.0125068   0.0190114  -0.0330131   0.0403531  -0.0091832
-0.000765639  -0.00501943    0.0139868   -0.0159773   0.00563629  -0.00427692   -0.0149939   0.00966749   -0.0149254    0.0150492  -0.00128598  0.000970892   0.00262636    0.0198767   -0.0161203  -0.00447446   0.00654793 -0.000464668  -0.00225158  -0.00634382   0.00937697   0.00596521   0.00325957  -0.00852603  -0.00805805  -0.00246277    -0.014298   -0.0176036   0.00729485   0.00820573   -0.0169823  -0.00725264
