   0.14304
  0.312753
 0.0470166
 -0.199529
-0.0508648
  0.418195
  0.344111
  0.523186
-0.0110691
 0.0479131
 -0.259897
  0.361828
  -0.15887
  0.120599
  0.252106
  0.159848
  0.131617
  0.514536
  -0.47168
 0.0614236
 -0.561852
 -0.554025
-0.0994171
  -0.30393
 -0.303914
  0.438544
 -0.219535
  0.228935
  -0.16429
  0.339379
 0.0146586
  0.149501
  -1.25387
  -0.50731
 -0.359833
  0.245235
  0.574382
  0.181517
 -0.210665
  0.236343
  0.330535
  0.105228
 -0.492902
-0.0983827
  0.526812
 0.0088945
  0.133609
  0.472613
  0.503587
 0.0320882
  0.187518
  0.495746
 -0.613582
  0.238297
-0.0156588
  -0.45748
  0.371692
  0.181622
  0.656473
  0.751599
 -0.606559
 -0.173139
 -0.122057
 0.0396035
  0.351983
 -0.454554
 -0.384318
  0.210536
 -0.260616
  -0.83847
 -0.153493
-0.0454477
 0.0129923
 -0.602648
 -0.183563
  0.436736
  0.141798
  0.959934
-0.0752769
  0.478958
  0.628716
  0.176876
 0.0447379
-0.0381403
  -0.69181
  -0.17978
 -0.354802
 -0.153986
  0.315646
 -0.588015
 -0.303564
 -0.294835
  0.427721
  0.381142
    0.1083
 0.0246142
  -0.49335
  0.804757
 -0.720219
 -0.906201
   0.55511
  0.513142
  0.264865
  0.192471
 -0.149441
  0.121309
 -0.796661
  0.574098
   0.89212
  0.184005
 0.0538493
 0.0464811
  0.170525
   1.08129
 -0.256218
   0.39049
  0.154103
-0.0925624
 -0.611766
     0.305
-0.0567095
 -0.105753
0.00199779
-0.0753497
 -0.176721
 0.0911522
  0.375884
 -0.269727
