 -0.492996
 -0.317255
 -0.183752
 -0.499432
 -0.551311
 -0.206755
 -0.331765
 -0.381044
 -0.174522
 -0.359773
 -0.636305
 -0.415623
 -0.410574
  -0.36249
 -0.148699
 -0.348843
  -0.15003
 -0.351509
 -0.349195
  -1.60057
 -0.304076
 -0.417992
 -0.381645
 -0.443516
  -0.59282
 -0.405724
 -0.306082
 -0.501107
 -0.367259
 -0.225245
 -0.157444
 -0.524616
 -0.400637
-0.0826737
 -0.197262
 -0.263305
 -0.161954
 -0.297893
 -0.398205
 -0.441064
 -0.248741
 -0.282386
 -0.372882
 -0.522207
 -0.419079
 -0.448843
 -0.297544
 -0.395653
 -0.389879
 -0.500872
 -0.333496
 -0.300596
 -0.722038
 -0.371937
 -0.396535
 -0.441238
 -0.590391
 -0.311271
 -0.376669
 -0.487435
 -0.385017
 -0.443651
 -0.275034
 -0.401668
 -0.224588
 -0.328371
 -0.508126
 -0.345881
 -0.271257
 -0.606487
 -0.327748
 -0.171072
 -0.146027
  -0.46601
  -0.34433
  -0.54711
 -0.295929
 -0.385396
 -0.256337
 -0.407272
 -0.270727
 -0.313685
 -0.326226
 -0.464718
 -0.359337
  -0.35579
 -0.550861
 -0.455926
 -0.323933
 -0.308683
 -0.385516
 -0.599125
 -0.308663
 -0.337828
 -0.636204
 -0.278425
 -0.303281
 -0.401537
 -0.371064
 -0.370518
 -0.328803
 -0.274088
 -0.335147
 -0.398311
 -0.306101
 -0.445369
 -0.182405
 -0.192846
 -0.355142
 -0.327308
 -0.466619
 -0.332141
 -0.473412
 -0.535225
  -0.38092
 -0.394372
  -1.25117
 -0.590224
 -0.222595
 -0.263731
 -0.191609
-0.0517453
  -0.52478
 -0.555197
 -0.328212
 -0.429337
 -0.497618
  -0.23025
