    0.189562    -0.253395    -0.452656     0.021031   -0.0546818    -0.352568     0.171656     0.399552     0.459209     -0.71375     0.478686    0.0235447    -0.224706    -0.183319    -0.458757    -0.404057     0.111957     0.392846    -0.663514    -0.283794    0.0231762    -0.720927      0.16605    -0.395753     0.485834    -0.249071    -0.126707    0.0833793     0.446405     0.183456    -0.694147    -0.119059
     0.13373   -0.0527621     -1.59743     -1.16287     -0.11011       1.4941      1.20405    -0.376698      3.08995      0.79212     0.326156      1.52035    -0.699811      2.08848     -2.03743    -0.720396      1.66117     -2.11471     -1.10482     0.385856    -0.393959    -0.774358      1.55238    -0.356562     -1.61884     0.443947    -0.394748      2.26574     -1.41578      1.50822    -0.527612     0.929591
    -1.16828      1.04051     0.392855     0.295509    -0.488236      -1.4164    0.0679385     -0.33374    0.0555692    -0.232605     -1.31802    0.0818754     -1.25309   -0.0129748     0.830777     0.153018     -0.51039    -0.670889     0.402846   -0.0726804      1.17496     -1.34049     0.236546    -0.443999   -0.0510133     0.467478     0.214946    0.0313065    0.0504687     0.038688    -0.077454      0.18402
   -0.490117   -0.0514113     0.177249   0.00519656     0.564258    -0.308677    -0.639083    -0.823528   -0.0575367    -0.318114     0.454799     0.803361    -0.284135     0.774761     0.807649     0.637016     0.512757    0.0526632     0.156912    -0.860357     0.896888    -0.898436     -0.15382    0.0921688    0.0592169   -0.0314942     0.221451     0.575023     0.339202     0.241962   -0.0230826    -0.452345
   -0.156798     -1.03085     0.797543      1.07734     0.590555      0.27478    -0.373456    0.0334105    -0.746057    0.0896828      0.20205    -0.336218     0.333335     0.563423    0.0598835     0.785612     -0.28387     0.223224     0.245766    -0.186588    0.0461824    -0.514842     0.258538    0.0233889    -0.527882   0.00241986   -0.0390832    -0.046437    -0.265062       -0.237     0.295644     0.482495
   0.0791963    -0.442024    -0.923968      1.02851     0.745197     0.591494      0.30548    0.0758574    -0.332851    -0.185776   -0.0196014     0.357326     0.367598     0.581933     0.172214     -1.06397     0.213021     0.515444    -0.655735     0.429052  -0.00798536    -0.424021    0.0989949      -0.4731     0.272818     0.185966     0.230911   -0.0259603      0.16117      1.48954    -0.273791     0.195417
    -0.35437    0.0806738    -0.533841    -0.337116    -0.711407     0.118123     0.654144      1.05688    -0.232237    -0.369485     0.582368    -0.327706    -0.333318    -0.451356    -0.574249   -0.0240953    0.0285962     0.241902  0.000583344   -0.0416977    0.0576869    -0.402149     0.807489     0.488884     0.379861    0.0651214     0.269217    -0.130043    -0.375021     0.324785     0.188521     0.119149
   0.0805188     -1.14374     -2.14721     0.810559    -0.200394    -0.944292     0.730781     0.756219    -0.147593     -1.00403      1.74345     -1.18561    -0.358367    -0.908985     0.928097     0.914743     0.221423      1.46048     -1.14921     -0.33187     0.690344    -0.312617     0.244748      1.28118     0.612832     0.340193    -0.790838     -0.54171     -0.79701   -0.0985129    -0.274466     0.221926
   0.0300395     0.441437   -0.0557959    0.0287574    -0.411052    -0.196378     0.304861     0.126228   -0.0993189   0.00125416     0.523438    -0.180367    -0.851017    -0.321008    0.0172927    -0.222151  -0.00737403    0.0270818    -0.413546   -0.0804344     0.721711    -0.812631   -0.0181089     0.325304    0.0479447    -0.119062     0.452257   0.00776749     -0.32467    -0.511094     0.154561     0.526338
    0.836892   -0.0348273    -0.159968     0.587059     0.470653     -0.17617     -0.76928   -0.0755268     0.346476    -0.690642     -1.05981    -0.372907     0.408956    -0.136136   -0.0123398      1.39064    -0.368915     0.563749      0.28722   0.00388271    -0.623035     0.232344   -0.0540743    -0.408852      1.12641     0.130874    -0.722499    -0.749185     -0.18737    0.0953834    -0.107136  -0.00714036
    -0.37355     -0.27271     0.628898    -0.344073    -0.162499    -0.556059    -0.175137    -0.504022    -0.384594    0.0770802    -0.121062     0.149747    -0.372343      0.70095     0.415341     0.229184    -0.388796     0.150868    -0.205738     -0.16951    0.0569471    -0.603454     0.797578    -0.123303    -0.141947    -0.118559    -0.324871      0.39444    0.0738648     0.484268     0.161416    -0.265165
  -0.0437911     -0.66875      0.77913     0.486277     0.565873    -0.111688    -0.587876     -0.12518     0.319732    -0.180661     0.313325      1.30871     0.569405    -0.454747     0.499417    -0.019178     0.327032     0.861871     0.528078    -0.585379      1.82997     0.362288    -0.206116   -0.0802904    -0.778174   -0.0535789     0.713023   -0.0489239     0.119527     0.779333      0.15427     0.191438
   -0.708987    -0.699195    -0.130438       1.0419    -0.366545    -0.206482    -0.587686     0.173279    -0.106482    -0.115248     0.937671    -0.697907     0.993341     0.342782    0.0837042   -0.0643421    -0.230452    -0.214924    -0.300927    -0.410285    -0.214141    -0.519642     0.242219     0.440964    -0.740678    -0.577297    -0.109429     0.346471   -0.0575603   0.00768464    -0.117222      1.04108
    -1.13068    -0.873137     0.314988     0.780708     0.532977     0.330111     0.384737     0.129878    0.0595083     0.198457      1.41253     0.226401     0.998823     0.799648    -0.326577    -0.257442     0.378688    -0.108393     0.814703     0.135431     0.106444   -0.0631552    -0.321932    0.0798315    0.0368202     0.270912    0.0925205    0.0705499    -0.506349    -0.147352     0.144542      1.34992
    0.684316    -0.466756     0.637867    -0.332056     -1.12791      0.34028    -0.155652     0.542907     0.501631    -0.432523     0.570541    -0.650859     0.199698    -0.846264    -0.791394    -0.399362    -0.935593      0.44205    -0.054915    -0.642399     0.480106     0.422026    -0.506144    -0.261445     0.245376    -0.272996     0.967902     0.687403     0.972062    -0.237916     0.265483   -0.0519766
    0.261065    -0.113046     -0.17189   0.00443871     0.113418    -0.544402    -0.302246     0.866514    0.0519268     0.368409   -0.0695834     0.506093   -0.0232871    -0.138722    -0.385437      1.02321     0.269835     0.506037    -0.374633     0.285294    -0.324817    -0.257831    -0.633345     0.674194     0.758287   -0.0956675    -0.166213    0.0907774      0.30603    -0.317967      0.13672     0.549565
    0.355996    -0.878387       1.3618     0.806944      1.03363     0.363853       1.1172     -0.60399    -0.165587     0.247419    -0.208941     0.630321     0.730832    -0.628629    -0.370567    -0.617524     0.669055    -0.290536    0.0307478    -0.757265      1.05917      0.62587    -0.818708     0.539632    -0.887112      1.27371      0.17705    -0.362428      0.81974    -0.341784    -0.484521    -0.358742
   -0.230312     -1.29535     -1.00653       1.4971     0.342272     0.577891    -0.672742     -0.08332    -0.785411    0.0281708     0.747096     -1.57496      1.08089    -0.717311    -0.601874    -0.271665      0.19861     0.320675    -0.761507    -0.269074     0.772823    -0.218425    -0.333236    -0.603109     -1.89241    -0.147004      0.44131     0.445405     0.663919    -0.664299    -0.431302     -1.14852
    0.105748    0.0238906     0.247197    -0.444025    0.0180051     0.104825   -0.0737195     0.414593   -0.0454017    -0.174382    -0.327636    0.0121014     0.415993     0.410269    -0.474472     0.865834     0.427951    -0.193364     -0.32572     0.190802    -0.522305    -0.157749    -0.347282     0.167216    -0.541333     -0.21575    -0.289322     0.189681     0.607849    -0.196178     0.406309     0.020242
    0.250082    -0.279724    -0.462382     0.546435    -0.217065    -0.536037     0.159968     0.134894     0.532408     0.315832     0.258402     -0.11297    -0.119778    -0.863232    -0.969976      1.38072     -1.28816    -0.604979      0.35162     -0.65282    -0.788348   -0.0294641     0.172133     -0.72616     -0.26219      1.53473    -0.206281    -0.155872    -0.323122    -0.154221      -1.0132     0.914955
    0.809061    0.0261771     0.371758      0.14241    -0.153758    0.0834387     0.747923     0.847145     0.728279    -0.344296    -0.202054     0.221201     0.376085   -0.0887004   -0.0088634     0.230714     -0.06215    -0.197267   -0.0189301     0.296573    -0.493419     0.607813     -0.25451    -0.554745    -0.394781      0.33743     0.288318    -0.152667     0.297045    -0.446181   -0.0085161    0.0740808
    0.416142     0.102992    -0.187456      0.98415     0.258602    -0.125256     0.305936    -0.928686     0.345363     0.134256     0.676193     0.747623    -0.103618     0.918407     0.411042    -0.246312      1.57663    -0.161335     -0.10902    -0.227891     0.528267      0.72968    -0.292604    -0.194903    -0.401884    -0.406525    -0.301023   -0.0297031     0.456448     0.254423    -0.224756     0.300931
    0.596962    0.0916347    -0.577617   -0.0624516    -0.869392     0.179691     0.639412   0.00333531     0.242218     0.321553     0.348268    -0.439064    -0.245618   -0.0911081    -0.251314     -0.90967     -0.41655     0.105673     0.337957     0.715049    -0.333592     -0.45396     0.142251    -0.525641      0.22509    -0.487803     0.152615     -0.68338    -0.549221    -0.816865     0.180552     0.311808
  -0.0633784     -0.13583     -1.00856    -0.014985     0.170343    -0.316384   -0.0537209     0.325322   -0.0698131     0.212722     0.506392     -0.68635   -0.0385325    -0.114194     0.272854    0.0197072     0.312751     0.261832     0.586157     0.278085    -0.447922    -0.406757     0.670376   -0.0488676   -0.0880004    -0.358428      0.34533    0.0701512 -0.000595283     0.566381    -0.057608      0.27407
    0.693525     0.107971   -0.0658339     0.263053    -0.343875    0.0804509     0.741843     0.303938     0.214476    0.0314279    -0.965831     0.524686    -0.202955    -0.164721   -0.0698069     0.275222    -0.105247    -0.449418    0.0820762     0.759531     -0.90644    -0.412819    -0.135479    -0.334322     0.177491     0.164924    -0.431133     0.263445     -0.32519      0.17661    -0.423768    -0.123398
   -0.901773    -0.919493     -2.31014     0.696038     0.156963    0.0116602     0.533069     0.932851     0.454245    -0.139639     -1.43023      -1.2053     -0.67224     -1.89237    -0.396625    -0.825138     -1.27906     0.623691      2.51463    -0.693074     -1.43783     -1.70024     0.476578    -0.998274     0.875771      1.01566   -0.0149198      0.48425     -1.75273     0.512848    -0.561705    -0.081162
   -0.188157    0.0957134      0.52954     0.143688     0.487639    -0.912456    0.0796458     -0.31085   -0.0841369    -0.856279      -1.1799    -0.448978    -0.853835      1.17528   -0.0402915    -0.140999    0.0051777    -0.144607   -0.0769311    -0.430903     0.584594     -0.76765    -0.361315     0.570433   -0.0746152    -0.609076    0.0845923    -0.421074    -0.479686     -0.25293     0.333475    -0.171361
    0.252717     -0.44776     -1.40869    -0.336483    -0.466969     0.257936     0.140117     0.558739     0.606168    0.0664342     0.273944    -0.633365     0.154608      0.61289     0.325652    -0.630261     0.861909      -0.3566    -0.301655     0.393413    -0.931053    -0.532497     0.959338     0.360337     0.644399    -0.720939     0.629986     0.838816    -0.835253      -1.0496    0.0171613      1.38278
   -0.721986    0.0204802     0.593892     0.439575     0.688125   -0.0664251    -0.146036    -0.210343    0.0531903     0.384564     0.208966     0.375554     0.971919     0.194369     0.814945     0.034035      0.30388       -0.676     -0.34954     0.558168    -0.333168     0.965287    -0.529099     0.642151     0.245979      0.60878     0.336847    -0.739088     0.983759    -0.304607    -0.193781    0.0577004
  -0.0840199      1.54839    -0.177741    -0.465736    -0.175692    -0.710066     0.433734    -0.061081   -0.0720363      1.50066    -0.282979      0.90545    -0.502571      0.78517     0.283183    -0.679884     0.719131    -0.589791     0.506945     0.012501    -0.682413   0.00613599     -1.28275    -0.237045      1.09642     -0.49488     0.266436     0.401169     0.152847     0.863893     0.322691   -0.0660218
    0.856162   -0.0980047     0.393423  -0.00359955    -0.564338     0.798695    -0.151972      1.19273     0.392638    -0.840455    -0.951784     0.448889      0.15993     0.578092      1.20167     -2.21799     0.636674     0.320471     0.331731     0.256665     -1.54282   -0.0485526    -0.973255    -0.109153     0.696435    -0.638551    -0.759437     -1.30205     0.946403     0.040223     -1.26519     0.267372
    0.845939     0.883867     -0.27958    -0.508058    -0.391106    -0.720277    -0.157446     0.062577     0.219265    0.0261521     0.391898     0.614968     0.500229    -0.120839     0.056674 -0.000663141    0.0913302      0.30216     0.233681    0.0416323   -0.0517151     0.681743    -0.380847     -1.16408     0.558722    -0.475154     0.396037       0.1093     0.194394    -0.385953    -0.424987     0.535202
   -0.312872     0.184402    -0.462274    -0.239621  -0.00232261   -0.0239615      0.53472    -0.145328   -0.0282689     0.217423     0.303582    -0.441053     -0.49365    -0.100792    0.0369448   0.00831611    -0.410725     0.515233    -0.319483      0.33765    -0.473081     0.146478    -0.125915     0.222709   -0.0266755     0.310992    -0.215533    -0.114653    -0.199164    0.0303447     0.502669     0.268573
   -0.441097    -0.134403     0.657339    -0.228306   -0.0301293      0.26827     0.511802    -0.863283    -0.635394     0.452205    -0.391984     0.103363     0.377222    -0.250862     0.480013     0.111098     0.542383     0.606265      1.09122     0.201537     0.443957   -0.0250625    -0.502654   -0.0892457     0.594192    0.0922437     0.440132    -0.323698     0.880974     0.404042     0.387583    -0.461188
    0.256693     0.360538     0.323008    -0.459549     0.581098   -0.0122278    0.0033648      0.30887     0.401337     0.186197    -0.545938     0.423306     0.242364     0.312457     0.336391    0.0580145   -0.0732106    -0.566724     0.556023     0.129478     0.196179     0.892952   -0.0636228      0.26487     0.124991    -0.418735     0.228595    -0.303977     0.317229     0.324784    -0.300326     0.121193
   -0.560103     0.227813      0.64318     0.320657      0.38552     0.857364     0.767101      1.63752    -0.407229    -0.100648      1.34746     0.423504    -0.372407   -0.0184043     0.112023    -0.531308     0.520774   -0.0184471     -1.26907    -0.265877    -0.188308      1.19718     0.030231       1.9737    0.0672186   -0.0922121    -0.616568    -0.449911    -0.394525     0.310292     0.561346    0.0150201
    0.606927      0.53038    -0.716143     -1.19559    -0.561278    -0.422474     0.287681      0.71177    0.0894483    -0.396451   -0.0168197    -0.137124    -0.358323     -1.13908    0.0536505    -0.323409    -0.456087     0.134154     0.164637     0.813575    -0.738472  -0.00146096     0.114565    -0.437872      0.62564    -0.400765     0.187829    -0.147423    0.0548193    -0.186108    -0.274499      0.43279
    0.563044    -0.315026     0.172986       1.4242    -0.590582     0.553468     0.679065    -0.308628      0.31198    -0.812906   -0.0746777    -0.240416    0.0951207     0.260008    -0.117933   -0.0737328     0.545367     0.488725    -0.634536   -0.0321237    -0.434795    -0.325012     0.323704    0.0714749    -0.139628     0.678098     0.111506     0.493202    -0.452342    -0.276403    -0.462139    -0.188401
    -0.28858    -0.268129   -0.0740725    -0.242221    -0.102264    -0.166284    -0.420312    -0.308119    -0.616432  -0.00965573    -0.105077    -0.219965    -0.254153     0.122618     0.815723   -0.0283042     -0.28195     0.493669    -0.383916     0.134985   -0.0416152     0.119481      0.31698     0.207186     0.493784     0.100914     0.887416     0.414966    -0.196671      0.33573     0.576615    -0.144927
   0.0625775    0.0774613    -0.296805     0.300065     -0.44165     0.531386    -0.493445    -0.324427    0.0652755     0.487966     0.233502     0.048097    0.0160011      0.11687     0.279964     0.478603   -0.0438477     0.603209    -0.505238     0.544044    -0.528572     0.894994     0.186461    -0.434306    0.0861223      0.33971   -0.0934579      1.04476    -0.140898    -0.433587    -0.907145     0.299475
     0.43492     0.733383     0.266572    -0.366479      0.34667     0.197087     0.159551    -0.532605      1.34149     -1.02589    -0.122582      0.22255     0.059309     0.371811    -0.443543     0.247253     0.892017    -0.406721     0.682041     -0.50592    -0.103881    -0.672622     0.401382    -0.236863     0.120436   -0.0294022     -0.33366      0.99325     0.444958     -1.02652    0.0774092    -0.510103
    0.137458    -0.292255    0.0807908     0.184015    -0.158605    0.0943671     0.272901    -0.457001    0.0574472    -0.202739    -0.296975   -0.0594225    -0.155981    -0.340079     0.153082     -0.18552    -0.144761     0.282246     0.100713    0.0361962    -0.358686    -0.156149     -0.29619     0.202627    0.0744048    -0.473193     0.189789     -0.09346    -0.350528     0.613323     0.185451    -0.476626
   -0.304292    -0.172723   -0.0353766     -1.26459    -0.179881    -0.107366    -0.227944       -0.191    -0.173388     0.247124     0.281001    -0.125443    -0.561759     -0.86943     0.175011     0.196344    -0.329972    -0.258963    -0.326874    -0.659953    -0.290256    -0.272811     0.996445       0.2277    -0.749688    -0.662554     0.636184     0.389463    -0.862967    -0.182337    -0.688806    -0.372502
    0.066766    0.0717359   -0.0171844    -0.545641   -0.0355268    0.0947931     0.141736    -0.385651     0.798452       -0.097    -0.767993   -0.0161135     0.284056   -0.0330531      0.38178    -0.501217     0.271121    -0.971365     0.393591    0.0786193    -0.143998     0.408423    -0.624046    -0.204501    -0.170213     0.171066     0.220508     0.282835    -0.445985    -0.214024    -0.220434     0.387429
   -0.687248    0.0967991     0.766715    -0.350918    -0.488233    -0.254442   -0.0771496    -0.161964     0.305856    -0.391813     0.176002   -0.0186348    -0.608292    0.0586463     0.789731   -0.0518563     -0.52895      0.60109     0.782115     0.514164    -0.446944    -0.287269    -0.357385    -0.253605    0.0787687      0.45359     0.136394    -0.838449      1.07072      1.09269     -0.79627    -0.688154
    0.729311   -0.0972568    0.0701557     0.546139     0.187795     0.210054    -0.400683      0.14909    -0.394138    -0.165801     0.196241   -0.0488832     0.554672     0.361836     0.513647     0.471623     -0.74353     0.378057     0.464681    -0.637306    -0.768476    -0.215213   0.00596934    -0.157088    -0.142617     0.160549    -0.194506    -0.990933    0.0625975      0.25214    -0.723707     0.889996
  -0.0553368    -0.836738     -0.66817    -0.963325    -0.126368      1.24073     0.806071     0.359513    -0.108244    -0.499248     0.062269    -0.154436     0.214846      0.45924     0.804914     -1.09514    -0.200218    0.0611525    -0.163183    0.0240752     0.607201      1.13954    -0.523701    -0.138259     0.796142    -0.719123      1.70692    -0.572054    -0.346966    0.0933709     0.607023    -0.601057
    0.622922    -0.230094     0.644267    -0.329026     0.907039     0.393472      1.11155      1.08446     -0.23693    -0.531408    -0.223379    0.0408363     0.612379    -0.201554      0.65546     -1.21675     -1.18579      0.25458     -0.51352    -0.593966     -1.23105      2.07333    -0.811922     -1.16323    -0.467628     -0.34774    -0.187469     -1.11493    -0.185256    -0.188649     -0.66322      1.24128
    0.946958      1.80416     -1.63835    -0.210052      0.19994     0.414567      1.13306    -0.181993       1.3898    0.0687771     0.147152     0.501354    -0.827651     -1.13463      1.00796     -1.06683     0.641178     0.571472    -0.472463     0.961874     -1.03549     0.371592    -0.360945    -0.278566    0.0197308    -0.320716     0.837173      1.19446     0.712032      1.01812     0.592918     -1.06484
    0.177002     0.442466    -0.625995     -0.35257     0.236565     -0.91093     -1.15163    -0.645216     0.716917    -0.419361      1.06007    -0.872531     -1.06482    -0.842944     0.403125      1.05587   -0.0589992      1.19772     0.166965     0.461631      1.15475     -1.47545    -0.803083    -0.231081    0.0900698    -0.224045     0.440576   -0.0213678      1.14824     0.425179     0.132728    -0.308339
    -1.04134      1.56849     0.283883     0.390911     0.291003     -0.74326    0.0994067    -0.158675     0.115448    -0.975009    -0.352277    0.0442836     -1.22889    -0.285594     -1.48786      -1.3275      1.14404     0.162019     0.410379     0.673831     0.680695    -0.980997     0.507717    -0.289398   0.00350136     0.135178     -1.72896    -0.096598     -1.02712     0.378332      1.06625     -0.31205
     0.76558    -0.586702     0.573617    -0.763608     0.281578     0.704804      1.63335     0.597173     0.864398     -1.15345     -0.95197     0.477634    -0.646323    -0.546641    -0.161516    -0.987427    -0.448253     0.301187    -0.977687      1.04834     -1.66459      1.09479     -2.14271    -0.298213     0.289881    0.0367728     -1.11633     -1.58852     0.997294     -2.07288     0.571037     -0.50352
   -0.356983    -0.218833    0.0590149     0.283253     0.353113   -0.0346571     0.664325    -0.221735    -0.337969    0.0545911     0.425227    -0.345736     0.219335   -0.0580484   -0.0710982    -0.267282    -0.221185    0.0297759    -0.111012     0.121947    -0.809729    -0.221934    0.0576987   -0.0416715    -0.190035   -0.0655539    -0.295322     0.439376    -0.113021   -0.0257779     0.388684    -0.233189
    0.484846    -0.275632    -0.628402   -0.0939269    -0.613858    -0.513017    -0.300427    -0.205075    -0.423467     -0.74212     0.245519   -0.0574686      0.81066    -0.751483    -0.241968    -0.602898       0.3534     0.582513    -0.845531     0.277482     0.158342     -0.25913    -0.129955    -0.893833    -0.194949    -0.170614    -0.235877    -0.642803    -0.444199    -0.405019   -0.0745418     0.155368
    0.423277    0.0339171     0.733199    0.0913421     -0.47137    -0.144649      0.41869    -0.801163     0.431015     -1.63786    -0.584231    -0.501691     0.647836     0.546398    -0.124425   -0.0162354    -0.617907     -1.73288    -0.745789    -0.680493     0.135263     -2.07637     0.911424     0.499316     -1.05185     0.447037     0.285983     0.585189     0.158248     0.536128     -1.28857    0.0875237
   -0.398503    0.0423515   -0.0154529     0.133155     0.337159    -0.673778   -0.0826157     -0.08093    -0.366337     0.459595    -0.214298     0.185199     -0.13756     0.239474     0.176406     0.697363     0.368315    -0.176421     0.632325     0.120451      0.26903    -0.124083    0.0249408    0.0637366     -0.22549    -0.296615    0.0233205    0.0417743   -0.0449444       0.7359     0.311329    -0.159446
    0.548633    -0.319342     0.590712     0.282771    -0.570064     0.261932   -0.0365166     0.856958    -0.781808    0.0474361       1.4829     0.524123     0.117233     0.755181     0.624279    -0.747616     -1.54278     0.612069     -1.24701     -0.74873     0.678808     0.709422     0.151561     0.608509    -0.805605    -0.684456     0.313805     0.159872       1.1452      2.13323     0.600522      1.37108
   -0.451402     0.472111     0.275862    -0.734544    -0.493236     0.343242     0.342871     0.884225    -0.179627     0.367459   -0.0636634    -0.455755    -0.666865    -0.045208     -0.85123    0.0332276     -0.10655    -0.424515     0.323721     0.313175     -0.15068       0.1734    0.0737319    0.0547813    0.0572422    -0.518487      -0.2969     0.376794    -0.665006   -0.0115808    -0.051367     0.128705
  -0.0101643     0.241391     0.130175    -0.628884    -0.822033      -1.2568    -0.421314      1.05338    -0.474843     -1.23307     0.593224     0.118199     -1.32511     0.253412    -0.289799     0.215146     -1.41027     0.554978    -0.200353      -1.2427      1.77201    -0.937827      1.44518     0.731745    -0.957329    -0.359443    -0.602301     -1.68155   -0.0359386     0.502154    -0.240927   -0.0992525
   -0.984528     -1.16444     0.259717     -2.56825     -1.77985     -1.29653      -1.0337    -0.819315    0.0189127    -0.647233     -1.47888    -0.946831    -0.980182      1.10034     0.575822      1.16057     -1.59465    -0.405217     0.786686     -0.55268     0.869976     -2.64462   0.00739382     -1.80688    -0.300669    -0.839959      2.78135      2.23881     0.544205    -0.119345   0.00042688     -1.62537
    0.626357    -0.760789     0.616273     0.271978    -0.166275    -0.691976     0.538987      1.46724     -0.80175    -0.775204    -0.572145    -0.132344     0.684413   -0.0100454    -0.576904   -0.0069347     0.934967     0.406864     -0.57077      0.86597   -0.0763387    -0.384011     0.100561    -0.519905     0.449025    -0.274311     0.551886    -0.544427     0.189815    -0.399691     0.436468    -0.384206
  -0.0997591    -0.421367    -0.973457    -0.376827  -0.00199402     0.679132     -0.13841    0.0589426    -0.117474    -0.257887     0.427563     -0.43844    -0.331563     0.186781    -0.385963    -0.174592    -0.711933   -0.0946471     0.510877    -0.663329     0.188766     0.184449     0.104663     0.370303    -0.203962    -0.324291    -0.442474   0.00317293   -0.0510243     0.452713     0.832851    0.0385818
    0.753213     0.297564    -0.119249   -0.0471071    -0.194385     -0.40176     0.160529     0.306715    -0.339628   -0.0688671     -1.19283     0.501692     0.366936    -0.239846    0.0372081     0.335671     0.379187    -0.106904    -0.290896     0.429057     0.208246      0.58113     0.433292    -0.560577    -0.136183    -0.531302    -0.670936    -0.164587    -0.782286     0.914712    -0.567878    -0.428163
  0.00432635     0.270957     0.291066     0.970471    -0.723285      -1.8678    -0.360397     0.915561     -1.72194    -0.413124     0.620296    -0.946739     -1.53281    -0.425677     0.332721     0.196716     -1.58586     0.908756    -0.199321   -0.0820043     -1.67852    -0.391546    -0.245204     0.201954    0.0940586    -0.571864     0.783065      0.16085     0.681142    -0.494781     0.484482     0.271556
   -0.801885      0.02246      1.29271    -0.226602     0.562655   -0.0375238     0.457681    -0.392551    0.0209631    -0.196107    -0.282041    -0.609744    -0.425341    -0.856386    -0.932489     0.744319     0.408208     -1.15447     0.465358     0.305529     0.194097    -0.178015    -0.105911     0.153783    -0.227616     0.591256    -0.407686    -0.728323     0.127679     -1.46422     0.310347    -0.562785
   -0.334049     0.440475    0.0480849   -0.0336107     0.218333     0.132127    -0.722791    -0.174608     -0.35592     0.710928     0.291041    0.0787205     0.441458      -1.2134    -0.769195    -0.828728     0.114049     0.884353     0.138811     0.809984     -1.35154      1.40361     -0.47003     -1.19552   -0.0189471     0.248846     -1.08646    -0.752771   -0.0235905    -0.679974    -0.409988    -0.423519
   -0.866999     0.304246    -0.628858     0.694583    -0.320838     0.710383     -1.22783     0.311142     0.590509    -0.491797       2.1042     0.817791     0.594565    -0.327713    -0.490376     -1.38005      2.17398     0.776361    0.0928532     0.678757    -0.443351     -1.37776     0.210225     0.961401      1.69065    -0.411199     -0.69248     0.578262    -0.625321      1.04154     0.646193     0.628018
    0.747359    -0.417782    -0.889655   -0.0850388     0.557647      1.14856    -0.140107     0.139648    -0.338389     0.602182     -1.04298    0.0533885     0.503482     0.716994      1.39041    -0.261641     0.686376     0.735222     0.451846    0.0697276    -0.119447      1.42468    -0.223458    -0.981399     0.198681     -1.02766     0.481685   -0.0158786      0.67188     0.403908    -0.683884     0.291562
   -0.258543     -0.24373    -0.336655    -0.260952     0.294337     0.273162     0.611039    -0.189584      0.24432     0.336369    -0.161678    -0.191882     0.393839     0.352049     0.247761    -0.352912    -0.220903  -0.00154833     -0.15121    -0.242907    -0.718906    0.0250455      0.16024   -0.0370928    0.0866936    0.0153507   -0.0546368     0.652984     0.247833      0.54063  -0.00100654   -0.0657813
   -0.386728    0.0331149    -0.337738    -0.128323     0.869134     0.101962     -0.23612    -0.330595    -0.257278      0.97056    -0.122542      0.84398     0.184219   -0.0277166      1.09628    -0.367645    -0.201826     0.685899      0.76719    0.0035135    -0.491885     0.778051    -0.525088    -0.992455    -0.315823    -0.292968     0.689235    -0.454657     0.505393     0.437821     0.394636     -0.70805
     1.26819    -0.796759    -0.966075      1.37621     -1.18142   -0.0516723     0.576711     0.648448     0.583541     -1.14848     0.638384     0.784392     0.787637    -0.574601    -0.861663    -0.686453    -0.324109     -0.25851    -0.669899    -0.276563      1.42964    -0.504297      1.40867      1.07008     0.100135     -1.49164     0.670038     0.851575      -1.5126   -0.0854637     -1.38096      1.09894
     0.93038     0.477052     0.362324    -0.774376    -0.353969     0.348846     0.389917    -0.302172     0.282675     0.220652    -0.618329     0.108993    -0.771376    -0.233761     0.172955    -0.187811    -0.158514     0.731207   -0.0281595    -0.287239    -0.523346     0.987146     0.270049    0.0157966     0.647683   -0.0295435    -0.182792   -0.0947905   0.00732339     0.704706      1.49364    -0.539712
    0.124625    -0.849934      0.58424      0.48486    -0.270655    0.0144892     0.154327    -0.283477     0.152275    -0.525884    -0.851994    -0.238169  -0.00123627     0.833507     0.107747     0.580997     0.440452     -0.71033    -0.209466    -0.242634    -0.248163    -0.799636    -0.141014    -0.645142    -0.978314     0.846646      0.51233     0.307908    -0.228798     -0.36123    0.0374906    -0.276921
   -0.287262     0.514925     0.104092    0.0783931    -0.424293    -0.231713      0.63396     0.218798    0.0521233    -0.554282      0.35325    0.0468491    -0.385437     0.283603     -1.00296    0.0752506     0.227068     0.193226   -0.0269288    -0.144693     0.438269    -0.357799  -0.00269452     0.721617     0.351594     0.276107    -0.141553     0.339892     -0.86829    -0.446294   -0.0911044    -0.166983
   -0.782123    0.0414929  -0.00203795     0.332571    0.0916656    -0.147578     0.109331   -0.0958062    -0.199343     0.467946    -0.245408    -0.205121     0.433863     0.198475     -0.25366    -0.147833    0.0418895     -0.59021    -0.479474     0.505683    -0.106746    -0.182132   -0.0789132    0.0267229    0.0745866    -0.245235    0.0995186    -0.546063     0.205372     -0.51266    0.0265779    -0.285441
    0.609155    -0.309265    -0.248305    -0.125284    -0.842543    0.0159386    -0.296355   -0.0318623    -0.174097     0.859384     0.336361   -0.0653438     0.171681     -1.31409    -0.882083     0.999548     -1.58602     0.804855    -0.722341    0.0719084     -1.08021      1.16547 -0.000632196     -0.32133    -0.118877    -0.111651     -1.03709    -0.161638    -0.439463    -0.937123     0.228891    -0.453743
     0.99204     -1.49923    -0.459258   -0.0358579     -0.14099     0.626594     0.801343     -0.32543      1.42245      1.60144     -1.73765    0.0319244     0.735823     0.929154     -1.26796    -0.509373     0.426233     -2.05356     0.365095     0.178284      1.11605   -0.0673227    -0.222961     -1.52261     -1.44049      1.31056      1.06403      1.52383     -1.24309     0.840138     -2.14541      -2.0872
     1.04839    -0.902715     0.994823      2.51933      1.84677     0.528118     0.574732    -0.543413     -2.05892     -0.36193    0.0527134      1.10527      2.90825   -0.0986313     0.512459      1.53206      -2.1521     0.174858     -1.86321     -1.60674    -0.660922      1.25123     0.439949     0.576551     -2.50321      3.29004      1.03492     -1.33552      2.20893      0.18256    -0.167988     0.625207
   -0.111396     -0.30836    -0.535518     0.545214     0.128812  -0.00222004    0.0603611   0.00127671    -0.256954     0.231261    -0.186589    -0.318753    -0.490667    -0.393001    -0.643858    -0.466886    -0.404976     0.811449    -0.327172    -0.279113    -0.833754     0.402111    -0.115473   -0.0170044     0.454975     0.287792     -0.21895     0.320581    -0.699012   -0.0100121      0.79811   -0.0682615
   0.0253828     0.403336      1.16593     -1.18519    -0.768593     0.706044     0.902429    -0.282188    -0.329584     0.157099     0.998805     -1.52141       -2.113    -0.808148    -0.770266    -0.400742     0.230697    0.0820967     -2.21505      1.73403    -0.303415      1.10628    -0.115051     0.795454    -0.407164     -2.05246   -0.0551019      1.72865      1.50208     -2.01298     0.539605     -1.85462
    -1.78338     -1.77072     0.104788      1.52066      1.01107    -0.053809    -0.613031     -0.39015     -2.13683     0.155904     0.371831  -0.00600166      1.34425      1.06247     0.457421     0.331679     0.763236     -1.15188     0.399554     0.765613     0.349426     -1.01868    -0.323138     0.620053    -0.401358  -0.00654095      0.88651    -0.848568    -0.690707    0.0271076      1.20314      0.74487
    0.229837      1.05107     0.384739    -0.264963    -0.947387    -0.669989    -0.676603     0.387685     0.504296     0.382793    -0.158455     0.417775     0.152907      -1.2744     0.257447    -0.491111     0.109546    -0.514248     0.139643     0.306557     0.210285     0.983958     0.584909    -0.790833     -0.15244    -0.300557    -0.642434    -0.303243    -0.408025    -0.343897    -0.180343     0.538043
    0.352252     0.327649    -0.341553      1.06909      1.08904    -0.395164    -0.169745    -0.519838     -0.25007     -0.85238    -0.595911    -0.497032    -0.538318    -0.338661      1.13317     0.452527     0.498604    -0.103921    -0.690592    -0.446843    -0.278398     0.557021      -1.1541     -0.70528    -0.450656     0.570645    -0.653455   -0.0572619      1.05438     0.270173      -0.5723    0.0606886
   -0.479597    -0.148837    -0.682997     0.132866   0.00642409     0.333186     0.359279     0.425282    -0.127765     0.334499    -0.307772   -0.0329827     0.289703   -0.0733225     -0.11378    -0.248719    0.0834269     0.851727   -0.0390354    -0.174846    -0.272685    -0.132158    0.0149407    -0.203548    -0.529378     0.489038     -1.10249  -0.00839702    -0.296441     0.313467     0.199151    -0.175391
   -0.623267     0.400286    -0.163172    0.0965998      0.21263    -0.347827    -0.410149   -0.0316196    -0.462605     0.530455    -0.322494     0.254839    -0.255934    0.0842984   -0.0449438    -0.120355     -0.22881    0.0954707   -0.0225865    0.0544095     0.223425    -0.161692    -0.214302    -0.209675     0.259939     -0.17444  -0.00725796     0.311401     0.368825     0.226245     0.649149    0.0562994
   -0.830104     -0.61097     0.735344    -0.225787     -0.16498    -0.869945    -0.783815     -1.07497    -0.922829    -0.498733     0.481687   -0.0378528     0.125106     0.124886     -0.16729     -1.14412      1.88246     0.407813    -0.598679      1.31341     0.628605     0.503256    -0.927906       1.3895    -0.183244     -1.35381     0.846088    -0.317154       1.4688     -1.07027      1.60758     -1.70998
     0.32681     0.239565    -0.277378     0.267314     0.430435    -0.103015     0.152057   -0.0630035   -0.0963112     0.222465   -0.0643684    -0.290427     0.467822     0.466752   -0.0128388     0.210295     0.286619     0.133176     0.307248    -0.456384    -0.581437     0.130283     0.451133   -0.0488055    0.0867526     -0.25531    -0.251823     0.697604    0.0589102     0.124797     0.338856    -0.192194
   -0.272336     0.235131   0.00267678    0.0878895    -0.359671    -0.327931      1.03767    -0.371536   -0.0822561  -0.00701811     0.574733    -0.395318    -0.172679    -0.372095    0.0216819     -0.31772     -1.21635    -0.337337     0.357963    -0.418832    -0.545774     0.943302    -0.142806    -0.017161     0.225803     0.247598    0.0403832    -0.514927     0.294667     -0.42572     0.145169     0.966428
   -0.685964     -1.18094     0.584519     0.912985     0.478373     0.351529    0.0951314    -0.725044    0.0101897    0.0727638     -2.02138      -1.4061    -0.330493      1.11959    -0.209991     0.412911      1.69099     0.554632     0.896689     0.717067    -0.701813     -1.14717     -0.55444     -1.42868   -0.0874562     -0.25725     0.482385     0.158827   -0.0491024     -1.43631     0.671125     -2.11221
  -0.0786169    -0.338987   -0.0483864    -0.578529    -0.161863    -0.371292    0.0730796     0.368488    -0.348983      0.73038    0.0415516    -0.258022      0.33803    -0.250505   -0.0507571     0.254274    -0.324351    -0.613708     0.137142    -0.402931     0.175053     0.297991     0.284597     0.533348      0.14402      0.20644    -0.221406    -0.460616     0.617068    -0.353245     0.229046     0.315646
   -0.131209     0.458285    -0.168409    -0.183588    -0.191436     -0.22112     -0.16718    -0.203006     0.341597   -0.0565814     0.684773     0.361032     0.455967    -0.326697     0.327753     0.441815     0.386285     0.850059  0.000997968    -0.303563   -0.0602357    -0.339912     0.507467    -0.840761    -0.238277    -0.130641     0.353561    -0.505983    0.0440315     0.465196    -0.605552  -0.00700675
    0.647437     0.869229    -0.364907     -0.42297    -0.222526    -0.166653    0.0728841    0.0606904   -0.0375054    -0.503102    -0.120703   -0.0898099   -0.0696242    -0.895275    -0.216119     0.124664    -0.367284     0.189283    -0.630854     0.712677    -0.590505    -0.275023     0.761947     -0.47385     0.148193     0.299293    -0.190811    -0.198654   -0.0945192    -0.217891    -0.820923    -0.246196
     1.69548    0.0850847     -0.50614     -1.02917    -0.735173       2.0253      2.28653      0.57956     0.280469    -0.294186    -0.658482     0.882339     -1.59524    -0.293142    -0.251694     -1.68586     -1.16664    0.0348166    -0.670595    -0.773777    -0.416456    -0.630257     0.820933    0.0519405    -0.304101      1.13402     0.033717     0.449686   -0.0110293       2.1952    -0.260381     -1.93992
     1.90411     0.534482      1.07004     -1.56859     -0.71676     0.361722    -0.752535    -0.365914     -0.46876    -0.436846    -0.860032     0.990701     -1.89892    -0.577397     0.640063    -0.901206     -1.59631    -0.561029     0.976694     0.573984      1.39232     0.679499    -0.267549     -1.67547    -0.318073     0.230113      1.53185     0.209031    -0.153211     0.267743    -0.625765    -0.300563
    0.708165     0.613827     -1.36301     -1.00658     -1.30185     0.233833     0.168529     0.354893     0.806707      0.24655   -0.0171632     0.469278     0.176259     -2.10527     0.690537     -1.62153     -1.37203      0.81699    -0.672263      1.45349    -0.345343      1.00985      1.01219      -1.9752   -0.0145891     0.238919     0.474067     0.633201      1.25628    -0.936272     -1.05817     -1.24387
   -0.132508    0.0363468    0.0619107    -0.554547    -0.617759      0.16214     -0.43053    0.0910314     0.163171    -0.158531    -0.275882     0.441709     0.279086     0.250313    0.0988216     0.910523    -0.868831     0.465302    -0.580972    -0.451676     0.550816    0.0410111      1.34485    -0.836412    -0.405424     0.156929   -0.0419231     0.737508     0.105818    -0.308144    -0.626794    -0.446805
   -0.525725    -0.582571      0.58816     0.765335     0.264071    0.0700842    -0.415486     0.254538     0.309753    -0.147935    -0.457051     0.541832     0.309872     0.904873     0.255245    -0.174543     0.515605    -0.937971    -0.166752    -0.223073      0.34049     -0.16686     0.450997    0.0800944   -0.0600475     0.551951   -0.0237432    -0.228759    -0.732047     0.766152    -0.148934     0.504076
    0.255492      2.37878      0.30266    -0.490574     -2.15882    -0.712415     0.452648      1.23784      1.45368     -1.46982      2.12833      2.34579      1.00565    -0.882461    -0.860986    -0.675375     0.327077     0.110753      -1.5012     -0.94935     0.858616     0.262032      1.61967      1.15584     -1.89212       1.8316     -3.23343     -1.10457    -0.370469      1.62434    -0.600909      1.65035
    0.152194    0.0512552    -0.280457    -0.422462     0.213093    0.0780381      0.21083     -0.23914    0.0892725    0.0682568    -0.210143     0.375094     0.746113     0.318067    -0.832286     0.431583     0.141189    -0.120784    -0.342201     0.238625    -0.560268     0.069989   -0.0498987    -0.378387     0.264756     0.922588    -0.234501    0.0714178    -0.711437    0.0131792    -0.701341    -0.228651
    0.492422      1.34379    -0.410114    -0.946146  -0.00952224     0.687264     -0.11425    -0.833739      0.57419    0.0640289     0.392174     0.233742     0.134655    -0.130368     0.283595    -0.376737     0.733792      1.35901     0.507174     0.457394    -0.271698     0.556794    -0.524358     -1.62293     0.714054    -0.433889    -0.851659    -0.668405     0.700485     0.510904     -1.58057    -0.781016
    0.431529     -0.51162     -1.40534      1.22878    -0.271762     0.277144    0.0148958    -0.438524      0.21702     -1.53359     0.550948     0.236309     0.369045   -0.0491621     0.866751     0.157563     -1.37264     0.803932    -0.305405    -0.339674    -0.244524    -0.776142    0.0775271    -0.666716     0.210429    -0.684762      1.20007     0.821793    -0.679076      1.01854    -0.151399     0.790551
   -0.697409    -0.323905     0.153948    -0.874922    -0.754358      0.11361    -0.808292      1.06154    -0.198702      1.11077     0.223115     0.663791      0.48502    -0.733242     0.593603    0.0539491    -0.724784      0.19158     0.262858     0.942037     0.293404      1.40069     -1.12051     -0.62603     0.590789     -1.06509      1.11389     -1.26872     0.793935     0.022382     0.398532      1.06332
   -0.615103    -0.587596     0.315475     0.944617     0.145741     0.143171    -0.483645    -0.118884    -0.433773    -0.380465    -0.610098     0.489609     0.942823    -0.101081    -0.108638    -0.263601     0.995157     -1.10192     0.534755     0.819102     0.282357      0.63276    -0.344184    -0.175592     0.597497     0.654239     0.285754    -0.226233     -1.08063     0.059616     0.763354      0.49432
    -1.77048     0.233452    -0.546839      1.93277      1.31489     0.440528   -0.0712724     0.396005    -0.497235     -0.18297    0.0989529     -1.49931      1.07716     0.740223    0.0249827    -0.229264     0.756027      1.61504     0.962832    -0.797104      -1.9222     0.540993     -2.37169     0.667022      1.48185     0.688747    -0.238502    -0.947083    -0.195267     -1.01305       1.4365      1.54351
    0.888914    -0.540969     0.483491    -0.143962     0.230564    -0.766548     0.372212    -0.157977    -0.185533     -1.05323    -0.857361    -0.584677    -0.857953     0.612711     0.454889     0.279087      -1.4728    -0.767276     0.189865    -0.249463    -0.082309     -0.30543    -0.760223     0.147415    -0.908778     0.638758    0.0544192    -0.550426      1.08693   -0.0136314    -0.713752    -0.306347
    0.135158    -0.384269   0.00782675     0.349412     0.220828     0.097644   -0.0384798   -0.0061593     0.471918     -0.87519    0.0374994    -0.470117     0.135042     -0.22009     -1.09623     0.857441     0.137624    0.0827364     0.051599     0.220803    -0.749719    -0.366694    -0.176055    0.0634229    -0.585525     0.120578    -0.164736    0.0628357    -0.024953    -0.298649     0.239164   -0.0786046
  -0.0078975    -0.389481     0.980699     0.230393     0.104798     0.101414    -0.674638    -0.312576    0.0620021    -0.236068     0.490587     0.242446     0.084641    -0.502926     0.696858    -0.164353     -0.26198    -0.186844     0.193634     0.277336    -0.139655     0.283828   -0.0981601     0.289753     0.122419    -0.119147     0.136041    -0.123209    -0.111035     0.171545    -0.120529     0.116831
   -0.437318     0.987025      2.28299       -1.162      1.16384     -1.89816     -2.03384     0.898268     -1.05952    -0.168405      -3.6016    -0.134672        1.577    0.0812133      1.23212      1.95736     -1.57159   0.00722276     0.755979    -0.436589      1.91861     0.655014     -2.46297      0.11774     -2.35116      2.53624   -0.0720946     -3.41931      2.15526     -1.57001      0.74443     -1.35339
  -0.0941956     0.126529    -0.992625    -0.977347      1.35978     0.341604      1.12872    -0.277898     0.740034      1.13406    -0.947602     0.158269     0.368411     0.664343    -0.565734     -1.04496      0.65686    -0.917157      0.55003     0.758216      1.58061    -0.258111    -0.281279    -0.754521     0.411119    -0.596957      1.61278      1.53151     0.332077     0.114689      1.19974    -0.500989
    0.482019     0.262447   -0.0753468      1.71483    -0.391193     0.135515    -0.760003      0.23917     -0.89839    0.0701234      1.23038     0.464604   -0.0772876    -0.562152     0.406231     0.475575     0.669413      2.14134     -1.16501      1.04341     -1.21903     0.317478      0.65711   -0.0815761     0.729627    -0.263049    -0.916452    -0.550909    0.0549143    -0.192359     0.445665     -0.15645
   -0.408929     0.438689    -0.124569     0.519536     0.171581   0.00290948     0.335918    -0.955284    -0.733952      1.04536      2.32974     0.541126   -0.0547745      1.63719     0.068818    -0.486453   -0.0358745    -0.190179     -1.30976     0.372584     0.124964   -0.0973615     0.226322      1.25047    -0.247247     -0.93512      0.72743       1.7798     0.181128      1.06234     0.440652    -0.148309
   -0.621195      1.15508     0.458318     -1.12762     -1.12432     -2.07528    0.0166924     0.330901     0.491279     -1.04902    -0.736585     0.409804      0.19631     0.655234   -0.0242532     0.698964    -0.147806     -1.48799    -0.418958     0.528229      0.74484     -1.53765      0.34711     0.615058    -0.465107    0.0293626     0.494638    -0.354504     0.766718     0.128606    0.0694896    -0.312714
    0.143674   -0.0334505     0.156915     -1.50745    -0.334699    -0.185584     -0.58828    -0.362864      1.27974    -0.452561    0.0195841     0.373468    -0.262954   -0.0729889     0.488385       1.0334     0.430186    -0.589978      1.08471     0.269604     -0.15836     0.723303     0.393283     0.440446     0.614137    0.0135114     0.149534     0.648765    -0.192183   -0.0710729     0.403093    -0.755769
    0.899815      1.15595     0.469884     0.447913     -1.65379    -0.408366    -0.436087      1.11836    0.0165513     -1.06265      1.75994      1.28421    -0.851532     -1.18446     0.325284    -0.164519    -0.718052     0.885862    0.0330136    -0.508299     0.964579     -0.60588      1.85811      0.91668      1.18836     0.269197     -2.04727     -1.13616    -0.751295     0.916554     0.364524     0.926439
   -0.230485    -0.340816      0.65857    -0.098511     0.952476    0.0441505    -0.430772   -0.0629282    -0.985241    -0.467279    -0.451171    -0.277217     0.525856    0.0238448      1.77003     0.150883     -1.47394     0.363691    0.0566777    -0.151147    -0.532634      1.29268     -1.52813     -0.98728    -0.293629     0.630107     0.214481     -1.26571      1.40917     -1.29947    -0.113699    -0.051724
  0.00689068     0.685512     -0.18865     0.260371     0.604603    -0.194445    -0.400424     0.147564    -0.033191    -0.160093    -0.384111     0.205533     -0.55731      0.41521      1.00075    -0.152679    -0.698125   -0.0515821     0.544023    -0.216512    0.0177951    -0.569329     0.687947    -0.288254    -0.642758     0.290025     0.272374     0.519195     0.424806     0.280694    -0.480126    -0.381517
    0.149931     0.430164     0.434995     0.207959    -0.295093    -0.664756     -0.19618     0.486555    -0.318648    -0.599068     0.342825      1.00579     0.455208    -0.144094     -0.55521   -0.0997246       1.4701     0.399958    -0.698286     0.197731     0.257762     0.261866     0.202402    -0.323378    0.0165675    -0.292044     -1.29832     -1.03317     0.343748    -0.315525     0.424841     0.370435
   -0.977699    -0.682377    -0.914762     -0.48648     0.134948    -0.774735     0.857577     0.158581    -0.343919    -0.522753    -0.378187    -0.492175     0.707259    -0.222458     -1.63368   -0.0600712     0.384303     0.773226    -0.533741     0.140142    -0.470174     0.540632    -0.613708     0.437939    -0.656359    -0.824812     -1.01688    -0.113102    -0.372985     -0.83274      1.17441     0.690427
    0.850296     0.120945   -0.0924506     0.368607    -0.476996    -0.142787    0.0352068     0.683532    0.0980929    -0.201309    -0.204025     0.477735     0.103945    -0.419453    -0.340363   -0.0587806     -0.31585    -0.405034   -0.0253493     0.447899    -0.432553      0.35932   -0.0374192     0.251933     0.697835     0.509305    -0.117393     0.322035      0.02128     0.027547    -0.335801     0.742168
     1.05911    -0.343278      1.20381      1.82869    -0.274251     0.527054    0.0958922    -0.105914      -1.3201      -1.2053     0.887966    -0.490962   0.00714021     0.136015    -0.744995     0.545511     0.416473     -1.45134    -0.517605    -0.559391      1.54317    -0.852312    0.0792927     0.120261     -1.75618     0.433938    -0.556905    -0.499921     -1.15824    -0.285189     0.131173    -0.301994
   -0.907996      1.03612     0.552175    -0.550541    -0.540086     -0.13357    -0.972152    -0.567525     0.682154   -0.0296765     0.679317     0.711282   -0.0484104    -0.034679     0.425307     0.994043     0.970395    -0.664191    -0.048293     0.497689      0.82631     0.344778     0.852314    -0.300103    0.0225196    -0.570476    -0.472681     0.110624    -0.353673     -0.41538    -0.241115     0.546454
     0.20538     0.707096     0.993154     -1.10674     0.821113     0.538487     0.525968      0.32833     0.468985     0.168925    -0.373012     0.351966      -1.0468      1.56634    -0.392535      0.63739      0.31387   -0.0264195     0.528767       0.2885     0.145695    -0.447733    -0.784387   -0.0232116     0.528808     0.550265     0.546019   -0.0172872     0.168341     0.231038    -0.107007     0.178893
   0.0569377     0.107853     0.281793     0.404452    -0.316521    -0.169637     -1.28621    -0.895961    -0.624354    -0.751168    -0.181019    -0.150411     0.206971     0.353468     0.194254    0.0324855     0.548262    -0.242706    0.0554201    -0.331009      1.12543     -1.12378     0.261598    -0.266917    -0.399985    -0.614821     0.569387     0.691095     0.276086     0.693518     0.648577     0.143144
    0.193572     0.235986     -1.09504    -0.233073     -1.21693   -0.0048497    0.0166285     0.588917   -0.0177713     0.548361      1.41893     0.310477    -0.216994     -1.43581   -0.0473163    -0.469129    -0.444771    0.0250203    -0.801781     0.493148     -0.78919    -0.935296     0.304516     0.806543     0.394475    -0.271876     0.160898     0.308913    0.0552163     0.413441    -0.353187     0.371209
  -0.0968581    -0.381641     0.225568    -0.406527     -0.11101    -0.214809    -0.259854    -0.108007      0.39749    0.0513806      0.26811     -0.39407     0.270115     -0.21531      1.08231    -0.109071   -0.0795115    -0.609809     0.566836   -0.0617919    -0.321779  -0.00252927     0.220301    -0.513831    0.0287238     0.505122      0.59436    -0.231604     0.569601    -0.210301    -0.111645    -0.477884
   -0.522199    -0.192644     0.279198     0.848892     -1.28631    -0.953281    -0.608131     0.195839    0.0645794     -1.16174     0.773967     0.707526     0.487584    -0.523908    -0.826813     0.266915     0.888742     0.527129    -0.376884     0.570738    -0.100434      -1.2996     0.548958      0.81958     0.689205    -0.203098     -0.92985    -0.479346    -0.437023    -0.492285     0.906295     0.148178
  0.00729431    -0.625558     0.746519    0.0960868     0.562196    -0.266622    -0.156298     0.694362     0.192007    0.0471292     0.720025   -0.0952313     0.271146    -0.896852    -0.161042     0.150481     0.299099     -1.11248     0.691723    -0.537131      1.47167     0.517238     0.296186     0.799153    -0.939467    -0.249439   0.00411257    0.0925919     0.178773     0.208733    0.0601843     0.756261
  -0.0697661    -0.171892    0.0737562    -0.115659     0.394673    -0.106432    -0.353063    -0.306697     0.303513    -0.380515   -0.0233708     0.158715      0.12508    -0.156243     0.362364    -0.665265     0.656436    -0.193838   -0.0247905    0.0176751      0.15972     0.253538    -0.491002   -0.0796765    -0.383076        0.113    0.0103277   -0.0517803     0.351257   0.00911692    0.0506361    -0.396261
