   0.174105
  -0.459173
  -0.135845
  0.0249901
  -0.178989
 -0.0701945
 -0.0920053
   0.247814
   0.303404
   0.113198
  0.0917689
 -0.0995918
  -0.117491
 -0.0985708
   0.119011
  0.0608846
  -0.304545
   0.699082
   0.185179
 0.00791032
  -0.240781
   0.193092
   0.221537
   0.511395
  -0.387958
  -0.226342
  0.0355421
  -0.331826
  -0.332594
 -0.0263111
 -0.0790913
  -0.141024
   0.179992
   0.346005
   0.244055
  -0.187768
  -0.245411
   0.207686
  -0.079994
  -0.130994
  0.0403415
  0.0195017
 0.00526572
  -0.117093
  -0.148513
   0.434266
  -0.243769
 -0.0867204
   -0.35248
   0.177924
 -0.0187219
   0.222062
  0.0968866
 0.00968365
 -0.0145784
  -0.120948
-0.00467856
  -0.112183
   0.304342
  -0.230929
  0.0270197
 -0.0953626
  -0.300226
  0.0433384
  0.0236187
   0.459209
  0.0609173
  0.0701243
  0.0731728
   0.137984
   0.318925
   0.108674
   0.334251
   0.320116
  0.0796961
  -0.209193
  0.0711746
   0.146494
   0.342366
   0.461171
  -0.243071
   0.444993
  -0.567955
  -0.348724
   0.386653
  -0.345063
  -0.120616
 -0.0623107
   0.240644
  -0.110053
 -0.0665267
   0.079702
   0.231564
  -0.274446
   0.515661
-0.00667907
 -0.0458668
 -0.0665102
   -0.20128
 0.00104818
  -0.167308
   0.138608
  -0.223271
 -0.0726359
  -0.230762
   0.293407
  -0.244242
  -0.327588
  -0.451806
  0.0943249
   0.180396
  0.0439272
   0.206051
  0.0639826
     0.2157
  -0.136911
   0.418112
  -0.308015
   0.182467
 -0.0349636
 -0.0778953
   0.334021
  -0.206863
  -0.159482
  0.0622236
   0.385974
   0.091816
   0.100877
