   -0.270327     -0.37009     0.107126     0.209599    0.0491625   -0.0835339    -0.182192     0.012465    -0.565952    -0.160594    -0.392668    -0.330584   0.00182969     0.456667     0.233549      0.15879    -0.634221    -0.644101    -0.106678     0.166582     0.623257    -0.236899    -0.363318    0.0120077   -0.0226179    -0.184041     0.301052    0.0862278    -0.170515  -0.00585629     0.234239    0.0690614
   -0.386699     0.171212     0.531827    -0.457725     0.408633     0.405794     0.487489    -0.472514    -0.410873     0.838167     0.310293    -0.100004     0.203372    -0.553577      1.03287   -0.0808909    -0.189487    -0.347287     0.477807     0.106373     0.233005     0.479687     0.218178    -0.545635     0.232812     0.184111    -0.977763    -0.509891     0.764774    -0.139107    -0.702433    0.0745544
    0.149476    -0.111898    -0.152929    0.0100998     0.128478    -0.504417    -0.780001    -0.381161    -0.611705    -0.457066    -0.579486     0.187875    -0.536302     0.116276     0.140959     0.965749     0.261674     0.112158     0.487727    -0.219499     0.334423   -0.0371826    -0.486886   -0.0104662     0.186594    -0.120365   -0.0585682     0.135318    -0.215207     0.281668    -0.158487     0.153117
    0.356416    -0.107263    -0.506391    -0.529512     0.339768     0.164733    -0.342221     0.158853     0.117239    -0.311893     -0.53655     0.091409   -0.0585826    -0.216713     0.206013    -0.259833     0.164035     0.136361    -0.420152    -0.135552    -0.120536    0.0681972    -0.404332      0.32356   -0.0613415    -0.251429     0.505095    -0.357778     0.572158     0.212959    0.0471672     0.140495
    0.128708    -0.610536    -0.017866     0.105396     0.512323    -0.108095   0.00662285     0.165237    0.0309291    0.0445709    -0.317997     -0.25158    0.0665372    -0.177876    0.0912968      0.18518    0.0306514    0.0827447     0.165583    -0.137143     0.290864   -0.0995539    -0.260941     0.135317    -0.185353     -0.21169    0.0864377      -0.1078    0.0302626    0.0323954      0.20068     0.226031
    0.186761     0.382114     0.322385    -0.180066     0.216553    -0.207324   -0.0554421    -0.522479    -0.161587   0.00300907    -0.227126    -0.184231     0.404932     0.253026     0.417276     0.269388     0.067899    -0.572502      0.40071   -0.0737371     0.188037     0.344642   -0.0063688    0.0986569  0.000704126  -0.00231833    -0.480016   -0.0896837    -0.190644    -0.259531   -0.0762005     -0.21515
    0.322673      0.34329    0.0728816    -0.674538    -0.363423     -0.13734    -0.136913    -0.566495     0.805454    0.0273678     0.850823     0.200113     0.139136     0.414828      0.16341    0.0223388     0.584465    -0.113228     0.232243    -0.571698     0.695027    0.0312646    -0.722318     0.382455    -0.362495    -0.114989    0.0626205     0.500208    -0.599452    -0.533417     0.365572     0.488581
   0.0829243     -0.40226     0.072622    -0.408122      0.02531    -0.266109     0.172145     0.242438    -0.112597    -0.283952     -1.06692     0.827406    0.0573436    -0.220195     0.176736     0.150314     0.260874   -0.0791666    -0.186793       1.4583    -0.182221       0.4744    -0.105526   -0.0516246     0.256957    -0.481791     0.414141    -0.747277    0.0120409     0.205498    -0.741097     0.308586
     0.29626     -0.45858    0.0576273      0.58443    0.0180276     0.304006     0.253364    -0.334795     0.112963    -0.176045     0.116541    0.0507961     0.142607     0.378954    -0.116589    -0.300214     0.383691    0.0569151    0.0721945     0.379306     0.113553   -0.0543002   -0.0727726    -0.267687     0.221723     0.165286     0.242669     0.643286    -0.268743     0.132343    0.0229229     0.337977
    0.170422  -0.00866637    0.0543361    -0.130654     0.407103    -0.333396   -0.0699044    -0.177527    -0.138677    0.0827364    -0.207035    -0.176306     0.187529    -0.116255    -0.169029     0.123745    -0.432995   -0.0862148      0.56265     0.254074    0.0521985   0.00851695   -0.0106375    -0.082096    -0.397034     0.255457    -0.331376     0.241422     0.161668     0.253915    -0.170936    0.0259818
    0.211992    -0.150437     0.284118    -0.265347    -0.196432     0.313509     0.110399   -0.0981741     0.173119    -0.131588  -0.00794597    0.0318722     0.222624     0.434131     0.400522    -0.398769     0.162228    -0.177827    -0.154732     0.219274     0.128141      0.11059     0.160106    -0.447305    -0.325164     0.245615     0.204934     0.201401     0.627775    -0.213583     0.219266    -0.303115
    0.401598     0.239251    -0.328485    -0.308826       0.2315   0.00957182     0.547699      -0.4476    -0.185621    -0.243561    -0.370911   -0.0983963      0.22887     -0.10916    -0.215534    -0.304244     0.263691    -0.127595   -0.0854398     0.226356   -0.0520318     0.389494     0.125896    -0.345521    -0.281004    -0.222291   -0.0556086      0.37023    0.0131283    -0.167813    -0.271273    0.0680708
    0.994187    -0.367269     0.206812       1.2201     0.762822    -0.147369    -0.402356    -0.237013      0.08458    -0.397742   -0.0100855    -0.462838      0.44833    -0.176215     0.300313     0.852144    -0.095438     0.112174    0.0366036    -0.357752     0.306583    -0.337778    -0.319192     0.198753     0.148157    -0.074408     0.263821    -0.492791    0.0887702    -0.197817   -0.0840848     0.087715
   0.0626108     0.314294     0.396554    0.0989566   -0.0811385   -0.0763185    -0.349939    -0.508756    0.0604114     0.272259     0.303874    -0.045959    -0.170971   -0.0487141    0.0525905   -0.0578189    -0.350387    -0.204403     0.241336     0.189234     0.388487    -0.625127    -0.176765    0.0668696   -0.0697976   -0.0885936     0.321107    0.0216826    0.0800374     0.165979    0.0666797     0.466717
   0.0805391     0.229592    -0.243764    -0.207246     0.170808     0.390436     0.122664   -0.0617391     0.169922    0.0897989    -0.452333     0.330043    -0.588288  -0.00504989     0.290357   0.00351548    -0.220438     0.112022     0.419342    0.0848585    -0.443372     0.116586   -0.0274249    -0.374353     0.261519    -0.177107     0.348519     0.172444   -0.0231157   -0.0671867    -0.615305   -0.0323592
   -0.275475  -0.00429084     0.433425   -0.0615205     0.241815     0.478933   -0.0362767    -0.461399    0.0534034     0.230635    -0.099962     0.235133     0.139508   -0.0620788     0.123386    -0.178256   -0.0376708    -0.282581     0.252214   -0.0787342     0.372104    0.0804641     0.257641    -0.197721     0.145048     0.243107    0.0728971   0.00516646   -0.0681567     0.107984    -0.219462   -0.0943673
  -0.0393764     0.145781    0.0600504    -0.192447      0.53222    -0.212073   -0.0495236    -0.938828    -0.160154   -0.0708118    -0.859176    -0.122764    -0.135416    -0.025073     0.354017    -0.381581     0.232685    -0.108742     0.348656     0.480265    0.0010443     0.185614    -0.464388    -0.270328     0.506536   -0.0334148    -0.330102    -0.146278    -0.793277     0.174629    0.0941361    -0.141831
    0.430255    -0.297232     0.223671     0.137388     0.257612    -0.242509    -0.243449    -0.276576    -0.618062    -0.186159    -0.409202    -0.244778     0.370254     0.510533     0.257505     0.254278    -0.250711    -0.110582     0.431934     0.332014    0.0985398    0.0707777     0.495737    -0.149281     0.468455     0.106967    -0.355334    -0.114101   -0.0334238    -0.436924     0.093753    -0.194955
   -0.131748    -0.231902    0.0974137     0.218137     0.151968    -0.509865     0.280311    -0.472727    -0.126277    -0.347376    -0.252333    -0.297258    -0.345919     0.288921     0.154102    0.0193662    -0.302615    -0.116797      0.57138   -0.0429596     0.273677    -0.270892     -0.49411     0.222856     0.101985     0.380809   -0.0322852     0.124976    -0.218628    0.0439707    -0.102318     0.100531
     0.28895    -0.318952     0.340222     0.245785    -0.250694    -0.243793     0.101164    -0.244611    -0.283258    0.0620987   -0.0689647     0.223019    -0.292251     0.388501     0.508773    -0.605951    -0.228576    0.0229978    0.0915428    -0.201039     0.430544    -0.194652    -0.309091      0.69001    -0.155632    -0.365087     0.251783     0.751785     0.289666     0.256632    0.0509471   -0.0718313
   -0.119351     0.152196   -0.0695331   -0.0974208     0.306709    -0.288589    -0.164754    -0.405839    -0.310039    -0.172615     -0.37541   -0.0759504    -0.217995     0.297982     0.224102    -0.110324    -0.132641    0.0913106      0.10011     0.068408     0.287637    -0.347781    -0.018776   -0.0165478    -0.187936    -0.259512   -0.0306147    0.0590884     0.496911   -0.0626648   -0.0863917    -0.233593
    0.281466     0.314598    -0.295468    -0.553422    -0.454307    -0.699139      0.16703     0.426042     0.013415    0.0295036    0.0460259    -0.192596    -0.287964     -0.68315     0.333569    -0.312908    -0.953956     0.244321     -0.41511     0.103418     0.304447     0.293472    0.0703593     0.299849     0.467269    0.0131702      0.34445      0.23767      -0.2243   -0.0510624     -0.30725    -0.270713
    0.632928     -0.40683     0.285904   -0.0352722    0.0322338    -0.425321    -0.089888    -0.183715     0.176838    -0.656683    -0.398958     0.231169    -0.338392    -0.174319    0.0327516     0.107637    -0.423449     0.667221    0.0449649    -0.163835    -0.157471     0.197262    -0.218576   -0.0417364   -0.0713405    -0.342567      0.27829     0.179825     -0.40695     0.201119    -0.532471   -0.0445339
     0.30652     0.180222    -0.233267     0.326503     0.164391    0.0736421    -0.013946      0.11938  -0.00763721      -0.5754     0.367813      0.00159     0.482917     0.357095     0.285738    -0.126543    0.0524705    -0.282714    0.0992289     0.391117     0.253916    -0.213165    -0.200347    -0.011402     0.188864     0.158095     0.538261     0.281119   0.00303948    -0.275099    0.0896341     0.238248
   -0.135051    -0.220611      -0.0341     0.207474     0.279387    0.0121733     0.167992   -0.0917654     0.444341   -0.0218752    -0.134659   -0.0880782     0.339794    -0.196383      0.18673    -0.168075     -0.35635     0.135218     -0.13043    0.0919823    -0.549036     0.309367     -0.46947    0.0524864     0.516689   -0.0194146     0.130042     0.100488     0.406068    -0.238068     0.145588   -0.0242055
    0.583954    -0.605062     0.480213     0.618151     0.409179     0.472177     0.342281    -0.319427    -0.643454     0.151968    0.0331679   -0.0803457    0.0654674    0.0794009     0.409056     0.497135     -1.19116    -0.171087     0.865677    -0.318713    -0.192696      0.35408       0.2675     0.182802     0.311459     0.291256     0.127001     0.274083     0.352177     0.049173     -1.04248    -0.325553
    0.375916    -0.114399      0.27755     0.344791   -0.0809812    -0.249167     0.017147   -0.0963326     0.153632    -0.214625     0.300178    -0.117748    -0.317282     0.343439   -0.0274993    -0.358132      0.33497   -0.0133491     0.199851   -0.0440684     0.183405    0.0940626    -0.468377    -0.376351     0.311851     0.185881    0.0701303    0.0804547     0.627907     0.597558    -0.234625     -0.31363
    0.488985       0.2834    -0.110708     0.375989    0.0572799   0.00514087     0.125535   -0.0246433   -0.0542659    -0.171018   -0.0316752     0.190002    -0.178012    -0.109625     0.263715     0.431154    -0.114059    -0.311249     0.350193    -0.161161   -0.0248065    0.0356227    0.0164555     0.623733   -0.0540815    -0.289671    -0.015376    0.0012983    0.0947359     0.115585    -0.208697     0.192563
  -0.0321633    0.0937569    -0.572118     0.174888    -0.689976    -0.508694     -0.49575    -0.307706    0.0465425    0.0533566     -0.31801    -0.561006    0.0375714     0.143474   -0.0266961    0.0678989     0.400717    -0.255238   -0.0659783     -0.13754    -0.377061   0.00587073     0.216563    0.0331805    0.0637351    0.0193886   -0.0714287     0.596506    -0.620315    -0.295582    0.0930389    0.0878027
    0.387264     0.102573     0.273806     0.494614     0.319635   -0.0922257     0.191066      -0.6159    -0.141996    -0.233058    -0.312398       0.2707     0.199013     0.141219    0.0988102    0.0427611     0.216895    0.0538739   -0.0018115     0.287183    -0.267057     0.476627    -0.373862    -0.231933     0.699751    -0.317619    0.0221536    -0.204839     0.270297    0.0667062     0.198124     0.457436
    0.111685    0.0686522    -0.193506    -0.225114    -0.146499   -0.0271114      0.69139   -0.0117535    -0.146074     0.179761     -0.07266    0.0258559    0.0964065    -0.327044     -0.27443      0.11652    -0.297072     0.591064    -0.298113    -0.203651     0.566679   -0.0858746    -0.153179     0.529472     0.327583    -0.398546     0.291454   -0.0431947   -0.0883568    -0.448656    -0.196356     0.380726
   -0.432576   -0.0668673   -0.0656305      -0.1105    -0.249472     0.290853     0.406853     -0.31819     0.244597    0.0448958     -0.18693    0.0504925      0.10949     0.333612  -0.00130942     0.115039     0.111451    -0.354446  -0.00728139     0.314643    -0.709372    0.0374722      0.18505    -0.200413    -0.102369    -0.186432     0.403293     0.741099   -0.0963793    -0.176728     0.156179     0.536515
    0.242424    0.0287169    -0.323746    0.0352953     0.441316    -0.175903    -0.133348    -0.284254    -0.162052    -0.355817     0.401151    0.0457573     0.237013    -0.242552    -0.118616     0.236785    -0.225643    -0.108102     -0.14349     0.284109     -0.36668     0.372391      0.16343     0.495138    0.0167047     0.176336     0.445907     0.178819    -0.175862    -0.176892     0.305754     0.353088
    0.309328       0.9095   -0.0756367    -0.504757     0.365802   -0.0413527     -0.67147      -0.3637     0.543112    -0.268261     0.477879     0.443853    0.0243127    -0.123651     0.379159     0.667465    -0.243081    0.0726627     0.469177    -0.583781     0.847083   -0.0656705    0.0046701    -0.187901     0.100085     0.230064    -0.254196   -0.0844073     0.402941     0.305518    -0.186723    -0.503718
    0.110379    -0.715209     0.261349  -0.00788642  -0.00290118   -0.0575349    -0.385246     0.220523    -0.134132     -0.06348    -0.575802    0.0683946     0.696246     0.619659     0.330233     0.296525     0.449208     0.104149   -0.0913511     0.157132     0.603861    -0.465024     0.502354    0.0143915    -0.284731    -0.317808     0.485855     0.198401    -0.285977     0.224188   -0.0378523     0.182418
   -0.157166      0.24253      0.16914      0.17155   -0.0291808    -0.320585    -0.128828    -0.354964    -0.106289    0.0478956     -0.25474     0.291805    -0.206154     0.189695   -0.0306736   -0.0185611    0.0977663    -0.651067    -0.196326     0.182177    -0.134468     0.373164    -0.251839    0.0234143    -0.416433     0.488904    -0.246981     0.217535    -0.205762    -0.150557    -0.865204    -0.185745
    0.528817    0.0292638     -0.57144    -0.294268     -0.42124     -0.27856     0.162602      -0.0811    -0.225937     0.385678    -0.196405    0.0403347    -0.173068    -0.397329     0.391018    -0.242673    -0.127187    -0.238205    -0.386707     0.211978    -0.163321     0.013004      0.70615    -0.254155    -0.154313     -0.31273    -0.583543     0.553718     0.143676    -0.313087    -0.514591    -0.358589
    0.199197      0.18595    -0.129511      0.10363     0.155564     -0.20278   0.00154878    0.0164433    0.0273419    0.0409454     0.289064     0.452542   -0.0725963    -0.188211     0.122982    0.0907846    -0.195819    -0.155793     -0.43816     0.089981   -0.0463135      0.84155     0.260671     0.641511     0.526302   -0.0460378    0.0942197     0.249366     0.218835   -0.0351614   0.00953569    0.0200719
  -0.0136345     0.151494    -0.643135    -0.711939    -0.450422    -0.182231   0.00576922    0.0588135   -0.0229497     0.434827   -0.0473942    0.0360475    -0.245686     0.509715     0.259806     -0.46871     0.172856        0.238   -0.0577928    0.0893978     0.459116     0.323491    -0.385143     0.282088     0.329674    -0.298489     0.475796     0.272626    -0.150806     0.131925    0.0131927    -0.569779
    0.131256     -0.18549    -0.108103     0.166915     0.627039     0.150521    -0.279886    -0.295921     0.111699    -0.357037     0.192739    -0.332117     -0.39519     0.579723    -0.121516     0.351835   -0.0136658     0.474715    0.0649198     0.258978     0.176284      0.10202    -0.585229      0.13816      0.14309    0.0742981     0.122982     0.553566     0.130451     0.385146     0.215411     0.364029
   -0.363311   -0.0947174     0.457071     0.187353   -0.0441349    -0.315241    -0.181709   -0.0697783   -0.0912839    -0.343033    -0.181901     0.435096    -0.182156   -0.0372454    0.0151182    -0.190162    -0.351485    0.0630277    -0.393754     0.115514    -0.246069     0.690603    -0.179216     0.178363     0.236837     0.512099     0.178076    -0.148764    -0.187548    -0.235326    -0.294194    -0.390673
    0.249984    0.0548431     0.177834    -0.379439    -0.110021     0.165372     0.180557    0.0755603    0.0674656    0.0241846    -0.203196    0.0406049     0.273828     0.585155    -0.171125      0.10457     0.232362     -0.32266     0.254674    0.0854603    0.0211025     0.242323    -0.328737    -0.186617    0.0359728    -0.129853    -0.211001     0.276805    -0.228465    -0.159801    -0.150391     0.337873
   0.0080492     -0.28193    -0.180031   -0.0933133     0.316043    -0.101436      -0.3172    -0.207477     0.252408  -0.00807482    -0.385609     0.121797   -0.0481087    -0.288563    0.0371442     0.421143    -0.623692     0.289078    -0.445515      0.23019    -0.661902    0.0998849    -0.305167    -0.295602     0.507809    0.0302996     0.162269     0.019294     0.451828     0.594302    -0.238033     0.280647
  -0.0437545      -0.1639    -0.474971    -0.205826    -0.182094    -0.109436   -0.0173103    -0.415352      0.11973     0.231677    -0.046892     0.371339     0.291862    -0.188676     0.483606      0.44234    -0.194786    -0.407286     0.147955    -0.264751    -0.389999     0.136883    0.0938887    -0.793851   -0.0632747     0.329469     0.435214      0.02788    -0.134607     0.169844    -0.206687     0.558914
    0.113469   -0.0335496     0.628089  -0.00351787    0.0384913     0.116455    0.0503344    0.0664216    -0.090565    -0.438119     0.248874     0.315547      0.63018   -0.0207525   -0.0758057    0.0825998    -0.153774   -0.0928654    -0.136675     0.238083    -0.439775     0.759394     0.101249     0.166905     0.282288    0.0181563     0.324106    -0.324795     0.266148    -0.361379   -0.0777176    -0.255568
   0.0510669   -0.0160263   -0.0710958    -0.408257   -0.0502608    -0.331999    -0.101313    -0.152165     0.215185    -0.455208    -0.156031    -0.265617    -0.273089     0.381777    -0.149934    0.0850809   -0.0375187    -0.188065   -0.0332728   -0.0397709     0.712057    -0.472779    -0.188222  -0.00601427    -0.119802     -0.14552    0.0812093      0.30904    0.0118347   -0.0430156    -0.176494     0.352488
    0.372506    -0.154998     -0.34831     0.314416     0.199099    -0.334271     0.148755    -0.230581   -0.0227066   -0.0467565    -0.523941    -0.241184     -0.45348     0.141391     0.525984    0.0981171   -0.0130094    -0.245764     0.329797     0.247808     -0.46705    -0.141265    -0.260911     0.188818    -0.300034    -0.408863     0.143962    -0.191262     0.253316     -0.38389    -0.523399   -0.0852749
    0.328278    -0.122389     0.267345    -0.246949    0.0597151   -0.0125254    0.0208402    0.0209819    -0.118874    -0.273007    0.0932065   -0.0209941    -0.120393     0.398183   -0.0446541    -0.106501   -0.0485822    -0.900006      0.50006     0.119728     0.415411    -0.233776    -0.277068    -0.257673   -0.0135083    -0.386492     0.369729     0.324452     0.516804     0.139305    -0.269625     0.333014
   -0.132057     0.350944     0.436187     0.702159    -0.083755    -0.472038     0.542672    -0.521789    -0.294655    -0.116304    -0.219878     0.197609    -0.107612     0.108322     0.374158    -0.412261      0.31612    -0.144473    0.0394112     0.197681     0.273474     0.169555     0.360724    0.0912886     0.604008    -0.226652    -0.158122     0.573069   -0.0937027     0.193245     0.307254    0.0709848
   -0.476561     0.108332     0.397274    -0.366257    0.0852338     0.210627    -0.220965    0.0876231    0.0193061   -0.0047139    -0.259222   -0.0511765    -0.383325     0.255007    0.0110429     0.439391     0.286386    -0.127412     0.200314    -0.136597    -0.239151    -0.130717    0.0459275    -0.132244   -0.0191733    -0.379272    -0.340776     -0.11156     0.274355     0.156008    -0.359805    -0.468751
   -0.289702     0.219469    0.0197933    -0.368342   -0.0310571     -0.24303    0.0717438     0.159837     0.213447   -0.0705759   -0.0149261     0.404622     0.311795    0.0989325     0.170067   -0.0951108    -0.085991   -0.0303469   -0.0483382     0.439283    0.0712298     0.077905  -0.00734924  -0.00969871     0.472619    -0.163085    -0.128743     0.137816     0.348851    -0.080126    0.0780979   -0.0805057
   -0.163505    -0.652298    -0.120998   -0.0607456     0.606595    -0.174996    -0.101037    -0.408124    -0.509578     0.502328      0.13202    -0.144214   -0.0653688     0.027984     0.396701    -0.495543     0.158621    -0.187893     0.217684    0.0440982   -0.0169417     0.447521    0.0574423   -0.0668597     0.159491    -0.141144    0.0652339     0.597979     0.294256    -0.390487    -0.318753     0.231108
   -0.262275   -0.0268424     0.203884    -0.230158    -0.202083    -0.137511    -0.305611    -0.198888    0.0176434     0.238711    -0.305612    -0.277126     0.188032     0.314628     0.333676     0.368841     0.398238    -0.188449     0.286237     0.252647     0.380262     0.346009    -0.267401     -0.38952    -0.266922     0.139057     0.270998    -0.284913     0.373602    0.0310733    0.0838929    -0.195119
   0.0616849     0.321264    -0.147525    -0.584284   -0.0355849      -0.6612     0.179678     -0.38282     0.318365    -0.105882    -0.633049    -0.157399     0.228941     0.438198     0.461278       0.1917   0.00187667    -0.573067     0.199532      0.21638   -0.0741465     0.144546    -0.348266   -0.0195169     0.174259       -0.233      1.10299     0.338675    0.0665552   -0.0811937   -0.0721657     0.256448
    0.898301     0.787825   -0.0356665    -0.124584    -0.451649   -0.0984147    -0.127491    -0.362733    -0.010624    -0.453217    -0.389365     0.406252   -0.0411057    0.0326122     0.651388     -0.24809   -0.0550875     0.510184    0.0170487      0.21649     0.303925     0.519969   -0.0495418    -0.283969     0.371166     0.270144    -0.249554     0.164107     0.240951     0.157431    -0.546063    -0.162858
    0.129826    0.0887943   -0.0518444    -0.333418   -0.0657268     0.175351    -0.031089    -0.404873     0.460713     0.146447  -0.00933351     0.186958     0.158679    -0.141743   -0.0710102    -0.524513    -0.104133     -0.34082     -0.16671     0.181045     0.244859    0.0167941    -0.235786    -0.223491   -0.0974225    -0.125933    -0.139955     0.381636    0.0803119     0.283771   -0.0710202   -0.0266659
   -0.376701     0.288935     0.496296     0.369349     0.250752    -0.102942     0.164178     -0.83549    0.0104876   -0.0769137     0.150923    -0.495672     0.564974     0.476693    -0.413072   0.00953815    -0.181282    -0.147135     0.178563    0.0964546     0.279886    0.0174207    -0.283259   -0.0850096     0.235969    -0.175832    -0.336411     0.670832     0.170179    -0.867914     -0.52028   -0.0494942
    0.206716     0.119069    0.0651679   -0.0628419     -0.55235     0.161076    -0.202322     -0.14103    -0.209552     0.124286    -0.632936    -0.253249     0.350399     0.362481     0.206929   -0.0301706   -0.0165022    -0.398231    0.0934021     0.019449      0.00808    0.0645079   -0.0286515     0.374758    0.0294914    -0.250371     0.129243     0.236229   -0.0719318   0.00365156     0.158744    -0.135775
    0.537168     0.652771    -0.477653    -0.319256  -0.00383846    -0.128981     0.109031   -0.0575926     0.546966   -0.0327292     -0.41897     0.760233     0.197148     0.216328     0.365689     0.127518    -0.225912    -0.464243     0.378455   -0.0608183     0.653514     0.653014     0.315399      0.11424   -0.0303246     0.404748    -0.136761     0.120072   0.00693879     0.804617     -1.09842    -0.277995
  -0.0136535   0.00146067   -0.0366146     0.519618     0.583237     0.325569   0.00693663    -0.173592    -0.596123     0.440982     -0.10914    0.0216425     0.205953    -0.124874     0.237056     0.672288    0.0947062     0.100544     0.488784     0.407945     0.206177    -0.174336     0.229484    0.0303091    -0.111792     -0.41034    -0.347595     0.423617    -0.353398    -0.380323    -0.443973    -0.246916
   -0.335198    -0.336441      0.30648     0.407405    0.0929668    -0.346423    -0.718338    -0.418212    -0.222849    -0.182944   -0.0772117     0.100762     0.227041     0.513785     0.244682     0.131219    -0.234557    -0.351688    -0.107144    0.0690348   -0.0770581     0.242006     0.507104     0.337043     0.674029     0.108712     0.791291     0.474649    -0.122726    -0.232644     0.325638     0.176777
    0.043757     0.395482     0.083613   -0.0568833   -0.0400494   -0.0491435    -0.281806    -0.587697     0.279696     0.203796   -0.0975938     0.145295    -0.122387    -0.197745   -0.0172375   0.00573442     0.176713    -0.108221    0.0195636     0.273408    -0.139904    -0.150992    -0.122028   -0.0613454   -0.0124377    -0.310953    -0.414301    -0.264256    -0.244363     0.227678     -0.25433    -0.168415
   -0.345586     -0.13904     0.154896   -0.0772016    -0.106667     0.311675    -0.352172    -0.410874    0.0453641    -0.119608    -0.464808     0.265047     0.289175     0.225754   -0.0268812    0.0338796    -0.152625    -0.272593     0.118978   -0.0721751     0.217182    -0.197785    -0.053815    0.0278514     -0.16208      0.10177     0.166259    0.0384977     0.234313     -0.42497     -0.25806    -0.716074
    0.186597    -0.347525   0.00269259   -0.0870911    0.0817072     0.190194     0.130867    0.0528812     -0.26534    -0.477797    -0.630442     0.297331     0.329513    -0.168139   -0.0224719    -0.360256     0.197718     0.103131   -0.0187003     0.424995   -0.0381783    -0.145476     0.335281     0.145306     0.359308    -0.596727   -0.0236404     0.731212     0.103102     0.137348    0.0081766    0.0678744
  -0.0344019      0.32155     -0.21125    -0.309546      0.11165    -0.147333    0.0129871   -0.0474961    0.0875111     0.140623    -0.174853     0.200972     0.118118    -0.502827     0.425254    -0.208651     0.283218    -0.397254     0.289589     0.684042    -0.176721     0.313624     0.135863     -0.31113     0.608355    0.0701595     0.126599    -0.120404    0.0824541    -0.283308     -0.22339    -0.132726
   -0.249972     0.341551     0.695103    -0.526756     0.472616    -0.274866    -0.196693    -0.471225    -0.225449   0.00561703    -0.202545    0.0720594     -0.41515      0.46134   -0.0397526     0.303867    0.0793091    -0.285701    -0.213874     0.459339     0.600754    -0.126211     0.155666    -0.302944     0.035565   -0.0276203   -0.0794283     0.519506    0.0744726    0.0468956    -0.641491    -0.275474
    0.442661     0.158479    -0.139833     0.113264     0.334766     -0.21864     0.519532    -0.211118     0.289173     0.192626     0.080224     -0.39443    0.0743439    -0.049869   -0.0859909   -0.0938921    0.0139604   -0.0491573     0.294135     0.331883   -0.0616654     0.129051    -0.227733     0.224393    -0.222766     0.470459    -0.133151    0.0949949    -0.150097    -0.132086    -0.141888     -0.02785
   -0.170775     0.696576    -0.072186    -0.165219     0.261106    -0.239245    -0.418461     -0.49933      -0.1391    -0.213924     0.240393     0.315663     0.738284   -0.0770748      0.92691    -0.150933    -0.828954    0.0178029    -0.274705     0.264509       0.2281     0.153968    -0.130227    -0.331848   -0.0598858    -0.416431     0.214162    -0.221535     0.184656    -0.289354    -0.921449    0.0821178
    0.339123   -0.0253785    -0.349046    -0.231319    -0.279469     0.191378     -0.14664     0.304436     -0.10244     0.169159     0.392852    -0.133821    -0.250948   -0.0227697     0.115425      -0.1336   -0.0269136      0.67276    0.0052244    -0.291117    0.0314772     0.190676    -0.357688   -0.0415789     0.170007    -0.445603    -0.262627     -0.32739     0.186313     0.225816     0.564372      0.35117
    0.452033      0.16893    -0.323427    -0.222838    -0.286568    0.0320184    -0.428287    0.0390869    -0.403144     0.291369    0.0796282    0.0685133 -0.000366522     0.121469     0.293414     0.139971    -0.993033     0.657805     0.497128   -0.0489658     0.290119       0.6306   -0.0453183    -0.297632     0.839483     0.134444     0.347905    0.0854804   -0.0621759      0.23708     0.013145     0.223738
   -0.343975     0.701025     0.626083    -0.153545     0.146634    -0.149104     0.472778    -0.321746   -0.0330811     0.119159    -0.150853     0.416947    -0.203399    -0.367485   -0.0150407    -0.760598     0.365772    -0.672549       1.3196     0.658939    0.0611448      -0.3395      1.07176    -0.105028     0.954714    -0.296568    -0.486813     0.393155       0.2282     0.320406    -0.755835    0.0820919
    0.228887     0.916237     0.171196    -0.167324    -0.485436  0.000504996     0.221069     0.447743     0.169378    -0.196461   -0.0784312     0.562161     0.197229    0.0354607    0.0833555     0.207699     0.104829    -0.484617    0.0961878     0.265303     0.183644    -0.292329    -0.133892    -0.134454     0.187984     0.366305    -0.258329    -0.181075    -0.179146     0.398524      0.13709     0.380004
    0.400447     0.654748    -0.184992    -0.984516    -0.195137    -0.234428    0.0450795    0.0183372    -0.147515     0.492461     -0.28192     0.153708    -0.293942   -0.0423385    -0.508291    -0.386683   -0.0725996    -0.121883     0.174097     0.231449   -0.0820227    -0.103507    -0.060166    0.0271484    0.0937391    0.0991653    -0.223211     0.408566    0.0854134     0.309862     0.353057     0.020016
   -0.162685   -0.0674897    -0.275363     0.653358      0.45451    0.0548131     0.319205     0.363701     0.163078    -0.274106     0.357972    -0.354401     0.317165     0.244404    -0.197427    -0.493501    -0.652708    -0.454073   -0.0604224     0.329808     0.287348     0.221045    0.0329081     0.217834     0.155615     0.195812    0.0117705    -0.123043   -0.0283256     0.278612    0.0850441     0.336209
    0.617859     -0.23079    0.0117438    -0.128076     0.259927     0.230343    -0.428126     0.117529    0.0828273     0.223503   -0.0166306    0.0818193  0.000318735   -0.0544712     0.177292  -0.00387177   -0.0768557     0.165152     0.171964     0.180739      0.26592    -0.340977    0.0361017    -0.354756    -0.384502   -0.0251563    -0.469166    -0.125056   -0.0179519     0.427696    -0.193042     0.636429
    0.184241    -0.045194   -0.0942747     -0.31428    -0.180976    -0.361663   0.00392458      -0.2471   -0.0843222   -0.0797399     -0.50772    -0.804677    -0.113227     0.132085      0.67157    0.0442016   -0.0527498     0.421463     0.287005   -0.0612888    -0.593412    -0.214087    -0.463471     0.014679     0.481484    -0.510862     0.215457   -0.0244162    -0.092686    -0.116937     0.143909    0.0307674
    0.464168    -0.269856   -0.0338335    0.0251692      1.01794    -0.230209      0.15396    -0.197273    -0.867056    -0.145945   -0.0287357    -0.438289     0.362681    -0.895777     0.826191     0.813172    0.0628004     0.513331      0.78205    -0.474217     0.948486     0.557043     0.714101    -0.381337   -0.0161869    -0.632595    -0.103157     -0.37436      0.18962     0.269142    -0.750515    -0.471249
   -0.231406    -0.154375     0.898596    -0.230748     0.560796      0.10741      0.96326    -0.485026    -0.548116    -0.176104    -0.190115    -0.050034    -0.267105    -0.334076     0.783863     0.189321      0.11424    0.0116473      1.25818     0.812772      0.34519     0.146818     0.101758    -0.318977      1.01867     -1.28982    -0.751765    -0.147752     0.296753    -0.312181     -1.28055    -0.181644
   0.0882984     0.386587    -0.479006    -0.135469     0.065997     0.213391    -0.156514    0.0271334     0.299079   -0.0220399     0.071765   -0.0020176     0.225126    0.0918013   -0.0317248     -0.46279     0.110472    0.0625913     0.118402   0.00691407    -0.205317     0.244097    0.0151901    -0.180694     0.145044     0.338061    -0.327071   -0.0465735    -0.935339     0.169226    -0.143667     0.159479
   0.0307809      0.23498     0.906087    -0.104413   -0.0556211    0.0615777     0.710752    -0.586675    -0.914114     0.156129     0.153478    -0.268598    -0.397812    0.0180232     0.565066   -0.0101315   -0.0578204    -0.277685      1.37481     0.119723     0.503204   -0.0242493     0.836938    -0.666432     0.490248    -0.180699     0.226809     0.970823    -0.135191    -0.309978    -0.969565    -0.149488
    0.400195     0.168282     0.684888   -0.0127621    0.0491725    -0.615442     0.162691    -0.785234    -0.530882    -0.298995     0.071655   -0.0484141    -0.250814    -0.201399     0.172453     0.342593    -0.705953    -0.102685    -0.326051     0.176744       0.5006   -0.0377071    -0.048095     0.312821    -0.116372    0.0319576    -0.068668      0.11884    0.0869873    0.0041277    -0.419704    -0.484738
   -0.111506    -0.224022   0.00260091     0.176865     0.215668    -0.155457    0.0519961     -0.38572   0.00683462    -0.253631     -0.03764      0.47162      0.23444       0.2317    0.0474241     0.168333     0.124435     0.041674   -0.0181011    -0.408407   -0.0159043     0.177671     0.139753    -0.100518     0.293806     0.302665     0.263139     0.161013    -0.427251   -0.0250589      -0.1295     0.140282
    0.242529     0.476282     0.190343      -0.1863    0.0309571    -0.615267    -0.870886    -0.201376    -0.729514     0.236725     -1.04487      0.34912    -0.206588   -0.0619243   -0.0718841    -0.209234    -0.444513    -0.310042   -0.0373096     0.398398     0.392076     0.238336    -0.277884    -0.228795     0.289129    -0.403666      0.12622    -0.585042     0.217082      0.39103      -1.0322    0.0328961
    0.133076    0.0137067    -0.144059    -0.566084    -0.727721  -0.00950603   -0.0509519    0.0507736     0.110883     0.210504    -0.207616     0.255936    -0.252756   -0.0361808    0.0739642    -0.701852     0.235675     0.113465    -0.234232    0.0783934     0.558445    0.0753322     0.104082     0.149789     0.437348    0.0472501      0.26604     0.451283    -0.115819     0.342768    0.0909518    -0.222944
    0.424085  -0.00544109  -0.00743513    -0.144171     0.151228     0.304371    -0.120514   -0.0272314    0.0803868    -0.117517    -0.158841    0.0817897   -0.0164823    -0.131231     0.261039    -0.127286    0.0833055    -0.158309    -0.131176    0.0662235    0.0308659  -0.00933197   -0.0643419      0.33334    0.0857194     0.038389     0.317741     0.138971    -0.158483     0.147582   -0.0909256    -0.203693
   -0.094097   -0.0252893     0.215516    -0.210909    -0.175348    0.0444115     0.075048    -0.189214     0.144047     0.182861    -0.436691    -0.102154    -0.302178   -0.0789871     0.723031   0.00043213    -0.211092    -0.675406      1.07057    -0.472194  0.000278879    -0.067881    -0.023628    -0.428293     0.533488   -0.0124307      0.12374  -0.00459255     0.187242    -0.507336    -0.140236    0.0478065
    0.249016     0.156584    0.0750099    -0.144722      0.15182    0.0543831    -0.178343     0.394188    0.0834708    0.0235707   -0.0894444    0.0587483     0.355994    0.0324571    0.0862955    -0.279132      0.10572     0.120972      0.29596     0.319924      0.14142    0.0357124    0.0838466     0.195276    -0.122749    0.0193695    -0.634531    -0.193045     0.151286    0.0913428     0.129976   -0.0357096
   0.0875499     0.157227     0.268288     0.280547     0.145808    0.0329686    -0.132947    -0.143662   -0.0152359     0.147976   0.00362918     0.167097     0.143127    -0.185503     0.310186      0.18005    -0.422601     0.195511    -0.505237     -0.03551    -0.510256     0.266747    -0.182409    -0.144327    -0.252565     0.361746  0.000975484    -0.107952    0.0670282    -0.445471   -0.0046118    -0.125353
   -0.514988     0.144829     0.724684    0.0650311   0.00503095    -0.586118     0.559935    -0.314184    -0.243424    -0.313385    -0.168732    -0.200947   -0.0352687     0.199879    -0.273924     0.260286    -0.109266    -0.290153     0.241459  -0.00709244   -0.0998501    -0.477649      -0.3394     0.660641  -0.00530245     0.687865   -0.0661844    -0.601234    -0.336999    -0.480731    -0.476502   0.00925142
   -0.270026    -0.318893     0.331454     0.412722     0.259332     0.157623   -0.0341151    -0.179898    -0.252246    -0.173492     -0.19403    -0.229258     0.244531    -0.114062     0.538165    -0.596713     0.278385    -0.489112     0.139886     0.506546    -0.225391    0.0913183    -0.467045     0.066725     0.451948    -0.109023     0.514342   -0.0985801    -0.458812    -0.654648     0.217888    -0.247051
    0.234898   -0.0435884   -0.0582107    -0.256421   -0.0648926     0.134699    -0.204891     0.205697     0.200805     0.140411   -0.0446143     0.260983    -0.164937   -0.0772804    0.0372816    -0.478113     0.303928   -0.0775574     0.130599     0.576216      -0.4073     0.280343    0.0960963    -0.256537     0.126071    -0.023748     -0.25085    -0.297607    -0.137028     0.421237     0.196865    0.0613191
   -0.210542   -0.0317179     0.334471    0.0452214    -0.260299    -0.147869     0.133053   -0.0774391     0.412477    0.0128543     0.719046    -0.457774  -0.00200527 -0.000311495      0.21665    -0.312062    -0.141881    -0.387308     0.271765     0.144967    -0.338002     0.658558    -0.512863   -0.0900252   -0.0228809    -0.243732     0.345774    0.0560402    -0.135835    -0.610093     0.211306    -0.127761
    0.402793    -0.033046     0.384389    -0.104895     0.481242     0.103701     0.542958    -0.479028    -0.258211     0.347934    -0.787302    -0.377431    0.0230212   -0.0461862      0.17293    0.0417249    -0.492451    -0.275825     0.191545    -0.146746    -0.420881     0.469873    -0.679672    -0.284806     0.532864     0.243154    -0.183836    0.0294545     0.801564    -0.299701    -0.296977    -0.640126
    0.226527     0.360225     0.039605    -0.048694     0.344713    -0.402738     0.881583    -0.506426    -0.053524   -0.0884102    -0.390792     0.381971    -0.161235    -0.391408   -0.0895153    0.0254731      0.17887    -0.530047     0.742167     0.316081    -0.303006     0.479342     0.682173    -0.337079     0.806946    -0.241141     0.532018     0.219645     0.425235     -0.52178   0.00413838    -0.569278
   0.0238723    0.0203955     0.145015    -0.286062     0.172282    -0.335718     0.231222     -0.44389    -0.116427    -0.330031    -0.210968    -0.275369    0.0136255    -0.186654   -0.0468704     0.191815     0.251865    0.0121695     0.142515     0.329887    -0.256481    0.0298908     0.545228     0.136582     0.932089    -0.541287     0.473486     0.291072    0.0603834    -0.601392     -0.13793     0.411981
   -0.107198     0.318214     0.485383      0.32044     0.102251    -0.706913     -0.26582    0.0220499    -0.213222   -0.0669215     0.488443    -0.132554    -0.358455   -0.0750557    0.0743239     0.260538     -0.38201     0.243409   -0.0316299   -0.0848711      0.18225    -0.402322    -0.181317     0.433615     0.337206    -0.157513    -0.396466    0.0825081     0.310474    0.0817705     0.203086    -0.308464
   -0.154504     0.184847    -0.171027   -0.0718267    -0.229876    -0.140648    -0.391349    0.0855103     0.267441     -0.32162     0.257755   -0.0471428    -0.186514  -0.00685732     0.154582     0.376738   -0.0852553     0.414172    0.0459885     0.264644    -0.174885    -0.391068    0.0439449    -0.355406   -0.0407427     0.264614    -0.332991    -0.132798     0.216704     0.399364    -0.306783    -0.409438
  -0.0777332    -0.486781     0.998535  -0.00732174     0.664316   -0.0201004      0.23523    -0.451515    -0.345085    -0.179925     -0.43628     0.050624    -0.621651     -0.20222      1.55357     0.290082    0.0956846     0.393511      1.52235     0.647028     0.276621    0.0393014     0.744042    -0.159065     0.961301     -0.85417     0.445077    -0.142823      0.27971    -0.397108    -0.785861    -0.419984
   0.0746915    0.0343568     0.079833    -0.038752     0.314618   -0.0460595     0.115114    -0.180799    0.0694393      0.15179    0.0712687   -0.0956475     0.012191     0.125831     0.225885  -0.00665801    -0.101546     0.357279     0.226496    -0.345676    0.0981529     0.113072   -0.0494755    -0.054763    0.0560895    -0.361249   0.00146935     0.141913    -0.156445    -0.462328    -0.084468   -0.0479688
    0.392293     0.488659     0.182368     0.594996    -0.339718    -0.179015    0.0798742     0.117477    -0.175016    -0.349008   -0.0495034     0.523576    -0.247686    -0.862368     0.118769    -0.104028    -0.276804    -0.140299     0.259536     0.225188    -0.251623    -0.489344   0.00461345   -0.0431971   -0.0827291    -0.383443    -0.265965    -0.489891     0.528402     0.175883  -0.00264085     0.288066
   -0.105134   -0.0257793    -0.074599    -0.300096   -0.0849931     0.184386  -0.00599565     0.498737    -0.332457     0.180118    -0.299592     0.246338    -0.378562    -0.535893     0.364258    0.0615659     0.540432    -0.244846      0.40174     0.494796    -0.100693    0.0788613    -0.286795    -0.324095     0.071207    -0.212252     0.227202     0.263025    0.0797606  -0.00903774    0.0862451    -0.175533
    -0.15486   -0.0302914    -0.108846    -0.364229     0.254305    -0.234881     0.241935   -0.0433881     0.236392    -0.136541    -0.280192    0.0988606     0.281958    -0.591656     0.397188    -0.455094     -0.12269     0.137379    -0.209589     0.019718   -0.0222981     0.215865    -0.333057    -0.332493     0.185234   -0.0956892    -0.129338     0.216524     0.272968     0.628831   -0.0380982     -0.23823
    0.403007     0.221879     0.157529     0.583685     0.419233    -0.195754    -0.154926    0.0523272    -0.284729    0.0549898    -0.196145     0.193561     0.197994    -0.461223   -0.0376767        0.441    -0.542535     0.318586    -0.302455   -0.0443073    -0.760156     0.368951    -0.173709    0.0577435    -0.509293     0.101459    0.0732155     0.301672     0.115539    -0.411567  -0.00114179     0.115501
     0.34375     0.695509     0.507735     0.482062    -0.299792    -0.697764    -0.609869    -0.471454    -0.838769    -0.167165     0.175341    -0.178419     0.130443     0.344107     0.893406     0.445802    -0.561117    -0.208141     0.731484     0.387612      0.66037   -0.0777639    0.0463184      0.58141     0.364705    -0.698412    0.0892101    -0.294085    -0.463765    -0.339298    -0.550005   -0.0358953
    -0.11888   -0.0433354    0.0771817   -0.0596779     0.263659     0.126747      0.55605    -0.639705    -0.114348     0.157585     -0.26473     0.171176    -0.231634     0.218255     0.253436    -0.080161   -0.0161931    -0.177308    0.0679452     0.177059    -0.281617     0.106276    -0.115104     0.177165    0.0786258    -0.164554     0.368399     0.470539    -0.106384  -0.00857492   -0.0331136    -0.531058
    0.218083     0.140927   -0.0618956    0.0470702     0.487224    0.0230284    -0.222424    0.0980355    -0.179042  -0.00727441   -0.0182059   -0.0405474     0.162133     0.173305      0.15935    -0.139846    -0.189159     0.281109     0.186945    -0.161048     0.215079     0.101069     0.114227    0.0655318   -0.0502421     -0.41976    0.0774162    0.0685657    -0.190606     0.440494    0.0421896     0.220015
    0.051967    -0.108157    0.0300396     0.201524     0.329263    -0.324131    0.0299366    0.0657083     0.169776     0.174104    -0.322163     0.245282     0.121696    -0.133031     0.256602      0.13446    -0.173019    -0.438324  -0.00335725    -0.375576   -0.0890003     0.215854      0.11274     0.164971    -0.159669    -0.259342    -0.070705    -0.275819    -0.150583    0.0828918    -0.108784     0.124436
   -0.874639     -1.02732      1.27346     0.363016     0.694753    0.0494966      0.62945    -0.483532    -0.590152     0.477643    -0.449155    0.0830349    -0.754448     0.432737     0.521061    -0.575813     0.121015     0.231606      1.01105     0.790837      0.50548   -0.0604729     0.522581     0.753117      1.26888    0.0381895    -0.471442     0.214249     0.469031     0.194085     -1.11944     0.370445
    0.454981     0.598659     0.409857     0.109627     0.718011     0.240758     0.123859    -0.170638   -0.0898976     0.281979    -0.153868     0.478559    -0.157887    -0.305357     0.792385     0.181562    -0.201219     0.488926     0.116273     0.084078     -0.19827     0.441083     0.158674   -0.0401207     0.142298     0.286923     0.275861   -0.0392548     0.609969      0.57648    -0.555001     0.241132
   0.0692493     0.310573     0.216409   -0.0117731       0.1897    -0.251888     0.723924    -0.334325   -0.0932335   -0.0224178    0.0919602     0.373666     -0.15914    -0.467106     0.258888    -0.262352    0.0675383  -0.00625122     0.209764     0.195955    0.0749245     0.488264     0.237777    0.0665279     0.336213      -0.2373     0.685059     0.326234   -0.0768493    -0.216791    0.0341161    -0.384675
   0.0901908     0.158469     0.175415     0.557749   0.00224962    -0.139514     0.332058   -0.0968692  -0.00753395     0.195701     0.292773    -0.252076     0.543427    0.0329477      0.11113     0.310378    0.0225448    -0.183137     0.529203     0.563753     0.381742    -0.213127    0.0944994    0.0479694     0.352641    0.0501792    -0.270019     0.196024     0.164058    -0.405583    -0.106748    0.0376227
  0.00464265     0.134396     -0.21073     -0.20984    0.0919239   -0.0605821     0.220623      0.06168     0.328697     0.213603    -0.344696    -0.199644   -0.0298678    -0.213353    -0.262818    0.0490805   -0.0582196    -0.122563     0.557983    -0.095363    -0.118422    -0.153579      0.46301    -0.512864     0.210301    -0.188254   -0.0643903     0.396428   -0.0344896    0.0538701   -0.0467075   -0.0667113
   -0.631103     0.402922     0.299186     0.284383    0.0523897     -0.67599    0.0227847    -0.505641   -0.0387531   -0.0206173    -0.214749     0.437556     0.426393    -0.234351     0.317632    -0.324377    -0.337856    -0.399663    -0.453908    0.0611368    -0.436412     0.812105     0.184759    -0.218274   -0.0710745     0.405635   0.00836598   -0.0878427    -0.298372    -0.170008    -0.370233    -0.136994
    0.346124     0.421331     0.147689    -0.190952     0.250406      0.55879  -0.00852223    -0.135949     0.635222    -0.584298     0.133679     0.138508    -0.479891  -0.00121541   -0.0689488    -0.394603   -0.0106721    -0.544491    0.0551299   -0.0401105    -0.863785   -0.0102718     0.134593     0.255107   -0.0660838     0.150474   -0.0704856    0.0603827    -0.386932    -0.457526    -0.221739    -0.192403
   -0.195493   -0.0762512     0.220552     0.561187     0.599896   -0.0751915     -0.25402     0.189925    0.0393908    0.0286906    -0.136105      0.33012     0.659408    0.0394537     0.533772     0.720517    -0.365153    -0.186454    -0.152222     0.484657     0.434485     0.736141     0.295233     0.344828    -0.230882    0.0029045    -0.110918    -0.384887     0.342025    0.0586948  0.000846728     0.898337
  -0.0219247     0.212833      0.28141     0.110872     0.143219     0.011416    -0.341468    -0.148902    -0.274922    -0.149108     0.356788     0.212283    -0.446803     0.173005      0.22721     0.181116    -0.316226   0.00191075    -0.299524    -0.299589     -0.31127    0.0623711     0.415248    -0.254854    0.0500227     0.234215    0.0179846    0.0467676    -0.407772     0.195284     -0.13733     0.330353
-0.000589515     0.466893     0.265111     0.492064    0.0348331    -0.450041     0.123644   -0.0229816     -0.33888    -0.186811    0.0823476     0.532787    0.0228821    -0.282607     0.165522    -0.117935   -0.0300245    -0.228233   -0.0563611   -0.0810722     0.427989   -0.0873186     0.344578     0.274198    -0.167119     0.170042    -0.104969     0.251981     0.464804    -0.163779    -0.462001     0.359767
   -0.319082    -0.774427    -0.507202     0.226289   -0.0622623     0.156063   -0.0288757    0.0347389    -0.824971     0.373635    0.0574482      0.26489     0.245506   -0.0842532    -0.139235     0.219205     0.117541     0.201616     0.369956     0.263964     0.269533    -0.142533   -0.0493717     0.134146   -0.0220374     0.101677    -0.214895   -0.0338811    0.0984377     0.496315      0.10758    -0.535647
    0.287896     0.244202      0.02509     0.198642     0.734342    -0.153718    -0.546207    -0.504973    -0.336528     -0.29682   -0.0528822     0.135241    -0.270626     -0.19957     0.253486     0.664959    0.0829581     0.188488    -0.173045    -0.044382    -0.421646     0.439529    -0.317315     0.171953     0.397816     0.326568    -0.113777    -0.278424   -0.0438407    -0.277665    0.0523995    -0.379727
    0.494403     0.288852    -0.425412    -0.168256    -0.709853     0.117868     0.056511    -0.190141   -0.0526092     -0.09296     0.495859     0.118925    -0.278872    -0.376063    -0.174544    -0.127054    -0.142537     0.474509     0.480267    -0.135138     0.712195     0.153385     0.302398    -0.295096    0.0103244    -0.261727    -0.396937     0.384365    -0.267861     0.288409    -0.498755   -0.0585007
   -0.277313     0.151772     0.214908   -0.0342187     0.290124    -0.179004   -0.0665501   -0.0249138   -0.0238635    0.0348539    0.0522278      0.19206    -0.145993      0.20766     0.133156   0.00401145      0.09425    -0.534494    -0.283969     0.315495    0.0491485     0.328088    0.0398869    0.0770886    -0.136316     0.267361    0.0314232   -0.0224446     0.175375     0.183427    -0.211968     0.204481
   0.0366261     0.519739     0.291969   -0.0687888     0.807417   0.00128065       0.1154    -0.528386    -0.154202   -0.0046159    -0.352814    0.0238566     0.115894   -0.0403026      0.20311    -0.210948    -0.213471    -0.017628    -0.370511   -0.0743338    -0.485816     0.447059    -0.638897    -0.624821     0.309419     0.595254    0.0756265    -0.247526     0.553622     -0.80594     -0.44184    -0.476922
    0.285849     0.118995     0.326178     0.434877     0.416853     0.277476    -0.225385    -0.483898   -0.0867943    -0.130634     0.184333     0.241733     0.308064    -0.514906   -0.0983281     0.194197    0.0913418    -0.160855   -0.0284421    0.0871396     0.284649     0.307277   0.00912198     0.124086     0.608899     0.256861     0.233753     -0.15989   -0.0821485   -0.0456633   -0.0869528   -0.0974934
    0.361987   -0.0402097     0.324475     0.140457     0.259203    0.0450369     0.499258    -0.270153   0.00705523    0.0979298    -0.416401   -0.0319271    -0.144232     0.106392    -0.237073     0.270026    -0.414732    -0.328771    0.0317349    -0.333725   -0.0521147     0.216529    -0.226128   0.00667715    -0.484656     0.041824    0.0593727     0.234764    -0.390807     0.143612    -0.156147    -0.184962
   -0.141026    -0.234933    -0.205046      0.30761    -0.143533   -0.0610607    -0.219024    -0.142427     0.368274    -0.145373     -0.23582    -0.152876     0.101247     0.180819    -0.221492   -0.0281496    0.0116753   -0.0378263   -0.0582724   -0.0709392    -0.052208  -0.00710094    -0.692357     -0.18475  -0.00296609     0.106135   -0.0343217     0.101531     0.436163    -0.241448   -0.0477231    0.0298027
    0.377121     0.580245     0.116269    -0.696713   -0.0524372    -0.319326    0.0954668   -0.0706992     0.192272     -0.23128      0.10075    -0.172362     0.118324    -0.461655   -0.0094781    0.0193214    -0.028271    -0.367306     0.248692     0.193848     0.342181   -0.0683747     0.334441     0.181104     0.439906    -0.501623     0.171202    -0.443704     0.117049     -0.23382  0.000268164     0.124705
    0.302501    -0.221028    0.0233564    -0.117624      0.13572     0.160636    -0.217508    -0.183058    -0.079039   -0.0605147     0.198888    -0.193465    0.0190689    -0.332746     0.133595     0.125841     0.165283   -0.0627394    0.0553355     0.113133   -0.0138086    -0.448827     0.231663     -0.22658     0.398337    -0.172471    -0.105102     0.372912     0.152164   -0.0268982    -0.458286    0.0304218
  -0.0389022    -0.153619      0.20143    -0.547202     0.235875    0.0445322    0.0487986    -0.356947     0.235416    -0.172309    -0.436035     0.390577    0.0862778     0.103023     0.847184    -0.210333      0.61162   -0.0742192     0.352557    -0.148925    0.0555899     0.652704    -0.452506     0.169155    -0.262034     0.491045     0.100891    0.0795525    0.0741232   -0.0209771    -0.145112    0.0780895
