 0.00482853 -0.00365806   0.0052929   0.0046945   0.0086621 -0.00735852 -0.00593227  0.00506755  -0.0083088  0.00253389 -0.00100573  0.00175488 -0.00367129   0.0011504  0.00682081  0.00290814
  0.272025  -0.322235   -0.36067 -0.0284055 -0.0780124  0.0936346 -0.0693811 -0.0765213  -0.267005   0.112294    -0.2968  -0.105788  -0.348482 -0.0829743   0.033829  -0.159596
 0.639817  -1.13865   1.38225  0.640889  -1.32781  0.353296 -0.356057 -0.584627   -1.5141  0.649416 -0.175814    -1.708   -1.2014  0.321197  -1.04229 -0.302934
 -0.189372   0.275813   0.131331   0.227492   0.131297  -0.228448   0.221148   0.373903 -0.0884197   0.337341 0.00598371 0.00803671  -0.228645 0.00606167  0.0528942   0.817355
  0.529852   0.530093 -0.0199728  -0.366722   0.266858  -0.282424   0.365703  0.0320685  0.0790103   -1.11959  -0.620831   0.130059   0.168094    0.44894  -0.250555   -0.58517
 -0.411807   0.233847 0.00435962  -0.259404  -0.337731   0.989112  -0.225389   0.188956   0.213668   0.419915  -0.318079  -0.466868   0.742456 -0.0518573 -0.0330634   0.460674
 -0.987259     1.1628 0.00996705   0.108621  -0.301982  -0.337153 -0.0112949   0.244835   0.277381  0.0706727   0.372288  -0.483928   0.254298  -0.104257   0.192423  -0.452558
  0.319121  -0.108708 -0.0982279   0.117024   0.547264   0.666322   0.103315    1.00935   0.317346   0.221403  0.0645613  0.0166153   0.105271   0.684251  -0.297607  -0.835221
  1.11978 -0.120852  0.137772 -0.133411 -0.217765  -1.21093 -0.533609  0.604903 -0.316049  0.651773 -0.110848  0.231355  0.390229 -0.168846 -0.602887 -0.150375
 -0.433199 -0.0982404  0.0828249  0.0183938   0.289508  0.0192195    0.12625  -0.690049  -0.314582  0.0579292    0.23201   0.460777  0.0436506 -0.0221952  -0.441264  0.0119504
   0.413009    0.851706    0.117675 -0.00719032   -0.239534     1.37293   0.0993175   -0.122399   -0.418003   0.0356646   -0.179626    0.699271    0.777201    0.268059    0.729875   0.0694439
  0.503877  0.0943506 -0.0480717   0.183833   0.311485  -0.597487   0.159146   0.340388   0.453072  -0.254229   0.601417  -0.215754  0.0075061  -0.201614  0.0997278  -0.210124
  0.335596   0.582816 -0.0394869  -0.737419   0.625883   0.592281   0.668172   0.618613  -0.344719  -0.290852  -0.263359  -0.281372  0.0452814  0.0392207  -0.248894  -0.351601
-0.0819138  -0.518825  -0.396893  -0.382868   0.113599  -0.249463  -0.931397    1.52342    0.40237  -0.142763   0.851683    -1.0204 -0.0851595  -0.305884  -0.475767   0.113881
 0.722392  0.426202 -0.138052  0.511418 -0.264453 0.0851334 -0.084574 -0.485928 -0.408846 -0.449338  0.536657  0.130115 -0.801247 -0.583587 -0.645868  0.229025
  0.015694  -0.295491   0.842457 -0.0656691   0.246339  -0.891735  -0.163864  0.0138272   0.748581   0.970898  -0.412491  -0.174201  -0.261115 -0.0323442   0.266268  -0.896408
-0.0758497  -0.801056   0.458279   0.119035  -0.138389   0.667863  -0.881497   0.120363   0.402426  -0.171883  -0.235162  -0.579642   0.603852  0.0258893   0.691448    1.13414
 -0.343907   0.386696  -0.181726   0.159524  -0.249905  -0.176743  -0.247208  -0.302778 -0.0482213   0.282868  0.0334466   0.201775  -0.162837  -0.112729  -0.151791  -0.103242
 0.00529743  0.00398151 -0.00757714  0.00371572 -0.00232336  0.00548547  0.00886103  0.00832546  0.00723834 -0.00592904  0.00587314 0.000960841 -0.00405423  0.00809865  0.00819286  0.00747958
 0.354292   1.01613 -0.615041  0.324602 -0.209411 -0.571317 -0.826764  0.390353 -0.317448 -0.368745 -0.146899  0.451622  0.188718  0.108853 -0.254111  0.894644
  0.437251  -0.348706  -0.228058  -0.346249   0.801022 -0.0299997   0.119178   0.520289   0.546112   -0.18278  -0.800289   0.463958 -0.0297306   0.280044  -0.435355  -0.495191
 0.337803 -0.355542   0.71882 -0.444225  0.631432  0.453873  0.214214   1.64292 -0.243864 -0.206096 -0.204421  0.259208 -0.371609 -0.720868 -0.116522 0.0119837
  0.235167  -0.126252  -0.132923 -0.0598444   0.302785  0.0111961   0.119879  0.0325377   0.212198   0.464579  -0.139894  -0.263368   0.282549   0.064855   0.232074   0.711595
  0.737278    1.13715   0.273765  -0.396367   0.701774  -0.743054  -0.524547  -0.747878   0.374485   0.413422  -0.361527    0.23589  0.0830312    1.17314 0.00837772   0.108215
  1.21484 -0.308189  0.551304  0.696534 -0.396535 -0.254119 -0.179343  0.387284 -0.712679   0.17594  0.330966  0.730488  0.318535 -0.845779 0.0659778  0.689428
-0.0391744 -0.0678329   -0.96757  0.0953009  -0.229383  -0.276357    0.18765  -0.427196   -0.34403  0.0382283    0.21805  -0.149876  -0.578767   0.273871  -0.244552  -0.232487
 -0.638608   0.230593  -0.461053  -0.401349  0.0715004  -0.537588   0.112594  -0.576799   0.521224 -0.0597708  -0.103102 -0.0593069  -0.956812   0.594181  -0.546964  -0.237162
  0.523446  -0.149788 -0.0874936  -0.494869   0.832681 -0.0186213   0.203567   0.268442   0.631379  -0.414541  -0.780508   0.559167  -0.158172   0.311793  -0.447282  -0.384575
   0.17638  -0.221183   0.129705  -0.238549   0.705585  0.0610861 -0.0256927    1.06391  0.0928099  -0.271556  -0.435533  0.0176945  -0.255516    0.73699   0.798355   -1.28263
-0.0348019 -0.0787094   0.449892   0.388146  -0.282637  0.0407541  -0.720747  -0.552456   0.415104   0.255334  -0.568369   0.187828    -0.1643   0.301545   0.516791   0.966876
  0.715713  -0.269256   -0.24509 -0.0626504   0.670898    0.77073   0.109554   0.153483  -0.179916   0.120757  -0.236289  -0.451894  -0.616298   0.723141 -0.0769556  -0.482173
-0.443678  -1.36053  0.165718   1.03587  0.107197 -0.327766 -0.416761   1.08734 -0.663292 -0.361292 -0.434889   1.47741  0.432879 -0.239919 -0.145692  0.392433
-0.538989 -0.466865  0.780673 -0.526373  0.746204  0.671198  -1.26888   1.92726 -0.294422 -0.377982 -0.224715   1.09324  -1.06645 -0.841735 -0.774254 -0.855332
  0.913187  -0.875064  -0.250018  -0.683136   0.567647  0.0108216   0.719593   0.913935  0.0560179  -0.803315   0.195136   0.650833  -0.327972  -0.088471 -0.0178154  -0.249034
   0.460369    0.903987   -0.347063 -0.00179628   0.0634266    0.371594  -0.0447831    0.606811    0.522673   -0.866509   -0.447773   -0.626709  -0.0890902    0.346966    -0.40822    -0.38459
 -0.363243  -0.316906   -0.12814  0.0737108   0.341613  -0.637924   -0.48481  0.0933818  0.0612712   0.266101   0.210434  -0.220706 -0.0111648   0.238622 -0.0815879 -0.0292597
  1.20087 -0.164485 -0.187646  0.224504  0.265018 -0.538221 -0.409791 -0.331181 -0.937553 -0.377728 -0.458398  0.570286  0.375231  0.253191 -0.351495 -0.162781
  0.191509  -0.199269   0.285822  0.0969518   0.376193  -0.185262  -0.209824   0.157039 -0.0954151   0.418659  -0.070906  -0.639429  0.0978954    0.62062   0.199191   0.559596
-0.0196056  -0.484947  0.0793302   0.295863 -0.0146299   0.369055   0.964384   0.526281  0.0674736  -0.474562  -0.150496 -0.0311266   0.207803 -0.0741582   0.577836  -0.616853
  0.00127235  -0.00514748  -0.00962178  -0.00312317  -0.00981853   0.00847385   0.00202853   0.00541372   0.00774394   0.00866545  -0.00653871  -0.00104037 -0.000245586   0.00590463   0.00278018   0.00931363
 0.611382  0.184385   0.67568 -0.554739  0.374562  0.519742   0.26403  0.749615 -0.406252 0.0226458 -0.442359 0.0317334  0.631801  -0.32168  0.124768 -0.162679
  0.362148  -0.428555  -0.759696 0.00596556  -0.492913  -0.459456   0.326608   0.952836    0.14762  -0.994894 -0.0891679  -0.181454  -0.137926  -0.436126  -0.141332  -0.300385
 -0.537152   0.125197   -0.91058  -0.678981 -0.0977457  -0.233155  -0.380013   -0.26679  -0.248344  -0.336913   0.334866   0.102148   0.258089  -0.973927  -0.364848  -0.348611
 0.887735  -1.16063  0.026362  0.231963  0.186194  -1.81873  0.436648  -0.55423  0.860569  -2.04727  0.719821 -0.159071   -1.0336 -0.852979  0.576037  -1.36992
 -0.156102  -0.329765   0.346082  0.0395318  0.0150132  -0.292235  -0.175439    -0.2053  0.0504668 -0.0504714   0.156764   0.209221  -0.520531  -0.285438  -0.359468  -0.100592
  0.508973   0.057786 -0.0189987  -0.626127  -0.276359    1.06526   0.399617    1.04962   0.190799 -0.0161383  -0.420546   -1.33734   0.032271   0.453933   0.611011  -0.346416
 -0.092745  -0.525156   0.224455  0.0430656  -0.499406  -0.240192  -0.548266   0.758456   0.352898  -0.303532   0.187271  -0.496444  0.0911701   0.275905   0.263264 -0.0158919
0.0640623 -0.249093  0.135212  0.032524  0.828078  0.154904  0.163382   0.26545  0.163822 -0.196145  -0.74575 -0.730626  0.505182   0.35984  -0.72047 -0.582591
 -0.305149   -1.10758 -0.0193892  0.0730866   0.261797  0.0928925  -0.182685   0.697643   0.730017  0.0947747  -0.122356   0.202322  -0.999707 -0.0250548  0.0498207  -0.194919
 0.0649601  -0.550864   0.206848   0.125705   0.571034  -0.352407 -0.0165323   0.248522   0.335639    0.44681  -0.257507  -0.410618  -0.228426   0.213676   -0.12434  -0.104892
-0.0518676  -0.858321  -0.712864   0.835482  -0.138182   0.119127  -0.617539   0.763916  -0.299432  -0.292493   -0.34993    1.66555   0.128127  -0.512356  -0.374086   0.274818
  0.274115  -0.653292    1.19146    0.38472  -0.166238  -0.332333   0.180246  -0.937956  -0.781259  -0.734455  0.0746539  -0.530935 -0.0548212  -0.449925    0.46869  -0.632755
 -0.153492   0.114089   0.183524   0.164682  0.0608046   0.234271 -0.0315447    0.25491   0.372049   0.469522   0.767842 -0.0586404  -0.156129    0.67037  -0.263733   0.356873
 0.0705284   -0.45366  -0.622928 -0.0707742   0.377927    1.05332  -0.159825  -0.122271  0.0799279  -0.416601  -0.950384  0.0946492   0.141334  -0.208198 -0.0759145    -1.3646
  0.541801  -0.243014  -0.284889   0.777019  -0.635304  -0.950275   -1.01067   0.412099    0.45519   0.297242   0.431063   0.359836    1.07328   -0.10998 -0.0628277 -0.0125659
  0.47613 0.0462818 -0.106889  0.438986   0.53419  0.338303 0.0239806   1.18295    0.8005  0.133081  0.250364  0.111134  0.103084  0.416801 -0.630288 -0.629301
  0.530118   -1.08176  -0.922404    -0.4492  0.0143482  -0.488055 -0.0849773 -0.0708484   0.803664  -0.977254   0.298615  -0.348886  -0.361729  -0.525727    1.26976   -1.56122
  0.122846  0.0568816  0.0774655 -0.0610793   0.362744   0.123811   0.180986  -0.118429    0.15445   0.549386  -0.219582  -0.133628    0.27196  -0.160453 0.00265461   0.858327
 0.0224029   0.359656   0.099233  -0.621299    0.32756   0.215734    1.10193   0.622865  0.0145107 -0.0860416   0.161402 -0.0488787   0.131199 -0.0661963  0.0625377  -0.648649
   1.08599   -1.30958  -0.360203  -0.290903 -0.0147209   0.256399  -0.931037  -0.807607   0.208609  -0.792952 -0.0423823   -1.35738  -0.824835  -0.339687   0.464299   -0.97268
0.0725574 0.0775507  0.503824  0.275912 0.0968772  -0.74928  -0.35879  0.180999 -0.321011 -0.696442  0.463248  0.181407 -0.286379  -0.28861 0.0213355 0.0222908
  0.405509 -0.0546201  0.0850016   0.135562 -0.0215929   0.216153   0.202437  0.0813113  0.0953555   0.311464 -0.0513718    0.20528    0.17419 0.00217736  0.0892875   0.133145
  0.334995   -0.08422   0.132112 -0.0402351 -0.0374588   0.278904  0.0881488   -0.05308 -0.0123717   0.650184 -0.0377204  -0.409033   0.109557   0.374514  -0.173086   0.433659
   0.105588   -0.437938    0.133912 -0.00716468    0.298183  -0.0563633    0.155996    0.470041   0.0531924   -0.370743   -0.364452  -0.0675657   -0.265578    0.268154     0.25095     -0.7472
 -0.757913 -0.0313697 -0.0933766   0.127876  -0.963707   0.241587   -1.48562    0.63694   0.914344  -0.170212  -0.178105  -0.293308   0.810553   -0.81212   0.307896   0.531573
   1.05723   -0.65823  -0.468202   0.370037  -0.643938  -0.405133    1.75088 -0.0636386   0.144786   -1.05965   0.321244  -0.526713   0.701222  -0.496783    0.39994 -0.0746938
-0.0164374   0.093717   0.217058  0.0833527  0.0501927   0.305981  -0.559589  -0.320918  0.0800876   0.517714   -0.73344   0.605724 -0.0817841   0.118073   0.413345   0.753454
-0.138418  0.901977 -0.154565  0.307346 -0.736384  0.585455  0.237222  0.739195  0.421477 -0.709406 -0.373027 -0.594805 -0.174132 -0.332549  0.111034 -0.246353
  0.0497385    0.669318    0.470083  -0.0473765   -0.680166   0.0416501 -0.00345832    0.505388   0.0404124    0.191969   -0.051179   -0.606707  -0.0397193   -0.765449    0.257371   -0.204277
   0.389149   -0.242978   -0.797349    0.442922   -0.377414  -0.0805291   -0.668676    0.487996    0.483196  -0.0617221 -0.00447455   0.0182144    0.611223   -0.108634   -0.266275    0.328772
 -0.210388  -0.287618   0.400305   0.250154  -0.723784  0.0789533   0.483432 -0.0400642  -0.576071    0.45793   0.855095   0.425309  -0.523148   0.220445   0.389983  -0.245493
   0.85462   0.459317  -0.284024  -0.543318  -0.440925   0.151714 -0.0419259   0.314701  -0.191539   -0.11768   -1.50581   -0.25456  0.0544107    1.17143  -0.437174  -0.799921
  0.569912   0.365823  -0.634316   0.737563  -0.504524  -0.529569  -0.343359  -0.104881   0.458283   0.222893  -0.131619   0.229734   0.508718 -0.0318241  -0.582044   0.392319
 0.253321 -0.772542 -0.453834  0.234761 -0.685918 -0.290958  0.556096  0.123533 -0.358107  -1.16671 -0.582919  0.181615 -0.045478 -0.264463 -0.296911 -0.811312
   0.166531   -0.679004   -0.598907    0.559029   -0.845789   -0.699378    -1.04414    0.492352    0.290023 -0.00553179    0.425145   -0.180124     0.35319   -0.278278   -0.341708    0.766795
  0.105981 -0.0423262  -0.224659  0.0890349   0.164825   0.225175  0.0731878  -0.043345   0.325634   0.899046  -0.296764   -0.28213   0.374353  -0.100402   0.197481   0.879828
   0.179059  -0.0846491   0.0601892   -0.517937    0.457381    0.153312    0.385244    0.575948  -0.0422554   -0.239227    0.132654 -0.00451171  -0.0374445   -0.122339    0.031404   -0.120791
-0.0677025  -0.347321  0.0305816   0.143704  0.0550748  0.0248439 -0.0232432   -0.17202 -0.0520567  -0.112579   0.022808  0.0280635  -0.363528  -0.115089   0.056998  -0.183575
  0.140488    0.22307  -0.211831   0.434023 -0.0997345   -0.92645   0.171326   -0.21345   0.138756   0.325196   0.300176   0.118939  -0.245599   0.641451    -1.0542    0.21521
  0.401941   0.132597  -0.315724   0.141711 -0.0173931  -0.224231  0.0999548   0.318523   0.341518  -0.392927  -0.605412  -0.347178   0.189791    0.23574  -0.255423  -0.318398
  0.421405  0.0683782  -0.124851  -0.866789   0.640716 -0.0117109   0.518651   0.256593   0.179759  -0.397556  -0.451247   0.547047   0.267368   0.201508  -0.631076  -0.235347
 0.653097  -1.70683 -0.849473  0.169329  -0.51203   0.11886 0.0892223 -0.269577  0.864991 -0.651689 -0.337663 -0.706586  0.389475 -0.480751  0.944026  -0.32519
 -0.49178 -0.376076  0.260974  0.137181  0.278328  0.662023 -0.234036  0.116593 -0.369659 -0.218607  0.175835 -0.441135  0.257565  0.302429  0.170382  0.684804
 0.958137  -0.83328  0.146424 -0.163433 -0.285605  0.100613   0.47772  0.344267  0.251454 -0.334728 -0.599827 -0.658592 -0.284734 0.0498216   0.34828 -0.868449
  0.236869  -0.368092   0.439963 -0.0963802  -0.386396  -0.130466   0.598472  -0.191283  -0.411983  -0.440818 -0.0702893   -0.36348  -0.223601  -0.139196 -0.0646477  -0.640365
 0.406634   0.41672 -0.949255  0.478449 -0.274404 -0.490971  -1.07092  0.416576 -0.226831 -0.292101 0.0422472  0.175512  0.518604 -0.102248 -0.693414  0.062345
   0.296136   0.0552995    0.704491    0.332198     -0.1523    0.497149    0.235993    0.319066    0.172496   -0.423255    0.259394   -0.555999   -0.461092    0.213832    0.199864 -0.00164857
  0.631578  -0.400544  -0.117988  -0.446296    1.01032 -0.0703851   0.211072  0.0677791   0.562264 -0.0751781  -0.425279   0.324517 -0.0547948   0.508404  -0.129674  -0.306514
 -0.473359 -0.0789303  -0.291312   0.153038  -0.138829  -0.316154  -0.362141  -0.108627    0.47578  -0.246993   0.178984 -0.0582422  -0.249515  0.0273105 0.00431793   0.087421
 -0.311364   0.006627  -0.631094  -0.343711 -0.0386108  -0.106853  -0.137829  0.0252024    0.27874  -0.903775  0.0681619  -0.446223 -0.0485477  -0.185338  0.0881224  -0.104801
 0.447542  0.323908 -0.308293 -0.304397 -0.195867  0.512686 -0.705323  0.197191  0.592264  0.321342 -0.389652  0.014523  0.530086  0.272788 -0.095563   1.16747
   0.632071   -0.769994   -0.475244   -0.217236    0.311508   -0.221473    0.775803    0.337235    0.231224   -0.702694    0.337367   0.0625718    0.184298  -0.0441971 -0.00614215  -0.0541901
  0.188264  -0.448288   0.168677   0.184916  -0.961344   0.897119 -0.0102667 -0.0944419  -0.176725  -0.184998  -0.287673   -0.80561  -0.020913  0.0268256   0.234276  -0.138992
  -0.172104    0.345233   -0.071163    0.123695 -0.00948463   -0.328554    0.340291   -0.081154   0.0299982   0.0791803   0.0191779    0.158465 -0.00813981  -0.0695634    0.104223  -0.0664372
 0.0740525 -0.0363195   -0.13478  -0.107352 -0.0306592  0.0803873   0.108145   0.108602  -0.116194 -0.0298274 -0.0680451  -0.243209  -0.130096  -0.119328 -0.0854613 -0.0796504
-0.0750883   0.226225   0.419602  -0.318017   0.226422   0.346839  0.0329631   0.730221   0.236287   0.250937  -0.365655  -0.236595  0.0707172  -0.240733   0.267971   0.168649
    0.287162    -0.514175     0.156429    0.0530181    -0.301468     0.241334     0.336367    -0.150602    -0.139336    -0.205705     -0.22151    -0.393393 -0.000630377    0.0742278   -0.0820753    -0.394156
 -0.11299  0.429639 0.0630309 0.0683712  0.120093  -0.30019  0.123783  0.246605  0.203378  0.493057 0.0386634  0.028346 -0.205917  0.142094  0.253496  0.336679
  0.817743   0.127258  0.0125463 -0.0543428   0.601998  -0.597185  0.0499713   0.478478   0.358846   0.189016  -0.574495  -0.450587  -0.764061   0.100903   0.346243   0.023562
0.00915602   0.233012  -0.562684  -0.145703  -0.181041  -0.573401  -0.169124  -0.470993  -0.148202  -0.314116   0.163985  -0.448402   -1.12081  -0.202029   0.365969  -0.467056
 0.0556146  -0.536478   0.778191   0.294189     0.2154 -0.0942381  0.0685476   0.321292   0.190741  -0.347822  -0.892377  -0.562791  -0.193367   0.286419   0.145083  -0.688914
  0.338912  -0.210798  0.0186298  0.0835898  -0.198678  -0.259129   0.643884  -0.156693 -0.0581856   -0.56514   0.251666  -0.140267   0.119915  -0.274155   0.445585  -0.134747
   0.184333    0.351147  -0.0758744   0.0715288   -0.281316    0.219362    0.101099    0.302303    0.207399   -0.378072     -0.2111   -0.187988 0.000176949  -0.0816762     0.15114   0.0213919
  0.466316  -0.122267  -0.449892   0.528586  -0.969916  -0.188249   -1.07336   0.723061   0.519956 -0.0974851 -0.0757822   0.103783   0.734951  -0.103958  0.0830444    0.83305
  0.389971  -0.143525 -0.0247757   0.218894  -0.339634  -0.318291  -0.503909   0.334807 -0.0666725 -0.0909205   0.121617   0.178699   0.284326  -0.131533  -0.191413   0.149997
  0.0747765   -0.208238   0.0410793   -0.160806 -0.00921352    0.135085   0.0469772    0.167429   0.0756706   -0.131368   -0.103485   -0.191853   0.0328025  -0.0577376   0.0253056  -0.0510483
    -0.10058    0.0566587   -0.0414025    0.0208768    0.0295768   -0.0723938   -0.0130698    -0.015134    0.0113284     0.100216 -0.000389133    0.0643413   -0.0566362  -0.00373048   -0.0761776  -0.00694175
 0.00664408 -0.00727699 -0.00149918   0.0054381 -0.00405618  0.00523053  0.00272261   0.0147381 -0.00768788  -0.0121503  -0.0128133 -0.00954732  0.00973017  0.00285965  0.00729392  0.00194664
   0.0068208   0.00991241   0.00819371   0.00772062  -0.00481526    -0.007116  -0.00820782   0.00375091  -0.00902523  -0.00759515  -0.00565401  -0.00457064 -0.000649414   0.00356136   0.00457277   0.00422869
   0.211573   -0.226815   -0.509636   -0.112032   0.0676098    0.856951   -0.170257   0.0372379    0.255995    -0.19731   -0.628283 -0.00250454    0.196257   -0.340421    0.352658   -0.716031
-0.0204471  0.0511653  0.0224138   0.104586  0.0760645  0.0926246  0.0547728  -0.162022  -0.075347 0.00339997 -0.0549655    0.16478  0.0939853   0.053021  0.0221842   0.150575
 -0.0062927  0.00107849 -0.00192919 -0.00774024 -0.00198928  0.00471445  -0.0084875 -0.00429841 0.000599394 -0.00658361 -0.00799447 -0.00166588  0.00812253  0.00686358 -0.00711035  0.00274108
-0.0103415   0.401776   0.381097  0.0863461   -0.58956   0.077692   0.533722   0.187556 -0.0761539   0.161175   0.100352 -0.0928755  0.0516558  0.0668213   0.540078  0.0266055
  -0.313963    0.753001    0.141796    0.506509    -0.53937   -0.186602    0.427872   0.0364632   0.0257159  -0.0431473 -0.00862305   -0.332406   0.0968323   -0.218886     0.51064  -0.0656513
 -0.262934  0.0889434   0.372518  -0.278491   0.327236   0.118526   -0.26092   -0.82469  -0.636863  0.0774082  0.0819687   0.465238   0.493769   0.165271  -0.124698 -0.0185276
-0.273962  0.255778  0.033558  0.280906  0.418619 -0.223309 -0.258786 -0.425485  -0.73185 -0.093585  0.581517 -0.290115  -1.26166 -0.363997 -0.075954  -0.43917
 -0.00188165  -0.00346264   0.00487575  0.000535024  -0.00969112   0.00879757   0.00695047   0.00918192   0.00425045   0.00882622  -0.00993084  -0.00871317 -9.18401e-05  -0.00332211  0.000985221    0.0082671
 -0.799886   0.224282    -0.9459 -0.0686889  -0.285788  -0.667769   0.100764   -0.94987  -0.486722   0.210263   0.704435  -0.489946  -0.752282   0.141667   -1.00599  -0.397365
 -0.462674 -0.0646768   0.246375 -0.0746971   0.147552 -0.0985332 0.00475526  -0.858661   0.216784   0.232848   0.232997   0.879189  -0.131468 -0.0700143  -0.588681  -0.190809
 -0.556705 -0.0771236   0.206886 -0.0935643    0.37523   0.287885  0.0418826   -0.70469  -0.404706   0.658744   0.564241   0.607698  -0.119447  -0.136864  -0.308788 -0.0549813
  -0.15626   0.521871   0.246693   0.403495  -0.569631   0.394101  -0.436875   0.740417    1.38873   -1.55334 -0.0694259   -0.30922  -0.198728   0.177489  -0.116595 -0.0323754
  0.107803   0.187263 -0.0453779   0.224457  0.0802587   0.650905  -0.104962  -0.697697   0.300815  -0.408856  -0.294009   0.807641   0.449385  0.0660522   0.781078   0.688401
 0.0108899   0.404484  -0.307134  -0.057829   0.197315  -0.143315  0.0578246    0.13091 -0.0327431  0.0885508  -0.111552    0.56067  -0.236143  -0.110444  0.0106224  -0.133443
  -1.35359  -0.559931   -0.60632   0.329933   0.579627   0.167685  -0.615841    0.66638   0.532382   -0.10967   0.233601   0.608632   -0.72121   0.486682 -0.0843751   0.319453
-0.0986165   0.336165  -0.200839 -0.0958862  0.0333175  -0.188098  0.0899323  -0.415766  -0.191283  0.0922874 -0.0402789  0.0681582  0.0227782  0.0736437  -0.343484  -0.160772
-0.00827897 -0.00638228 -0.00147154 -0.00905868 -0.00386195   0.0065541  0.00775929 -0.00894046 -0.00896262  0.00754198  0.00163364  0.00567615 -0.00868299  0.00575459  0.00499379 -0.00391849
  -0.515575    0.468026  -0.0839299    0.332817    0.476032    -0.12083   0.0498238   -0.893794 -0.00193723    0.311778    0.135623    0.533846    0.216967   0.0570639   -0.778373    -0.12905
   -1.15783    0.446055    0.436211   -0.324483    0.236172 -0.00965392    0.198905   -0.982446   -0.279261    0.336741   0.0411273     1.23445    0.235666   0.0408862   -0.496591    0.393762
   0.560534   -0.549902   0.0884781  -0.0604481    0.701696   0.0287756    0.300711     1.33169    0.246918  0.00559195   0.0899856  0.00966993    0.323287 -0.00783228   -0.572869   -0.694716
0.0554753 -0.103898  -1.18037 -0.684449  0.599857 -0.335642  0.835925 -0.088934  0.648649 -0.178602  0.239255  0.151385  0.323557  -0.20365   0.51856   1.32233
 -0.809224    0.19408   -0.51159  -0.960475  -0.117977   0.239844   -1.09525  -0.128371  -0.104286  -0.241865   0.330036    0.14933  0.0378315  -0.644501 -0.0197762  -0.218611
-0.0980902   0.247522  -0.160979  -0.141531    0.35927   0.106802 -0.0670774  -0.905387   -0.19484   0.128438 -0.0960939   0.620865   0.569375   0.182607   0.204029  0.0107196
 0.915555  -0.59655 0.0560953 -0.533768 -0.360818  0.471224  -0.17303 -0.506459  0.397938  -0.24608  0.695444  -1.02811 -0.152474   1.04272  0.415646  0.782093
0.0495309  0.539859  0.261736  0.459293 -0.686077 0.0673384  0.809047 -0.306705  -0.32463 -0.137824 -0.443838 -0.274419 -0.979174 -0.622554  0.151414  0.222008
 -0.599277  0.0918047  -0.416148 -0.0398319  -0.386144    1.10411 -0.0817246   0.200133   0.221082   0.398371   0.257148  -0.915698   0.664913 -0.0874797   0.328208    0.74284
0.00521254  -0.514177  -0.825929  -0.115514   0.266201  -0.182596  -0.979811    1.60382   0.879778  -0.336598    0.45933  -0.581274  -0.213654  -0.738706 -0.0416487   0.440743
 -0.682546   -2.03334  -0.420256   0.423148  -0.601339  0.0748535  -0.934847   0.639126  -0.438795  -0.486582  -0.344346   0.147797   0.390133 -0.0207279   0.388795   0.852934
-0.0574284   0.958385     0.3967   0.118232  -0.246066   0.517048   0.500197   0.068513  -0.156405  -0.317809  -0.590618  -0.137093  -0.556247  -0.956222     0.4306 0.00560469
 -0.217293  -0.172688  -0.108053 -0.0120983  0.0403037   0.123963  -0.136005  0.0808327  0.0385837 -0.0280483  0.0985329  0.0681799  0.0182159  0.0274326  0.0848052   0.190521
  0.411447  -0.446577   0.573577     0.1344   0.229842  -0.732425  -0.162973    0.32666   0.361248   0.530363  -0.178677 -0.0872521  -0.468736   0.219185   0.155106  -0.836456
  0.204226  -0.424943   0.273767 -0.0543827   0.321502  -0.596885  0.0963227   0.145827   0.397227   0.114797  -0.173216 -0.0175181  -0.499721 0.00587324 -0.0437907  -0.655037
    0.471536    -0.273161     0.360592   0.00930845     0.307486    -0.915402     0.223926 -0.000258736     0.880894    0.0970012    -0.417294   -0.0548369    -0.718755    0.0728467     0.112004     -1.00585
   0.565794    0.442197    0.145962    0.762519     0.34837   -0.500369 -0.00736112   -0.245599   -0.682635   -0.664089    0.780572   -0.165339   -0.966701    0.613451     -0.4066    0.217185
   -0.16488   -0.273485   0.0952388   0.0337045   0.0873132   0.0286985    0.239765   -0.292062   -0.558494    0.189133    0.344016    0.230958 -0.00412569   -0.328567   -0.221341    -0.05455
 -0.250665    0.74772   0.629002  -0.114397  -0.495306  -0.535023   0.855306   0.295585 -0.0449346   -0.30594   -0.12335  -0.305696  -0.513192  -0.633117   0.133118   -0.12078
  -1.10165  -0.936405   0.917813   0.469007  -0.339919   0.939208   -1.34203   0.267928   0.250451  -0.643714  -0.315746   -1.16594   0.399944   0.148136 -0.0370398    1.09099
 -0.509692    0.19488  -0.446046   -1.00752   0.125168   0.796606  -0.943645 -0.0749049  -0.488528    -1.3995   0.257371  -0.475802    1.26303  -0.866263   0.199971   0.812439
-0.0822944   0.284525   0.622118   0.113195  -0.513298  -0.248472   0.704893  0.0435365  -0.230682  -0.435261   0.193154  -0.307257  -0.430715  -0.466006   0.407039  0.0634342
  0.389372  -0.429757   0.319209  0.0600635   0.333131   -0.67075  0.0553103   0.314528   0.715491   0.268875  -0.241783 -0.0263714  -0.424168  0.0383315   0.117028   -0.58033
 -0.991637  -0.768635 -0.0596146  -0.232084   0.239023   0.388188  -0.303712   -0.15322   0.252486 -0.0465832   0.933494    0.95542   0.249702   0.434877  -0.124333   0.137813
-0.0524899  0.0266782  -0.122273  0.0640127   0.121129   -0.14401  0.0151365  -0.208569  -0.260472 -0.0695111   0.204536   0.123067  -0.140837   0.234844  -0.314186  0.0710514
  0.0589413  -0.0457352 -0.00698819    0.819545  -0.0526795   -0.541892   -0.284445   -0.817384   -0.670862   -0.659985    0.838743     0.11876    -0.85117  -0.0855898   -0.261727  -0.0665617
  0.111774  -0.276281 -0.0345805   0.123678 -0.0272899   0.577915  -0.280811   0.365585   0.238814  -0.674558  -0.072725 -0.0514511   0.185423  0.0668607  0.0395061    0.16737
  0.00666302   -0.0795771    0.0452701 -0.000892042    -0.132052   -0.0585895   -0.0171159   -0.0481613   -0.0447361     0.012173   -0.0283875  -0.00444567    -0.072221    -0.141211  -0.00501696    0.0876812
  0.178094  -0.667213 -0.0132986  -0.110289   0.150379  -0.764201   0.773087   0.470978   0.585773  -0.879473   0.154958  -0.277522  -0.607547  -0.441631   0.278908  -0.667904
 -0.478458    0.10642  -0.625348  -0.440244  0.0822662   0.054753  -0.621343  -0.441997   0.153119  -0.206953   0.379749 -0.0344751   0.249606  -0.484361 -0.0595563  -0.132458
  0.266059   -1.09365   0.026296  -0.810158     2.2413    0.33064   -0.54678 -0.0365811 -0.0519689  -0.836661   0.154343   0.192593   0.419184   0.330576  -0.403829   0.531136
  0.247966  -0.709638 -0.0433438  -0.308893  -0.175928   0.139322  -0.585481     0.1308   0.317655  -0.712458  0.0720876  -0.113913   0.282799  -0.144172  -0.168212 -0.0290598
 0.00783018 -0.00665791 -0.00672686 -0.00140573  0.00820535  0.00600879 0.000445793 -0.00313006 -0.00434906 -0.00849198  0.00345565 0.000177225 -0.00225993 0.000642217  0.00600478 -0.00234169
-0.0345004   -0.85126   0.437464   -0.34399   0.396511  -0.203211   0.012496    0.54659  -0.146033   0.328487     0.1241  -0.246812  0.0244298  -0.148741  0.0540896   -0.38329
-0.00418401 -0.00410198 -0.00406587 -0.00597866 -0.00809318  0.00637993 0.000891278 -0.00244224  0.00788795 -0.00565308  0.00773498 -0.00437198  0.00498914  0.00373976  0.00328632 -0.00210317
 -0.0494734  -0.0382304  -0.0410044   -0.027509   0.0227705  -0.0263137  0.00089024  -0.0452815 -0.00705281  -0.0200678   0.0893735   0.0154965  -0.0382329  -0.0576546  -0.0114997  -0.0559695
  0.233148  -0.106326  0.0542493 0.00310621   0.185245 0.00326229 -0.0189433   0.319415   0.216023  0.0567469  -0.146519  -0.187337  0.0474246   0.141858 0.00535166  -0.089989
  -0.288187   -0.173797   -0.324777   -0.280846  -0.0132737   0.0137578   -0.418901  -0.0639294   0.0305446   -0.282404    0.245161   0.0961545    0.112648   -0.264916 -0.00393744  -0.0853446
 0.0469117  -0.110805   0.110039  -0.204055   0.410236   0.226867 -0.0534956  -0.180233  -0.132077 -0.0892683 -0.0683809   0.443342   0.304045   0.232521  -0.231411   -0.17078
  -0.253046    0.864486    0.399822 -0.00630468   -0.444597    0.120257    0.320578   -0.339238   0.0624173   -0.127751   -0.161429  -0.0394127    -0.47594   -0.441297    0.408839   -0.122847
 -0.166432   0.361452   0.169572  0.0269805  -0.329827   0.574998  -0.229278   0.685973   0.493232  -0.594051 -0.0157215  -0.109953   -0.21326  -0.068981   0.277716 -0.0436095
0.0229292 -0.465122  0.414431  0.162681 0.0497987 0.0947588 -0.603207  0.492715 0.0541834 -0.740477  0.298396 -0.126705 -0.287458 -0.344089  -0.18538 -0.401631
-0.0748596  0.0321296 -0.0333895   0.035538  0.0361837 -0.0339859 -0.0451412  -0.154886  -0.114367 -0.0221841   0.111277  0.0499277 -0.0558726 0.00368894  -0.134252   0.031621
  -0.360124    0.805595    0.185311   0.0138251   -0.647089    0.550591   -0.167271    0.969003    0.453832   -0.707527 -0.00295085   -0.212038  -0.0488639   -0.204421    0.306063   -0.125932
  0.235844  -0.206092   0.592285   0.514181   0.898614  0.0686158  -0.227078  0.0261762 -0.0815986   0.330749  -0.210109  -0.392668  -0.793463   0.460217   0.160959   0.491022
 -0.102615  0.0863313   0.464946   0.244288  -0.382809  -0.399349   0.599122 -0.0974039  -0.170718  0.0149881   0.145074  -0.137174  -0.624047  -0.393534   0.349557  -0.126546
 -0.307704  -0.265212 -0.0279672  -0.345772   0.438059   0.162614  -0.458071   0.621878   0.369295   -0.44853  0.0641453   0.303789  0.0359247  -0.381824  -0.393608  -0.165517
  0.143034  -0.283096 -0.0504816   0.390365 -0.0871811  -0.435761   0.232363  -0.392992  -0.210418  0.0717688   0.774864  -0.305042  -0.671709  -0.286885  -0.244632  -0.276342
 0.0538101  -0.184133   0.336707 -0.0641067  0.0936658  -0.223675  0.0552665   0.267304   0.351416   0.155151  -0.285354 -0.0413354  -0.320562   -0.11144   0.149498  -0.352313
 -0.148505  0.0505503   0.097688   0.162652  -0.124564 0.00671498 0.00204846  -0.291168  -0.184343 -0.0190112  0.0499859   0.289308  0.0623246    0.01049  0.0652321   0.163039
 -0.0787641    0.153573   0.0996224  0.00676829   -0.174081  0.00417566   0.0819498 -0.00862607  -0.0453613   0.0731861 -0.00772995  -0.0526894  -0.0225426  -0.0613093    0.133257   0.0323005
  0.0161267   -0.178348  -0.0225983  -0.0522913    0.136879   -0.207302 0.000190543   0.0276073    0.107263   0.0275329  0.00980537  -0.0155987   -0.116182  -0.0189276   -0.101828   -0.187273
  -0.272496  -0.0483595   -0.097877 0.000356493   0.0446089   -0.105932    0.111178   -0.360856   -0.173549  -0.0244682    0.270222    0.223424  -0.0490485  -0.0325265   -0.103338  -0.0683168
   0.28911  0.0903339  -0.527365   0.375919 -0.0907516  -0.319776  -0.185563   -0.12192  -0.859797  -0.151653   0.299177  0.0538429  -0.497299  0.0321842  -0.687861  0.0785925
  0.0391112     0.18687    0.130155   0.0168583   -0.095625  -0.0665238   0.0766982   0.0626702   -0.112314 -0.00223167 -0.00482184   0.0119616   0.0143195  -0.0359719    0.063792  -0.0380917
 -0.106807   0.102092 -0.0366332  0.0474535   0.065823  -0.151631 0.00963616  -0.251234  -0.121034  -0.024109   0.301098  0.0912533  -0.219888  0.0114292   -0.20196 -0.0222804
  -0.207008   0.0774768    0.111372   -0.180359    0.318481    0.199711 0.000554698   -0.574549   -0.386326    0.236027    0.183148    0.560423    0.291749   0.0980633    -0.19259  -0.0518309
0.000991318    0.357218    0.372112 -0.00489467     -0.4052   0.0110601    0.357866    0.242946   0.0843828   0.0327721  -0.0151543    -0.29806  -0.0652307   -0.170907    0.320565   -0.119307
-0.0311345  -0.211106  0.0739599  0.0146419 -0.0674353 0.00806858  -0.112114 -0.0433174  -0.039555   0.142333  0.0516568  -0.111311   -0.14202 -0.0901003 -0.0443214 -0.0537355
 -0.0123983  -0.0345767  -0.0204913   0.0100464    0.031339  0.00402352    0.062252   0.0789987 -0.00189488  -0.0273525   0.0894045   -0.016562  -0.0396465  -0.0156145 -0.00768961   -0.044413
  0.63285 -0.511446 -0.171173  0.320135 -0.598595 -0.156683 -0.443618  0.745778 0.0901782 -0.223999  0.403324  0.137872  0.245842 0.0516989 -0.302473 -0.814841
   0.152062    0.145733    -0.16691    0.122858 0.000968251 -0.00479338   -0.237068  -0.0782709   -0.228158   -0.219204    0.293714  -0.0520131   -0.190539   0.0563538   -0.211356  -0.0655117
 0.0420779  -0.117363  0.0255402  -0.044805   0.141072  -0.190389  0.0179474   0.057124   0.138169  0.0501617 -0.0548598 -0.0452634  -0.107115  0.0268016 -0.0416712  -0.151613
 -0.0138099    0.597822    0.452897    0.154076   -0.452036    0.077268    0.572639    0.312269 0.000134083 -0.00119238  -0.0379146   -0.209524   -0.269825  -0.0733351    0.475059   -0.236892
-0.0437987  -0.188066  -0.127086 0.00164009 -0.0041953  -0.131413 -0.0739177 -0.0593216  -0.124273  0.0305693  0.0585933  0.0300632   -0.13994  -0.187153  -0.124336 -0.0848522
-0.00509049   0.0322181  -0.0418505   0.0354385   0.0384445  -0.0416115 -0.00320559  -0.0275984  -0.0638257   0.0164966   0.0212794   0.0133373  -0.0641386   0.0109242  -0.0701876  0.00368541
  -0.154053 -0.00514872    0.242968    0.189483    0.120665    -0.11014  -0.0314228   0.0817689    -0.14828  -0.0351784    0.511488    0.183165   -0.322493    0.129532   -0.367179  -0.0191417
 -0.0551082  -0.0594044   0.0243039   0.0191004   0.0131928    0.024311  0.00740866  -0.0766127  -0.0857503 -0.00331545   0.0285621   0.0654946  -0.0757404   0.0411091  -0.0739276   -0.019851
 -0.382691 -0.0769808  0.0755987  0.0845253 -0.0231501  -0.138666  -0.122945  -0.206017 -0.0789697 -0.0545307  0.0707423   0.283952  -0.231176  -0.103153 -0.0123213   0.150509
 -0.105289 -0.0444898   0.113905 0.00122272 -0.0396263   0.182906 -0.0074186  -0.364159  -0.304311  0.0496405   0.133632   0.517836   0.267553 -0.0555586  0.0650962   0.077845
 -0.0273312    0.012149  -0.0110516   0.0208189    0.014193  -0.0575732  -0.0112388  -0.0110359   0.0177104    0.036345   0.0191697    0.033208  -0.0442684 -0.00754032 -0.00979232  -0.0186735
 -0.0727513   0.0484441  -0.0629423  0.00148888 -0.00592532  -0.0968847 -0.00770853   -0.120019 -0.00325788   0.0137941   0.0814359   0.0822051  -0.0685551    0.012903  -0.0967226  -0.0888183
 -0.131283   0.254248   0.184309  -0.127393  -0.266493   0.177084  0.0956537  -0.012926  -0.139689 -0.0696926 -0.0330295  -0.056795 -0.0335112  -0.191111  0.0330909  -0.180241
   0.0578764   -0.0870319    0.0794274 -0.000371818    0.0743925    -0.197343    0.0225638    0.0495321      0.20344    0.0252174   -0.0948872   -0.0233969    -0.137485    0.0125234    0.0548432    -0.187168
  0.0105553  -0.0955881  -0.0394241  -0.0159418 -0.00707421  -0.0619423  -0.0720056  -0.0439648  0.00216798   0.0437277  -0.0338019  -0.0117072  -0.0262135  -0.0586281  -0.0491887  -0.0259328
 -0.165783 0.00152441 -0.0870929  0.0135598  -0.012841 -0.0802567 0.00693336  -0.175143 -0.0192334  0.0391397  0.0522598    0.03404 -0.0126958 0.00692547 -0.0609384  -0.013615
 -0.0284201   0.0191122  -0.0287267 -0.00634599  -0.0145337  -0.0510487   0.0201477  -0.0597832  -0.0281225 -0.00741971   0.0402534   0.0551617  -0.0122903  0.00169232   -0.038698  -0.0420632
   0.097286     0.19749    0.518941   -0.035919   -0.196708   0.0222566    0.393096    0.350532  -0.0584174   0.0500217   -0.125574   -0.282689 -0.00278535   -0.113116    0.406494  -0.0824844
 0.0658333 -0.0792561  0.0655118  -0.067543   0.128765  -0.188167  0.0498751  0.0289008   0.236905 0.00362272   -0.17343 -0.0444612  -0.073716 -0.0307659  0.0740132  -0.166856
 -0.0514739    0.394993    0.207336  -0.0473533   -0.153422  -0.0375727    0.252308 -0.00908645    0.108107  -0.0217965  -0.0470796 -0.00200804    0.233199   -0.100192    0.244383  -0.0483044
 -0.381621   -0.16526  -0.250034 0.00531967   0.140877  -0.104539  -0.150204 -0.0378153 -0.0341826 -0.0920245   0.227365   0.256439  0.0302182 -0.0484488 -0.0448438   0.293768
-0.0160173  0.0386708 -0.0145935  0.0391432  0.0097447  -0.146975   0.202668 -0.0269121 -0.0332376  -0.293959  0.0349203  0.0143363  -0.154464 -0.0673185  0.0581205  -0.254689
 0.0218967 -0.0255413  -0.189216 0.00186317  0.0508133 -0.0379905   0.116022  -0.165843  -0.199338 -0.0804693  0.0729491  0.0119832  -0.116413  0.0550082  -0.187854 -0.0366681
 -0.215225 -0.0989446   0.135033 -0.0389467   0.158508 -0.0689775   0.110607  -0.309543  -0.332617   0.239514   0.201067   0.203389 -0.0816914 -0.0891132  -0.387076 -0.0664597
-0.0872231  0.0275537  -0.225971 -0.0818284   0.144737  -0.115582  -0.131352  -0.292497  0.0286534  0.0253315  0.0730114   0.134044 -0.0599148   0.112551  -0.284552  -0.131644
 -0.109304  -0.141389  0.0110038  -0.100776  0.0836485 -0.0466528  -0.329927  -0.100189   -0.28249   -0.16072  0.0755825   0.439244   0.196328  -0.164377  -0.218381  -0.193214
   -0.204567     0.132896     0.090293    0.0564243   -0.0469418   0.00551906   -0.0821111    -0.285894    -0.212418    -0.107854      0.10719     0.135406    -0.114731 -0.000905262    -0.129706     0.106972
  0.108804  -0.214458   0.238129   0.199858  -0.127632  -0.362169   0.157457  -0.157427  -0.249454  -0.091701   0.382742 -0.0767488  -0.350152 -0.0323153  -0.213864  -0.362065
-0.00322841  0.00588168  -0.0062013  0.00339242 -0.00336359  -0.0126524  0.00768473 0.000454167 0.000118722   0.0125346  0.00812994  0.00971262 -0.00235706 -0.00674404 -0.00165612  0.00255303
  0.0347487   0.0557618    0.159877   0.0582007  -0.0576911    0.088678    -0.10196    0.151554   -0.103563  -0.0179316  -0.0361396   -0.100248   -0.118842 -0.00181619   0.0312768    0.118519
 -0.332462  -0.186688  -0.146153  -0.162728   0.149484  -0.233242 -0.0429734  -0.120281   0.018095  -0.198707   0.438854 -0.0389963  -0.564521  -0.283658  -0.361549  -0.463564
  0.0455631  -0.0547192    -0.15919    0.413345 -0.00780027    0.054969     0.20409   -0.120467  -0.0984453    0.177993   -0.166499    0.264199   -0.961745 -0.00715445   -0.584743   -0.302827
 -0.151789   0.115404  0.0498453  0.0313305  0.0102206  -0.271064    0.12502  -0.246369  -0.151474  0.0452625    0.27719   0.027083  -0.453559 -0.0439009  -0.180842  -0.220626
  0.0785038   -0.146396 -0.00509168   0.0895561  -0.0564033   0.0316121   -0.242178   0.0818839   0.0520948   -0.177228   -0.083108   0.0627082  -0.0141766  -0.0500182  -0.0310402  -0.0349178
-0.0611306  0.0293069 -0.0300449 -0.0342389   0.046839 -0.0210902  0.0514868 -0.0238211 -0.0299134  0.0122177 0.00983164 -0.0149671 -0.0171698 -0.0090583 -0.0764006 -0.0722364
  -0.125374  -0.0442475 -0.00258276   0.0245571     0.16796   0.0700038  -0.0880736   -0.428613   -0.119899   0.0612807   0.0264792     0.30858    0.207038  -0.0126534  0.00948439    0.150082
 -0.0346294   0.0670754 -0.00596028 -0.00232735   -0.061497   -0.126875   0.0138654  -0.0939458  -0.0811826  -0.0535582   0.0630903    0.054238  -0.0966798  -0.0370142  -0.0596048  -0.0760071
  -0.108829 -0.00898105   -0.111839    0.140302    0.123868   -0.175701    0.157926   -0.262634  -0.0991597   0.0180833 0.000600252   0.0952509   -0.314837    0.073212    -0.23331 -0.00104703
 0.193127 -0.219921  0.295072  0.042282  0.130173 -0.211869 0.0789928  0.106022  0.246429  0.178985 -0.288765 0.0602423 -0.217142   0.12054 0.0600684  -0.29073
  -0.0168906    0.0159017    0.0124956 -0.000220039   -0.0321174   -0.0477606   0.00502866   -0.0428002   -0.0287932    0.0122456    0.0159573    0.0145587   -0.0187656    -0.043222   -0.0122549   -0.0122294
  0.162123 -0.0603789  -0.150227   0.175149  -0.106497 -0.0814161  -0.221306   0.204313 -0.0331488 -0.0690645 -0.0380945  0.0389201   0.160134 -0.0372268  -0.128133   0.224766
  -0.13485   0.128662  -0.187276  0.0440805 -0.0321334  -0.143409  -0.195634   -0.22101 -0.0187216  0.0667005   0.157895  0.0893013 -0.0114754  0.0907888  -0.216358  -0.113782
  0.157702  -0.394041  -0.476848 -0.0521354 -0.0410264  0.0943976  -0.106471   0.194816  -0.297683  -0.222513   0.103446 -0.0376378  -0.454005 -0.0585931  -0.273648  -0.513291
-0.0599325 -0.0843154  -0.325026  0.0727065  -0.042067 -0.0247742   0.157267  -0.185619  -0.313894   0.031269   0.150422  0.0100433  -0.380274   0.068107   -0.26079 -0.0768587
-0.0216387    0.01769  0.0245248  0.0139127  -0.019777 -0.0464287  0.0160342 -0.0474988 -0.0433631  0.0129951  0.0163524 0.00997929 -0.0455959 -0.0365659 -0.0133366 -0.0037211
 -0.019097  -0.125161  -0.262204   -0.11053 -0.0822569  -0.149614  -0.111294   -0.16808  0.0462785 -0.0983542  0.0396445 -0.0828545  -0.101707 0.00370694 -0.0486653 -0.0276669
  0.0395202    0.243311    0.156659   0.0116702   -0.236002 -0.00958978    0.182861     0.10405 -0.00535177  0.00119231   -0.052525   -0.134916 0.000390198  -0.0195842    0.188391  -0.0503767
 -0.0227737  -0.0218125   0.0547047   0.0195383 -0.00497871   0.0203696  -0.0273956  -0.0977801    -0.06574   0.0386649   0.0418614   0.0905317   0.0473009   0.0381899   -0.025166   0.0427744
-0.0151531  -0.113744 -0.0312794  0.0274306  0.0533022 -0.0915167 -0.0626416 0.00668347  0.0595887  0.0608628  0.0516867 -0.0718912  -0.145111  0.0127783 -0.0401003 -0.0397591
-0.0542582  0.0491745 -0.0331574 -0.0196747  0.0302369 -0.0723031  0.0238777 -0.0872263  -0.022392 0.00440055  0.0679579  0.0623746 -0.0667299 0.00629919 -0.0931167  -0.131136
 -0.0448518  -0.0229728 -0.00371231   -0.024631   0.0230644  -0.0160522  -0.0222016  -0.0925275  -0.0703757  -0.0363808   0.0169839   0.0862982  -0.0623872  -0.0408585  -0.0543222  -0.0666246
-0.00435969 -0.00124353 -0.00823925 -0.00280033 -0.00228565 -0.00536289  0.00286752 -0.00229245  0.00149236 -0.00264838   0.0070771 -0.00290458 0.000622475  0.00536754 -0.00059577  0.00569858
  0.0639609   0.0266127    0.220301 -0.00253448  -0.0160032    0.188889  -0.0450623    0.395305    0.180207   -0.253017   0.0839967   -0.156245   -0.201896  -0.0618521   0.0330984    -0.15642
 -0.0418689  -0.0730928 -0.00969162   0.0217582  0.00377283   -0.181851   -0.040773    0.054919   0.0042873   0.0387443   0.0652376  -0.0584382   -0.321753  -0.0324095    -0.15162   -0.189158
  0.0384379   0.0208878   -0.070969 -0.00845404   -0.102981   0.0423049   0.0734489  0.00621119   0.0422219  -0.0769901  -0.0349608  -0.0496271  -0.0343295   -0.072701    0.114761   0.0185608
 0.00677248 -0.00164398   0.0309156  -0.0514116  -0.0588304 -0.00408459 -0.00868138  -0.0399056   0.0883159   -0.026028  -0.0937004  -0.0116396    0.104421  -0.0873151   0.0955872   0.0971476
  -0.106604   0.0399781  -0.0811982 -0.00783965   0.0141879   0.0107778  -0.0351167   -0.133541   -0.136428   -0.104448   0.0397922    0.125142  -0.0790962  -0.0438712   -0.111074   -0.045779
-0.00691414   -0.166465   -0.165588  -0.0259958   0.0890271 -0.00650093    0.100742   -0.163738   -0.252581   0.0868091  -0.0304892   0.0594121   -0.298128   0.0722057   -0.178362   -0.107835
    0.178335    -0.174833   -0.0347437    0.0285664   0.00399094    0.0919209    -0.102936    0.0138898    -0.118496    0.0404051    -0.163376 -0.000189318    -0.209933   -0.0650567   -0.0747511      -0.2039
  -0.0331217    0.0238156    -0.109963    0.0584674   -0.0542552   -0.0571849  -0.00335044   -0.0448742    -0.110956   -0.0239026    0.0506283   -0.0618021    -0.112276    0.0569822   -0.0891114 -0.000981872
-0.00763105   0.0189452   0.0564157  0.00770432  -0.0450113   0.0164465   0.0343303   0.0236931 -0.00970284   0.0317465 -0.00462716  -0.0385491  -0.0073593  -0.0119579   0.0353833  -0.0151878
 -0.126507   0.204879   -0.17532  0.0672737   -0.13397  -0.139097  0.0532322  -0.340226 -0.0649482 -0.0288011   0.129766   0.118011  -0.112456  0.0430518  -0.103679  -0.215537
-0.0397774 -0.0843159  0.0724711 -0.0948347   0.132943  -0.142731 -0.0564731 -0.0124129   0.112287  0.0703049  -0.138466  0.0177032 -0.0492127 0.00105617 -0.0237772  -0.149502
-0.00122502  -0.0189442   0.0391564   0.0382369  0.00196368  -0.0491795   0.0672173  -0.0316697   -0.100719   0.0152446   0.0947287   0.0617814  -0.0336822  -0.0663917 -0.00426269   0.0201772
  -0.034537  -0.0184195  0.00226621  0.00330468  0.00907675   -0.029339  -0.0165023  -0.0543558  -0.0133532   0.0182382   0.0352488  0.00880993  -0.0266523  -0.0131633   -0.015015 0.000838075
  0.136774  -0.113229  -0.129015  0.0697747   -0.12487 -0.0571405  -0.160813   0.212094 -0.0340502 -0.0978759 0.00809118  0.0302005   0.112259 -0.0777564  -0.110122   0.043052
 0.00914789  0.00589489  0.00178854 -0.00651341 -0.00814686  0.00653497 -0.00212735 -0.00855611 -0.00342811  0.00796955 -0.00619376   0.0016163   0.0098927 -0.00862542 -0.00463615  0.00470062
-0.000750426   0.00217714  -0.00168603   0.00360674   0.00196063  -0.00136165   0.00144309  -0.00993336  -0.00971245  -0.00148349   0.00582522  -0.00188889   -0.0073106   0.00032091   -0.0049423  -0.00816271
  -0.0037842   0.00684624  -0.00467612  -0.00193106   0.00338121   0.00319653 -0.000487171    0.0099531   0.00116608   0.00331907    0.0015694   0.00105878   0.00469364   0.00693325   -0.0042406  -0.00605678
-0.000889612   0.00407338   0.00754996  -0.00892898  -0.00728827  -0.00100696  -0.00886233  -0.00700073   0.00750956   0.00696289   0.00111038  -0.00980104   -0.0027162   0.00616808  -0.00796375    0.0034996
 -0.0155066   0.0091405  0.00473557   0.0078191  -0.0443211  -0.0126832  0.00777812 -0.00160621  -0.0135228   0.0216216 -0.00068024  -0.0109407 -0.00304805  -0.0161436 -0.00560569  0.00760607
 -0.0184258 -0.00289631   0.0516308  -0.0115642  -0.0800209  -0.0726616   0.0383917  -0.0461252  -0.0838196   0.0328867  -0.0068349   -0.020958  -0.0410047   -0.123483  -0.0299378   0.0270354
 -0.0194046 -0.00754249   0.0159012  0.00288695   0.0414211  -0.0439752  -0.0235221   -0.042778   0.0203782   0.0208367  0.00387418   0.0334155  -0.0313113  0.00789188  -0.0232021  -0.0199646
 -0.0212638  -0.0457244  -0.0807585  -0.0513445   0.0720843   -0.116313   0.0175486   0.0420152  -0.0630272 -0.00892175  -0.0445739  -0.0362823   -0.056637   0.0318865   -0.120114   -0.116617
-0.0316051  0.0259134 -0.0254022 -0.0422857  0.0361272 -0.0643445  -0.015336 -0.0812492 -0.0765482 -0.0134772  0.0523124  0.0493278 -0.0354224 -0.0194089 -0.0970588 -0.0769907
-0.00805232   0.0132583  0.00120662 -0.00649212  0.00455316  -0.0211736  0.00952278  -0.0138245  -0.0147037 -0.00649266  0.00888453   0.0219614  -0.0235655  -0.0104631  -0.0137302  -0.0190272
 -0.0135284    0.015268  -0.0090514   0.0105244  0.00719605 -0.00586171  0.00741068  -0.0106869  -0.0154846 -0.00849496 0.000262938   0.0146277 -0.00106321  0.00420246 -0.00279205   -0.014851
  -0.114952   -0.113404  -0.0778422   -0.152203  -0.0514517   0.0423969   -0.260046    0.184977   0.0111807   -0.196396   0.0083726    0.030966   0.0291154   -0.222572 -0.00133039  -0.0965436
-0.00769213   0.0645054  -0.0470311   0.0110558  -0.0572948  -0.0367764   0.0694337  -0.0488892  -0.0882968  -0.0310333   0.0300871   0.0144883  -0.0383802  -0.0807795  -0.0285949   -0.029994
 -0.0541406 -0.00290072   0.0399431    0.118656  -0.0888751   -0.193314   0.0800685    -0.18563  -0.0966691   0.0142614     0.16743   0.0263953   -0.164574  -0.0675796  -0.0344434  -0.0413008
  0.0628082    0.126627  -0.0588014   -0.133053  -0.0117408 -0.00515954  -0.0622942    0.102564  -0.0220641   -0.244344   -0.055342   -0.158968   -0.103892 0.000809321   -0.126388   -0.167729
-0.00291652  0.00730722  0.00288826   0.0093244  0.00795421  0.00956012 -0.00484423 -0.00850759  0.00193624 -0.00287057  0.00528776  0.00853413 -0.00995455 -0.00807009  0.00876798 -0.00248125
 -0.102721  -0.075002 -0.0354341 -0.0626631  0.0808024 -0.0665559 -0.0450205  -0.133054  -0.161419  0.0832842  0.0634124    0.15131  0.0981867 -0.0374169  -0.120339 -0.0318527
 -0.160891  -0.123728  -0.111003  0.0705354  -0.117126  -0.077138  -0.220132  -0.114921 -0.0878998 -0.0634388 -0.0208669   0.185881 -0.0436455  0.0305395 -0.0749034  0.0363797
 -0.00160429  -0.00093383   0.00330317   0.00724851   0.00863281   0.00745726 -0.000387697  -0.00780579  -0.00532411 -0.000368563   0.00993192  -0.00546119  -0.00795388   0.00472763   0.00148521   0.00176801
 -0.0700029      0.1132  -0.0454783   0.0199551   0.0339496    -0.24168    0.063583   -0.169939 -0.00699825  -0.0822784   0.0976431   0.0412155    -0.27225  -0.0663386   -0.123188    -0.35986
 -0.0134752  0.00555152 -0.00130113   0.0375163  -0.0303068  -0.0627109   0.0438384  -0.0586251  -0.0353678   -0.027352   0.0627433  0.00116128  -0.0688169  -0.0102773  -0.0238053  -0.0244977
  0.00565195  -0.00882085 -0.000919762  -0.00516548 -0.000208215   0.00791627   0.00257308  -0.00713931  -0.00553324   0.00891309  -0.00768423  -0.00250029   0.00137329  -0.00124862   0.00892836   0.00289966
-0.00150985 -0.00239448  0.00305884 -0.00431382 -0.00410502  0.00541223 -0.00244189  0.00381588  0.00769753  0.00396885  -0.0062171  0.00471047  0.00186479 -0.00448206  0.00413501 -0.00248326
-0.00330291 -0.00678475  0.00235126  0.00648887 -0.00886848 -0.00507566  0.00934956 -0.00440172 -0.00616257 -0.00833466  0.00309799  0.00521072 0.000416713  0.00202635 -0.00188962  0.00890686
 0.00963187 -0.00883078 -0.00540696 -0.00447315  0.00658145  0.00215115  0.00934273  0.00427898 -0.00388001 -0.00687436 -0.00101055  0.00798478 -0.00135643 -0.00687554 -0.00449847  0.00534066
  -0.0036603   0.00785278   0.00182953  -0.00252878  -0.00722288    0.0011791    0.0030695  -0.00338545   0.00284443  -0.00383251  -0.00817473  -0.00673885   0.00819384 -6.43522e-05  -0.00783199   0.00782571
  0.00110487  -0.00323895  -0.00664744  -0.00231368   0.00891219  -0.00730471   -0.0080347  -0.00496782  -0.00417907  0.000954747  -0.00698303    0.0044645    0.0040792  -0.00148151 -0.000194843  -0.00958109
