-0.568706
-0.521096
  -0.7035
-0.459717
-0.495827
-0.567251
-0.573834
-0.745647
-0.695633
-0.714001
-0.417034
-0.425943
-0.622191
  -0.5257
-0.542987
-0.498238
-0.587253
-0.705817
-0.619752
-0.468343
-0.780615
-0.554306
-0.703106
-0.651632
-0.669583
-0.615741
-0.796474
-0.831589
-0.722639
-0.902629
-0.578373
-0.370192
 -0.67956
-0.560018
-0.581848
-0.583979
 -0.93742
-0.454543
 -0.73784
-0.645191
-0.865418
-0.518201
 -0.52489
 -0.71219
-0.766524
-0.631801
-0.478424
-0.715409
-0.704958
-0.638035
-0.999227
-0.571034
 -1.21922
-0.603269
-0.833386
 -0.49463
-0.626631
-0.542636
-0.624115
-0.466122
-0.616214
-0.733427
-0.995394
-0.838399
 -1.07948
-0.724841
-0.613912
-0.805928
-0.507225
-0.614386
-0.818831
-0.455408
 -1.03267
-0.513077
-0.457906
-0.698345
-0.753939
-0.844974
-0.772068
-0.565262
-0.584364
-0.783898
-0.805553
-0.636567
-0.760442
-0.604919
 -0.81298
-0.647279
-0.651405
-0.941094
 -1.22907
-0.527618
-0.514974
-0.907064
  -0.4972
-0.731369
-0.588626
-0.495146
-0.575468
-0.582354
-0.524292
-0.844085
-0.721123
-0.940395
-0.599122
-0.516754
-0.507012
 -0.46365
-0.487801
-0.828435
-0.636896
-0.759212
-0.604444
-0.579948
-0.701279
-0.802928
-0.901246
-0.533455
-0.572168
-0.800562
-0.711174
-0.576001
-0.523329
-0.519731
-0.504095
-0.653925
-0.844594
-0.519392
