 -0.0582085
 -0.0485917
 -0.0559561
  -0.158816
    0.47239
  0.0315663
   0.246605
  0.0874027
  0.0572809
-0.00509006
 -0.0677623
   0.221569
   0.230633
   0.514903
   0.147323
   0.105179
    0.11643
  -0.027423
   0.174201
  -0.188422
  -0.077318
  -0.257027
 -0.0389354
  -0.318226
   0.572588
   0.264305
 0.00482711
   0.213877
 -0.0483902
 -0.0853304
  -0.111876
   0.372843
   0.157638
  -0.446023
  -0.126842
  0.0842973
 0.00547216
   0.247359
 -0.0349238
  -0.256946
   0.220517
  -0.389633
    -0.1654
   0.214893
   0.270459
 -0.0569019
  -0.295991
 -0.0900414
  -0.182315
   0.180472
    0.21709
 -0.0743134
  -0.580084
  -0.264661
  -0.156511
 -0.0534152
   0.313603
  0.0159207
   0.254846
  -0.256966
   0.262202
   0.524784
 -0.0895825
  0.0463478
   0.136399
  -0.105925
  -0.538335
 -0.0457139
   0.103536
  0.0304849
  -0.610688
 -0.0467021
 -0.0485072
    0.26101
  0.0522962
  0.0271128
   0.271922
  -0.172591
   0.100898
  -0.441979
   0.251634
   0.120488
  -0.313069
  0.0765792
   0.122213
  -0.171564
  0.0337728
 0.00674679
  -0.133141
  -0.060176
   0.540637
  -0.147754
   0.252076
   0.020389
   0.443131
   0.253964
  0.0446622
  0.0430067
   0.352963
  0.0636126
 -0.0936632
  -0.030425
   0.236839
   0.353163
   0.116509
   0.288656
  -0.305931
   0.223554
   0.180239
  -0.532638
  -0.175428
  0.0959653
  -0.241362
   0.342077
 -0.0121083
   0.118348
 -0.0981037
 -0.0661574
  -0.236872
   0.186232
  0.0575131
 -0.0748763
  0.0472302
   0.187191
   0.187622
   0.183181
  -0.218086
   0.314352
