   0.0830434
    0.168886
   0.0769763
     0.39507
   0.0616813
    0.268832
   -0.086286
    0.590207
   0.0854165
   -0.115172
    0.018296
     0.38551
    0.411325
    -1.49109
    0.402443
    0.411736
   -0.272236
    0.343694
   -0.326461
    -1.24543
    0.112219
    0.992749
    0.533647
   0.0514169
   -0.510696
   0.0663653
   0.0969274
    0.195522
    -1.31372
       1.254
   -0.338189
    0.181872
    0.045471
    0.787835
   -0.054498
    0.306966
  -0.0891783
   -0.256751
   0.0634613
     0.32432
   -0.838762
   -0.165483
 0.000554346
  -0.0340739
   0.0129957
    0.118842
     0.42678
  0.00175088
    0.222214
    0.144733
    0.191044
  -0.0626725
   -0.197475
   -0.447298
   0.0576612
    0.139515
   0.0332235
    0.179803
    0.514946
    0.318808
    0.549494
     0.62845
   -0.592978
   -0.211371
    0.174214
   -0.316926
    0.258986
    0.389426
  -0.0596371
      0.1065
  -0.0258012
   -0.187013
  -0.0969211
  -0.0714496
     0.56901
    0.245081
  -0.0378461
    0.560221
  -0.0332195
    0.260892
    0.624524
  -0.0338837
    0.317268
    0.265547
  -0.0684587
  -0.0776477
   -0.479198
    0.327624
    0.453286
    0.126925
   0.0781497
   -0.430283
    0.275073
  -0.0472338
  -0.0207584
    0.372348
   -0.192994
    0.543072
    0.585528
   -0.311907
    0.898019
   -0.178379
   -0.160023
    0.285499
    -0.14377
  -0.0923204
  -0.0624282
   -0.392412
   -0.304805
    0.379893
    0.772017
   0.0500414
   -0.548324
-0.000936834
   0.0207851
    0.289208
  -0.0285378
   0.0390579
    0.220854
    0.673344
    0.548183
    0.229172
    0.352517
   0.0587194
    0.453781
   -0.109425
   0.0292351
   -0.659203
