     0.13804    -0.370793   -0.0233255     -0.15243     0.140983     0.115941     0.164965     0.355181     0.123555    -0.153585     0.127714   -0.0461904   -0.0424169    0.0406114   -0.0701029   -0.0598625   -0.0274447     0.259484    0.0346632    0.0182815    -0.244343    -0.144117       0.2692    0.0641486    -0.510606    0.0718237    -0.196508    0.0704226    -0.108901   -0.0671581    0.0148313    0.0868742
    0.125239   -0.0126061    -0.111127    0.0284366   -0.0672185    -0.119967    -0.336074   -0.0872195    -0.157496     0.244052    -0.195127    -0.312065    -0.209274     0.309395    -0.278069     0.104806    0.0118254     0.106445     0.221989  -0.00501103    0.0520522     0.400973   -0.0954214      0.08466     0.059216     0.131838     -0.28055   -0.0383709   -0.0645742    -0.101628     0.343705     0.399374
   -0.034857     0.172959   0.00217179    -0.153977   -0.0559818     0.142885    0.0597352     0.377693    -0.266869     0.233611     0.258414       0.4276    -0.223332    -0.097032    -0.280312   -0.0162737    -0.190007    0.0579852    0.0792084      0.22823    0.0206557    -0.176169    -0.159664    -0.180333     0.190769     0.354878  -0.00788081    -0.137343     -0.15858    0.0916793   -0.0279691   -0.0631827
    0.246877      0.16233    0.0283636   -0.0909934     0.132289     0.186874     0.354554   -0.0614756    0.0378082   -0.0734848     -0.48677     0.121242     0.149206    0.0786147    -0.211278      0.32162     0.153498     0.153256    -0.151566    -0.403492    -0.398196    -0.108311    -0.169461  7.49855e-06    -0.203219   -0.0848925   -0.0805233     0.170479    -0.014453   -0.0113881   -0.0645928    -0.133259
    0.435068     -0.26637      0.32208     0.179978    0.0117869    0.0585224     0.133677   -0.0399359   -0.0350635   -0.0813285    0.0907499     0.031263     0.482596   -0.0346151    -0.228993     0.110192  -0.00796813    -0.352699    -0.096258    -0.148582     0.140496   -0.0147489    -0.248538    -0.089168    -0.350568    -0.094961     0.145787     0.270754    0.0271467   -0.0464538     0.115811    0.0970261
   -0.412724    -0.106803   -0.0591918     0.111421    0.0333559   -0.0565475    -0.177208    -0.376616     0.198189    -0.107434    -0.278752    -0.235891     0.255271    -0.221238     -0.28006     0.360229     -0.24239     0.252516     0.253542     0.346829      0.20745     0.255191   -0.0993494    -0.249296     0.233114    -0.225436    -0.202581     0.472413    -0.101208   -0.0711517    -0.265028   -0.0726855
   -0.399276    0.0322784    0.0604108    0.0566104     0.356563    -0.476026    -0.418886    -0.349558    -0.294731     0.335689    -0.169358    -0.154418     0.302823    -0.363904    -0.370467     0.219641     -0.17103     0.368467    0.0653921    0.0541636    -0.192226    -0.166788    0.0208062    -0.314996    -0.218772    -0.148444     0.269822     0.211297     0.437597    -0.370134     0.473655     0.113117
   0.0994003    -0.131218   -0.0951847   -0.0928692     0.159679   -0.0399595     0.139565       0.2931    0.0437863     0.100676     0.180398    -0.016813  -0.00985526    -0.241106     0.225231     0.119881     0.065864     0.596037    -0.278151     0.175947    -0.301007   -0.0776528     0.123288    -0.321537    -0.155258    -0.194652    -0.118917    -0.425554     0.315267    0.0690226    -0.270083    -0.178583
    0.398287    -0.283512    -0.132365   -0.0553083   -0.0417212     0.112473    -0.327711    0.0963916    -0.332669     0.113637   -0.0509987    -0.116348     0.173013     0.241244   0.00364736    0.0473525    0.0630896     0.189864   -0.0810042    -0.165599    -0.297572     0.233068    -0.406308     0.366367    -0.145864    0.0295871     0.316474     0.151355    -0.217456    -0.117179     0.580018    -0.125822
    0.326932    -0.207231     -0.20464     0.109538     0.143028    -0.197506    -0.401884   -0.0299583   -0.0249434    -0.240923    -0.107507     0.357703    -0.304849    -0.009623   -0.0584644   -0.0782259    -0.147463    -0.152572   -0.0410944     0.140142     0.100913     0.134518     -0.13602     0.442933     0.178079     0.251995    0.0189967    0.0787931     0.164076    -0.159392    -0.165504     0.465729
    0.554235   -0.0876217   -0.0381982    0.0687382     0.403025   -0.0574064     0.132313     0.492587    -0.209724    -0.150751   -0.0358292    0.0564056      0.32384   -0.0970679     0.128511     0.107198    0.0147615     0.344975    -0.363681    0.0805858    -0.386344    -0.117463     0.270105     0.215244    -0.479622    -0.286084    -0.190511     0.268567    0.0931452   -0.0306537    0.0777624    -0.352244
  -0.0439348    -0.108956     0.301197    -0.110183     0.210003     0.169483    0.0593752     0.324521    -0.261409    -0.161291    -0.225538      0.19539     0.258102     -0.04398    -0.020574     0.245052    0.0296137     0.243615     0.203118    -0.182397     0.150741     0.179422    -0.228899     0.182513   -0.0942451   -0.0807233    -0.016387   -0.0989996    -0.306468    -0.280875     0.284548     0.402129
     0.11088     0.257095   -0.0312434   -0.0235898   -0.0561141     0.330066     0.145204    -0.434204    -0.165853   -0.0633052   -0.0496152     0.174819   -0.0806522   -0.0348534    0.0691139     0.378527    -0.167212   -0.0442308   -0.0259442     0.151857     0.190349    0.0764396    -0.277519    -0.115555     0.286398    -0.081565      0.22302     0.254652     -0.25044    -0.113941     0.226136     0.115293
   0.0471731     0.221737    0.0231103    -0.164047   -0.0131348    -0.182668    0.0440069    0.0183015    0.0590269    -0.353634    -0.116697  -0.00911855     0.112527     -0.21757    -0.159914     0.446729    -0.278844   -0.0876155    -0.162524    0.0901095    -0.111935     0.199086    -0.408989   -0.0559898     0.118004    0.0533934     0.240372   -0.0941136   -0.0167993   -0.0081995   -0.0391497     0.314864
   0.0819492   0.00720769   0.00858926    0.0709501   -0.0416021     0.141781    0.0579736    0.0695281   -0.0904685     0.266932    -0.245212     0.395701    -0.179589     0.194245   -0.0404693      0.35673    -0.136707   -0.0791665    -0.329256     0.228058   -0.0646519     0.019183   -0.0496087   -0.0127183     0.143546     0.230341     0.315308     0.245615     0.154681    -0.126126      0.46313    -0.359724
  -0.0681185    -0.196685    0.0491029      0.22297     0.280538    0.0012797     0.242293      0.14038    -0.144848    -0.317068   0.00529616     0.408405    -0.064853    0.0468015   -0.0622962    -0.185291     0.144787    0.0914647     0.137473   -0.0242357   -0.0201262     0.239751     0.139502   -0.0574034    -0.104668    -0.142477     -0.15543      0.20013    0.0755439    0.0140161    -0.215453    -0.260187
     0.22742   -0.0302873     0.280783      0.34736     0.268316    -0.190371    0.0369283    -0.330396     0.107006    0.0954173    -0.275135    0.0291217     0.446628     0.311021    -0.119993    -0.359377    -0.156012     0.175074     0.103595     0.203317       -0.139     0.281407     0.193116   -0.0567872  -0.00939747     0.211201    -0.123916     0.248399    -0.365988   -0.0931753    0.0922962    0.0781801
  -0.0450735     0.176963   -0.0936427    0.0774944     0.328682    -0.290034    -0.245635     0.281666     0.285474      0.12658    -0.200271     0.238741    0.0832827     0.157766     -0.17508    -0.280934    0.0834692    -0.287122      -0.4435     0.426124   -0.0457911     0.100822    -0.700796     0.148688     0.162574     0.264075   -0.0798153     0.357397     0.411788     -0.31432     0.246561    -0.397433
     0.28359    -0.170932    0.0916193    0.0187043     0.365432    -0.486987      0.20218     0.169482    -0.182016     0.209588    -0.501114   0.00451489    -0.188563     0.144629    0.0170309    -0.217792     0.257527    -0.156237    -0.432463    -0.212027    0.0976999    -0.163804     0.512723  -0.00420347    -0.166199    -0.201665     0.329623     0.498922    -0.238287    -0.465251    -0.126092      0.54906
 0.000466561     0.106808     0.252435   -0.0593103   -0.0718451    -0.204747     0.328353    0.0154859     -0.39862     0.127486    -0.397238    0.0635224    0.0942608     0.245353    -0.227838   -0.0765572     0.124772   -0.0240363     0.125618    0.0878148   -0.0630367    0.0093064    -0.158768      -0.1076    0.0635398     0.167687      0.39598     0.456383    0.0443689    0.0122434     0.369678     0.139686
   -0.328419     0.180138     0.177092     0.105101     0.159349   -0.0894211    0.0738283     0.187307     0.208165     0.111961    -0.153939   -0.0890523     0.260099    -0.217073   -0.0100125    0.0858925     0.109118    0.0839173     0.137766    -0.218617     0.145522   -0.0472287     0.371079    -0.213072    0.0348818    0.0453677     0.116624    0.0649209     0.120869    0.0305962      0.25272     0.307393
    0.570535   -0.0461297     0.415259     0.124954     0.117682    -0.306183     0.175172     0.150923      -0.1136    -0.436249      0.36036     0.370186     0.474073     0.177334   -0.0491909      0.19791     0.317245   -0.0782864    -0.448984   -0.0571853     0.197948     0.100317      0.84158   -0.0289774    -0.131029     -0.40518    -0.359697    -0.440292    -0.494286    -0.373336     0.044838    -0.156079
   -0.151561     0.328735    -0.158598     0.505468    0.0908908    -0.260699     0.482026     0.246525    -0.283711   -0.0941951   -0.0507809    0.0928047   -0.0851507   -0.0471498     0.208514     0.106765   -0.0110989    0.0857958    -0.129392     0.388119     0.093455    -0.389514    0.0677649    0.0628241    -0.129526     0.365859    -0.115658    -0.134799    -0.107462    -0.454408     0.315044    -0.436025
  -0.0379952     0.336045  -0.00153757    -0.101091    0.0948791     0.110216   -0.0941823     0.397257   -0.0985751    -0.305179    0.0254894    -0.122127    0.0413167    -0.122435    -0.328921    -0.249091     0.171225    0.0127082   -0.0477008    -0.317591   -0.0199782    -0.144579     0.262777     0.103033    -0.173749     0.132105     0.170074     0.102481     0.176182    -0.202985    0.0497892    0.0885365
    0.177026    -0.339311    -0.116237    -0.294067    0.0199342    -0.144379  -0.00890947     0.333587   -0.0701103     0.214106   -0.0100305    -0.119268    -0.298968     0.228528     0.133912    -0.241359     -0.13449     0.104471    -0.356404      -0.3645    -0.047736    0.0081164   -0.0163909     -0.21369    -0.139282   -0.0230017    -0.217677    -0.101906     0.257539     -0.11731     0.382333     0.218347
  -0.0190146    -0.191644   -0.0514327     0.201831     0.122271    -0.133883    -0.153628    -0.196572   -0.0441164      0.16621   -0.0224779   -0.0842891     0.475818    -0.333485    -0.232378   -0.0732145      0.17167    0.0540367   -0.0161141    0.0959892  -0.00259372    -0.185521    -0.290582   -0.0180737     0.284887     0.141594    0.0529489     0.191906    -0.093928   -0.0465564    -0.409418     0.131436
   -0.245845      0.21772    -0.130353    0.0798996    -0.145025    -0.270625    -0.494095    0.0274915    0.0735743    -0.300432     0.156902    -0.363097    0.0543344     0.401712    -0.155084    -0.016987   -0.0193008   -0.0950447    -0.091962    -0.217395    -0.167108    -0.262332    0.0407789    0.0724913   -0.0830341    -0.136751    -0.169316    0.0580631     0.133554      -0.2532     0.027598     0.192971
  -0.0154111     -0.11294      0.33406    0.0887873    0.0851329   -0.0195211    -0.113262     0.224834    -0.339413     0.115621    -0.141092    -0.207827     -0.34166   0.00303512   0.00766555    -0.126698     0.120482     0.498026    -0.287422      0.23295    -0.218274   -0.0793903     0.208653   -0.0861926    -0.143093    0.0347993      -0.1368    0.0565149    -0.118106    -0.119256     0.140737       0.1907
  -0.0361595     -0.13456   -0.0416537    -0.297414    -0.339067   -0.0108207    -0.200008    -0.196244    -0.276169     0.589278    -0.189767     -0.41144     0.349473     0.104692    0.0434858     -0.11084   -0.0777331    0.0795006    -0.249778    -0.162859    -0.341408     0.482531    -0.118266    0.0165244    -0.477736     0.155159     0.365999    0.0973374     -0.03754     -0.35555     0.532275    0.0192013
  -0.0818779    -0.484642     0.108213    0.0126601     0.153606    -0.288202    -0.214457     0.738415   -0.0488811       0.1238     0.246366   0.00445181    0.0461193    -0.241565     0.561421   -0.0691076   -0.0346207     0.311364    -0.547087     0.107645    -0.266755    -0.156608     0.262364     0.283883    -0.343907   -0.0896657   -0.0874812     0.538482    -0.131967    -0.685918   -0.0664228     0.100628
   -0.168139    0.0203797    -0.314579    -0.160583    0.0215436    -0.480226    -0.196985   -0.0504334    -0.275773     0.107945    0.0829145    -0.062189     0.346675     0.197099    -0.112978     0.270643    -0.358288    -0.444881    -0.289936    -0.409783     0.109522    -0.231314    -0.454365     0.126935    -0.367913     0.278654     0.142047     0.236703  -0.00847677   -0.0821039   -0.0761936   0.00416835
    0.187307   -0.0548799     0.671436   -0.0859688   -0.0393294    -0.200906    0.0907296     0.176819    -0.022916  -0.00687455    -0.113693     0.157198   -0.0614058     0.106049      0.50894    -0.177569    0.0561111         0.33    -0.197072     0.168133    -0.249727    -0.182287    -0.241108   -0.0152232    -0.152386   0.00950412     0.224805    -0.104718    -0.396715    -0.271593    -0.015247     0.138298
   -0.493359    -0.719301     -0.14622    -0.187653     0.138665    -0.051904    -0.243382    -0.143051   0.00807165     0.222919    -0.247613     0.226048     0.274679    0.0491069    -0.282549      0.32396    0.0957308     0.305432    0.0464274     0.119523   -0.0429949    -0.113898     0.136258    -0.231078  -0.00574059    0.0925601   -0.0382601     0.309167   -0.0141712    -0.112402    0.0279794    0.0676811
    0.154846    0.0566812     0.142757    -0.138006     0.129745    -0.390696     0.133966   -0.0578857    -0.264883     0.228984     0.136344      0.35352  -0.00570282    -0.384626   0.00642706     0.342382    0.0313355     0.516536    -0.184002     0.267411    -0.173106    -0.171365      0.17749   -0.0568119    0.0963022   -0.0954976    -0.139179    -0.446273   -0.0591822     0.134156    0.0652464    -0.282289
   -0.330316   -0.0691181   -0.0823525     0.282286     0.178017    0.0393224   -0.0339839    -0.126639   -0.0924239   0.00102616    -0.306057    -0.113507    0.0162553    0.0337328     0.163445   -0.0640022     0.145677     0.245504      0.19718   -0.0485052    0.0796606   -0.0958516    0.0208169     0.139956    -0.228105    -0.430706   -0.0806459     0.321314     0.154048    -0.225179     0.125861     0.205842
    0.124794    -0.121411    -0.221083     0.016195    0.0819228     0.144958    0.0160914     0.141176   -0.0401412     0.245983    -0.327113    0.0503026     0.104406     0.434714    -0.090606     0.117671    -0.112367    -0.295542    -0.281554    -0.441431   -0.0713469     0.172193      0.10782    0.0131119   0.00758658   -0.0305486     0.189804    -0.111431    -0.209156    0.0261645     0.384286    0.0579681
  -0.0931972     0.109223    -0.303122   -0.0680545     0.166406    -0.112298    -0.240342    0.0525888   0.00525925     0.162466    0.0473591     0.123932     0.363491  -0.00501623    -0.343489    0.0592638    -0.419026    -0.124847    -0.043371   0.00765346    -0.186488     0.237313    -0.525797      0.27791     0.185805     0.218055     0.130304     0.662443    0.0904006   -0.0355293     0.501347    0.0484265
 -0.00358609    -0.045804     0.185396     0.159284    0.0813373   -0.0896257     0.130881     0.258022    -0.291183     0.160681    -0.398393    -0.131293      0.23973     0.205253    -0.005216   -0.0169465     0.271563    -0.100414     0.187123    -0.380937    -0.293728     0.560885     0.320385    -0.174546    -0.327135    -0.354929    -0.170931    0.0627476    -0.026595    -0.149866    -0.245149     0.346245
  -0.0988468    -0.139954    -0.199618    0.0047375   -0.0281856    -0.110553     0.203499    0.0804321    -0.083707     0.151212      0.16169      0.11824   -0.0540353   -0.0713906      0.15649    0.0346783   -0.0695936     0.293413    -0.182846    0.0159347   -0.0103358    -0.355761     0.127432     0.115328    -0.106148   -0.0578123    0.0494696  -0.00379917    -0.046805    -0.311833   0.00458897    0.0393561
    0.231359   -0.0373775     0.246394    -0.374107  -0.00482496    0.0941363     0.015172     0.142655    0.0897474     0.198246     0.205947     0.216281     0.258223    -0.400139    -0.374544   -0.0488358     0.127416     0.458617     0.254218     0.513495    -0.182373    0.0159873    0.0529357    -0.292145     0.100531     0.170087   -0.0721064    0.0800425     0.202294     0.266873     0.111619    0.0504037
    0.331546    -0.359008     0.283038     0.037376    -0.407598    -0.118663     -0.60445     0.249496   -0.0956584    0.0104509    0.0689816    -0.214314     0.218288     0.292687    -0.319799   -0.0818374    -0.123386   0.00596805     0.249991    -0.498646    0.0421811   -0.0478094     0.402987     0.255437    -0.297536   0.00510622     0.170449    0.0434909    0.0752207    0.0811377      0.49153     0.457114
   0.0549427    -0.071521    0.0665255   -0.0187933     0.110918    0.0672639    0.0159544     0.387524    -0.162776    0.0361058    0.0731862   0.00797071     0.298913    0.0765511    -0.133513     0.255716    -0.207915    -0.046866    -0.233448      -0.3391    -0.255072    0.0520797     0.016089     -0.18735     0.183159      0.20936    -0.440713    -0.443574     0.254675     0.018762      0.32775    -0.215774
    0.474923     0.181711    0.0125664     0.091417     0.361766    -0.192316    -0.238353    0.0457997     -0.27118    -0.195406    -0.216614    -0.150591     0.328245     0.131118    -0.144487    -0.130601     0.112716   -0.0478487    -0.100801    -0.138237    -0.113494    0.0810754    -0.121815   0.00742221    -0.233076    -0.300171    0.0643294    -0.100688    -0.207539     0.121291   -0.0121294     0.241056
    0.111874    -0.581536    -0.049292     -0.22679   -0.0578103    -0.550331   -0.0360571   0.00131438    -0.432516     0.596979     0.131251    -0.168389   -0.0988412     0.163048     -0.21174     0.142076  -0.00462357     0.266732   -0.0924084    -0.346265     0.226278     0.241617   0.00572481   -0.0181913    0.0456199     -0.26016    -0.264243    0.0426388     0.120827    0.0545628     0.209557     0.221281
  -0.0453029     -0.26038    -0.141196    -0.113519     0.105475    -0.273699    0.0594801     0.305084    -0.175766   -0.0338173    0.0654906    -0.142001       0.1411     0.404169     -0.27055    0.0301378     0.116484    0.0931852     0.191544   -0.0593732     0.367181    0.0777382    0.0827843     0.240115    0.0973953    -0.167024     0.307198   -0.0482223        0.281     0.177517     0.226707    0.0822638
  -0.0204462   -0.0775792    -0.175736    0.0571988    -0.165232   -0.0378581     0.141862     0.076326  0.000961253     -0.14488   -0.0156223    -0.123478     -0.20863    0.0831139    0.0275799   -0.0674514     0.215488    -0.206394    0.0111054   -0.0666607    0.0337103     0.319288     0.312912     0.230243   -0.0535433   -0.0732718    -0.360752   0.00539755    -0.159661    -0.182737    0.0454584    0.0217582
    0.275113    -0.117617     0.505882  -0.00986932     0.517695    0.0568335    -0.266425   -0.0697344     0.220427    -0.134292     0.376569     0.367323      -0.2176     0.341201     0.127322    -0.137898     0.215834     0.199821   -0.0391653    0.0336005     0.167286    0.0861899     0.381843    0.0886269     -0.23087    -0.186931    -0.388569    -0.152248    -0.270542     -0.27573    -0.420293   -0.0717819
    0.471053    -0.117071     -0.18927    0.0981707    0.0333142    -0.135838    -0.304819     0.437375    -0.160722     0.395073    -0.169435    -0.131037     0.200986     0.318749    -0.135468      0.20551   -0.0649141     0.175005    -0.380557    0.0614106   -0.0421253     0.209827    -0.239299    -0.392426   -0.0326381    -0.306951     0.507921      0.46967     0.588814    -0.263667     0.479089    0.0481377
   0.0839746    -0.369221     0.417223     0.310517     0.330138    -0.479747     0.181158    -0.268387     -0.69927    0.0815912   -0.0230702     0.209822     0.549015   -0.0867785   -0.0191766     0.278685    -0.014952     0.105693     0.313766    0.0209061     0.218421   -0.0901318     0.117359    0.0243631    -0.280461    -0.153024   -0.0874646     0.291332   -0.0787464   0.00819494     0.207576    -0.162003
    -0.11993     0.132509    -0.159837      0.18393    -0.130301    -0.116748    0.0764796     0.222968    -0.389003     0.627364    0.0676573      0.23849     0.161449    -0.304975     -0.13876    -0.044794    -0.126899     0.234933   -0.0302362     0.359041   -0.0173196    -0.311296   -0.0887429    0.0366177   -0.0351363    0.0933894    -0.114254     0.298492   -0.0821821    -0.208715     0.139163     -0.15856
   0.0570513     -0.12632    -0.148482    0.0285579     0.103564    -0.282819   -0.0655184     0.504989    -0.249903     0.665327    0.0388173    -0.185769    -0.321034   -0.0840658     0.281975    -0.423332    0.0171084     0.139703   -0.0366674    0.0474749  -0.00876029    0.0985909     0.147486    -0.118076    -0.238721   -0.0831517     0.020981    0.0592545      0.15032    -0.277231    -0.132288     0.416042
    0.535481    -0.223155   -0.0563307      -0.1704    0.0740167    -0.149446   0.00939989     0.153476     0.157639    -0.130045     0.321169     0.223571    0.0395697    0.0962829    -0.280566    -0.156717   0.00257541      0.02579    -0.132617    -0.333223     0.180454   -0.0643324     0.384277     0.181985     0.233059    0.0686798   0.00209836      0.15796    -0.335581   -0.0484518     0.059801    -0.198237
   -0.240347     -0.12798    0.0914432     -0.39039    -0.302551    0.0721986    -0.106613     0.184087      0.10142   -0.0987171     0.134921   -0.0545267    -0.103291    0.0767483   -0.0583446    -0.128729    -0.029925     0.240646     0.300269     0.161008    0.0692619    -0.145326   -0.0560892    -0.311885     -0.37253    -0.370059   -0.0223052    -0.283606   -0.0178878     0.160275     0.300708     0.225669
   -0.033631    -0.263358   -0.0541519   -0.0766115    0.0610667     -0.32076    -0.343221    -0.230094    -0.107338    -0.166068    -0.121462    -0.286234     0.346671     0.217545    -0.129747    0.0843807    -0.277686    0.0935515    -0.330377      0.20931     0.225332     0.474624    -0.407709    0.0547778     0.144145     0.148232     0.153544     0.591179     0.164614   -0.0774926     0.286533   -0.0229063
     0.39726    -0.266155  -0.00826849    -0.104764    -0.246644    -0.253593    -0.239368     0.148629    -0.585302     0.196799    -0.351517    -0.220048     0.443529   -0.0517805     -0.53555   -0.0841143   -0.0563869    0.0957657     0.152096   -0.0343175     -0.05535    -0.083814    -0.363607   -0.0768249   -0.0760446     0.136915     0.221137   -0.0526995     0.493662     -0.10245     0.305137    0.0621241
   0.0315814     0.030001     0.248155     0.224769    -0.210978    0.0581377   -0.0906996     0.118044   -0.0386601    0.0441299     0.253259    0.0685427    0.0543385     0.340907    0.0494435     0.203578    -0.172836   -0.0858969     0.301047     0.418689     0.152901    -0.287254    0.0939253   -0.0439296     0.190182    -0.161521    -0.153633    -0.193763     0.122704    -0.022069     0.158801    -0.125536
   -0.285529    -0.304767     0.188583   -0.0453452    -0.422803     0.132316    -0.126074     0.181948       0.1694    -0.365565    -0.229277   -0.0748865    0.0287135    -0.175711   -0.0883383     -0.38979     0.442028    -0.107313     0.170251      0.22109    -0.320247     0.114645     0.169361    0.0783542   -0.0864836     0.123218    -0.192667     0.139901  0.000882007    -0.285891    -0.422287     -0.19442
    -0.14439     0.299077     -0.17795  -0.00330229    -0.263068    0.0240551    -0.247711     0.288121     0.260664     0.120027    -0.171648    0.0439907     0.249929    -0.319631    -0.321074    -0.189622   -0.0908556   -0.0514754     0.337566    -0.160001    -0.157534    -0.361622    -0.228378    -0.105418     0.208239    0.0303983    -0.153276    0.0759694      0.31951     0.119271      0.10065    -0.029588
    0.683506     0.346219     0.392324     0.102527     0.433989    -0.458443     0.039349     0.343911    -0.475804      0.71532     0.151596     0.201307      0.54985    -0.308209    -0.174482    -0.137685     0.298894     0.289286     -0.29341   -0.0927846     0.410196     -0.15487   -0.0509285    -0.363697    -0.104014    -0.739014     0.241639   -0.0651676     0.423968   -0.0456451    0.0638105     0.240431
    0.225574     0.148761    0.0403762     0.524692     0.198169    -0.259758     0.375351    0.0992151    -0.244972    -0.035069    -0.258792     0.145661     0.526437    -0.299369    -0.120795      0.14561   -0.0793387    -0.421396     0.127857    0.0490063    -0.237104     0.231938     0.048171   -0.0689924     0.159725     0.334569    -0.122798     0.646465   -0.0720169    -0.356373     0.382623   0.00438638
     0.26299     0.104982    -0.144657   -0.0978003    -0.207278     0.185949    -0.193176    -0.179742    -0.208537     0.213732    -0.176671    0.0766262      0.08587     -0.15218     0.109298     0.145396    0.0301665   0.00813822    0.0668909     0.238075     0.148871      0.17943     0.113921   -0.0414172     -0.34938    -0.256692    -0.109978    -0.190847     0.231097    -0.138492     0.235761   -0.0717759
    0.131948      0.12232    -0.114368    -0.283681    0.0886703   -0.0329246    -0.288233    -0.137022   -0.0356634     0.148507     0.344578     0.119297    0.0231532   -0.0998247    -0.214814     0.350993   -0.0875009    -0.039749    0.0368626    -0.164416     0.112593     0.100795   -0.0235574    -0.272226   -0.0985594     0.025647     0.196818    0.0361282      0.29281    0.0719885     0.393171    -0.323883
    0.902055     0.440243     0.681946      0.26914     0.242925    -0.249058    -0.265884     0.111215    -0.228615    -0.303786    -0.269239     0.102489     0.841773      0.06097     0.149125    -0.252751   -0.0517995    -0.642308    -0.222281    -0.340053   -0.0251844    0.0926929    -0.316482     0.189138    -0.126992     0.371442      0.70263    0.0991855      0.15417    -0.239586   -0.0972621    0.0968372
    0.184653     0.102487     0.150431    0.0604962   -0.0503313    0.0873436    0.0809161     0.532901    -0.472336      0.22184   0.00132761    -0.120658    -0.279069    0.0637291    0.0733679   -0.0147739     0.104479     0.298248    -0.309996    -0.181583    0.0831575    -0.389787     0.196848   -0.0158951    -0.183553    -0.102326  0.000546953     -0.31231     0.474539    -0.213096     0.217299    0.0884343
    0.034332    -0.148044     0.116644   -0.0128772  -0.00587858     -0.39738    0.0303338     0.532277     0.158741     0.181814    -0.231605    0.0693292    -0.388239     0.126558     0.173489   -0.0481231     0.280657     0.289591     0.154463   -0.0439041    -0.107981    -0.142906   0.00612443    -0.288428    -0.244399    -0.480939    -0.163222    -0.489772     0.236482    -0.318377      0.18373    -0.101144
    0.199677   -0.0829161     0.214812     0.319919    -0.197668    -0.272201   -0.0319453    -0.144256     0.521778    -0.357662    -0.129461    -0.509303    0.0377801   -0.0740367     0.404329     0.154095    0.0457932      0.33834     0.116225    -0.139833    0.0845404      -0.3861     0.150996    -0.248509   -0.0272642   -0.0335594     0.141969    -0.325709   -0.0104643     0.202215    -0.612674   -0.0440166
   0.0698462  -0.00917412     0.320438     0.287199     0.148011    -0.154689     0.265434     0.213814    0.0331627     0.235491    -0.093192   -0.0839398    0.0758465     0.371954    0.0675776    -0.264095     0.106521    0.0319217    0.0199601    0.0651357     0.160943   -0.0623588    -0.119386   -0.0396479     -0.12797     0.345157   -0.0245113    -0.160627    0.0262945    -0.393546   -0.0640486    -0.132708
   -0.179197    0.0734894    -0.241985    0.0401804     0.204466     0.120202    -0.101861    0.0575743    -0.272575    -0.135464    -0.146992    0.0518394     0.408528     0.122484     -0.38321   -0.0661249     -0.11952    -0.409668    -0.665369     0.119893    -0.263785    -0.129964   0.00498641    -0.219375    -0.596486    -0.216393    -0.147085     0.370414     0.124037    -0.383118     0.308268     -0.28548
     0.33341     0.188799     0.163448     0.381151    -0.248522    -0.147181    0.0784419   -0.0839257     0.199825    -0.200814    -0.337057   -0.0188541    0.0771526    -0.196732      0.23453     0.163879   -0.0725591     -0.14763     0.102007   -0.0698447    -0.213976     -0.40477     0.415026     0.214635   -0.0932276      0.20884   -0.0505644   -0.0399465    -0.119637   -0.0508012     0.124277      0.32494
   -0.353951    -0.123954    -0.187271     0.148339   -0.0318548     -0.32576    0.0109827    -0.054974    -0.190796    -0.149622    -0.150637    -0.470493     0.293933    -0.107754    0.0616495    0.0252147      0.11679     0.115147    -0.438591    -0.151647    -0.255563   -0.0445083   -0.0741765     0.153867     0.179477    0.0182227   -0.0099457   -0.0616016  -0.00115038    0.0415995    -0.056263     0.160869
   0.0902906   -0.0961366     0.170409     0.167994   -0.0690054    -0.278427    0.0969938    0.0832101    -0.136587     0.498753  8.02913e-05   -0.0458263     0.163171     0.363835   -0.0807719    -0.138389    -0.225655     -0.27684    -0.292591    -0.218749    -0.181033    -0.152506    0.0436207    -0.136594   0.00887633     0.281368  -0.00270365    -0.248891     0.181948   -0.0711042     0.551747      0.12006
   -0.211453    -0.167696    -0.319653     0.034465    -0.232291   -0.0876224    -0.169373    -0.298522   -0.0121563     0.154763   -0.0792592    -0.128413    -0.120339    -0.268512     0.136526    0.0785126   -0.0438675   -0.0375048    -0.272015     0.194362    -0.001326     0.309985     0.206692    -0.129996     0.233657   -0.0419915     0.288158     0.107779    -0.196037   -0.0827237    0.0463904   -0.0631236
    0.785169     0.124176     0.105978    -0.442003     0.113031     0.148929     0.415415      0.55774    -0.513865     0.129469   -0.0408384    0.0128071    0.0410714   -0.0232211     0.279811      0.34625   -0.0919573     0.391948    -0.222982     0.300532   0.00126026    -0.377369      0.16148    -0.050908     -0.42217    -0.800562   -0.0943834    -0.172512      0.14262    0.0369545     0.257136    -0.360208
  -0.0934729    -0.150877    0.0593675     0.429369    0.0231859    -0.381047   -0.0482003    -0.143735    0.0706734   -0.0579684      0.12203     -0.15984     0.138705     0.351153     0.214652   -0.0375109   -0.0887495     0.116204     0.181866    -0.259287     0.222958     0.272176    0.0989816   -0.0976058   -0.0679941    0.0491384   -0.0331758   -0.0956093    -0.218452     0.164799    -0.237927     0.280722
    0.076419      -0.1667     0.120621     0.234742    -0.251474     0.156047    -0.302204     0.172028    0.0669885      0.14612      0.11763     0.414977     0.174757     0.337405     0.267518     0.340473    -0.296985    -0.142093     0.500151    -0.685411    -0.545949    -0.193979     0.289308    -0.333775     0.187173    -0.464719    0.0350891    -0.410916     0.354984    -0.126774    -0.118643     0.427482
     0.30206   -0.0440812    -0.343524    -0.128744     0.301625    -0.130667     0.174327    -0.169299    -0.401902      0.29836    0.0890718   -0.0364948     0.210762    0.0688581     0.269808   -0.0408991    0.0741393    0.0451405     -0.23354    -0.171804   -0.0426822     0.169284     0.168241   -0.0488103    -0.157699   -0.0564296    -0.118986    0.0814468    -0.123854    -0.294022     0.349374       0.2749
   0.0429704    0.0012909    -0.115996     0.230648  -0.00399368    -0.242904    0.0936555     0.171039    -0.363138     0.224118    -0.258293    -0.106644     0.144471    -0.262625    -0.301568     0.141417    0.0580031    -0.140857     0.175087   -0.0480704      0.10509    -0.042914   -0.0880627   -0.0351028    -0.139103   -0.0246875    0.0347035      0.18938     0.315285     0.035475     0.345618     0.263614
   -0.219489     0.207675   0.00496314    -0.124558    -0.294723     0.079023    -0.267369    0.0152729     0.165716     0.331482   -0.0363913     0.228168   0.00899611    -0.282548   -0.0944279   -0.0127058    -0.084218     0.275537    0.0428655   -0.0823632   -0.0855593    -0.158865    0.0478855    -0.371357     0.178913    -0.151058   -0.0904449    -0.307552     0.141925   -0.0727191    -0.229813     0.344709
    0.198075    0.0455742    0.0340638    -0.264886    0.0978495   -0.0119305     0.243441    0.0793605    -0.795374     0.207555    -0.415167     -0.30723      0.17609      0.15543    0.0288526   -0.0444487   -0.0744164   -0.0472198   -0.0920752    -0.154347     0.237727     0.462828   -0.0855901     -0.30878    -0.289466    -0.188747     0.249283      -0.2264    -0.158806    -0.280236     0.620122    0.0972562
   -0.438483     0.176155    -0.378372   -0.0990082    -0.152855    -0.226306     0.188881     0.144993    -0.341269     0.172392    -0.213307    -0.159022   -0.0620677    -0.197413   -0.0999342     0.258886     0.340783     0.433448    0.0378579    -0.202523    -0.256529    0.0437598   -0.0413153   -0.0778988    -0.310505    -0.279469     0.043523    -0.326958    0.0525783       -0.162     -0.10636    -0.018708
    0.365654    -0.144858     0.401208     0.114515   -0.0647034     0.210729     0.100827   -0.0331769     -0.30622   0.00715324   -0.0105599     0.403705     0.632582     0.170007     0.128141    0.0942356     0.303314    -0.126651    -0.687966    -0.170627    -0.483826     0.291094     -0.24444    -0.530247    -0.691946   -0.0585619     0.158331     0.360275       0.4174    -0.208901    0.0384306     -0.51642
    0.526737    0.0296444     0.133539     0.304794      0.19378    -0.153657    0.0310584   -0.0798912    -0.210004    -0.169576     -0.18198    -0.227827     0.303671     0.461026    0.0701113     0.265269     0.108867    0.0842226    0.0648343    -0.301782    0.0614933     0.271307     0.465172    0.0258217     -0.42358    -0.205153    0.0988724    -0.810639     0.053932     0.102377     0.219929    -0.410062
    0.584669     0.050674     0.341869    0.0774897   -0.0424284    -0.115735    -0.198446     0.549293    -0.417158     0.136828     0.195875      0.10014     0.116443    -0.271319     0.162906    0.0259858      0.21842     0.226902     -0.64347   -0.0464223    -0.237717   -0.0158962    0.0271793    0.0189725    -0.167326    -0.286844    0.0513822    -0.394417     0.162732    -0.130848     0.230226     -0.11342
    0.445013    0.0877151     0.677777   -0.0643623     0.560235     0.378697     0.436364     0.303145    -0.311844   -0.0569048  0.000103544     0.133457    0.0846992    0.0706485     0.252427    -0.215798     0.155692     0.421134   0.00192112     0.585506     0.285787    -0.475657     0.420002     0.294572    -0.356696   -0.0459636     0.144078    -0.380439     -0.32303    -0.319752      0.45522   -0.0593471
   -0.184832    0.0382611     0.124772    0.0898897     0.128191     0.161033   -0.0164856    -0.184717    0.0351146    0.0593822    0.0678186    -0.313076    -0.156867    0.0324484     0.253099    -0.223662     0.135493     0.213732    0.0528622    0.0986651   -0.0871916    -0.139727    0.0321856    -0.116601    -0.423175     0.025238   -0.0811597    -0.148304    0.0405234   -0.0556767   -0.0919117     0.416885
    0.126193    -0.104997     0.194651    -0.371016   -0.0338048    0.0600473    -0.273279     0.170072     0.429055   -0.0826341     0.302753    0.0488567    -0.201465    -0.204396   -0.0853499     0.112247   -0.0363529    -0.284793    0.0840892    0.0591794    0.0202087     0.312143     -0.26296    -0.221089     0.264609     0.171799   -0.0370321     0.183238     0.305476   -0.0136287    -0.204328    -0.212459
   0.0524138    -0.201674     0.225218      0.53017     0.192085    -0.156439     0.434033    -0.101785    -0.475723   -0.0387267    -0.220911     0.499348     0.576384    -0.280203     0.225003     0.322837     0.135142    -0.330963     0.195397     0.201615   -0.0210616   -0.0114036   -0.0800254    0.0666892    -0.215635    -0.262867    -0.206886    -0.122012    0.0110392   -0.0950205      0.31741     0.304148
    0.343388  -0.00867896    0.0714872    -0.178743     0.175743   -0.0375472     0.701633      0.15043    -0.473659     0.549257     0.358156     0.321233     -0.16921    0.0185622     0.207124     0.151218     0.320241    0.0856539    -0.331907    -0.289569   0.00716093    -0.309874     0.372689     0.163991    -0.267427    0.0504469    0.0693383     0.518987     0.140532    -0.157928    -0.135026    -0.451902
    0.581483     0.331513     0.384214   0.00664033     0.219097     0.168605    -0.530217   -0.0614436     0.137601    -0.379564    -0.159298     0.202408     0.498055    -0.374844    -0.443917    -0.360867     0.396682    -0.266299    -0.181378    -0.203285    0.0221268      -0.1625    -0.164808    0.0821654    -0.239565     0.265886      0.31912    -0.311775    0.0577687    -0.198752    -0.328763   -0.0330818
    0.199081     0.266646     0.123171    -0.130231    0.0131563  -0.00650937     0.224971     0.115853    -0.551506    -0.152187     -0.13565    0.0936503     0.395399   0.00338939    -0.108046    -0.278213   -0.0209773    -0.139158    -0.405553     0.144325    -0.262374    0.0927827   -0.0279287     0.178013    -0.296967   -0.0586963    0.0676471     0.316874    -0.116027    -0.104954     0.479521    -0.183132
    0.237592     0.113193    -0.539535     0.379305     0.160855     0.137726   -0.0702615    -0.110487     0.117886    0.0262977   0.00579899    0.0988193   -0.0268259     0.280869     0.110594     0.195691    0.0636192    -0.102845    -0.211837    -0.263047    -0.245105    -0.325193     0.201336      0.33617   -0.0804215    -0.144136     0.111732     0.192649   -0.0121069   -0.0930352  -0.00900755    -0.309945
    0.373257     0.109901     0.263513   -0.0313509      0.25073    0.0775168    -0.151512     0.267639     0.188605    -0.429267     0.123048    -0.320125    0.0229395    -0.173427     0.141809     -0.37669    0.0100061   -0.0829348    -0.232505     0.185159    -0.490883    0.0683046     0.121911  -0.00351119    -0.412782    -0.296773    -0.370374      -0.3461    -0.300522    -0.145101    -0.099269    -0.392712
     0.48347    0.0808488    0.0229633    -0.213846    0.0188034     0.233006     0.220689     0.377514    -0.374704     0.084915      0.19066     0.166612    0.0684072   -0.0137356   -0.0826383    0.0689724    -0.128237     0.421529   -0.0672205    -0.211767    -0.155905    -0.629345     0.249259    -0.499689    -0.373305    0.0269006   -0.0673947    0.0393239     0.301876     0.170376    -0.118441  -0.00927502
   -0.225571    -0.131176    -0.148152     0.207869    0.0235563      0.37344    -0.316226   -0.0304285     0.347744    -0.265966    -0.049271     0.262618    0.0945279    -0.050574    -0.388708     0.228534    -0.170049    0.0679077     0.191571   -0.0137424    -0.293398   -0.0356026   -0.0168336   -0.0897325     0.113253    -0.237623    -0.155603     0.288774     0.669507   -0.0687745     -0.61313     0.366981
   -0.492687    -0.125851     -0.11279 -0.000904822    -0.242244    -0.224346     -0.41734      0.01748    -0.393384     0.162233    -0.016314    -0.219145     0.184783   -0.0781858     0.163069    0.0583594    -0.140065     0.574149     0.231487       0.0962   -0.0155592   -0.0292144   -0.0053309   -0.0645677     0.115659    -0.405185     0.117881    -0.227322    0.0392757     0.156909     0.180501     0.174277
     0.12638   -0.0592459     0.156802    0.0498284     0.323713     0.414778     0.290311      0.19295    -0.129019    -0.258369     0.041252    -0.150133     0.163086       -0.209    -0.101246    0.0345477     0.284764    0.0954611    -0.374859   -0.0500351     -0.20275    -0.348502      0.44448      0.11384    -0.148065    -0.206847     0.166821      0.23733    -0.281456    -0.250863       0.3252    -0.227182
    0.332457    0.0299515      0.22713    0.0646442    -0.225413     0.208539    0.0621169     0.220516   -0.0899144   -0.0713349    -0.141084    -0.110231    -0.250357    -0.200875    0.0156717    0.0371761    -0.181046    -0.332906    -0.153635    -0.287857    -0.436839    -0.168375     0.292475     0.122983    -0.139452    -0.024831     -0.11841     0.428987     0.174809    -0.098781    -0.137186    -0.183265
    0.237215     0.186848  -0.00314183   -0.0599991    0.0591696    -0.014499     0.238606   -0.0321895   -0.0124401     0.204516    0.0448225     0.133175     0.169774    0.0188825    -0.284881     0.032916    -0.118096     0.520694   -0.0684588   -0.0264332    -0.242089   -0.0452129    0.0867901    -0.122464    -0.220227    -0.519384     0.160073    -0.375348    0.0341804   -0.0891795     0.276298     0.337865
   0.0903358    0.0553566   -0.0346275     0.319256     0.127409     -0.27192    -0.341714     0.191749   -0.0203363    -0.253165    -0.289601    -0.182014     0.264143    -0.297002    -0.259204    -0.252555   -0.0622667   -0.0854949   0.00714276     0.211065    0.0588898     0.147395    -0.310702    -0.163786      0.30727      0.10917     0.256845    -0.116514     0.541783   -0.0512816   -0.0266058     0.373915
   0.0271704     0.261205    -0.122808     0.268226     0.202477    -0.388227     0.311902     0.227147   -0.0748624     0.293317    -0.248109    -0.064906     0.106489      -0.1106      0.13014    -0.107357     0.217067      0.15082    -0.206633    0.0832143    -0.108026    0.0080437     0.100657     0.194588    -0.152913    -0.205511   -0.0605466     0.199665      0.11461    0.0706675    -0.209132     0.388644
    0.175376    0.0755192    -0.404335     -0.20739   0.00575335    -0.125377     0.157008     0.264927   -0.0465069     0.377313     0.309316     0.235455   -0.0375257    -0.437141     0.230645    -0.450581   -0.0931216     0.421498     -0.15716   -0.0600499     0.113623      0.10836     0.571324    -0.268792    -0.298401    -0.080043    -0.191271    0.0232913   -0.0899539     0.238127    -0.200442    0.0449167
  -0.0752419    -0.315585     0.164534    -0.256825  0.000283702    -0.148641    -0.454008    0.0178782     0.299193    0.0407112     0.149563    -0.302066    -0.106393    -0.109702    -0.139705    0.0538105     0.280905    0.0481624     0.110778     -0.31705     0.445724   -0.0881422     0.162868    0.0249386    -0.314177    -0.278473    -0.185741   -0.0722254     0.209916    -0.355413    -0.136496     0.386263
    0.225769     -0.10908    -0.150901    -0.212298     0.186662  -0.00972222    0.0103635     0.374501     0.012274    -0.282303   -0.0647529   -0.0747237     0.123727     0.269603    0.0443751     0.136887   -0.0966588    0.0379763    -0.187786   -0.0196557    -0.281416     0.398323   -0.0506095    -0.329417    -0.274171   -0.0828792      -0.2315    -0.347823     0.254344    -0.298073    0.0698621   -0.0471128
  -0.0766561     0.243158     0.125109       0.2251    -0.280442     0.160482    -0.442348    -0.314369     0.198546    0.0141364   -0.0912781    0.0706835    0.0555882    0.0125111    0.0742067     0.554152    -0.486624     0.131552     0.504192   -0.0719776   -0.0222222    -0.287028    -0.113624     0.273301     0.405743     0.332901    0.0724515     0.351421     0.353868    -0.141999    -0.115681     -0.21164
    0.207403    0.0519698      0.18105    -0.177606   0.00282476     0.399914     0.131443    -0.294973   -0.0517638     0.316451     0.333447     0.263461    -0.264438     0.267582     0.118917    0.0663993    -0.129331   -0.0358344     0.143779     0.219269    -0.300981   -0.0713844    -0.119802    -0.317057   -0.0697545     0.139106    -0.190179   -0.0841808   -0.0635052     0.267319    -0.128432     0.117411
   -0.131727   -0.0375871    0.0262586    -0.159521    -0.104924   0.00127676     0.143622     0.133859    -0.150289     0.315405    -0.178635   -0.0911466    -0.126619    -0.148171    0.0520597  -0.00675281     0.217027     0.180529  -0.00807015     0.344935    -0.302476     0.101828   0.00194379    0.0577326    -0.262516    0.0647046    -0.194025    -0.190432     0.110664    -0.223816    0.0302028     0.291628
    0.472991    -0.106526     0.338602    0.0658921     0.110642     0.384119     0.417107     0.238559    0.0101732    0.0577123     0.160327     0.294909     0.207724     0.461607     0.118063   -0.0486801     0.150109   -0.0343186     0.312341    -0.267451   -0.0405719    0.0394902      0.16173     0.032368    -0.199443   -0.0473936    -0.212045    -0.132672     0.270912      0.25216     0.269152    0.0437545
   -0.103575    0.0518875    0.0137606     -0.38415     0.176689   -0.0986327    -0.438282     0.035952    -0.240829     0.425513   -0.0699766    -0.182695   -0.0196183    -0.258949     -0.12564    -0.118011    -0.182205    -0.159902    0.0598402     0.172268    0.0746712     0.361066    -0.290435    -0.248237     0.173281     0.282231    0.0886877     0.167071     0.433545   -0.0400891     0.658284      0.33236
    0.266859    -0.310302    -0.576816     0.355149    0.0712776    -0.204142    -0.215525    -0.274508    -0.291429     0.220005    -0.530303    -0.334513     0.224679   -0.0728967      -0.2058    -0.175461     0.194146     0.339005    -0.464186   0.00327252    -0.362564   -0.0848151    0.0466678     0.171794    -0.225454    -0.202763    0.0513303     0.501945     0.239668    -0.110189     0.380556    -0.124134
    0.342155    -0.460646    -0.152354     0.059562     0.307214    -0.350419   -0.0590089   -0.0776764    -0.783825    0.0956833   -0.0393808     0.219129    0.0440767     0.166808     -0.32521     0.108027     0.301203      0.41265    0.0914112    -0.366293    -0.407198     0.280775   -0.0481222    -0.357621    -0.158662    -0.217298    -0.087377   -0.0934938    0.0144323     0.167661     0.392322    -0.115559
  -0.0601186    0.0171915    -0.119098     0.219415     0.306008     0.263217     0.109001    -0.109537   -0.0670053    -0.187042   -0.0680989     0.144436    -0.318371    -0.224048     0.130131     0.433405    0.0942647     0.325717   -0.0105069     0.681323     0.362874     0.196729    -0.246249    -0.514624    0.0493142   0.00212294    0.0431002     0.527175      0.44923    -0.136929     0.224113    0.0427126
    0.144134    0.0894225  -0.00991317   -0.0573207     0.173514    -0.276403   -0.0714142    -0.350652  -0.00721365    0.0984714     0.357416     0.109995    0.0749378     0.135411   -0.0500257     0.304088    0.0976097    -0.102495    -0.103496    0.0622926    -0.159777    -0.198474     0.286015      0.28097    -0.324828     0.180481    -0.275716    -0.494898     0.421983    -0.247799    -0.124576   -0.0578717
   -0.308234    -0.145962     -0.34051    0.0866369     0.248721    -0.502555    -0.368267    -0.139675    0.0548264     0.166952    -0.451965    -0.134314     0.186678    -0.081245    -0.445694     0.181793    -0.199922   -0.0309312     0.344682    0.0345675     0.395748     0.109262    -0.357442     0.199635    -0.267581    -0.414748    -0.220899     0.626908      -0.0298    0.0168242     0.251486     0.476487
     0.10889    0.0210726   -0.0324055     0.310043    -0.154173     0.213477    0.0413117    0.0954411   -0.0922093   -0.0347116   -0.0391477   -0.0424365   -0.0403139     0.133837  -0.00897731     0.302067    0.0289462    0.0699591     0.171762  -0.00477403   -0.0666787    0.0110508     0.198457    -0.307211   -0.0349663    0.0752579    0.0172994   -0.0215224    0.0471165    0.0651348   -0.0162116     0.150387
    0.196685     -0.18117    -0.128814     0.198107    -0.481526    -0.148173   -0.0944529     0.503037    -0.265502     0.326846     -0.24515   -0.0675145    -0.223435    -0.301334     -0.13187   -0.0885378     0.114218     0.162309   -0.0280852    -0.272224    -0.109892    -0.367148    0.0488197   -0.0143244    -0.212487   -0.0367991      0.12369     0.206725    -0.196922    -0.339231    0.0905907     0.104471
   -0.376049     0.220042    -0.445687    -0.369747   -0.0368938     0.185321    -0.156398    -0.126389   0.00319696    -0.167469    0.0405527   -0.0766004   -0.0391015    -0.472748    -0.308111     0.218768   -0.0527475    -0.119308   -0.0249027     0.254362   -0.0760394     -0.24106    0.0190168   -0.0753195    -0.256781    -0.105081     0.196233   -0.0673413   -0.0680182    0.0620892    -0.069119     -0.21707
    0.163612    -0.337233     0.235652     0.117163     0.231304     0.283795    -0.108777  -0.00272511    -0.173631   -0.0721673   -0.0253245     0.446825   -0.0487276     0.262996     0.252319     -0.16845   -0.0654705      0.19824    0.0782425    -0.040873   -0.0863721    -0.307731    0.0924879    -0.474978     0.094828    0.0994108    -0.235884   -0.0552555    -0.035293    0.0680775    -0.011815    -0.385465
   0.0900882    -0.289391   -0.0594199    0.0585995     0.127819   -0.0381521     0.340196    0.0403869    -0.109366      0.17649     0.283652  -0.00146952    -0.134417    -0.229769  -0.00508312     -0.15551     0.109583     0.326774   -0.0966691    -0.215247    -0.410421    0.0572886     0.413567    -0.198514    -0.136508   -0.0741868    -0.293744   -0.0172334    0.0751424   -0.0986618     0.122343     0.145288
   -0.162945      0.33829   -0.0750959    -0.243952    -0.159888    -0.165066    -0.142689    -0.081193     0.169864     0.440705    -0.164456    0.0847071    -0.605626   -0.0345007     0.111528    0.0910694     0.243529      0.10393    0.0877341     0.570026    -0.125715    0.0892072    -0.089857    -0.381898    -0.383933      0.11473     -0.36924     0.510881     0.640819    0.0842353    0.0731617    -0.301915
    0.765081      0.34664     0.111198    0.0399262   0.00605982     0.538567     0.226013     0.324092     0.196871    -0.139448    -0.181432     0.172261    -0.202301    -0.169095     0.501426    0.0418147      0.22914     0.190314     0.028871     0.224338     0.229042    -0.427657     0.589883    -0.155509    -0.564109    -0.451764     0.179268    0.0364179     0.224748     0.307463     0.211862     0.169267
    0.271601   -0.0795748    -0.208369    -0.431901     0.172769     0.374308     0.197491     0.314945    -0.112418    0.0754722        0.205      0.15352   -0.0755389  -0.00060264     0.238018   -0.0659247     0.363853      0.33038    -0.195731       -0.169    -0.263796    -0.308895   -0.0719351     0.196845    -0.405719   -0.0866921      0.21762   -0.0893192    -0.191108    -0.416046    -0.178733    -0.350742
  -0.0102788    -0.156045    -0.219564      0.21838     0.607386     0.124088       0.1638     0.448539    -0.138406     0.367535     -0.39454    0.0879961    0.0281458     0.157646   -0.0289791     0.232416    0.0936146    -0.411276    -0.255206    -0.355255    -0.224684     0.164124     0.328192    0.0946605    0.0389822   -0.0628329    -0.248658     0.238804    0.0608419    -0.319934     0.109302     0.340162
    0.338565    0.0707613    -0.275516    -0.259542     0.253933   -0.0805545    -0.141537     0.317217   -0.0897573     0.307379     0.180252   -0.0258574    -0.131559    -0.100981    -0.172102     0.258084     0.198903     0.395342    -0.295956    -0.592163    -0.185471     -0.37184     0.109324    -0.252052    -0.313686    -0.227273    0.0641984    -0.159569     0.428688    -0.185392     0.218212    -0.287148
   0.0519603     -0.16171    -0.280923    -0.167396     0.137991    -0.275173    0.0593136   -0.0152175     -0.37614     0.434594    -0.218332    -0.219339     0.309474    -0.409762    -0.126479    0.0540443    0.0327182     0.083688    -0.223449    -0.307135     0.051128    0.0715637     0.260626    0.0776597     0.133545    0.0884221    -0.328911    0.0647965    -0.110033    -0.268261     0.404071     0.320609
    0.502913    -0.107987    0.0486981    0.0312362   -0.0311754     -0.05253     0.264301     0.436428    -0.306165    -0.151101     0.574461     0.294293    -0.249769   -0.0660448     0.196091     0.026119     0.176043    0.0743203    -0.101987    -0.209154     0.301562    -0.211185     0.192166    -0.138175    -0.458471    -0.286237    -0.301078    0.0593112     0.247567    -0.156421    -0.139947    -0.167746
   0.0692129    0.0898109   -0.0638249    0.0382644    -0.222959    -0.102621      0.11822    0.0969625     0.120407     0.128701   0.00588613     0.195964    -0.460639     0.217944     0.172401     -0.26668     0.168925     0.242993     0.140085    -0.138385   -0.0300625    -0.348126     0.352314   -0.0424851    -0.302827    -0.143191    -0.143237     0.158207     0.102088    -0.224653     0.101514     0.130072
   -0.128255   -0.0441421   -0.0319355     0.320318     0.139604    -0.204632     -0.12785     -0.12614    -0.222291   -0.0351765    0.0140536   -0.0387526    0.0651604   -0.0175197    -0.262364    0.0585853    -0.186147    -0.107698     0.131149    0.0435061    -0.150679     0.202383   -0.0939654    -0.148934    -0.254558     0.151438     0.010584    -0.141147     0.282273     0.180282     0.304958    -0.134193
     0.11132    -0.330216    -0.216683    -0.301284    0.0675283    0.0824933    -0.136492     0.211769    -0.170316     0.330916    -0.107552    0.0462502    -0.122391     0.394239     0.022201     0.128607   -0.0170311    -0.219494   -0.0528413   -0.0617312   0.00650889     0.468275    -0.152019    -0.205981    -0.261883    -0.191841    0.0523755  -0.00193604     0.262092   -0.0365541    0.0289513    0.0558042
