    0.630559     0.115001   -0.0330532    0.0384869    0.0262204     0.172072     -0.70364     -1.34236    -0.424636     0.341835     0.238396      1.13385     -0.13518     0.856103    -0.587903     0.401817   0.00070474      0.88937    -0.730765     0.488738     0.108182    -0.198972     0.633419    0.0615213   -0.0642209    -0.585424    -0.603615    -0.114304     0.303348     0.436565     0.833758    -0.536693
   -0.728506    -0.199796     0.685045  -0.00478717     0.786301     0.144168    -0.517333      1.34392     0.458055     0.554126    0.0815768     -1.02635   -0.0965565     0.991591    -0.131469    -0.165524   -0.0348053      0.26313     0.339044     0.298787     0.079245    -0.474108    -0.465128  -0.00924149    -0.336299    -0.663567     0.568484     0.451479     -1.09823    -0.191313    -0.831546    0.0892647
    -1.63465     0.296494    0.0674329     -1.07442     0.509818    -0.104182    -0.108815    -0.265986    0.0219793     0.354801     0.964175     0.423354     -1.13047     0.857207    -0.925937     0.508055     0.835063    -0.832382     0.229201      1.42363     -0.83304     0.100645     0.188499     0.136932     0.837335     0.275688     0.657726   -0.0126773    -0.371479     0.384862     0.113152     0.311002
   -0.221698   -0.0344122    -0.141859    -0.136405      0.51011    -0.211086    -0.012871     0.551466     0.223066    -0.110242     0.194301     0.437539    -0.289241     0.240521     0.466889    -0.298642    -0.107964    -0.468974   -0.0159397    -0.234827   -0.0871902      0.67866   -0.0449055    -0.603242    -0.234767    -0.205107     0.542612   -0.0515555    -0.160983    -0.939931    -0.818802     -0.27386
  -0.0232155    0.0589168      0.37301     0.270541     0.017062    -0.217696     0.211407     0.466719    -0.410787    -0.291899      0.12641    -0.610982    -0.731492    -0.284242     -1.10536     0.407463     -0.42782    -0.434757    -0.209858     0.315323  -0.00386375     0.322116      -1.6632     0.375574     0.544076     0.152855     0.878524   -0.0884585    -0.745565    -0.907243      0.66365    -0.870957
    0.205485   -0.0591739     0.243676     0.616906     -0.53863     0.466559    -0.289941     0.157448      0.27161  -0.00798282    -0.333165    -0.299013     0.651492    -0.237288     0.412335    -0.416742    -0.483762    -0.363575    -0.687084    -0.138397     0.104383    0.0387581     0.523171     0.383482     0.348268     0.694259     0.213902     0.438738     0.474165    -0.100274    -0.365442      0.45775
    -1.29911    -0.146158    -0.615564      -0.4085    -0.190651     0.426681    -0.877495     0.623673    -0.262735     0.366079     0.791117     0.390893      0.28488     0.184959     0.327293     0.349109    -0.416291     0.183896     0.632295     0.698911   -0.0860493     0.549318    -0.175563     0.225726     0.755264       1.0577      1.10555     0.356513     0.240106    -0.390023    -0.315163     0.682861
   -0.349696      0.55237     0.141296    -0.434895     0.216505   -0.0354688     0.241407     0.683526    0.0650102     -0.52551    -0.661098     0.930314     -1.00289     0.295657   -0.0470446     0.267596     0.564618    -0.365462     0.207844     0.191467     -0.14972     0.286121     -0.23113    -0.127753     0.832843    -0.167978     0.118299     0.381431    -0.340656    -0.488417     0.314079     0.188033
    -1.13502     0.110039     -2.84807     0.156383    -0.144166     -0.36796     0.344453     0.230095     0.054941    -0.752133      1.44174    -0.756641    0.0745504      1.34338     0.474421     0.232306   -0.0160559     0.350436     0.754759    -0.584752   -0.0492883    -0.887091     0.135979    -0.366205  -0.00500986     0.318417      0.45891     0.181741    -0.799347    -0.460904    -0.339113       1.9537
   -0.235966    -0.296475     0.420085     0.750978    -0.116465    -0.123468    -0.428265     0.119982     -0.41686      0.88723    -0.124241   -0.0657766     0.595741     0.131199      0.38318    -0.332104    -0.146337    -0.233815    -0.510695     0.144143     -1.01309     0.232481    -0.217162    -0.484297    -0.486328    -0.429924     0.151582    -0.550288     0.164939   -0.0845394    -0.719441    -0.981405
    0.182622    -0.376546      1.11739   -0.0636751     0.227035    -0.229712  -0.00639763   -0.0160711     0.191931     0.434252     -1.01504   -0.0711323     0.198627    -0.102906    -0.194086     0.041336    -0.621845    -0.427305    -0.495683    -0.544684    -0.270967     0.533787    -0.389965    -0.188086   -0.0424827    -0.759488     0.312008     0.155967     0.148327     -0.64827     0.413409    -0.131652
    0.257405    -0.557709     0.155296    0.0330343     0.627304   -0.0951343     -1.25874     0.182452     -0.12514     0.451934    0.0696328   -0.0113938     0.534965     0.266498    -0.708425  -0.00332396     0.426813    -0.130288     0.440036     0.640492    -0.685727     0.401608    -0.433672     0.304813    -0.708651     -0.12125     0.243649     0.287657   -0.0898221    -0.766955    -0.426083    -0.924463
     1.39525    -0.705262     0.144332    -0.262285      1.17992    -0.205467     0.874135    -0.475063     0.592605     0.584225     0.617067     0.374549      1.53758     0.608108      1.06543    -0.281546      1.50805     -1.25453     0.532617     0.814424    -0.273441    -0.316337     0.522615     0.448169    -0.504321    0.0379041     -1.34351    0.0986068    -0.568241    -0.330263    -0.928643    -0.932065
   -0.638852     -0.58675    -0.547859    -0.306018     0.292542     -1.26994     0.194971    0.0953174     0.129679    -0.534189   -0.0910654     0.142565    -0.921721    0.0823167     0.498791     -0.31756    -0.210912    -0.238865    0.0392067     0.649298    -0.513718     0.891699   -0.0354762    0.0246149     0.870568     0.349408     0.129729    -0.524413     0.459368     -1.42675     -0.51438    -0.393761
     1.09886    -0.288748     0.397376     0.260314     -1.03082    0.0112625    -0.602889     0.145996   0.00146984  -0.00930704     0.127639     0.611436    -0.938823   -0.0908447    -0.164397     0.188569     0.878732     -0.43403    -0.403268   -0.0288969    -0.138299      0.55982    -0.154893    -0.409681    -0.370302    -0.882327    -0.113298     0.226861    -0.131063    -0.219102     0.161831     -1.14111
   -0.629546    -0.264647    -0.388476    -0.110198     0.226856     0.272995    -0.217474     0.328731    -0.499364     0.751451     0.321578    -0.105435    -0.675678    -0.669863     0.031113    -0.817184    -0.146171    -0.384201     0.125149     0.159897      -0.7666     0.866823     -1.04327     0.300979      1.02377    -0.325911     0.271355    -0.169547    -0.301663    -0.154165     -0.57274     0.106308
   -0.168693     0.411721      1.06377     0.178644     0.285625    -0.417124    -0.651892    0.0985164    -0.469033    -0.251733     0.732219    0.0337666     0.176145    -0.267588     0.388277   0.00700561    -0.072187    -0.061014   -0.0511903      0.56614    0.0123902     0.345455   -0.0241718     0.617697    0.0475315   -0.0069633    -0.356481     0.112143    -0.544887    -0.556074  -0.00463404    -0.959924
      0.1942     0.635956   -0.0704316    0.0665099    -0.528473    -0.579393    0.0957339    -0.400285    -0.139041      0.56603    -0.455213     0.033035    -0.418538    0.0384924     0.318857    -0.549375    -0.216243     0.169378   -0.0554005     0.756247     0.243977     0.403819     0.297266    -0.133948    -0.258034    -0.224806     0.316663    -0.471699     0.356391    -0.406044   -0.0141666    0.0758345
    0.124946      1.08551      0.56781    -0.169276    -0.172803     0.775796    0.0244525     0.698294     0.383935    0.0914099    0.0302434    -0.579217     0.912837    0.0175489     0.159953    -0.309434  -0.00412605    -0.136474     0.136957    -0.571564     0.315379    -0.980941      1.09253     -1.16611    -0.706471    -0.190158     0.390245      0.35458     0.958037    0.0686218     0.126634    -0.295231
    -0.80548  -0.00588816     0.816873    -0.320915    -0.129061    0.0478649     0.301937    -0.470851    -0.260411     0.404154    -0.227341   -0.0568172    -0.969645     0.429799    -0.201139 -0.000149093     0.145937    -0.426483     0.459312    0.0249349    -0.474074     0.588581     -1.08368   -0.0064004     0.456731    -0.768636     0.143657    -0.399887    -0.241309   -0.0867361    0.0665349    -0.483405
    0.152828    -0.402635    -0.254437      0.12589     0.385677    0.0299636     0.286869     0.031963      0.29822    -0.379489   -0.0598356     0.566582    -0.349678     0.381223     0.800551    -0.464763   -0.0615111    -0.301088    -0.362827    -0.680948     0.279168     0.398861     0.203677     -0.29692    -0.104889     -1.21693   -0.0589185    -0.252007    -0.787457    -0.803975    -0.756196     -0.12355
  -0.0814533     0.228845    -0.558217    -0.135245    -0.438801     0.300335    -0.480904     -1.29472     0.220388     0.188492    -0.417583    0.0921097   -0.0698616     0.177823    0.0951445    0.0637893   -0.0447075    -0.387844     0.176023   -0.0303218    0.0752051    0.0638856     0.112785   0.00827197    -0.285763     0.164367      0.59566     0.150149     0.189645     0.109116     0.313079    -0.254862
     1.04876     0.167282    -0.664234     -0.22538     0.716327     0.395147      1.14506    -0.183367      1.87825     0.328659    0.0198379     0.342529     0.924604      1.01454     0.994047       -1.003     0.298397    -0.541402    -0.527504     0.170747     0.385253     0.800945    -0.336951   0.00596855    0.0503789    -0.654584    0.0886692    -0.202968     -1.75815     0.701612     -1.07315      -0.4138
    0.210492    0.0183813    -0.084691     0.872938    -0.313502    0.0274607   -0.0592716    -0.268587      1.23849     0.368342     0.478765    -0.530705     0.390014     0.605102    -0.204091    -0.633834     0.663833    -0.254619   -0.0432192    -0.256085    -0.486818    -0.351638    -0.340598    -0.473472     0.702802   0.00337163     0.328524    -0.167984     0.085785     0.353258       0.6238    -0.209178
     1.02744      0.49291      0.27566   -0.0738773     0.655499    0.0467184     0.236726     -0.27882    0.0296258     0.518136    -0.370126    -0.809044    -0.337137     0.936173       0.4415      0.31471     0.187074     0.316647     0.322823    -0.173202    0.0468883      1.03929     0.183687    -0.397949     -1.22711     -1.24144    0.0571721    -0.070566     0.120295     0.375736    -0.110876     -1.08472
   -0.544652    0.0179723    0.0351479    -0.899537   -0.0549979   -0.0767671     0.476891     0.503076    -0.884942     0.611735    0.0701527     0.897099    0.0603172     0.803313      0.37185     -0.11414     0.271229    -0.721572   -0.0653287     0.680716    -0.562644     0.236342      0.23074    -0.310954    -0.865969    -0.327954     0.221826    -0.190398    -0.617956    -0.154119    -0.947527    -0.789501
    -1.25563     0.108125    -0.667363    -0.824008     0.577431    -0.788874    -0.606214      1.04178     -1.29465     0.446094     0.532606     0.781902    -0.462519     0.138515     0.815375    0.0897942     0.370708    -0.274719   -0.0786411     0.674659    -0.764816     0.571343     0.710722     0.506549    0.0182987    -0.195142    -0.194751     0.269092    -0.942725    -0.345198    -0.677031    -0.468734
   0.0214201    -0.248964    -0.536331     0.451583    -0.258772    -0.345332    0.0627487    0.0166744     -0.95015   -0.0434171     0.416876     0.333374     0.771462     0.221638     0.741675    -0.625565     0.146376    0.0876028     0.447723     0.286076     0.228074     0.564778    0.0725338    -0.314904    -0.627345    -0.673581    -0.389955       1.2568     0.073575    -0.642534     0.544995    -0.418007
   -0.521765    -0.450059     0.712245    0.0775276      0.07015    -0.171062    -0.237201    0.0559754    -0.207272     0.845287    -0.323128    -0.107133    -0.485168     0.632981   0.00685127     0.324728    -0.363633    -0.046283    -0.152228     0.139833    -0.770657      1.27752    -0.816862   -0.0389343    -0.311491     0.111314      1.06368    -0.155847     0.561854     -0.34069    -0.203451    -0.749749
    0.028474   -0.0656568     0.287651    -0.275905     0.119669   -0.0531802    -0.571051    -0.301617    -0.212403    -0.371874    0.0861721     0.012267    -0.343722     0.248175     0.315415    -0.973785     0.367866    -0.327434    -0.505417    -0.100373   -0.0593391     0.223123    0.0499847   -0.0524549    -0.388453    -0.158101     0.380376    -0.322993      0.46563   -0.0650534   -0.0139586    -0.889751
    -0.53472  -0.00419889    -0.106806    0.0909491     0.462358   -0.0955472    -0.636966     0.204971   -0.0152727     0.617821   -0.0805636    -0.338294   -0.0597768    -0.306135      0.38122    -0.177175    -0.165191     -0.30259      -0.4978     0.720567     -0.18535     0.499263   -0.0518672   -0.0590448    0.0637862      -0.3399    -0.064679     0.195459    -0.428074    -0.103226   -0.0283521    -0.665347
   -0.920723     0.252798     0.402008    -0.947883    -0.445843    -0.613207     -0.41592    -0.508712     0.570353   -0.0186296    -0.539558     0.833341     -1.54464     0.692639     -1.14176      1.08458      0.30394   -0.0174556     0.885816     0.681069    -0.406732    -0.497549     0.370657    0.0277578     0.864783     0.153854      1.33551   0.00160141     0.588267    -0.131138     0.073273    0.0524731
