    0.364734     0.246498     -0.49734     0.677597      0.38998    -0.144656     0.623084     0.589158    0.0424573     0.287836    0.0156352    -0.355152    0.0690815     0.763314       1.0126    0.0149382    -0.684016      0.53885    -0.622075     0.359434     0.838571    -0.229752    -0.332854    -0.785384      0.26268     -0.33808   -0.0459781    -0.110317    -0.534445    -0.347661      0.53904    -0.106907
    -0.96365    -0.374037     0.174723    -0.538818     0.411456    -0.162737    -0.112217    -0.709113    -0.514393      0.24736     0.649319     -0.40568     0.707864    -0.550437    -0.444432    0.0971591     0.357632    -0.103343     0.761065    -0.512477     -0.66291    -0.103121   -0.0323186      0.43978    -0.752549    -0.442632     -0.11388     0.694619    -0.343543    -0.198228    -0.610463    0.0144386
      1.2813    -0.667332   -0.0650193     -0.14888    -0.219737    -0.704655      0.50843     0.276229     0.128193    -0.346585     0.470896   -0.0254725     0.399703    -0.129744    -0.994248    -0.317419     0.434871    -0.741783     -0.59057     0.193211   -0.0230927    0.0146226    -0.241894     0.307123    -0.139587      -1.2021     0.203385     0.254404      1.04554    -0.763181     0.577002     0.684521
   -0.553798    -0.525733     0.578249    -0.456938    -0.379737     0.470638     0.283081     0.128209    -0.923689    -0.172159     0.630672     0.205875   -0.0126441    -0.324562     0.662631     0.372371    -0.569043     0.288649     0.778307     0.132236    -0.627914    0.0597095    -0.352517     0.362714    -0.612209    -0.466817    -0.398128     0.184818    -0.958445    -0.263067    -0.538296     0.379208
   -0.529265    -0.220957     0.506292    -0.254568     0.142645    -0.739806     0.375813    -0.611437    -0.830646     -0.51954     0.977399    -0.374371      1.54127     -1.23206     -0.93758    0.0813764    -0.492183    -0.317505     0.810894    -0.823332     0.319356    0.0151895    -0.367675     0.255588    -0.142899    -0.936804    -0.397703      1.25223    -0.763464     -0.10251    -0.792997     0.160583
   -0.637836   0.00145491      1.16723     -0.52854    -0.262568   -0.0538585    -0.110737     -0.40471    -0.185152     0.174591     0.366591     0.351057      -0.6641    -0.809459    0.0467584  -0.00781114    -0.535079    0.0803364      1.05532     0.254256    -0.763618    0.0190758     0.736306      0.72383    -0.290141      0.37881    -0.128566    -0.480137    0.0136339    -0.240476    -0.611939    -0.133401
    0.175033    0.0549072     0.676182    -0.682691    -0.259554     0.730946    -0.155934     0.181212     0.248222     0.343634     0.470877       0.3514     0.177791     0.497773    -0.562467     0.707345    -0.128045    -0.646068     0.517394     0.831135   -0.0815388    0.0490646   -0.0952072    0.0196286    -0.289308    0.0944366   -0.0322442    -0.446239     0.434856     0.430104    -0.455752    -0.436335
    0.412688    -0.185163    -0.227116     0.455182     0.429475    -0.199626     0.319487      0.25336    -0.366355    -0.482276    -0.154324   0.00141009    -0.791891    -0.278679     0.715663    -0.488135    0.0866226     0.421706    -0.794587    0.0694006      0.59016   -0.0934676     0.339968     -0.47274    0.0723931     0.016247    -0.131429    0.0524842    -0.104129    -0.197122     0.435437   -0.0709716
     0.24602    0.0326552     0.616866     0.568459     0.517252    -0.392568   -0.0693283     0.299025    -0.271063    -0.620709    -0.379404   -0.0763487    -0.990914    -0.284076     0.700658     -0.22216      0.38657    -0.231656    -0.892747   -0.0358706    -0.182071    -0.456648     0.627564    -0.224009    0.0326518     0.335858     0.125188   -0.0951865    -0.275998    -0.538088    -0.173223   -0.0490815
   -0.231226     0.209885     0.462814     0.121107    -0.235349    -0.107767   -0.0663588     0.341187    0.0558262     0.110967     0.245642    -0.188897    -0.216851    -0.164849     0.324241    0.0276049    -0.543866   -0.0509367    -0.165868     0.492983     0.325544     0.472461    0.0962054    -0.102286     0.940996     0.527444    -0.177118   -0.0708392    -0.283257   -0.0722652    -0.181135     0.235546
   -0.414241     0.099607     0.346037     0.767848     0.249898   -0.0529021   -0.0172448     0.203399   -0.0895022    0.0546144     0.557303     0.370097     0.399887     0.664851     0.451224    -0.124818      0.40463    -0.777521     0.185904   -0.0925775    -0.220597    -0.524579     0.504568     0.144619    -0.271614    -0.467466     0.144588     -0.49651      0.39823    -0.167333    -0.122717    -0.242616
   0.0772751     -0.54288     0.553026    -0.574927     0.365943    -0.262324     -0.28819   -0.0303414     0.085553    0.0557131    -0.664548    -0.242304     0.893117    -0.896022    -0.693505    -0.289461     0.774937     0.225935      1.10843    0.0234526     0.212275    -0.234316    -0.769741     0.193733    -0.724053    -0.575474   -0.0239916     0.987784     0.412344    -0.740085     -1.66202     0.205753
   -0.227443    -0.263954     0.401351    -0.906707    -0.324036    0.0337299    -0.717505   -0.0846845     0.314466     0.465157    0.0721983    -0.462035     0.289098    -0.863187    -0.720357     0.489937     0.300865     0.811557      1.71075    -0.170592    -0.810491    0.0570854     0.270956    0.0596005    -0.276378    -0.174551    -0.620506     0.558576   -0.0467145    -0.312671    -0.976443    -0.624719
  -0.0477216     0.582504 -5.14369e-05     0.184986    0.0342683     0.111535     0.136795    -0.203003     0.352918      0.25427    -0.377903    0.0563715    -0.332062     0.737206    -0.058128     0.610632    -0.486252     0.253471     0.103411     0.638811     0.457771    -0.327981     0.411846    0.0960161    0.0333762    -0.115079     0.645615    -0.149348     -0.18263     0.189504     0.296237   -0.0593174
    0.156201    0.0684708    -0.165567      0.25734     0.804394    -0.120428    0.0616486     0.396779     0.283728     -0.69843    -0.598464    -0.286276    -0.679516   -0.0880477     0.332375     0.367191     -0.57035     0.425221    -0.779211       1.1699     0.753099    -0.756768     0.155134    -0.304426    -0.518705    -0.158223    0.0696992     0.524094    -0.903851      -1.1111    -0.296506     0.133436
    0.207682    -0.116648      0.44797    -0.624408    -0.504314     0.177098     0.243285    -0.756648    0.0492927      0.51041     0.829099   -0.0445025    -0.100702     -0.34785     -0.29622     0.650976    -0.576208     0.520855      1.07518    -0.117988    -0.699132     0.269808  -0.00635263    -0.232314    -0.177922     0.141476    -0.112368    -0.387956     0.150335     0.499751    -0.406988    -0.204164
   -0.252641    -0.113737     -0.17813     0.733683     0.578199    -0.394236     -0.26972     -0.11858    -0.233789     -0.10952      0.99712     0.402849     0.705589      1.14209    0.0526337     0.688567    -0.191658    -0.881622     0.387873   -0.0607094    -0.303413     -0.04474     0.360076     0.428097    -0.522771    -0.668346     0.689675     0.302946   -0.0244545     0.112433     0.166199     -0.31063
    0.183052    -0.328384   0.00806807   -0.0874039     0.283654    0.0934395     -0.03814     0.233225     0.341139    -0.261889     0.376712     0.338766     0.607271     0.549657    -0.300679    0.0867899     0.518011    -0.963505     0.399032    -0.258686     0.147595    -0.583425    -0.112166     0.151514     0.208977    -0.754191     0.245389    -0.203909     0.837311    0.0068027    -0.558073     0.412868
   0.0713592     0.179997     0.906766     0.299464     0.141754     0.129014   -0.0193727     0.401695     0.403935    -0.480178    -0.573584    -0.120184     0.431081     0.259782    -0.387101      -0.6607     0.483088     0.144164    -0.600512   -0.0435116      0.25704     0.744732    -0.394029   -0.0265729     0.698023    -0.123146     0.323953      0.12847      1.20405    -0.339762     0.427349       0.2016
   0.0531044    -0.453964    -0.434018    -0.120906     0.044465     0.336235    0.0444417      0.36271     0.429779 -0.000882443     0.466097     -0.12339     0.185204     0.691229    -0.148171     0.694065     0.521477      -1.0319      0.18029    -0.194769     -0.23502     0.258134   -0.0157181     0.451448     0.226257    -0.331952     0.264692    -0.176077     0.652928     0.520073    -0.231994    -0.151457
    0.229219     0.189508      1.23714     0.445999     0.470952    -0.302469    -0.140173     0.567124    -0.450566    -0.576877     0.548892     0.367856    -0.248881    -0.651254      0.48408     0.366193    0.0317604     -0.77122    -0.303104     0.428158    -0.476231    -0.312274     0.245283     0.207705    -0.173471     0.178129    0.0300926   -0.0550423     -1.51239    -0.516437    -0.438796      0.31718
    0.792929     -1.34889      0.15937     0.201435     0.841898    0.0399573    -0.479033     0.721655      0.17988    -0.332594     0.226962    -0.113902     0.431629    -0.780296    -0.265842     -0.69945      1.11291    -0.139183   -0.0776925     0.009476    -0.511745     0.217781    -0.469544    -0.211514     -0.49561    -0.339245    -0.800513    -0.601101     0.908991     -1.15418    -0.301807    0.0430497
   0.0790046    0.0756504    -0.349837    -0.914205    -0.314737     0.452696   -0.0959362    -0.802423     0.342938     0.724492    -0.484223    -0.346034   -0.0275346    -0.331005    -0.304512      0.55424    -0.192367     0.780686     0.699165     0.441615    -0.127361      0.32441    -0.422345    0.0396395   -0.0181403     0.419715    -0.598574   -0.0324467    -0.105591     0.610861    -0.389907    -0.170602
     -0.4393   -0.0221494     0.477695     0.336987     0.228217     0.277732     0.113173     0.359809    0.0855876   -0.0763493     0.319601     0.205106    -0.373642    0.0941634      1.31642     0.314408    -0.616528     -0.36261    0.0725886     0.325221     0.134662    -0.384253     0.350057     -0.24434    -0.239536    -0.151872   -0.0833269   -0.0182116    -0.689308    -0.191638    -0.502121    -0.170987
    0.737843    -0.351068    -0.706729     -1.13219     0.563085    -0.667762     0.399978     0.696726     0.617393    -0.470305    -0.824813    -0.399374     0.489968    -0.128588    -0.615165     0.465112     0.066207      0.17843    -0.875491   -0.0990036     0.654446      0.16905    0.0611064    -0.628116    -0.131221    -0.518496    -0.208719      0.66689     0.238558    -0.851981    -0.405836   -0.0988321
    0.250291     0.219502     0.233538     0.373109     0.169672     0.461569    -0.320383   -0.0282283     0.253165    0.0142867    -0.407987   -0.0576805   0.00217574    0.0818668    -0.219059    0.0881135     0.249195     0.419259     0.207241    0.0669949    0.0469357     0.289804   -0.0775445    -0.509654      0.58146     0.171945   -0.0648363    -0.137645      0.22751     0.131518     -0.41543    -0.175182
    0.505836     -0.21677     -0.22543   -0.0412326     0.467662    -0.130593     0.116959      0.73953     0.543271    -0.423387    -0.398184    -0.476484      0.22117    -0.146577    -0.245628    -0.656763     0.423901   -0.0430177    -0.269305      -0.1598     0.288375     0.851882    -0.318023   -0.0970622     0.357148     0.047489    -0.200439   -0.0747268     0.500793    -0.348891    -0.297757    0.0446815
  -0.0387666     0.308351     0.276782   -0.0719808    -0.514723    -0.346344   -0.0654248    -0.357689     0.122849      0.28731   -0.0505824     0.292238    -0.223818     0.300164    -0.370657    0.0494697    -0.900934     0.485053     -0.15187    0.0703907     0.315345    -0.629159     0.492335     0.176779    -0.704153    -0.160696     0.511772     0.443033    -0.713729    -0.322839     0.968017    -0.081924
    0.564403     0.523746    -0.313143     0.509428      0.22163    -0.254335     0.641342     0.740566     0.368577    -0.791911    -0.629572    -0.274785   -0.0420724     0.160679    -0.209313    -0.528284     0.474219   -0.0689718     -1.43038    -0.622262     0.918847   -0.0919359    -0.123689    -0.339748      1.12599    -0.306509     0.333909   -0.0826506     0.374246    0.0102584     0.117831   -0.0297693
   -0.136961    -0.114253    -0.842873     0.172625    -0.120366   -0.0170752     0.534911    -0.357664    0.0487724     0.193947     0.200926      -0.3714  -0.00029044     0.171602     0.243826     0.321542    -0.286189     0.818779     0.404097    -0.522492     0.131733     0.572259     0.282134    -0.107729    -0.185317   -0.0965856    -0.451359  -0.00932316    -0.769137    0.0261276     0.592713    0.0723631
    0.171215     -0.36336   -0.0540135    -0.355089     0.249071     0.168611     0.902989     0.463771    -0.105015    0.0133938     0.630385       0.1426     0.210211   -0.0443282     0.179804    -0.016868  -0.00371418    -0.870175    -0.286374    -0.257841    -0.151714    -0.460235    0.0979525     0.289142    -0.520665    -0.874573   -0.0324497    -0.364274    -0.185839     0.184505    0.0697032    0.0738505
   0.0351752   -0.0689844    -0.146269    -0.114055      0.38493    -0.191142    -0.468593     0.175697     0.585606    -0.968245    -0.692375    0.0704877   -0.0973091     -0.10803    -0.576262    -0.156489      1.07905    -0.877463    -0.756376  -0.00198188     0.182193     0.284582    -0.118805     0.633186    -0.023916     0.334043     0.470269   -0.0827676     0.316146    -0.422443    -0.116773    0.0869896
