   -0.150707     0.148305    -0.268515    -0.711187    0.0690474    -0.589844    -0.385896    -0.441595     0.599916    -0.513663    0.0114489     0.345592     0.302035     0.501377    -0.961211      0.22682    -0.965987     0.387737     0.305166    -0.317179     0.308453     0.288898     0.339603     -0.82519    -0.214787     0.209641    -0.449952    -0.325359    -0.467447     0.132045    -0.227975     0.412427
    0.267442   -0.0151468    0.0302551  -0.00988111    -0.707485    -0.453418    0.0904768    -0.214995    -0.316861     0.177033      0.17614    -0.247812     0.677893     0.302893    0.0646588    -0.312635     0.172264    -0.832872    -0.580115     0.194771     -0.33089      1.00464     -1.01068     0.624375    -0.268836   -0.0326738   -0.0987241     0.264387    -0.423855     0.165913     0.332452    -0.268285
   -0.111481    -0.671159      1.19551     0.962544     0.994603     0.582781     -0.75467    -0.458959   0.00726416    -0.301541     0.338161    0.0214195    -0.445636    -0.111012     0.440633    -0.318353     0.251994    -0.440836    0.0759922    0.0412741    -0.163431    -0.154952     0.612626    0.0797401      0.31546     0.181293     0.399806    -0.190384    0.0168927     0.382799      0.23505    -0.446827
    0.629105    -0.397119     0.544994      1.09099    0.0318186     0.235657     0.239728     -1.53941    0.0961012    -0.449935   0.00768545  -0.00116616     0.182907     0.796524    -0.291377     0.262679    -0.239992    -0.917463     -1.07345    -0.272214   0.00689835     0.123435     -0.12177      1.04202     -0.22858     0.867294    -0.117521   0.00794554    -0.507258    0.0290543    -0.219607    -0.444688
    0.281256     0.121769    -0.441491   -0.0153286    -0.310297  -0.00599526     0.102695    0.0213518    0.0885429     0.146319     0.301754    -0.219779     0.391907     0.249997     0.344917   -0.0999101    -0.708222     0.288537     0.240759       0.3251     0.067956     0.960627     0.142039   -0.0802496     -0.65984      0.34088    -0.705565     0.337273   -0.0980345     0.124174    -0.515427       0.5501
   -0.157836    0.0125888     0.181789     -0.28673     0.309442    -0.719394    -0.540132    -0.261422    -0.352179    -0.412298    -0.240371     0.287066      0.47666   -0.0189804    -0.350677    -0.156559     0.122018     0.155924    -0.487604    -0.268736    0.0285571    -0.355737     -0.16557     0.468935    -0.496509     0.308642     0.227912    -0.283306     0.146563     0.151447    -0.353539     0.184008
   -0.932712     0.669672    -0.952556    -0.389268   -0.0854796   -0.0323144     0.184133     0.271434     0.326814   -0.0059551    0.0458023    -0.425784    -0.247044   0.00342669    0.0474008     -0.51373    -0.454965      1.37936      0.16758     0.249025    0.0622356     0.498833     -0.38196   -0.0557117   -0.0161788   -0.0248224      0.18331      1.23197     0.325168   -0.0732752    -0.375278   -0.0626542
   0.0306132    -0.600286      1.26979      1.21285     0.241895      0.21515    -0.241284    -0.542275    -0.252304      0.28332    -0.371115    -0.765125    -0.446394    0.0612931    -0.183012     0.257753      0.24455    -0.946112    -0.835839      0.33901    -0.172167     0.096291    -0.166946      0.59756     0.627887     -1.00538    -0.129106    -0.511843     -0.63492     -0.17179    0.0159876     0.576815
   -0.811791   -0.0624338    -0.267827    -0.602404   0.00749649    -0.430217     0.198584    -0.243136    -0.295243    -0.336872    -0.535943   -0.0346303    -0.869449    -0.534298    -0.716948       0.2973    -0.673298     0.247745     0.434036   -0.0270637    -0.357316    0.0509686    -0.172508    -0.390842    -0.361278     0.472492     0.550439    -0.604226    -0.660276   -0.0965219     0.237436    -0.142222
    0.443008     0.169563      0.55977   -0.0232397    -0.225343    -0.255915   -0.0788402    -0.144553    0.0322866    -0.148438     0.491372    -0.298654     0.110958    -0.228348     0.869359   -0.0705328     0.138378       0.3317     0.580912     0.304537     0.371713    -0.255174    -0.163599     0.263356    -0.326744     0.122445    -0.127117    -0.215656   -0.0947266    -0.378482    -0.454906   0.00452609
    0.326168    -0.639419     0.216876     0.124931      0.21698    -0.558071    -0.293958     -0.20127    -0.468287    -0.408161     0.100122     0.150044     0.386259     0.452546    -0.282115     0.527041    -0.305418    0.0154053     0.179484     -0.21718    -0.331707     0.519449      0.19986     0.434935    -0.563359     0.217866    -0.140666    -0.357438     0.276026    -0.496281  -0.00265013    -0.187601
     1.03869    -0.143652     0.943006     0.264767    -0.189183     0.153018     -0.39145     0.196472     0.533109      1.36894    -0.274187      0.19817     0.101689     0.448235  -0.00990841    -0.251511     0.733085    -0.583511    -0.492636    -0.269492    -0.392371     0.117563    -0.179519     0.908984     0.604685     0.152299    -0.469595     0.831845     -0.37329    -0.363561     0.839853     0.416871
    0.231443    -0.448898     0.127359    -0.328422    -0.826966    -0.205147     0.189875    -0.349383    -0.166826    -0.115419     0.300838    0.0112583    0.0303467     0.081994    -0.276688     0.868092    -0.823061    -0.792817    -0.320085     0.111446    0.0302554    0.0262166   -0.0197919    -0.444719   0.00656218     0.398429    -0.624187    -0.191221     -1.10131     0.426947  0.000328907     0.198135
    0.013807    0.0599449     0.551363     0.321809    -0.123884   -0.0278348   -0.0646151     0.108051     0.394469     0.255525    -0.110579     0.409431    -0.207796     0.680989    -0.308015    -0.545404     0.188277     -0.65726     0.113913    -0.393545    -0.107341     0.571585    -0.276435     0.416856     -0.36785    -0.243476    -0.161794    -0.383834    0.0375883   -0.0885464   -0.0709575    -0.138954
   0.0902382   -0.0340467     0.610317     0.201861    -0.626987    -0.662871     0.223576      0.14413    -0.575144     0.135555     -0.11881    -0.304295     0.584048    -0.284371     0.235117     0.461165    -0.147049    -0.254277    -0.112659    -0.115786    -0.413847     0.291631     0.175607     0.220954     -0.42224    -0.248485     0.798797    -0.148531    -0.616079       0.1139    0.0610655    -0.453528
   -0.441742     -0.81012     -0.67389     0.434009    -0.273427    0.0236604    -0.102046     0.577839     -0.37901    -0.658787    -0.166874    0.0220813    -0.184506   -0.0410059     0.266035     0.277357     0.308921    -0.584146    -0.764044     0.122819    -0.329768    -0.582866   -0.0346603    -0.155063     0.138315    -0.249107    -0.133949    -0.757565    -0.621483     0.292672    0.0209219     -1.07188
   -0.216195    -0.133116    -0.235995  -0.00189218    0.0749285    -0.359872    0.0937218   0.00211941    -0.461361     0.256383    -0.605652    -0.429136    -0.344157    -0.169192     0.167525    -0.317462    -0.564205    -0.603239    -0.106035   -0.0594871    -0.429825    -0.715577     0.309005      -0.1026    -0.288448    -0.740339     0.101854     -0.55128    -0.667242     0.343342    -0.216293     0.120095
    0.694513      0.09928    0.0500615    0.0925041    -0.237095     0.512402     0.319621     0.104358      0.56241     0.217652     0.245564     0.205387    -0.120349    -0.124195     0.432544    -0.487602     0.846749    -0.302222    -0.279825     0.924453    -0.184061      1.15788    -0.129125     0.521246     0.773595    -0.153167    -0.209957    -0.108584      0.36676    -0.255963     0.137241     0.989234
   -0.582518     0.702958     -1.85085     -1.40726    -0.304829     0.389429     0.448078    -0.011678    -0.350008     0.745219     -1.10693   -0.0159133     0.485976     0.295149    -0.473664     0.492453    -0.639622      1.75881      1.89831     0.225378    -0.993971     0.093834    -0.951148    -0.830583   0.00185655    -0.218547    -0.420319    0.0784514    -0.419092    -0.399058   -0.0682439     0.871303
     0.10523    -0.309779     0.387745    -0.158525    -0.435336     0.137134     -0.65164    -0.248836     0.154922     0.569075     0.034843    -0.287826     0.256779    -0.216571   -0.0712941    -0.232555     0.245167      0.34633     0.459758    -0.249508     0.120102    -0.495259      0.14368    -0.143668     -0.49996     0.296404      0.21829     0.234754    -0.177168     0.169077 -0.000969087    -0.102549
    0.113372    -0.277653     -0.31006    -0.145389     -0.98154    -0.219251     0.260385     0.362466    -0.393884     0.290809    -0.164156    0.0150472     0.163969    -0.258392     0.236065    -0.165168     0.744594     0.197978    -0.329346    -0.553745     0.230752      0.19942    -0.609228     0.478853      0.33642     0.153959    -0.322742    -0.311388   -0.0854962   -0.0735984    0.0372466     0.337617
   -0.458465    0.0936306    0.0784475    -0.147734    -0.102804     0.544336     0.305177     -0.65381    -0.159341     0.308613   -0.0340518     0.206487    -0.138435    0.0692795     0.637874     0.559777    -0.815729    -0.246953    0.0306194     0.609208    -0.633101    -0.327329    -0.869478     0.276485     0.516085    -0.599917    -0.355589    -0.548092     0.658869     0.185611    0.0826543     0.345742
    0.135598   -0.0846233     0.137239      0.24451    -0.393944    -0.406377    -0.175661    -0.201903   -0.0552675     0.473382   -0.0208148     0.200644    -0.642448    0.0741328    -0.434506    0.0497267    0.0889076    -0.869145    -0.701419      0.18859    -0.382609    -0.025879    -0.492645     0.160029     0.410806    0.0389057      0.19152    -0.425746    -0.287641   -0.0831983   -0.0184657   0.00167297
     0.73715    -0.226492    -0.217518     0.776272    -0.249473    -0.664697     0.211149   -0.0882512     0.248456      0.38979    0.0128502    -0.264919     0.654704     0.322958    -0.319631    -0.265569     0.189002    -0.881415     -0.58796     0.157103     0.467461     0.172205    -0.269837     0.513797     0.291294     0.266506    -0.402319   -0.0428115    -0.172176    -0.174799    0.0299253       0.3162
     0.84052    -0.178891    -0.613454     0.769885    0.0285718    -0.518056    -0.472791      0.23943    0.0807049   -0.0301344     0.262487    0.0473368     0.264954     0.834069    -0.396178    -0.177675     0.171016      -1.3521     -0.61692     -0.56075     0.181956    -0.214338     0.199352     0.425607    -0.186609     0.301513    -0.638401      0.12233    -0.909051   -0.0900123    -0.259481      -0.2399
    0.344723    -0.175966    0.0503499   -0.0047048     0.333866     0.239294    -0.558571    0.0241567     0.222246   -0.0720751    -0.668046   -0.0853299    -0.468893    -0.061775    0.0486706   -0.0738083     0.139982    -0.161913    0.0548673     0.117783    -0.290595     0.445117     0.580328   -0.0202447    -0.464797     0.156335   -0.0931787   -0.0647028      0.12924    0.0582089   -0.0902239     0.152116
    0.144032   -0.0483896   -0.0306286     0.553075    -0.308296   -0.0393095    -0.184515    0.0677259    -0.303202     0.572439    -0.244372    -0.306572     0.423139     0.148644    -0.101392     0.262166     0.399555    -0.583101   -0.0305073    -0.128817    -0.221712    -0.261648      0.35569     0.514818     0.655105    0.0790766      0.62926     0.108925    -0.669424     0.236523    0.0818766    -0.137047
    0.705601     0.636982     0.690585     0.107643      0.53661     0.320215     0.427725   -0.0250403     0.499981    -0.062975     0.546279    -0.263727     0.183271   -0.0767623     0.427405   -0.0749674    -0.150553     -0.43686    -0.572356     0.705321     0.677369    0.0900836     0.147683     0.571446    -0.208539      0.43899    -0.166483   -0.0473776     0.435068     0.152287    -0.248521    -0.238318
    -0.08508    -0.181915   0.00959346    -0.153525    -0.362209    0.0835581   -0.0496893    -0.572857   -0.0718817       0.4027    -0.453389   -0.0711984    -0.221609    -0.103933    -0.169241    -0.610042    -0.515075    -0.440589     0.351672     0.555529    -0.751655   -0.0161613     0.625111   -0.0600462    -0.114942      0.21955    -0.140208     0.149316     0.225471     0.545884   -0.0562533     0.227079
    0.108011     0.295056   -0.0351288    -0.445972    -0.483233     0.237595    -0.356076    -0.381454     0.323459     0.661116    -0.718985   -0.0349498    -0.148299    -0.229874    -0.211071   -0.0331641    -0.219445    0.0798066     0.259496     0.526604    -0.606739    -0.237106   -0.0849715   0.00895525     0.405181   -0.0731691    -0.257964     0.248653      0.33028    -0.166691    -0.069521      1.14745
   -0.508028   -0.0215339    -0.193051    -0.680124     0.574638     0.212518     0.113393    -0.392958    -0.141646     -0.15612   -0.0301509     -0.33374     0.180196    -0.159036     0.260789     -0.16845    -0.341433      1.05905     0.982437      0.28585     0.183284      0.10974    0.0783297     -0.87915   -0.0810866     0.254357    -0.139951     0.101339     0.398371    -0.213795   -0.0310601    -0.453859
   0.0460497   -0.0277219   -0.0900559     0.264803     -0.69196    -0.388759     -0.38691     0.045548    -0.336633     0.343095    0.0774179    -0.885675    -0.279513     0.173676    -0.186802    0.0300779      0.25637    -0.389342     0.103275     0.172096    -0.435488    -0.136022    -0.428595      0.33096      0.35892    -0.105079     0.169784    -0.206354    -0.333216    -0.459266     0.137136      0.18177
    0.630957     0.264331      1.10638   -0.0782342     0.204806     0.653951    -0.258389     0.554137      0.82187    -0.718827    -0.672982   -0.0669076     0.253626     0.528819     0.133332   -0.0173628     0.560617    -0.135273    -0.347018   -0.0848606   0.00400347     0.541331    -0.817322     0.855634   -0.0407113     0.177869    -0.217979     0.517233      1.26711      0.64883    0.0153766     0.757325
    0.257378    0.0456712    -0.142669     0.192651     0.112941    -0.102291     0.182346   -0.0473787    0.0852885    -0.204109     0.161294   -0.0318335    -0.749414    0.0896663    0.0289632    -0.124342    0.0121874     0.303062     0.366409    -0.104813     0.206559   -0.0917294    -0.215688    -0.202081      0.21766     0.144554   -0.0252821      0.46475     0.101944    -0.106318      0.21496    -0.678953
    -0.11685     0.392243   -0.0990099     0.394144     0.140045    -0.413006     0.612712      0.25043    0.0141223     0.547915     0.571386    -0.699603    -0.230026    0.0637292     0.496555    -0.559775     0.373077    0.0709106    -0.150269     -0.25147     0.315679     0.296295     0.244567     0.681886    -0.246619      0.23405    -0.208838    0.0917927     0.627185     0.496441     0.458532    -0.725909
   0.0919919     0.409247    -0.437127    -0.177149    -0.540844   -0.0710715   0.00782101     0.621523    -0.172153     0.293222     0.488068    0.0536015    -0.474891      0.13573     0.444931     0.175967    -0.248679     0.870267     0.379909    -0.291487   -0.0412862    -0.464221    -0.962053     0.835314     -0.41171     0.293471     0.330039      0.46385     0.196008    0.0901212    -0.146762    -0.132238
    -1.10834     0.370033     0.912017    -0.668451     0.682585      1.71945    -0.601275     -1.06392    -0.411763     0.100715    -0.384997    -0.279946     -1.00966    -0.335653    -0.303383      0.25762     0.104868    -0.409774    -0.762681      1.77699    -0.259283     0.544243     -1.05001    -0.203665     0.730391    -0.620786    -0.546714    -0.471799     0.415614    -0.409588     0.160329     0.791838
    0.188039     -1.01303    -0.691813      1.27075    -0.504437     0.150438    -0.336289     0.695242    -0.622379     0.905121     0.335807      0.28979    -0.539912    -0.224801    -0.341912     0.542383     0.128243    -0.550186    -0.576736     0.112531    -0.305852    -0.144538     0.156291     0.422473     0.619382     0.275058     0.316088     0.225872     0.155597     0.193663     0.323696   0.00211257
   -0.515468    -0.861332     0.904591    -0.406892    -0.122704     0.689592    -0.219813     0.264227   -0.0660647    -0.106413    -0.181075     0.227383     0.311958   -0.0921204    0.0537479   0.00516833     0.303713   -0.0959817    -0.384808    -0.117131      0.26549    -0.195079    -0.256655    0.0839505    -0.301888   0.00115885    0.0719356    -0.226039     0.237314     0.273621      0.15011    0.0116623
   0.0810999     0.280182    0.0211731     0.294767 -0.000799664    0.0129113     0.205479   -0.0256843     0.241584    -0.456376     0.423972   -0.0443727    -0.225412     0.408314     0.495993    0.0895161     0.213036     0.397742      0.88078    -0.785914   0.00935083       0.4785     0.400279     0.437371    -0.343932     0.604599     0.256846     0.507363     0.665974    -0.116242   -0.0306265     -0.17435
   -0.342927    -0.086159    -0.343462   -0.0368807    -0.105446   -0.0153712     0.169219     0.120756   0.00553234   -0.0322347    -0.501379    0.0407543    -0.417646     0.116617      0.29061     0.263156     0.248755    -0.398561    -0.460453     -0.49557      0.14574      0.10069     0.465886      0.54764     0.546615    -0.462631     0.392173     0.495556    -0.235701     0.487313    -0.113884    -0.165208
    0.184723     0.525742     -1.17691   -0.0763118    0.0623827    -0.518803    -0.374431   -0.0285189     -0.46406    -0.151974     0.165043      -0.8891     0.790136     0.340078    -0.306103     0.247135     -1.25579    -0.387201     0.184738      1.07502    -0.158358    -0.649561     0.259362     0.256419    -0.229767       1.2677     0.588325    -0.822951    -0.720703     0.410762    -0.121727      1.15703
    0.133712    0.0975005   -0.0787391    -0.139783   0.00210927   -0.0589155    -0.183374    -0.226657    -0.258093    -0.272694    -0.033127    0.0250603    -0.136911   -0.0926932    0.0565509     0.074556    0.0558661   -0.0255432  -0.00967546    0.0556313    -0.271528    -0.383603     0.137351    -0.427461    -0.199383    -0.141141    -0.111134    -0.344341     0.044598   -0.0935853     0.234808   -0.0341039
     -0.4612     0.357809    -0.545999      0.22598    -0.753774    -0.165416   -0.0686326   -0.0589117     -0.47881   -0.0796529      0.15432    -0.100648    -0.143386     0.402613    -0.368846   -0.0495742    -0.047884    -0.163112    -0.287909      -0.4118    -0.045662      0.32699    0.0778653     0.244575     0.571842     0.174771  -0.00935935    -0.137798     0.111428     0.360937     0.363449    -0.143043
  -0.0921548    -0.474779     0.197441      0.34728    -0.501558     0.243512    -0.540527    -0.461058    0.0649515     0.175824     -0.15498   -0.0458317    -0.229855     0.322111     0.236364     0.210773   -0.0422005    -0.780497    0.0791248     0.277853    -0.130625     0.187609    0.0615723   -0.0639471    -0.458522    -0.028762    -0.427227     0.324632     0.524506     0.133382     -0.20256    -0.275364
    -0.29021     0.134396    -0.417819      0.15877     -0.13384     0.513704   -0.0739806   0.00995261    -0.701318     0.381391    -0.261366    0.0549245    -0.189679    -0.235119    -0.670845    -0.571723    0.0645744     0.194895       0.7137    -0.630065    -0.419655     0.360557    -0.255044   -0.0765037     0.168243    0.0541328    -0.663083    0.0674561    0.0153574    0.0573299     0.572273    0.0295599
   0.0129175    -0.316886     0.277977   -0.0203351      0.24863     0.416006    -0.112841    -0.475886     0.159816     0.169077      0.15776    -0.493998   -0.0626939    -0.271353    -0.320433    0.0771876     0.131025     0.132191     0.238919     0.666139    0.0299248     -0.48086    -0.680433    -0.270303     0.262634    -0.363365    -0.355325    0.0843691     0.103642    -0.335719     0.255783     0.177371
    0.649086      0.63649     -0.38406    0.0992086     0.100112    -0.426969     0.104476     -0.10198    -0.430818     0.621917    -0.397637     0.131251     0.193106    -0.539964    -0.594709    -0.129061      0.19034   -0.0827932    0.0580309     0.331902    -0.121755    -0.233729     -1.10684    -0.535699     0.232906    -0.627022    -0.124064    -0.105984     0.162291    -0.439828       0.5466     0.150425
    0.285354    -0.276069     0.199806  -0.00518083    0.0367766      0.24659    -0.160248     0.288442   -0.0158922   -0.0822213    -0.241604     -0.19964   -0.0254685     0.347192    -0.187729    0.0867023    -0.301047    -0.193128    -0.562013    0.0447218    -0.832838    -0.492798    -0.566911     0.133693     0.101902     0.256034    0.0312789      0.61792    -0.144515    -0.347764    -0.445728    -0.439353
   0.0741946     0.204963     0.292725    0.0805661     0.137981    -0.458772     0.210747    0.0459161    -0.150962     0.997954    0.0375889     0.123032     0.401809     0.208118     -0.12842     0.288909     0.103761    -0.476241    -0.191104     0.695997    -0.307659     0.352765    -0.305671   -0.0431615     0.356041    -0.655281    -0.272149   -0.0519602    -0.132447    -0.792095   -0.0387864     0.552175
    0.136701     0.328896     0.144304      0.33518    -0.103625     0.499411     0.320948  -0.00660912   -0.0490514    -0.177721     0.383291     0.256351    -0.371306    -0.161505     0.414791     0.317378      0.20449     0.193201   -0.0383017    -0.523949    -0.236276    -0.427533     0.351539      0.43933   -0.0305526    -0.449943      0.30552     0.446982     0.410808    0.0270238     0.706318     0.290939
   -0.360017     0.512916    -0.466819    -0.119733    -0.214511     0.120063   -0.0760939    -0.401981     -0.10109    -0.303303    0.0742507    -0.166141    -0.186286     0.245956     0.508531     0.471439    -0.141666   -0.0741049   -0.0079254      1.08631     0.102827    0.0201299    -0.676123    -0.550483    0.0515324    -0.249306   0.00711298    -0.561426     0.982194    -0.288382   -0.0426947      0.34522
   -0.335713     0.289299    -0.199693    -0.263048     0.394955   -0.0104016     0.552454     0.242453     0.162522    -0.374856     0.274956    -0.111333    0.0446182     0.635173   -0.0998006    0.0473749    -0.146404     0.485597    -0.288212   -0.0230661      0.33175   -0.0143886     0.270602     0.461156    -0.275118    -0.166448     0.209434     0.594604      0.64253    0.0223434   -0.0131606     0.727417
   0.0047832     -0.12987      0.86822     0.582576     0.436963     0.244249     -0.17317    -0.262303    -0.305609      0.46067     0.418327    0.0757247   -0.0372181     0.454137     0.257323    -0.202212    -0.318924    -0.529398    -0.314052    -0.228374    -0.435155     0.309746     0.462755     0.116168  -0.00914249     0.126138   -0.0172951    -0.859374     -0.35757    -0.112619     0.321783     0.152709
   -0.423146    -0.181548    -0.537964    -0.429843    -0.157506    -0.169302    -0.651788      0.49366     0.408053    -0.153875    -0.113101    -0.267238    -0.429088    0.0888318    0.0477649     0.589078     0.122501     0.437705     0.575922    -0.275653     0.503468    -0.315606     0.429012    0.0110863     0.209007     0.221395     0.650125    -0.142643    -0.359208     0.551196   -0.0335604    -0.595993
    0.907763     0.511953     0.183122     0.326844     0.457641     -0.15217     0.202828      0.42034     0.416056     0.247449     0.676471     0.398424     0.484152     0.274283      1.12159    0.0751278     0.621733     -1.04769    -0.864143   0.00520979       1.0045     0.131757    -0.679002       1.1462    -0.307243      0.30039     0.764378    0.0793501     0.742546    -0.543658    0.0364996    -0.190116
   -0.183144     0.204182     0.346654     0.355384   -0.0411852     0.380076   -0.0577557     0.438047    -0.359894     -0.25708     0.902339   -0.0293202    -0.218789     -0.22831     0.276002     0.156884     0.753735     0.253124    -0.280549    0.0195334    -0.396314    -0.321664    -0.196438     0.597388     0.520437    -0.209515     0.430701   -0.0143544     0.612125     0.299574    -0.677324     0.100048
   -0.128265    0.0844333    -0.295298   -0.0441259     0.443966   -0.0130828     0.298934     0.061034     0.470092     -0.90856     0.476785    -0.402274     0.542321    0.0595246     0.346889   -0.0931151    -0.509552     0.162571    -0.255813    -0.211513     0.061548    -0.172024    -0.626767     0.419138    -0.341407     0.334667    -0.185019     0.600871     0.573965     0.704389    -0.283972    -0.595825
   -0.543172     0.385464     0.237511    -0.531326    -0.682156    0.0554304   -0.0905087     0.123729    0.0560524  0.000198461     0.159474    0.0369771     0.132953   -0.0888425    -0.381812     0.149334    0.0611068    -0.126415    0.0268913     0.394829   -0.0784235     -0.19026    0.0874104      0.40923   0.00343548     -0.63643     0.521444    -0.183514    0.0181881     0.198198     0.348905     0.537236
    0.204953      0.32381      0.29307  -0.00250455      0.57578    -0.117246   0.00317775   -0.0203971     0.391396   -0.0432699     0.259158     0.329412    -0.108412    -0.464814    0.0601948    -0.284355     -0.21567    0.0165805    -0.412847    0.0714779     0.633376      0.11931    -0.370918     0.210981     0.675223      0.12898    -0.445426   -0.0874857      1.12195    -0.210423     0.333433     0.816284
    0.303176    -0.223693     0.300163   -0.0444786    -0.048273   -0.0423264    -0.392959     0.043135     0.302698    -0.120902     0.380315      0.17525    -0.723578     0.148389     0.564419   -0.0751187     0.075938    -0.310531    0.0545007    -0.381161     0.257219    -0.215289     0.398044   -0.0663573    -0.416926      0.89676    0.0577338     0.195915     -0.10242     0.362019    -0.201353     -1.40718
    0.374223    -0.142975    -0.170899      0.19031     0.306758     0.584888     0.354511   -0.0417325    -0.276224    -0.716048    0.0530838     0.582059    -0.139912    -0.154466    -0.100884     0.343751    -0.568958   -0.0143057      0.77349    -0.649829     0.191646    -0.375662      0.38884    -0.466771      0.17784     0.354306     0.126132    0.0662123    -0.126567     0.183756   -0.0712735     0.012672
  -0.0474992     -0.38801    -0.377883    -0.115034    -0.171788   -0.0823552     0.573453   -0.0715891     0.286686    0.0974134     -0.10161     0.346195   -0.0803791    0.0620953 -0.000787495    -0.154379     -0.38429     0.154184     0.159362    0.0276811    -0.135063     0.633342    -0.375635     0.635656   -0.0148695     0.240505      0.15677    -0.220196     -0.12904   -0.0188712     0.200362    -0.579546
   -0.205571     0.291676   -0.0761771   -0.0865428    -0.430183      0.20576   -0.0235443   -0.0817984   -0.0637902     0.174877    -0.205792    -0.379018     0.179518    -0.292904    0.0566916     -0.45067    -0.448647  -0.00340677     0.425242    -0.111827    -0.675805    -0.188661    -0.459567   -0.0590897     0.208169    -0.485432    -0.293339    -0.223608     -1.09884    -0.732069    -0.193316     0.638885
    0.153963    0.0678029    -0.320753     0.120409     0.429653     0.183793    0.0929701   0.00315913    0.0438875 -0.000389589    0.0475972     -0.28422     0.223468     0.275246    0.0767677    -0.291131   0.00457909      1.16156    -0.432626    -0.593938     0.382095    -0.437168    -0.462285     0.269534    -0.231146    -0.196624     0.582173     0.491642    -0.145177    -0.200322     0.010106     0.281803
    0.147982    -0.107772    -0.213105    -0.103208     0.279089    -0.114279    -0.489661     0.170222    -0.396754     0.050973     0.509567    -0.618536     0.566251  0.000977702     0.275316      0.11083    -0.803729     0.536916    0.0558235  -0.00426571     0.188204   -0.0292631   -0.0689256     0.330302    -0.756824     0.953661     0.181167     0.153998     0.109347   -0.0295344    -0.203261     0.127914
  -0.0338307    -0.287705    -0.170881    -0.242543    0.0162071    -0.249807     0.335788    -0.716519    -0.245515     0.115299    -0.225398    -0.168476    -0.129605     0.273157    0.0900196    -0.179719    -0.040765     0.529494    -0.166536     -0.16394   -0.0577143    -0.438161     -0.45406    -0.201843    -0.101292    -0.164365   -0.0186533     0.277623    -0.062904    0.0432207    -0.404421    -0.376093
    0.370232     0.435868     0.986427     0.367976     0.500521     0.277563     0.486815     0.149202     0.569046     0.365103     0.837933    -0.132518     0.739498     0.195859     0.474987     0.219374    -0.221709     -1.01933    0.0352927     0.533172     0.264764    -0.311034    -0.066606    -0.167958     0.342977    0.0945062     0.294861     0.387689    -0.142717     0.636915     -0.48869    -0.603965
    0.141844    -0.331959    0.0423891     0.271258     0.411395     -0.19959    -0.537002     0.640757    -0.441874    -0.210829    -0.578316    0.0517323     -0.21562     0.936205   -0.0812057      0.36586   -0.0254395    -0.165147    0.0330387   -0.0442349    -0.215241    -0.198249 -0.000672559      0.52907    -0.811209     0.113663   -0.0817801    -0.355278     0.117011    -0.339876    0.0670346    0.0865746
   -0.135428     0.136391    -0.208159    -0.287815    -0.315139    0.0367659    0.0405203     0.723089    -0.145392    0.0752055    -0.115839    -0.137686    -0.185977    -0.399897     0.247731    -0.112593    -0.405945   -0.0635954    -0.580685     0.713921    -0.236611     0.063647     0.183756    -0.360808     0.139003    -0.336678    -0.227334     0.192082     0.143495    -0.143967   -0.0158843     0.875755
    0.151844    -0.204413    -0.178118    0.0119886    -0.243811    -0.778346     -1.19099      0.68982     0.186171     0.191465     -0.38154    -0.303718     0.176351    -0.217299    -0.395203   -0.0102626     0.870019     0.319397    -0.411231     -0.28349    -0.108545    -0.643027     0.700223     0.066153     -0.26415   -0.0299485     -0.87937   0.00109684     0.590846     0.842042    -0.069594     0.256936
  -0.0796438     0.361465    -0.543797     0.138215     0.748836    -0.532566     0.133466    -0.318452    0.0178249     0.583511     0.254714    -0.714665     0.532492   -0.0533042    -0.541267   -0.0202335    -0.715598     0.216328   0.00800583    -0.599102   -0.0848703    -0.266217    -0.504083    -0.185004    -0.106879     0.368658     0.252526    -0.112143     -0.96842  -0.00926573    0.0321104     0.347852
    0.316902   -0.0610553     0.715334     0.193748    -0.049237    -0.414497     0.172274     0.831521     -0.48545    -0.811116     0.229705     0.487021     0.299228     0.275896    0.0468983     0.289792    -0.407868    -0.974252     -1.39367     0.372951     -0.12641    -0.183543    -0.308131     0.654404    -0.164695    -0.172752     0.530469     0.189963     -1.03255    -0.565069    -0.156897      0.41506
   -0.322209     -0.18336    0.0844345     0.293629    -0.131579     0.652152     0.368693    -0.492537     0.229918    -0.113855     0.585082        0.112   -0.0841854     0.337379     0.306984     0.529926     0.242049   -0.0109161   -0.0993956    -0.493161     0.139388    -0.116884     0.365786     0.334803    -0.311759    -0.358656      0.10352     0.328978    -0.156658    -0.199131     -0.15791    -0.162672
    0.100663    -0.347988     0.338012     0.545474    -0.583264   -0.0656769     0.131198    -0.286463    -0.579817     -0.32162    -0.385724     -1.40081     0.612884    -0.250406    -0.464384   0.00810872     0.184203   -0.0236812    -0.286285    -0.424671    -0.486598    -0.278726     0.456824     0.489198      0.74706    -0.211355    -0.935064    0.0150483     -1.20423    -0.270753     0.556971     0.788794
    0.171072    0.0692947   -0.0203609    0.0317048     0.353622    -0.339614    -0.753861    -0.290955     0.250105    -0.261736     0.158627    -0.249052     0.569638     0.153227    -0.114626   -0.0670353    -0.162963    -0.349267   -0.0893873      -0.6249    -0.162772     0.320813    -0.121885     0.713045     0.148374      0.10282    -0.287018     0.485925     -0.26485     0.546516    -0.436065    -0.189141
   -0.187242     0.474476     0.186785    -0.236815     0.304372     0.378506    -0.360486    -0.252568     0.214521    -0.289561     0.271816     0.451693    -0.520056     0.378869     0.246832     -0.30358    -0.190892    -0.186632    -0.150691     0.138753     0.252961     0.112916   -0.0772747    -0.395155    -0.243401     0.429614     0.135162    -0.372708     0.115298     0.857132     0.128192    -0.729298
    0.100481    -0.865819     0.420863     0.118572     0.579432    -0.214946    -0.220945     0.316578     0.654905     0.690672    0.0564351   -0.0735036    -0.752646   -0.0350383    -0.538008     0.207121     0.569904    0.0276066    0.0327413     0.709144     0.296137      0.72811    -0.580232      1.11135    0.0520373     0.222015    0.0275658    0.0877808     0.712766   -0.0727444     0.125871     0.283242
    0.238166    -0.133768 -0.000581544   -0.0986298   -0.0918627     0.268589    -0.163164     0.478753     -0.33727     -0.61494     0.369529    -0.157633    -0.584342    -0.358023    -0.080489     -0.43969      0.36129     0.746309     0.478342    0.0759669    -0.110572      -0.9195      0.97402    -0.398204     0.103429     0.354722     0.339828     0.101229     0.430239     0.067345   -0.0628599    -0.246393
    0.205012     0.665783     0.342292    0.0653055    -0.117558     -0.40858     0.179729     0.110248     0.171567     -0.16327    -0.441616    -0.653227     0.068382    -0.102692   -0.0113093     0.231933    -0.262224    -0.313889    -0.618065     0.980888    -0.191181    -0.387173    -0.396278     0.121894     0.455438    -0.121498    -0.196013     0.269385    0.0212038    -0.121543    0.0917506     0.481664
   -0.119552     0.425834    0.0606432  -0.00595167    -0.331619     -0.55497     0.193876    0.0596432    -0.669543     0.123239    -0.455567     0.561585     0.381015    -0.347401      0.06173  -0.00946208     0.345432      0.23591     0.270747     0.409644    -0.272811    -0.584293     0.089308    -0.591101     0.385925    -0.479679     0.242269     0.137938     0.124666    -0.571493   -0.0142546     0.390219
    0.195325    -0.662769     0.356592     0.348843     0.329058   -0.0211533    -0.123191     0.473212   -0.0549036     0.480567      -0.6273     0.436224    -0.286659      0.32969     0.616977     0.521577     0.490199    -0.321456    -0.597027     0.140339     0.766227      0.34304    -0.672503      1.12958     0.124029     0.118924     0.279039      0.38247     0.543698      1.18299     0.704317    -0.236276
   -0.508865     0.387193    -0.521589    -0.155634   -0.0852626     0.063664     0.301543      0.20276     0.647852    0.0135991     0.121388    -0.421178      0.41721    -0.438763    -0.480023    -0.103415     0.193043     0.229154     0.930679     0.474136     0.352046    -0.370699    -0.104242    -0.223803     0.197603    0.0881033     0.393269    0.0182374    -0.382802     0.204014     0.186918     0.258932
   -0.434708     0.517136    -0.404424    -0.394081    -0.310067     0.268375    -0.135836     0.243504    -0.392966    -0.364849    -0.577234     0.221011     0.433209    -0.146712    0.0437862    -0.584027       0.1431      2.29312      1.37853    0.0147365    -0.444937     0.174344    -0.175939   -0.0768932    -0.280258     0.318742    -0.465965     0.443386     0.123329    -0.457149     0.418074     0.038047
    0.213969     0.236123     0.596637     0.150566   -0.0518283     0.173638     0.531003   -0.0125922   -0.0160394      0.89817    -0.932321       0.2959    -0.261069    0.0685877    -0.265524  0.000402448   -0.0643899    -0.611746    -0.216222     0.614929    -0.148333     0.302595     0.182186   -0.0264607     0.700398    -0.565355    -0.149301    0.0415831     -0.49596    -0.106464   -0.0752179     0.302752
   -0.492352     0.318873    -0.206952    -0.467124    -0.644721   -0.0595631     0.450524     -0.10335    -0.168856    -0.553024     0.256447     0.725565    -0.236961      0.40813    0.0976815     0.712153    -0.591051      1.17496     0.586299    -0.352484  -0.00665897     0.301037    -0.132515     0.418393    -0.575163    -0.376378    0.0796019    -0.460216     0.131883    -0.200402    -0.756807    -0.215986
   -0.170365    -0.288453     0.213809     0.127749     0.401218   -0.0854984     0.418022      0.94692     0.263603    -0.132956    -0.193375      0.35011    -0.210188     -0.25529     0.399707    -0.175831     0.494887      0.12885    -0.546878     0.306771     0.382182   -0.0326288    -0.391653     0.720751     0.299152     0.481208     0.381261    -0.568395     0.528063    -0.552796     0.181786    0.0618203
   -0.233997    -0.601946    0.0613089     0.222276    -0.478639    -0.211805     0.186392    0.0997033    0.0848916     0.173383    -0.216514    -0.116748    -0.313138       -0.184     0.289813    -0.197509     0.356875     0.095358     -0.54865     0.226117     0.164326     0.255924    -0.205473    -0.163161     0.513957     0.198949    -0.207198      0.15156   0.00239356     0.033933     0.346886    -0.013234
   -0.219687     0.915182     0.135102    -0.653224      0.89207    -0.279213     -0.25651     0.553913   -0.0560379    -0.687929        0.192     0.502646    -0.706339     0.147813   -0.0209828    0.0346849     0.257576     0.493593     -1.03547     -0.14348    0.0466218   -0.0794062     0.532333    -0.328017   -0.0683357    0.0650944    -0.277161     0.261678    -0.624518    -0.250926    -0.391587    -0.557545
    0.139526     0.138272    -0.286673     0.127803     0.318967       0.1766    -0.123726   -0.0800363    -0.584954     -0.91016     -0.13771     0.203985  -0.00964511     0.123444   -0.0218274  -0.00647695     -0.25042    -0.280595     0.241511    -0.253962     0.114503    -0.211199     0.472046    0.0252382    -0.589302     0.626783   -0.0319509    -0.490898     -0.83579    -0.202739   -0.0852287    -0.254414
   -0.383697    -0.374885    -0.658731   -0.0414429    -0.671895     -1.29705    -0.859828   -0.0951901     -1.06552     0.872262    -0.517515    -0.387591     0.115681     -1.40352    -0.790723   -0.0183041    -0.511579    -0.590342    -0.175867     0.292716   -0.0349994    -0.859284    -0.115027    -0.804684      1.05663    -0.878179    -0.365148     -1.07461     -0.78867     0.808326    -0.148485     0.195274
     1.01213    -0.636376      0.46006     0.321409     0.675729     0.590338     0.288372     -0.53351      0.15452   0.00947371     0.426463    -0.381455      0.40351      1.04713     0.725534    0.0651382    -0.515289     -1.12415     -1.51482     0.508693     0.264097    -0.136574    -0.418403     0.374788     -0.40879    0.0984101    0.0626132     0.371582     0.343882     0.660932    -0.255432    -0.082396
  -0.0633126    0.0365138     0.687425     0.642362    -0.491066    -0.422634   -0.0816237    -0.373555    -0.505811     0.142851   -0.0432386      0.30769     0.326578   -0.0205715    -0.111983   -0.0695207    -0.335281     -0.24566    -0.223025      0.21305    0.0209828     0.132921    -0.642508     0.485998    0.0426228    -0.562659      0.19595     -1.08295       0.1414    -0.686991      0.50331     0.269633
    0.353362     0.281843    -0.558559    -0.314379   -0.0263638    -0.173465     0.103425     0.242124   -0.0855225    -0.273078    -0.457499     0.164054    -0.077338    -0.468335    0.0171705    -0.268746    -0.289529     0.144117    -0.588051     0.387305     0.462268    0.0540037   -0.0537155    -0.718773     0.561912    0.0553198     0.259828   -0.0763441    -0.497288     0.418542     0.446806      0.46417
    0.311142     0.496398     -1.23748     -0.20175    -0.261045    -0.519734    0.0998512     0.445945    -0.388857     -0.45964    -0.518968     0.301922     0.753366     0.356489    -0.243768    -0.259508    -0.310112     0.287244     -0.57037     -1.44105    -0.392578    -0.095601     0.485795    0.0390409    -0.787275      0.32567    0.0246258     0.554263    -0.824805   0.00664002     0.055321    -0.101699
   -0.155873    -0.105489     0.776992     0.190697     0.301065     0.375759     0.261245    -0.386547     0.639163     0.920654    -0.442295     0.105949    0.0186097     0.435636      0.27871     0.401787      0.30002     0.250743     -1.23573    -0.711546   -0.0763822     0.466209     -1.04116     0.777991     0.494242    -0.773779    -0.026598     0.802435    -0.357199    -0.035319    0.0421202     0.397545
  -0.0185479     0.484052     0.101087    -0.158157    -0.230284    -0.262469     -0.18805    -0.108771    -0.102598    -0.834502    -0.258444     0.379519     0.117812     0.052568    -0.346001     0.163002    -0.222864     0.450797    -0.587271     0.109074      0.16268     0.384782    -0.539052     0.434927    -0.357654    -0.525212    -0.788924    -0.756002    -0.152992    0.0375603     0.323802     0.468507
   -0.203478    -0.455051   -0.0482496     0.566013    -0.139098     0.381985   -0.0842767     0.551242    0.0334386     0.176214    -0.622485    0.0318584    0.0832433     0.143533    -0.588972     0.337674     0.268023  -0.00914071     0.455542    -0.403196    -0.634327    0.0149459    -0.657397     0.027712     0.546186    -0.156893     0.328181    -0.140119    -0.664374    -0.613568    0.0867795     0.386409
   0.0116907    -0.106399    -0.328069     0.573242     0.253077     0.368458   -0.0465271      0.32991    -0.132546    -0.376081    -0.260303     -0.40886    -0.416363   -0.0679061    0.0627227   -0.0266815     0.133372   -0.0552662     -0.15811    -0.626124    -0.181663    -0.215746     0.186232     0.208559    -0.378121     0.360863     0.158341     0.149653     -0.18016     0.254009    -0.024286     0.111635
  -0.0243983     0.314839    -0.534344    -0.261794    -0.266577    -0.210098    0.0058901    -0.170875   -0.0564698   -0.0772988    -0.113549    -0.258251    -0.229245    -0.173154     0.565033    -0.271128     0.261653     0.188757  -0.00575435    -0.101856     0.423845     0.193651      0.24057     0.169063     -0.26838    0.0469323    -0.185191     0.467843     0.111132     0.100528     0.212978    -0.538963
    0.378108    -0.725452     0.224671   -0.0620295     0.383628   -0.0617161    -0.915822    0.0248452     0.500781     0.425776    0.0127832   -0.0362555     -0.19827    0.0996291     0.397911     0.286805    -0.551479    -0.549681     -0.44425    -0.132508    -0.262689     0.205457     0.407292      -0.2324    -0.633169     0.528814    -0.430137     0.347048     0.737885     0.481641     0.147519    0.0362273
  -0.0483354    -0.263095     0.515937    -0.321363     0.850329     0.642444    -0.492378     0.288859     0.718925    -0.514126    -0.751769     0.837667     0.270785      1.00717    0.0251532     0.079897     -0.53889    -0.320065     0.171296    -0.257554   -0.0524586     0.249082     0.134046     -0.12528    -0.700397      0.19564    -0.282128    -0.206976     -1.00899      0.83176     -1.14968    -0.390324
    0.824315     0.580215     0.376538       0.8551    0.0862399     0.197901     0.219158    -0.675364     0.301449     0.673393     0.236319     0.469415     0.918998     0.186457     0.511311   -0.0127247    0.0175153    -0.440553    -0.348886     0.535078     0.424085    0.0434498    0.0673074    -0.246013    0.0855387   0.00253987     0.371272    0.0429596    -0.363557     0.354063    0.0421336     0.195466
   0.0660198    -0.338048     0.166568    0.0798084    -0.125686    -0.913576    0.0322051    -0.459556    -0.192812     0.709656    -0.460919    -0.990598     0.978281      0.28242    -0.799162     -0.38508     -0.39248    -0.697648   -0.0613166   -0.0765716   -0.0257264    -0.581717     -1.18838     0.157251     0.536335    -0.505319    -0.738021    0.0477361    -0.799652     0.128645     0.299442     0.869619
   -0.384839   -0.0671216    -0.458851     0.100835   -0.0225853   -0.0624183    -0.446064    0.0812547   -0.0236834    -0.445967    -0.258885     0.268999    -0.168008    -0.511083     0.075477     0.093036    -0.108242   -0.0966595   -0.0760422    -0.224435     0.478461     0.103748    0.0108068   -0.0490818     0.674314     0.019653     0.105465      -0.2712   -0.0275241     0.042931     0.192143   -0.0349457
   -0.329416     0.576128    -0.459715    -0.270232     0.757522    -0.519514     -1.24161    -0.756143     0.193268     0.230247     -0.15735   -0.0369365     0.272109    -0.353241     -0.15372     0.233378     0.246481     0.454143     0.106555    -0.635164   -0.0469496    0.0974456     -1.04184      0.22464    -0.256104   -0.0866158    -0.332651    -0.718569    -0.544821     0.277774     0.493157   -0.0692171
     -1.0879     0.392285    -0.681463    -0.260191    -0.314348    -0.265072     0.253565     0.371725     0.299404    -0.643825    -0.243742    -0.608811   -0.0801207    -0.285185    -0.775513     0.446861    -0.380231     0.809927      1.00996     0.156664    0.0762009    -0.492126    -0.256562    -0.378407    -0.336518    0.0197665   -0.0539955     0.218526     0.731111    -0.109879    -0.721498     0.114092
   -0.144584    -0.270298     0.308572     0.463531    -0.798638    -0.394681    -0.737428     0.715894      -0.1519     0.474884    -0.254131    0.0445649    -0.240553     0.111177     0.325697    -0.358597     0.763046   -0.0497488    -0.344038    0.0884854    0.0794254    -0.135167      0.35719     0.452404     0.167737    -0.087621    -0.192514    -0.351474    -0.282995    0.0267052    0.0515487    -0.127562
     0.10529     0.155479     0.114823    -0.107944     0.757616    -0.734339   -0.0839086     0.468682     0.387765   -0.0422535    0.0538628  -0.00327714     0.373779    -0.173764   -0.0144673     0.299648     0.682012    -0.307338    -0.138476    -0.287944     0.394555     0.275021    -0.353713     0.741841     0.662323    -0.350341     0.271993    0.0225096   -0.0214161    -0.259914     0.622432     0.271403
     -0.2189   -0.0158045    -0.632804    -0.190148       0.1019     0.521058    -0.647406    0.0877962      0.33975    -0.379245   -0.0197567     0.336416    -0.290498     0.863246    -0.116522     0.142547     0.709382     0.480809   0.00624679    -0.624939     0.238875      0.50573     0.279132   -0.0443817    -0.681976     0.737457     0.121461    -0.157322    0.0505923    -0.627178   -0.0150873    -0.312883
    0.359393     0.447595     0.405595     0.706125     0.208467     0.173835     0.536649    -0.456899    -0.354342   -0.0609894     0.813764  -0.00742052     0.595167     0.323782     0.354424    -0.282264    -0.278483    -0.443529    -0.819329    -0.158485    -0.138643     0.295421   -0.0546745     0.311782    -0.100227    0.0119495     0.410632     0.312912     0.109564     0.226621     0.170846    -0.191637
     0.46931    -0.885184     0.324592     0.493967    0.0261699     -0.51606     0.388704     0.269725     0.446165    -0.255209     0.120007    -0.432278     0.048598    0.0482417   -0.0241075    0.0332743     0.108593    -0.137007    -0.341073    -0.303364     0.578634   -0.0255137      0.18419      0.44045      -0.2404    0.0319561     0.349525     0.768961    -0.425242      -0.2615     0.542247    -0.230976
   -0.159058    -0.193063     0.720989    -0.748538     0.173002     0.215851     0.398327    -0.399511    -0.229962     0.201023    -0.569595     0.108306     0.355592    0.0412597  -0.00555876     0.103691    -0.380766      0.21895   -0.0350268      1.01715     -1.27387    -0.649722    -0.447863      0.20571    -0.196749    -0.553774     0.140645     0.400807    -0.538076     -1.07249    -0.130944      1.13258
    -0.86682   -0.0988164     0.225658    -0.186231     -0.43331     0.585037     0.572449    -0.126317      0.10998     0.514891     0.154202    -0.277099    -0.137235     0.257712    -0.253106     0.312137     0.110894    -0.196232    -0.129408    -0.528353    -0.237817    -0.195664    -0.253399     0.355534    -0.268751   -0.0664878     0.181541   -0.0583584   -0.0467163     0.154809     0.388775    -0.232942
    0.138816    -0.224674   -0.0626849    0.0778015      0.63994     0.171152   -0.0604822    -0.742754      0.35496    -0.346612     -0.53897    -0.366579     0.187745     0.695323    -0.205413     0.531292   -0.0195205     0.133309    -0.538151    -0.224503   -0.0949191     -0.23024    -0.256885     0.436958    -0.691244     0.736533     0.385075     0.528763    -0.703488     0.228481    -0.720763     -0.51278
   0.0889523    -0.654837     0.259416     0.174267     0.933913     0.517381     0.546509    -0.755328    -0.481985     0.259577     0.447433     0.393451     0.361031    -0.114903      0.28654     0.151674    -0.679923    -0.214154    -0.179671    0.0058104    -0.464049    -0.497935   -0.0397595    -0.323265    -0.791624     0.288587    -0.446209     0.418694    0.0229249     0.331182    -0.654205   -0.0540418
    0.344628     0.129341     0.218635    -0.062343     0.174835     0.447698      1.14488    -0.354549     0.238038  -0.00489362    -0.320081    -0.125843     0.277474     0.275504    -0.417425     0.441276    -0.625699    -0.501174    0.0584444  -0.00594336    -0.535436     -0.18927      0.33551      0.62435      0.46163     -0.31498     0.873386     0.881105    -0.341618   -0.0904591    -0.916968      0.53485
    -0.39278     0.109908    -0.212601     -1.28097     -0.46662     0.272034     0.142873   -0.0801819    -0.353885      0.19794    -0.552004     0.120862     0.438569    -0.557998     -0.36772   -0.0494916    0.0571757     0.826867  -0.00198412  -0.00431522    -0.474822   -0.0535141    -0.203119    -0.788582      0.28843    -0.898474     -1.08248      0.28431    -0.216841    -0.244798     0.255601    -0.100535
   0.0629783    -0.616717     0.423831    -0.141251    -0.110958   -0.0706904    -0.762505     0.508573    -0.111892    0.0849894   -0.0482943    0.0776381     0.772617   -0.0208724     0.341604    0.0802707     -0.33554    -0.409587     0.117595    0.0765523     0.052918    -0.772289     0.147544     -0.10952   -0.0392661    0.0109647   -0.0868236    -0.298271   -0.0636229   -0.0716954       0.3315    -0.123186
   -0.281792    -0.143425    -0.528637    -0.246632       -0.345    -0.127425     -0.18408    -0.239714    -0.234872    -0.320147     -0.29529    -0.100677    -0.335425    -0.432658    -0.155164    0.0102235       -0.306   -0.0175054     0.371833    -0.740374    0.0366876    -0.299438    0.0206985    -0.542155    -0.201783     0.340877     0.697398    -0.239841    -0.662971      0.31948     -0.27256    -0.901838
   -0.174964    -0.099941       1.2559   -0.0369424    -0.380804    -0.566546    -0.427622    -0.442548     0.564013     0.151631    -0.535625    -0.217454   -0.0417142    -0.348797     0.148699      0.50969    -0.697862     -1.05444    -0.531171      1.28763     -1.04035    -0.532288   -0.0798103     0.782533     0.559104    -0.643087    0.0856487    -0.506531    -0.329705     0.290095    -0.249789     0.364872
    0.142096    0.0990117     0.143535    -0.120543     0.311404    -0.400958   0.00600282    -0.373795    -0.181989     0.441827    -0.334274     0.123137     0.449997     0.144288    -0.325774   -0.0193094   -0.0856488    -0.339217  -0.00862327     0.595052    -0.351225    -0.702459    0.0815856    -0.492769     0.191648     0.220165     0.313163    0.0734546    -0.503842      0.16563    0.0426591     0.109333
   -0.795635     0.213035    -0.460604    -0.633378    0.0584658    -0.575913     0.391065     0.425628    -0.272656    -0.237617      0.15242     0.366932    -0.263424     0.281291   -0.0958155     0.462661     0.415179   -0.0237524     0.471256     0.144513     0.261301   -0.0499338     0.866671    -0.102176    -0.227052    -0.507855   0.00265866    -0.113454    -0.161093    -0.113147     0.276249     -0.95087
    0.121611     -0.25091      0.20767     0.375223       0.3457   -0.0368186     0.274783     0.284198     0.323891   -0.0649029     0.554947    -0.108744     0.660468    0.0672785    -0.034767     0.974461      0.22222   -0.0578351    -0.562815     0.220486     0.122371  -0.00401132    -0.147085     0.408931     0.134365    -0.626755     0.364756     0.721154     -0.39457    -0.795282    -0.399903     0.455162
   -0.331392   -0.0658746     0.248802     0.653997     -0.28849     0.539369    -0.524285     0.676861   -0.0416762     0.427537     0.575171   0.00448278    -0.485998     0.116516    -0.149023     0.403364     0.211985    -0.373085    -0.260735    -0.438483     0.452293      0.23374     0.470078     0.765391      0.51714   -0.0106057     0.112536     0.230517    -0.324079     0.290943    -0.852167     0.305333
     0.49103  -0.00236347     0.301834    -0.241936      1.16049     0.619952     0.457099     0.279424     0.777556     -1.24114    0.0143276     0.321248    -0.446226     0.520535     0.691814     0.121624    -0.048311     0.626753    0.0500166    0.0244678      0.35342      1.04058    -0.134207     0.372556    -0.986285     0.337974      1.01284       1.0147     0.192524     0.721561    -0.425119   -0.0764234
     0.73921 -0.000551347    -0.283983     0.436921    -0.097382    -0.263713    0.0685369     0.550722     0.157412     0.485422     0.497764   -0.0899657    -0.190714     0.328854     0.647426     0.316045   -0.0535518    -0.793299    -0.617054   -0.0664763     0.419929   -0.0344516   -0.0803383      1.01378   -0.0673927   -0.0690758    0.0993357    0.0596915     0.251148     0.121101    -0.125904    -0.280621
   -0.741629     0.366327     0.156225    -0.646668     0.247745     0.469613     0.328586    -0.533223   -0.0112087     0.871254     0.256488     -0.35635    0.0425194    -0.337281     0.509359     0.404147     0.129869     0.793216    -0.305497     0.816717   -0.0309036     -1.15919     0.100955     -1.13029      1.14678    -0.991689    -0.542502     0.193226     0.195964    -0.201493    -0.285799     0.957682
