   -0.207224    -0.358116    -0.205318     0.169865    -0.527962     0.251814    0.0683988    -0.482536     -1.05926    -0.683293      0.25498     0.296464    -0.317705     0.716695     0.433749     0.179824     0.760789    -0.808185     0.946058    -0.472835    -0.105314     -0.91873    -0.352184    -0.422403    -0.192318     0.359167    0.0870764    -0.315866    -0.336348    -0.150388     0.476937    -0.361904
   -0.011458    -0.956911     0.186031     0.110364    -0.333037     0.174554     0.146863    -0.489608     0.118075     0.142972    -0.884559    -0.737326      1.09217   -0.0445173     0.766126   0.00288726     -0.35456     0.221623    -0.554744    0.0833954      1.26762     -0.32468    -0.221396    -0.462711      -1.1449    -0.148553     0.364551     0.249904    -0.208353   0.00277026     0.104017    -0.851066
   -0.421631     0.772173    -0.422831   -0.0101317    -0.501827    -0.591903    0.0439092     0.718109     0.354596    -0.261738     0.744459    -0.296991     0.197649    -0.276369     0.060295    -0.467844     0.366662     0.485827     0.506276    -0.191991     0.371578     0.135301    -0.409412    -0.279584     0.487121     0.205511    -0.513425      0.29168    0.0842815     0.529609     0.318363     0.503276
    -0.41501    0.0106833    -0.439415    -0.263416     0.546195     0.142418   -0.0454451      0.68639     0.521609    -0.726612     0.252382     0.817401   -0.0207898     0.970366      0.86655    -0.335817     0.359968    -0.232752   -0.0662567    -0.692337   -0.0870543    -0.129708         1.13    -0.204878      0.18987      1.00809     -0.70091      1.25887    -0.506786     0.320539    -0.988255    -0.411448
   -0.491361     -1.00193   -0.0842817     0.297756    -0.178909    -0.695652     0.364173    -0.659641      1.22127    -0.355872     -1.69008    -0.274021    -0.189736     0.174654      1.30087    -0.968484     0.421743    -0.284391     0.413627     -1.49884     0.330774     0.188757      1.28469     0.323636    -0.238134      1.51174     0.896698     0.395657      1.60369    -0.143134    -0.207498    -0.978482
    0.785337     0.403953     0.599668     0.131651     0.457519    0.0287838      0.74096     0.677708      1.04553     0.293234     0.395945     0.691275      0.60401     0.695912   -0.0543355    -0.210707     0.615292    -0.286738    -0.158319     0.754862    0.0205946    -0.565231     -0.55331     0.738314    -0.256338      1.01489     0.779931     0.111729   -0.0370338    -0.867574     0.127217    -0.313872
   0.0944008     0.969198    -0.346703    -0.383005    -0.116818  0.000611617      0.45645    -0.131315      1.38972    -0.443593     0.688126     0.478653    -0.301585     0.399315     -1.01232    -0.548123      1.46585     -1.06776     0.417954      1.21898    -0.715072     -1.12479     0.940469      0.80473    -0.496809    -0.125509     -0.17053     -1.00216     0.420624     0.616983      0.71943       -1.052
     0.12914    -0.366676    -0.515964     -1.02607    -0.721925    -0.250831     0.260454     0.384078    -0.378735    -0.991803      1.62573    -0.767386    -0.161731     0.560991     0.772887      1.10406     0.479381    -0.593726     0.682795   -0.0565437     0.746763     -0.29347     -1.10604    -0.595642    -0.294741      -0.6358    -0.730259    -0.206955     -1.84774    -0.252648    -0.726519     0.117165
    0.166035     -0.57716      0.62851     0.423461    -0.420861    -0.564296    -0.529326    -0.142921     -0.66547    0.0850356     0.633363     0.575967    -0.430722    -0.657227   -0.0666779      1.03157     -0.52881    -0.377555     0.131399     0.250119   -0.0384082    -0.459375     0.483646    -0.313348     -1.11397   -0.0724089    -0.448472     0.393573   -0.0991905    -0.401338     0.347731    -0.527648
   0.0858776    -0.288537    -0.244394     0.614746    0.0504663   -0.0453654  -0.00129695     0.384417    0.0752318     0.268903     -0.47247    -0.547908     0.158547    0.0782784    -0.512988    -0.341952      -0.1853     0.252837   -0.0266031    -0.162416    -0.353123   -0.0275146     0.201818     -0.44844    0.0649779    -0.108615   -0.0318921     0.314667    0.0535009     0.585167    0.0220055     0.180266
    0.150173    -0.267886     0.398409     0.163615     0.554065    0.0166302     0.146706    -0.125239     0.221187     0.344717     0.137036     0.428826    -0.590101    0.0304501    -0.353618      0.68919     0.210574    0.0646257     0.182127   0.00630103    -0.578772     0.615713    -0.671393    -0.281927     0.172526    -0.153962     0.692089    -0.132035     0.127579    0.0304498    -0.232998   -0.0745403
  -0.0319635    0.0414298     0.567512     0.242244     -0.15342     0.375801    -0.206052     0.142179   -0.0877254     0.215211   -0.0645945    -0.256916    -0.589967   -0.0226068    -0.264189     0.665146    -0.527941    0.0487924     0.198308     0.738554    0.0752278     0.446602    -0.585827      0.36474     0.889291    -0.972396     0.195648    -0.352464     0.729206    -0.455718     0.539043     0.117343
     1.33479    -0.901699     0.916437     0.257008      2.06804     0.892552    0.0514245    -0.106818     -1.01167      1.53939     0.703458     -1.28302      0.67039     0.436937     0.501467      1.59092     -1.71934     0.306885    -0.696609    -0.107973     -1.26404     0.189892    -0.598774    -0.846942     -1.22785     -1.29947    0.0392406    0.0401881     0.334742    -0.560202    -0.141127     -1.02958
   -0.513258    -0.945557       0.9851     0.605491   -0.0973497     0.641939    -0.231188     0.264495    -0.384877     0.238868   -0.0450759    -0.161472     0.660533    -0.164465    -0.801727      1.20035    -0.662855     0.775347     -1.09653     0.315851   -0.0643499      1.25472    -0.916387    -0.531805     0.443676    -0.715747      0.20555     -0.57473    -0.251544    -0.584787    -0.134313     0.133092
    0.278097    -0.559345      1.09938      1.09679     0.679968     0.743438    -0.911791     0.555807    0.0502189      1.08574     0.123351    -0.368237     0.560427    -0.525999     -1.39608      1.14724    -0.595095     0.435276   -0.0474105     0.720031    -0.697966   -0.0262521     0.822487     0.295088     0.566362     0.200064     0.285783      0.15785      1.34912     0.229896     0.954032     0.156482
    0.439323     0.367991    -0.301881    -0.367479     -1.07824    -0.157464    -0.254996     -0.19354      1.23126    -0.888115    -0.940598    0.0936128     0.425205    -0.128082     0.370176    -0.861756    -0.141975     0.266215     0.810126    0.0770382      1.00422    -0.225691      0.52927     0.804405  -0.00164551      0.37066     0.247272     0.377323     0.466443    -0.239155      -0.7567    -0.338112
    0.295842    -0.120677    -0.348396     0.107059    0.0192561    0.0277991    0.0798627     -1.02866    -0.210342    -0.328712    -0.148949    -0.963303     0.166371   -0.0716621     0.633102    -0.563039     0.196526     0.566575    -0.520394     -1.03386     0.821485     0.167023     0.221905    -0.284867     0.300091    -0.258736    -0.214304     0.514157     0.968322     0.688887    0.0373916     -1.25055
   -0.230571    -0.361209     0.231328     0.780162    -0.194205    -0.706066    0.0703235     -0.83395  -0.00891376    -0.475453    -0.702509    0.0889841   -0.0825742    -0.173547    -0.356135     0.117185     0.347098   -0.0560568      1.84335     0.410784    -0.375116    -0.608511      1.10941    -0.375796     0.256387     0.859037     0.367714     0.576943     0.290861     0.249196    0.0711032    -0.338317
  -0.0484021     0.314434    0.0449255    -0.108922    -0.543766   -0.0144999     0.415566      1.00056     0.047537     0.191952     0.171813    -0.193992    -0.335955    -0.761299     -0.30023    0.0163948    -0.213182    -0.270135    0.0227097     0.309686    0.0507852     0.117572    -0.809359      0.63233     0.581562     0.418277    -0.462929   -0.0487272    0.0888476    -0.709196    -0.472992     0.241981
   -0.492729   -0.0386019      0.37709     0.182808     0.197429      0.03932     0.112921    -0.285976     -1.22379     0.709526     -0.14236    -0.536346   -0.0937137    -0.378911    -0.798488   -0.0699785    -0.465104    -0.166643     0.919965     0.567156    -0.754253     0.366966    -0.229288      -0.3909     0.132588    -0.559025    -0.310013    -0.120794     0.319973    -0.336522     0.907941    0.0289938
    -1.55779    -0.211112    -0.431326    -0.268514    -0.480715    -0.210318    -0.243148    -0.368109      1.16756     -0.73378    -0.482047     0.396483      0.25605     0.374889    0.0405144    -0.405855      1.09077     -1.06072     0.803535     0.637665     0.217723     0.743149     0.872784    -0.556333     0.227947     0.260465     0.438017    -0.534772     0.531447   -0.0231127     -0.21662    -0.131532
     1.88432    -0.718486    -0.123774      1.75026     0.925772       1.8093    -0.301491      1.45556    -0.764996      1.17817      1.15242    -0.553747      1.01693     -0.49564    -0.677189      0.70662    -0.557914     0.650377     -1.18306    -0.469276    -0.351217     -1.24014    -0.315445    -0.192493   -0.0456886     0.372141    -0.798289    -0.168424    -0.558104     0.240217     0.273007     0.383384
    0.198082    -0.251499     0.328855   -0.0552591     0.187604     0.282669    -0.091197     0.227724     0.427875      0.43114    -0.154869   -0.0106075      1.40872    0.0722844     0.249486     0.303808     0.550052     0.015953    -0.237117     0.185883     0.232425    -0.462653     0.848668    -0.234853     -1.47172     0.318688    0.0751637    -0.161227    0.0334684     0.534674    0.0717613    -0.295244
   -0.530175    -0.128997   -0.0919903    0.0387264    0.0792938   -0.0730323     0.218672    -0.377878    -0.660312    -0.347596     0.618016    -0.150947     0.335685    -0.424463     -0.14593    -0.635688    -0.190966     0.435634    -0.305786    0.0244097    -0.161904     0.332293   -0.0219552     0.392039     0.749229     -0.29745   -0.0604388     0.108949     0.675537     0.122577     0.152997   -0.0150504
    0.212906    -0.263078    -0.411343    -0.283792     0.813445     0.869091     0.161655     0.158366    -0.491826    -0.199256    -0.289432     0.825716    -0.647945     0.838622    -0.249036     0.445401    -0.486191    -0.500962     -0.79859    -0.335264     -0.13214     -1.01859    -0.981012    -0.446347     0.479574   0.00555602     0.144656    -0.521768    -0.740257    -0.188833     -0.50305     0.634273
    0.153327     0.679825     0.417973    -0.672828    -0.172367    -0.136939     -0.24523     -0.35681     0.417553     0.304911    -0.950051     0.225893    -0.217295    -0.325002   -0.0713107    -0.135227    0.0453783    -0.233807      0.20542    -0.320917      0.36768    -0.372749    -0.260331     0.259141    -0.190901   -0.0718621     0.563228    -0.279347     0.740763    -0.558291    -0.371609     0.272806
    0.942799    -0.672332    -0.596283    -0.175857     0.301454    -0.287661     0.147594    -0.563666    -0.998246     0.289487    -0.357708    -0.740913     0.860444    0.0084038    -0.843981     0.224574    -0.588137     0.981814    -0.678105    -0.363775     0.598288    -0.510933     0.223866    -0.385863    -0.658318     -1.24132    -0.773659    -0.539738    -0.679856   -0.0153256     -0.54451  -0.00473613
     0.17469    -0.398488    -0.371256     0.455521    -0.259124     0.523371     0.199961     0.169047    -0.341767     -0.44094   -0.0862988   -0.0816029     0.267312     0.115477     0.284538     -0.11947    -0.314015     0.755625    -0.239055    -0.642973     0.205544    -0.851141    0.0179231    -0.252867     0.200996     0.538137    -0.538382      1.10955     0.426558     0.700134    -0.537785     0.082123
   -0.175791    -0.100544     0.166381   -0.0230236   -0.0949173     0.118611     0.151237    -0.195343    -0.290771     0.106288    -0.283202    -0.157427    -0.149563     0.106012   -0.0548414      0.18701    -0.565623     0.149632     0.130881    0.0936201  0.000992935    0.0884239     0.131659     0.128143   -0.0128603     0.109138    -0.400372    -0.127076    0.0254385   -0.0693507    -0.101335     0.106807
    0.583923     0.417322    -0.442654    0.0775414     0.130498    -0.413119     0.745575     0.278022   -0.0864229     -1.07318    -0.662225     0.482806    -0.021425     0.308231     0.710595      0.19494     0.238299    -0.160385     0.526966     -0.31064     0.867681    -0.402213     0.738795    -0.529398    -0.995566     0.753821   -0.0803553      0.06873     0.286691    -0.298217    -0.455702    -0.314334
   -0.383628    -0.323797    -0.247239    -0.278156     0.161489     0.142075    -0.527318     -0.11641     -0.64746     0.260627    -0.135853    -0.248987    -0.219411     0.332607    -0.294425    -0.406685    -0.410172    -0.378752     0.278139      -0.1791    -0.539108    -0.248851     0.299811    -0.123665     0.587811    -0.246714     0.486342     0.279898    0.0351753    0.0467825    -0.390137   -0.0129488
    -1.07999    -0.697297     0.583127    -0.123304    -0.125412    0.0927567     0.512467     -1.06761   -0.0510294     0.268681     -1.07953    -0.397604      0.33241   -0.0919449    -0.318052    -0.467894    -0.196086    -0.362652    0.0313368   -0.0892035      0.19354 -3.41074e-05     0.124373    -0.174691   -0.0208532    -0.420301     0.373613    0.0777991      0.62097     0.684788     0.100725    -0.380944
   -0.284945     0.686937     -1.52177      -1.8721      0.39368    -0.686482      1.54888     -1.01515    -0.276546     -1.23091      1.00044     0.285925    -0.642083       1.4777     0.866152     0.217509     0.733334    -0.359673    -0.191398     -1.04333    -0.627488    -0.733883     0.225362    -0.735747     -1.67028     0.115659    -0.216346    -0.373722     -1.69963    -0.391195    -0.662049     0.189813
   -0.358579    -0.378297     0.287453     0.509014    -0.483992    -0.183168    -0.197368    -0.493271    -0.209723    0.0538809    -0.526139    0.0785805      0.17162     0.360592     0.193004    0.0923172     0.268918     -0.56195     0.226408    -0.423614    -0.147651    -0.491368   -0.0186462    -0.657499    -0.226864     -0.27547   -0.0891198    0.0552608     0.882179   0.00268793   -0.0333011     0.232134
   -0.297293    -0.345232    0.0860031    -0.246448    -0.897808     0.408961    -0.349942    -0.723516    0.0360707   -0.0346137    -0.507798     0.783213     0.356107    -0.107502     0.295648    -0.333301     0.306257    -0.420671    0.0760631   -0.0677873    0.0321671    -0.779595     0.927352    -0.470237    -0.520245    -0.197961    -0.426407    -0.119018    -0.108491     0.125032   -0.0606735   -0.0280722
   -0.833122    -0.682797    0.0484642     -1.18849     -1.13976    -0.249132     0.183798     -1.08485      0.17188    -0.209385    -0.809515     0.350727   -0.0122011      1.46005      1.70648    -0.469734     0.660264     -1.59802     0.822332    0.0466894     0.990967      -1.0889    -0.965098   -0.0381344     0.122092     0.130979     0.383202    -0.126293     -0.13419    -0.559158    -0.472587   -0.0834574
    0.415975   0.00377896     -0.53552     0.695913     0.748152    -0.368119     0.199845    -0.587359    -0.761812     0.300295     0.851911  -0.00822868    -0.266582    -0.429626    -0.468573      1.31083     0.149489    -0.313331     0.933327    -0.655627     -1.69831    -0.167864      0.22898    -0.154899    -0.346894     0.304183    -0.207676     0.675092     0.726263      1.22513      0.18892     -0.25665
   -0.447034    -0.454368    -0.160194     0.167816      -0.4447      1.16613     -0.33537    -0.262129     -1.11322      1.37854    -0.439842     0.268449     0.252671     0.530244    -0.597643     0.410486    -0.414694    -0.395433    -0.615682     0.102745     -0.38706    -0.098627     -1.16404    -0.177704     0.149494    0.0859425     0.354378     0.155609    -0.452278    -0.203931     0.795679     0.584227
    0.240459     0.211433     0.323305   -0.0342925     0.342401    -0.158132    -0.174215   -0.0507026    0.0622893      0.24763    -0.389194    -0.810405   -0.0859777     -0.25776    -0.126491     0.104013    -0.426525     0.336881     0.106743    -0.389977   -0.0812874      0.13303    -0.481913    -0.247767    0.0841569    -0.128528      1.02688   -0.0811732     0.182188    -0.690271    -0.243865    -0.120124
    0.170329     0.168325     0.539656   -0.0938288    0.0473352    -0.206628     0.351906    -0.133657     0.872386    -0.610117      0.74287     0.376347     0.457725    -0.117407   -0.0611178     0.118422     0.576065     0.473411     0.459394     0.484158     0.880073      0.15209      1.80454     0.106756    -0.178957      0.92138     0.164725     0.325312     0.305566   -0.0233602     0.271874   0.00796838
    0.909722      1.51291     -0.14572     0.906656     -0.37034     0.626161     0.069327     0.161195    -0.256397    -0.100538     0.616516     0.123528    0.0219807     0.186206    -0.984081      0.52598       1.6546    -0.203059    -0.588415      0.25185    -0.066089    -0.606104     0.409032    -0.358042      0.55921   -0.0788227    -0.586199   -0.0972817     0.556004      1.90184      1.51732     0.370707
   -0.617156     0.465921    -0.698291     -2.28395     0.823112    -0.655846     0.566654    -0.170562      0.63392     -0.80061    -0.551748     0.929482    -0.529696     0.712573      1.83199    -0.595979     0.555166    -0.352236   -0.0588763    -0.137004     0.874568     0.216434    -0.284756   -0.0770927     -1.12411     -1.18233     0.890211    0.0101072     -1.24071      -1.2713    -0.971303        1.113
    0.365926    0.0752724     0.192286    0.0864381    0.0691991     0.385782     0.222251    -0.155658    0.0806421    -0.174411     0.190521   -0.0205951   -0.0745067     0.249154     0.210009  2.27125e-05     -0.12606    -0.265181   -0.0140429    0.0966775     0.324034      0.19676    -0.147997    -0.226327     0.277228    -0.278979     0.451147    -0.134467   -0.0604349   -0.0768995   -0.0624243    0.0586016
   -0.228158     -0.42435    -0.238817     0.114095    -0.286032    0.0627924     0.505383     0.414444     -0.07783    -0.197958     0.401269     0.117637    -0.368323    -0.389411     0.930704    -0.407758     0.199206    -0.150663    -0.433639     0.422379   0.00970021    -0.489158    0.0710762    -0.041892    -0.312911    -0.205234   -0.0719139    -0.402685    -0.262102     0.110175    -0.020717      0.29508
   -0.088784    0.0687085     0.476735     0.326668     0.216013    -0.392486    0.0391274     0.377393     0.286066     -0.45539    0.0897895     0.758329     0.264547     0.173599    0.0230921    -0.246248     0.720289    0.0653561   -0.0156799     0.366128    -0.206003    -0.450033     0.547053      0.30075     0.514192   -0.0933254     0.365535    -0.162494     0.226161    -0.239496   -0.0577674     0.266835
     0.40231   -0.0916268     -1.27531     0.715397    -0.761526     0.271434    -0.251855     0.337393    -0.363191    -0.388647    -0.147919   -0.0594048    -0.311586     0.422888  -0.00264449    -0.956744     0.493279   -0.0130456     -0.46178    -0.686644     0.127385   -0.0936938     -0.02225    -0.181014     0.658085    0.0877991     0.331205     0.535706     -0.14972    0.0549968     0.515154     0.341022
    0.131047     0.469233   -0.0155478     0.392255    -0.403286    -0.296149    -0.385312    -0.138903     0.483523    -0.693521    -0.344984     0.665058    0.0325142     0.416935     0.211353     0.639374    0.0714095    -0.554096     0.356706     0.927678     0.835719    0.0469663     0.022573    0.0172139     0.325404    -0.080338    -0.328539     -0.89471    -0.364926    -0.181437    -0.644478     0.558416
   -0.875192    -0.392675    -0.465186     0.166833    -0.085764    0.0253219     0.434099    -0.333567    -0.193701    -0.537532     0.830458     -0.52402    -0.260966     0.526865    -0.572562   -0.0077391     0.912962     0.119737     0.254873     0.368855     -0.18537    0.0615529     0.224652    -0.497732   -0.0940151     0.404726     -0.14885    -0.560389     0.637734     0.848146     0.974393     0.734606
    0.242217     -0.34108   -0.0237503    0.0194373      1.16088    -0.404912     0.775761   -0.0332066    -0.662862     0.799014    0.0994929       0.1756    0.0214405     0.382493     0.234032     0.509018    -0.208791    0.0750305     -0.90495   -0.0759889    -0.553928     0.475949    -0.244126    -0.225803   -0.0152011    -0.396255     0.410895     0.029423    -0.185407    0.0215473    -0.916072     0.489641
    0.624764   -0.0298838     0.315871      0.11697   -0.0915114    0.0024187    -0.027387    -0.116771      0.52444    -0.729024   -0.0330513     0.440623    -0.434612      0.26389    -0.237483     -0.31669     0.683224      -0.3942     0.832895   0.00326042    0.0453072    -0.685916     0.487537     0.260199    -0.415808     0.501567    0.0559344    -0.209948     0.203107   -0.0962642    -0.271726    0.0627887
   -0.237228     0.211303     0.294437     0.517286     0.873029     0.248354     0.539146     0.619636    -0.514676     0.452292     0.624295   -0.0170666     0.141658    -0.591143    -0.170597    -0.280147    -0.219271    -0.569243    -0.129028   -0.0503112    -0.941039     0.244619    -0.611588    -0.104743     0.460005     0.319867     0.406179     0.630501    -0.528236    -0.582372    -0.314346     0.695835
     1.01589     -0.69342    -0.505407      0.51409     0.637156     -0.19348     -1.24392    -0.449833     0.773744    -0.141672    -0.413125     -1.00045      1.38769    -0.348543    -0.103673     0.323838    -0.826201      1.50846      0.30923     0.260912      1.62149     0.187784      1.00408      1.57329     0.463558     -0.35159    -0.185335    -0.348902   -0.0542984     0.504362     0.321528    -0.500873
   -0.250916   -0.0973438     0.383363      0.13663     0.277282    -0.120519    0.0269972    -0.131168   -0.0936873   0.00679332   -0.0518224    0.0489734   -0.0789078    -0.171212     0.409534  -0.00475972    -0.193802    -0.247361    -0.707922     0.314694    -0.281735   -0.0943344  0.000127363    -0.309305    0.0137758     0.354769    0.0272703   -0.0375791     0.206245     0.339543    -0.502804    -0.111976
    0.122572    -0.167795   -0.0579174     -0.13992    -0.131596     0.421697     0.137638     0.199686     0.537828     -0.12621    -0.178026   -0.0334348     0.954753     0.302846     0.334669    -0.727047      0.68837      0.48338    -0.535984    -0.693397    -0.148566     -0.38178     0.423482     0.478362    0.0106923    -0.608938     0.777183    -0.175616    -0.730728     0.139486    0.0883117     0.159984
   -0.535505     0.301055      1.50388     -1.62274   -0.0696313     -1.08086     0.331408      -1.0108     0.365239    -0.190164   -0.0875847    0.0146663    -0.640452     0.503072    -0.136792     0.152307    -0.180077     0.439434    -0.759037     0.469706    -0.224107      1.33373    0.0074331    -0.345796     0.199393    0.0668676   -0.0697547     0.354269     0.641344     0.406749    -0.178063    -0.578304
  -0.0471555    -0.186465   -0.0427487     -1.02876     -0.11605     0.535492    -0.668376     0.273534       1.9021   -0.0894116    -0.590112     -1.42608      1.66994     0.518034      1.36331     -0.87098    -0.861932      1.61931    -0.336331     0.811624      2.02036   -0.0418014    -0.564508     0.908689      0.21795    -0.415021     0.380421     0.398481    -0.576747    -0.906072    -0.574469    -0.314088
    0.175023    -0.320753    -0.513711     0.323953   -0.0875146     0.213798    -0.549917     0.210647    -0.265181  -0.00681388    -0.641742     0.257631     -1.65337     0.242843    -0.696652    -0.309723    -0.507778   -0.0922911    -0.149299    -0.277183       -0.198     0.861073    -0.953099    0.0382883     0.184802    -0.527415     0.124282    -0.959944     0.101274     0.441704    -0.208073    -0.173978
    -0.84904     0.245873     0.757751    -0.238102    -0.494277   -0.0596352  -0.00532151     0.100191    -0.220976   -0.0603962   -0.0388627     0.579751    -0.323719     -0.28486    -0.386298     0.117214    -0.417046   -0.0907794    0.0534267     0.524934     0.435268    0.0852888    -0.253124     0.881371     0.615558    -0.839785    -0.160451   -0.0966505   -0.0389538    -0.648022     0.893458      0.37271
   -0.594225     0.377871    0.0165828     0.446114    -0.436556    -0.134791   -0.0879497      0.24102     0.842412    -0.215145    -0.202827   -0.0284717    -0.492762    -0.672514    0.0696938    -0.196886     0.609826    -0.114663      1.02122    0.0357572   -0.0575542     0.140629    -0.150903     0.817719     0.446061     0.362107     0.113294    -0.266871    -0.585301     0.399278     0.518248     0.206107
    0.130165     -0.30896    -0.349903     0.153505   -0.0149836     0.305909     0.232528   -0.0570541    -0.249308    -0.186159     0.258841   -0.0836654     0.102419    0.0850264    -0.501566     0.308841     0.362908    0.0288657    -0.206674     0.256859   -0.0838252   -0.0714926    -0.216027   -0.0401075      0.13953    -0.131379    0.0520403   -0.0694872    -0.215303     0.192958     0.238013   -0.0577167
    0.477516    0.0127785     0.182079    -0.147568    -0.502653     0.519104    -0.326562    -0.194964     0.964317    -0.223239    -0.687503    0.0997228     0.962029     0.269109     0.878288   -0.0940228      0.17652     0.460438    -0.263571    -0.522422      0.40729     0.100526      1.29144    0.0404701    -0.685293     0.181971     0.417821     0.813752     0.447523    -0.465691    -0.019559     0.624355
     -0.2744   -0.0352728     0.608545     0.858215     0.185506   -0.0736839    -0.215208   -0.0272082    -0.666653     0.197107    0.0308445     -0.54045     -0.38597    -0.050845    -0.476092    -0.234107     0.275321    -0.628778     0.164372     0.490711    -0.225478    0.0867601     -1.05792    -0.046128    0.0100223    -0.388241    -0.526909    -0.733218    -0.231057    0.0309318     0.143911    -0.301664
   -0.411182     -1.36742     0.128457    -0.370651     -0.59788      0.41506    -0.315709     0.132546    -0.625645    -0.554609    -0.215246     -1.06377    0.0458666    0.0930935     0.366114     0.864687    -0.660537      1.42404     -1.07583     -1.63441     0.396605    -0.137019   -0.0840517     -1.35076    -0.137191    -0.322891    -0.380487     0.347903    -0.148798     0.848362    -0.438765    -0.531088
    0.625016   -0.0780911     -0.74356   -0.0786267   -0.0552063    0.0478409     -0.39582    -0.223738     0.600263    -0.237111   -0.0625145     0.549581     -0.48706    -0.845535     0.479915    -0.627082    -0.333786     0.429005    -0.011058    -0.745838     0.647407     0.151471    -0.201166    -0.183808     0.330659    -0.423455     0.719924     0.430792     0.206223    -0.819209    -0.232493    -0.305921
   -0.666725     0.933917    -0.558484    -0.819804   -0.0347728    -0.791896     0.596142     0.382393     0.833802     0.323122    0.0659302    -0.398357     0.650105   -0.0707712     0.127287    -0.755197     0.812268     0.224336      0.51644     0.197434    0.0531489     0.781519    -0.147572      1.00384     0.494705    -0.342417     0.483292    -0.263894    -0.271988   -0.0281883    -0.343689     0.569578
    0.529303    -0.237549     -0.14774     0.771135       0.1657     0.778844     0.237491    0.0299334     0.262761     0.480446     0.897565    -0.506541    -0.277425   -0.0932654    -0.233131   -0.0360148     0.080855    0.0728665     0.603742   -0.0766137    -0.103059    0.0290268     -0.14552    0.0836803    -0.838164     0.507527    -0.669681    -0.059899     0.157035     0.202076     0.251166    -0.308909
  -0.0243009     0.753079   -0.0622231     0.139102     0.222477    -0.393967    -0.153578    -0.186276     0.136361    -0.404088     0.221859    0.0982478    0.0126078    -0.333431    0.0233089     0.415113     0.146992     0.088098    -0.153334    -0.186832      0.29959  -0.00463731     0.503504   -0.0227226     0.241262    -0.242997    -0.480156   -0.0432103   -0.0636933    -0.114572   -0.0644215    -0.213331
    -0.55088     0.590515     0.805124    -0.271549    -0.182023   0.00560608    -0.421281    0.0541426     0.167895     0.310556    -0.353798    -0.717731    -0.807424    -0.152152      -1.4181     0.144995     0.309648    -0.280555     0.727979     0.690927    0.0757239      1.24141     -1.05114     0.888505      1.08717    0.0610903     0.846867    -0.384785    -0.181212     0.348084   -0.0243834     0.116672
   -0.896851     0.709923    -0.113781    -0.050237   -0.0436356    0.0848102    -0.231315      0.11221    -0.594182     0.220194    0.0124137    -0.192738   -0.0371912     0.117862     0.218628     0.787991    -0.923794   -0.0898438    -0.649192     0.507556   -0.0578006     0.792317    -0.652304      0.55556     0.988974    -0.344751    -0.426758     0.230572    -0.135922    -0.159674     0.387061     0.578994
   -0.443287    -0.466956  -0.00393636    -0.510468    -0.195062    -0.587321    0.0982319    -0.159079     0.155261    -0.303805      0.26694   -0.0457097     0.665503     0.373441     0.521687     0.332078     0.187101     0.241123    0.0934077      0.40673     0.330456   -0.0365821     0.458019     -0.28141    -0.667645  0.000446351     0.129649    -0.205103    -0.274568    -0.116969    -0.360776   -0.0301027
    0.126012   -0.0483331     -0.17849     0.355782      1.14455      -0.6806     0.122664  -0.00270437     -1.51098      0.34474     0.330489      0.54324    -0.995948    -0.468644    -0.689233     0.659028    -0.455612    -0.529026    -0.320258   -0.0241413      -2.0457     0.783975    -0.900598    -0.306171    0.0477932   -0.0703976   -0.0561608     -1.25577     0.243112     0.186608     -0.12453    0.0844513
    -1.55548     -1.29252     -2.07063     -2.72395      1.13176     0.264207    -0.351683    -0.534636    -0.531496    -0.476296   0.00123037    -0.332801     0.327559      2.76055      2.41445    -0.313564    -0.305085     -1.58985     -1.05424    -0.093537    0.0663713    -0.885188     -2.52906   -0.0173039    -0.960996     -1.40338    0.0578592     0.168712     -1.99613       -2.426    -0.741499     0.858064
     1.32404    -0.407911      -1.4624     0.112741    -0.119114    -0.186658     0.136302     0.985768    -0.490304    -0.888696    -0.135441      0.54886     -1.29997    -0.357597      -0.2506     0.298892    -0.233107      -1.1105      1.21823    -0.810607   -0.0671762    -0.632412      -1.1839    -0.866794     -1.78245     0.332618     -1.79378     0.519069    -0.627507    -0.235997    -0.292222    -0.474498
   -0.727575    0.0501595     -0.40968    -0.270601    -0.380752    -0.130744     0.480343    -0.515642   -0.0760447     -1.25812    -0.405502    0.0105526      1.51865     0.351548    -0.185971    -0.341996      1.37938   -0.0230333    -0.940369   -0.0752741     0.159855     -1.00331      1.53859   -0.0665727    0.0711906    -0.237187    -0.441325    -0.276651    -0.400354      1.92067     0.868825     0.166082
    -1.04972    -0.671028     0.733864     -1.01287    -0.587703     -1.45541    -0.398309     -1.06194     0.916834   -0.0925764     0.400124     -1.75549      1.71071     0.448669      1.39161   -0.0645798     -0.16503      1.05332     -0.24173     0.931995      2.38927     0.458322    -0.245916     0.499509    -0.262968    -0.649645     0.288989    -0.164999     0.285306     -1.26884     -0.14426    -0.497003
    0.701676    -0.250881     0.317176     0.705541    -0.419582    -0.452331     -0.61144    -0.831266    -0.984125      0.36771     0.180299     -0.34609     -1.76092    -0.619485    -0.144325     0.720378    -0.230899     0.390339    0.0814901    0.0619942   -0.0748663     0.119515     -1.04163    -0.158966    -0.497198     -1.12727     -1.16745    -0.703472     0.259857     0.439277     0.480683    -0.992026
   -0.290501     0.803216    -0.292567     0.285328    -0.306939     0.239807     0.815715      0.27709    -0.969142     0.135309     0.795157    -0.950371 -0.000333346     0.281076     -1.28577     0.543224     0.175558    0.0894789     0.638263     0.406121    0.0330931    -0.160062    -0.575341     0.414474     0.927745     0.326567    -0.308846    0.0220275    -0.172011   -0.0472617      1.80735     0.983111
    0.404638     0.424584    -0.101917     0.214155     0.386462     0.242331     0.420691      1.24103     0.187756    -0.546092     0.309546     0.197068     0.477945    -0.444732     0.248289   0.00526213    -0.592939    -0.642825     -0.10931     0.298597   0.00457428    0.0443394    -0.331971     0.497393     0.365273     0.085438    -0.497178      1.02013    -0.451845    -0.275119    -0.182919  -0.00357201
   -0.186303     0.101951   -0.0719195    -0.151847    0.0713331    -0.372499    0.0796825     0.394131     0.827475     0.252622   0.00262696     0.341941     0.699255     0.543367     0.989755    -0.314105      1.07249    -0.923198    -0.664762     0.728571   -0.0528092     0.283254     0.670243     0.601214     0.314361     0.372337     0.377054     0.161969    -0.231639    -0.418749     0.249394     0.229651
  -0.0846256    -0.146051      0.44781    -0.158209     0.710127     -0.26563    0.0464061     0.045284    -0.224114     0.509974    0.0903019     -0.14988     -0.50646   -0.0521229     -0.50118     0.367397     -0.44985   -0.0612644   -0.0119139     0.373319    -0.631038     0.395121    -0.255057    0.0695801     0.399181   -0.0471542     0.394483    -0.381468    0.0764898   -0.0851675     -0.04235    -0.116246
   -0.579519    -0.465349    -0.249636     0.267543   -0.0885163     0.755948    -0.383426     0.126902     -1.26096     0.580868     0.119807     0.644476    -0.875675    -0.648202    -0.298544    0.0897049    -0.824845     0.141458    0.0796517    -0.530554     -0.46012    0.0734713     -1.02697    -0.916255    -0.193445    -0.216044    -0.276119     0.131597    -0.275548    -0.310847      0.17246   -0.0739785
   -0.959552    -0.612326    -0.510307    -0.404395    -0.578718     0.256235    -0.381207     0.161061    -0.907722   -0.0581305     0.478462     0.727425    -0.188303    0.0499254     0.214985      0.52713    -0.213665     0.497558     0.730907   -0.0185968     0.329268      1.80214     -1.29583    0.0970517      0.97941    -0.572298     0.312253    -0.697095     -1.16669    -0.215759     0.480014     0.588184
    0.871836     0.232207     0.165492     0.350754     0.544533    -0.518522      0.43639     0.875592    -0.513736      -0.2018       1.4094    -0.110161    -0.142151     0.185345    -0.116493     0.272348    -0.482246     0.136732    -0.141095   -0.0405498    -0.469129    0.0128097    -0.534375     -0.60685     0.439658    -0.206898     0.493968    0.0803453    -0.900352      0.82392     -0.94279     0.879448
   -0.293092     0.377689     0.056191     0.724005      1.07757    -0.349729     0.189304    -0.340546    -0.410326   0.00670313     -0.34293   -0.0941377    -0.451833    -0.425967      1.05712   -0.0735424    -0.500889     0.441528     0.636441    -0.538798   -0.0487118     0.644623    -0.398188     -1.08551     0.285332     0.176057     0.274813    -0.124276     0.688305   -0.0494029   -0.0435546    0.0736329
    -0.73795     0.252627     0.267987     0.393947    0.0301731     0.128211    -0.371695    -0.185491     0.201955    -0.155825    0.0699224    -0.475921    -0.212766    -0.125119     0.470691    -0.280436    -0.115515     0.756538     0.244075   -0.0482319     0.976206        0.962    -0.550448    0.0696724     0.146828    -0.358117   -0.0738858     -0.12041    -0.368741    -0.539183    -0.290777   -0.0774489
   -0.826085     0.212366     0.509279     0.148528    -0.203034     -0.48931    -0.133222    -0.276559    -0.249249  0.000620038    -0.146831   -0.0668544    0.0108016    -0.106238   0.00402106   -0.0794232   -0.0604859     0.574354     0.169227    0.0336396    -0.100243     0.380839     0.228472    0.0365061     0.188274     0.204633    -0.132194    0.0991666     0.362733     0.327942     0.293598    0.0956523
   -0.549777    0.0191665     0.276424     -1.20875     0.299856     0.252782    -0.142017    0.0676656    -0.320905     0.231892     0.656372     0.354927     0.100911     0.103678     0.702006      0.76366   -0.0184719    -0.288585     0.103943     0.519841     0.377806     0.966571    -0.543359     0.353513      0.63805     0.390165     0.257518     0.676704     -0.32276     -1.11119     -0.49508    -0.162608
   -0.328428     0.163243    -0.130972   0.00581467     0.156301    -0.450907     0.224208    0.0314679     0.628192    -0.305013   -0.0920298     0.310827     0.328309   -0.0499805      0.48267   -0.0383654      0.22449     0.330372     0.068129    -0.195468     0.314114    -0.745771     0.715109    0.0346797    -0.531377     0.665893   -0.0713325     0.249417    0.0981432     -0.26406  -0.00923517     0.351773
   -0.108924    -0.248908    -0.571656    -0.573117    -0.383088   -0.0452898     0.269448    0.0252053    0.0438961   -0.0708972      1.44736     -0.30992     -1.00857   -0.0173445      0.70556     0.616602    -0.600178     0.244094      1.03422    -0.163542     0.505774    0.0101756     -0.90319      0.79694    -0.355984     0.128945     -0.65026     0.732391     -1.62262    -0.798633     0.209304     0.344707
   -0.262625      1.45957   -0.0173664     0.171385    -0.973531   -0.0964314   -0.0533323     0.273133     0.307835     0.216318   -0.0325721     0.655441    -0.418711   -0.0748947     -0.18798      0.55737    -0.600047     0.903038    -0.131829    0.0855341    -0.188375   -0.0213846    -0.345065     0.954736      0.85751     0.574042     0.384912    -0.245232     0.067292    -0.644565     0.567385     0.206429
   -0.423595    -0.711303    -0.580537     -0.35418    -0.216661    -0.442142     0.514155  -0.00700251      0.77007    -0.517991     0.243901    -0.430618     0.216242     -0.51822      0.76097     0.169653     0.288608    -0.431137      1.43521    -0.115529     0.724138     0.423155   -0.0554512     0.644595     0.454902     0.200421     0.538243    -0.206913     0.433157     0.217697    -0.170546    -0.655824
-0.000486307    -0.357643    0.0974956     -0.20812     0.255265    -0.618127    -0.159179    -0.674499     0.515547    -0.134882    -0.705085   -0.0910163      0.35105     0.111282      1.09322     0.395463     0.738718    -0.411425     0.026674    -0.358671    -0.013761    -0.240523      1.30915    -0.575277    -0.601318     0.219737     0.549311    -0.125019     0.761116   -0.0973556       0.3039   -0.0108061
    -0.35153     0.483588    -0.806389    -0.412069    -0.968648    -0.064294   -0.0612849    -0.383116    -0.149349    -0.616117     0.487006     0.834178    -0.388606    -0.232668    -0.555705    -0.403325     0.173448      1.39111     0.586399    -0.627417       0.4993    -0.182347   -0.0669496      -0.1243    -0.442532    -0.298259     -1.12547      0.21848    -0.651477    -0.376146    0.0801294    -0.106394
      0.5699    -0.132304    -0.903385      0.27576    -0.183282     0.504216     0.347759    -0.227681    0.0304986    -0.401965   -0.0237807    0.0968156     0.230118    -0.636871     0.316103    -0.606099   -0.0441056    -0.149069    0.0219889    -0.392654     0.189196    -0.294309    -0.219199    -0.205267   -0.0159662    -0.507008    -0.563674    -0.346433     0.121607    -0.211848    -0.712297     0.324198
   -0.739772     0.868671     0.186862    -0.737052     0.417093    -0.721576     0.488658     0.271298    0.0476171    -0.651301     0.752023      1.90351    -0.352772     0.697459     0.154595     0.133759      1.46376     -2.37487     0.651605     0.723915     -0.55282     0.171601    -0.445293    0.0520191     0.246921    -0.632631    -0.156078     0.183325    -0.338432    -0.171307     0.163965     0.486072
    0.820328     -1.36777    -0.355131      1.56369     -1.03409     0.183915     -1.34933     -1.64409     0.681952     0.186802    -0.500158     -1.21849      1.06044    -0.269888     0.874119    -0.324683    -0.120434      1.29169     0.328807    -0.292402      1.58817     0.246921     0.590484   -0.0538802     0.251831     0.497699    0.0980974    -0.534283      1.51321     0.643884     0.925984    -0.189732
   -0.255896    0.0511086    -0.158415    -0.108163     0.231588     0.136799    -0.160348   -0.0643636    -0.140735     0.365913     -0.52016   -0.0574045    -0.242141     0.130985     0.022194   0.00121967    -0.252236    -0.367852    -0.185817    -0.142884     0.157916     0.240277    -0.146206    -0.243554    0.0315616    -0.252596     0.103823    0.0815481   -0.0862743     0.163645     0.182769     0.096286
   -0.391731    -0.340293    -0.654771     -1.02591     0.027427   -0.0214161     0.215041     -0.96936     0.351419   -0.0764684    -0.581934    -0.702919     0.713454     0.867284     0.142355     -1.02856     0.483909    -0.213472    -0.283347     0.100223     0.495652    -0.290291     0.395985   -0.0115483    -0.562237    -0.851074    -0.455752    -0.368711    -0.381295     0.344545     0.232142   0.00680944
     1.33235     -0.61066     -1.34704   -0.0942149    -0.206804   -0.0911985    -0.132641     0.165324     0.450508    -0.303298     0.716201   -0.0487996    0.0492314     0.265774     0.610187    -0.193304     0.349783     0.334198     0.683476    0.0629682       -0.197    -0.637326    -0.925467     0.244467    -0.964139      0.15365    -0.153243    -0.616676     -1.15947     0.318346    -0.187994   -0.0844601
   -0.361764     0.183374    -0.483387    -0.315426    -0.283519    0.0713969   0.00172824    -0.376521     -0.89921    -0.416327     0.352294     -0.33978     0.109328     0.378676     0.884482    -0.638907    0.0247851    -0.366454   -0.0264506     0.590429    0.0775062    -0.118555     -0.37357     0.290458     -0.85304    -0.267999    -0.643235     -0.41156    -0.818896    -0.261078    -0.460374     0.157003
     1.18586     -1.27783     -0.40284    -0.634817     0.572883   -0.0234432    -0.254745   -0.0504949   -0.0445591     0.326142      0.06984    -0.162213    0.0523124    0.0312153     0.163359    0.0774284    -0.571903  -0.00585367  -0.00380924    0.0330214     0.360573     0.767813    -0.582361    0.0161977    -0.427062    -0.164884     0.577918    0.0847368    -0.317855      0.10047     0.302834    -0.131601
   -0.594676    -0.256712     0.398354    -0.107878      1.94075      0.03558    -0.195956     0.770514     -2.02922     0.438169     0.247295    -0.152341    -0.144851      0.27901    -0.779909      1.23179     -1.12874     0.512948    0.0393933    -0.109475    -0.278668      1.21212    -0.955267    -0.181131      1.73713     -1.12308    -0.446025     -0.44883     0.212642    0.0273674    -0.360678    -0.051108
    0.316815     0.194018    -0.525376    -0.370878     0.814815    -0.576113     0.169938     0.318164     0.297268     -0.74802    -0.221339     0.996804   -0.0206058    -0.277784      1.01376    -0.242656    -0.106755     -0.45351     -0.27775     0.199828   -0.0560023     0.503117    -0.621857      1.17737     0.648792     0.428115     0.207114    0.0927535    -0.413252     0.234219     0.535461     0.312398
     -0.1699    -0.310925    -0.279262     0.772862     0.112648    0.0388321     0.513012  -0.00179031     -1.92942     0.342917      1.19143     0.744617      -2.2178     -0.47927    -0.258163      1.10582     0.821251     -1.24321      1.24016     -1.01243      -2.5448    0.0630238     0.372625    -0.515017     0.848849   -0.0104435     0.955528     0.139772     0.337546     0.366692    -0.183589     0.710643
    0.128033    -0.352241    -0.178444     0.351758     0.404513     0.349844    0.0717441    -0.478785    -0.713442    0.0364386    -0.380843    -0.269295    -0.370599      0.11139    -0.181766     0.309638     0.370371   -0.0875251     0.485273    -0.258247    -0.689379    -0.247541    0.0485831   -0.0599806     0.215038     0.079671    -0.292805    0.0157436     0.342518     0.319202    0.0478849   -0.0170631
    -1.50519     -1.19035      1.17206      -1.2045      1.11467    -0.444245    -0.541521     -0.64681   -0.0671887   -0.0860916     -1.85608    -0.628539    -0.183509     0.205385     0.928843    -0.177114    -0.266924    -0.469466    0.0383109    -0.225663      1.19077      1.14784    -0.745914    -0.385972    -0.654979     -0.84105     0.922038     0.646537    -0.644753     -1.17318    -0.101269    -0.143324
    -1.52824     0.451027     0.513693    -0.377583    -0.368514     0.428093     -0.17062     -1.18802    -0.423594      1.15808     -2.15686     -0.46788   -0.0948749    -0.154554     -1.31967    -0.790224    -0.208815     -0.78263    -0.318913     0.230003     -1.69038   -0.0250288     0.440656    0.0343668     0.241359     0.137369     0.474328    -0.327377      1.74254     0.459328      1.21991    -0.628226
   0.0653853     0.296544    -0.670267    -0.109154     0.554857   -0.0763517     0.476991    -0.206266     0.819305     0.728704     0.927719     0.851603     0.263943      0.21544    0.0215309    -0.728947      1.32215     -1.25722     0.195981      1.10879      0.38566    0.0510756    -0.297093   -0.0184652    -0.537004    0.0941695      0.97095    -0.408165    -0.614194   -0.0450315      1.35117     0.156379
    0.350558    -0.555926    -0.355866   -0.0586942     0.170346    -0.478557     0.471074   -0.0367023      1.26543    -0.204279    -0.772163    -0.118786    -0.530776     0.154063    -0.411429     -1.12502     0.871834    -0.505795     0.332862    -0.947748     -1.04339   -0.0793664     0.115839     0.418724     0.261505     -0.86516     0.594726    -0.703934      1.09916     0.111873    -0.312662     -0.63083
   -0.631994     -0.43587    -0.446597     0.450965     -1.09864    -0.635081     0.148288    -0.355313      0.15312    -0.684236     0.138316     0.191381    -0.222256    -0.597851      1.04647     -1.39623      1.29003    -0.143238      1.39143    0.0281591     0.414732    -0.428548    0.0916424     0.806746    -0.198315     0.562218    0.0372786    -0.223071    0.0680939      0.74049     0.460321    -0.386322
   -0.561621    -0.078205     0.239436    -0.658631    -0.952136    -0.433845    -0.699488    -0.412059    -0.585878     0.116459     0.549791    -0.192267    -0.160543    0.0897172    -0.685142     0.171389    -0.944253      1.72614    -0.756382     -0.23316     0.244329     0.551821    -0.406267    -0.323242     0.286045    -0.206595     0.789201    0.0277302   -0.0960269     0.268673     0.187763     0.335043
     0.65985    -0.403706     -0.63635     0.797567     0.700858     0.214983    -0.253124     0.290863     0.186611    -0.510038     0.562755   -0.0319519     0.362038    -0.265126    -0.296311    -0.355593     0.692675   -0.0768319     0.181727     -0.28712    -0.201184    -0.715127     0.738102    -0.219431   -0.0352875    -0.259224    -0.857945    -0.311878    -0.528467    -0.172673    0.0577236    0.0165586
  -0.0475631    -0.451222    -0.160305     0.451818     0.497827    -0.316317    -0.453106    0.0763745    -0.372828    -0.216825     0.607231   -0.0126443    -0.144273    -0.177178    -0.278674    0.0766772     0.201683     0.194404     0.392147     0.257878    -0.877483     0.546483    -0.459321     0.431335   -0.0858791    -0.441327     0.365703    -0.475998     0.403609     0.474711     -0.34546     0.119226
    0.335495    -0.879649    0.0720046    0.0878907     0.598753    -0.044804    -0.642636    -0.810551    -0.578986    -0.247306    0.0167832     0.010956    -0.524752    -0.302348    -0.463468    -0.294456    -0.247784     0.136265     0.237739     0.015189    -0.346541    -0.356404     -0.24963    -0.468671     -1.17246   -0.0843548    -0.267821     -0.25059     0.478393   -0.0532487     0.263745    -0.837903
   -0.901386     -0.22625   -0.0430535     0.613199     0.453104    -0.366806      0.31295     0.777453   -0.0421835     0.148261     0.313806    -0.264847     0.542075     -0.22006     0.528638    -0.310539    -0.636885     -0.26672    0.0592842      0.57019     0.375345     0.629403    -0.736785    0.0595585    -0.197389    -0.457362    -0.632007    -0.352403    -0.124176    0.0719171    -0.397815    -0.195058
   -0.123058    -0.197784    -0.242429    -0.358012    -0.412204    -0.350034     -0.43681   -0.0138171     0.794188    -0.643254     0.235222    -0.727487      1.16471     0.369137     0.563229     0.246391       1.0512     -0.83361   -0.0438524     0.423292      1.23658    -0.667241    -0.459214     0.985098     -1.21227    -0.426507     -0.33188    -0.168536    -0.785698    -0.467189    -0.356508     0.312966
   -0.269893     0.342314     0.449765    -0.307443    -0.964039    -0.783477     0.141308    -0.495075     0.167759    -0.431149   -0.0195531     0.637419    -0.448731     0.710945    -0.302536    -0.607971     0.730921    -0.658257      0.40294     -1.22213   -0.0561944   -0.0347321      1.14286    0.0530728     0.694148      1.06378     0.373115     0.336339    -0.291632     0.506503     0.594448      0.21611
   -0.615995    -0.224124       0.3887      0.10616     0.618114      0.47528    -0.336811    -0.187666      0.15047     0.984372     0.866644    -0.204592     0.395101    0.0494578     0.465483      1.90212     0.444536     -1.73526    -0.173719      1.38379    -0.293857     0.381447     -0.32357     -0.10816    -0.667803     -1.13668     0.492686    -0.619747   -0.0340257     0.663066     0.805654   -0.0233111
   -0.483126     0.205472    -0.297658    0.0992418      1.55429     0.440263   -0.0283254    -0.267054    -0.512542     0.969134     0.803925   -0.0437309     0.728998       0.1138    -0.825895     0.808273   -0.0893107     -0.30278    -0.738172     0.289793     -1.06608   -0.0587989    -0.288138      0.56489    -0.622817     0.294252     0.596716     0.291089     0.355813     0.808491     0.163472     0.208485
    0.183767    -0.141669    -0.750027    0.0468604     -0.16329   -0.0993326   -0.0729585     -0.69322    -0.453716   -0.0272313   -0.0199822     -0.62547     0.236544    -0.247924   -0.0198561    -0.117693    -0.217189    0.0784867    -0.342512      0.24995      0.34089      0.65045    -0.101333   -0.0161349    -0.485298    -0.461774    -0.357041     -0.14685      0.41541    0.0965878    0.0189532    -0.277644
   0.0277525    -0.023952     -1.11458     0.521101    -0.237207     0.517774     0.912994     0.627329     -1.20128     0.397352     0.526406    0.0714541    -0.136406    -0.698708     -1.16962     0.898182    -0.350812     -1.56992    -0.318884     -0.88708    -0.891188    -0.119774    -0.324347     0.090655      1.36161     0.565919     0.387448      1.75515    -0.596382     0.329265      0.34385     0.234613
   -0.186392   0.00953132    -0.174151      0.52038    -0.934922     0.545898     0.181125    -0.398267   -0.0161524     0.321091     0.161298   -0.0600873     0.884758    -0.495908     0.327401    -0.516816     0.117815     0.034496     0.698767      0.48031     0.362642    -0.476252     0.389742     -0.33483    -0.428275     0.677437    -0.063231     0.464949     0.402219    0.0101334     0.123459    -0.770596
    0.408195    0.0455958    0.0717879    -0.204345    -0.272815     0.632631      0.23809    -0.849003   -0.0578225     0.241505     -1.27255    -0.335344    -0.730327    -0.667437    -0.247932    -0.396991     -0.17738     0.263048     0.660698    -0.146512   0.00766031      0.36891    -0.543168    -0.716406    -0.570135    -0.140987     0.298089     0.540841      1.07875    0.0984006     -0.81006     -1.01766
    0.262199     0.516121    0.0889911    -0.244681     0.733843   -0.0472095    -0.275484     0.852284     0.839298     0.642972   -0.0657147    -0.912396      1.65929     0.154337     -0.38882      0.15933    0.0933215    -0.846573    -0.297617     0.411701     0.288394    -0.863704    -0.643327       1.6136     0.747868     0.729579     0.593078     0.670915     0.141855    -0.146886     0.178383     0.418528
   -0.435436     -0.25345   -0.0163541    -0.163999    -0.322216     0.681378    -0.449743    -0.386636    -0.815766     0.677872     0.955752     0.668393      0.34516    0.0185836   -0.0190705    0.0938969      -0.2353     0.479672    -0.496264     0.203634   -0.0712164    0.0798789    -0.384936     0.265868      0.65547   -0.0359655     0.987281    0.0768068    -0.287184    -0.168782    -0.211869   -0.0555475
    0.993697    -0.593073    0.0278206     0.759018    -0.275797   -0.0782611      0.20798    -0.126936    0.0555905     0.143631     -0.36257     0.184458     0.204986     0.257839     0.300886      1.01191    0.0671441     0.182398     -1.11253     -0.89707     0.122447      -1.1707     0.252304    -0.273285     0.431873     0.523509     -0.40683     0.168268    0.0723476     0.315718      0.16129    -0.240477
   0.0183211     0.075421      0.59237     0.297104    -0.593769    -0.223743    -0.234947    -0.574215     0.397347    0.0124151    -0.843148      0.25619    0.0635114    -0.429863     0.222949     -0.75285     0.227937     0.115566    0.0518302     0.136799    -0.112129    -0.932641     0.822341    -0.227012    -0.823242     0.312369    -0.437774     0.571034    0.0706186    -0.536051    0.0201914    -0.341306
 -0.00169027     -1.02371     0.225917     0.625457     0.262892     0.476542    -0.910779    -0.733543    -0.628301      1.21419    0.0733395    -0.358791     0.209645     0.127733     0.499548     0.755379    -0.359146    -0.613893    -0.228398     0.787217   -0.0867469     0.241237     0.131872    -0.256172    -0.627094    -0.449951     0.590237     0.266823     0.448542    -0.280464     0.247818    -0.435839
