   -0.653093
    0.648664
   0.0498854
   0.0247307
    -1.19734
    -3.10598
    -1.08365
   -0.130619
    0.210558
    0.371884
   0.0639998
    0.717186
    0.692826
    -0.33072
   0.0840787
    -2.21846
    -0.63466
   -0.815736
    -0.94611
   -0.284274
   -0.835093
    -1.14689
   -0.491097
    0.039142
   -0.202831
    0.335831
    -1.63332
   -0.861173
   -0.457143
   -0.611486
    -0.47376
    -1.25409
   -0.806059
   -0.625635
   -0.478353
    0.488237
    0.195555
   -0.250881
    -0.73274
   -0.968785
  -0.0624048
   -0.642249
     0.22461
   -0.863498
   -0.840104
   -0.965028
   -0.722298
   -0.331141
    0.877516
   -0.933587
   -0.594885
   -0.335637
   -0.605235
    0.203956
 0.000938901
    -2.45769
    0.256958
   -0.758658
   -0.446049
   -0.488229
    0.558187
   -0.487415
   -0.123989
     -1.1715
   -0.970487
   -0.257791
   -0.877096
   -0.646018
   -0.611981
   -0.505344
    -1.21089
     0.52221
    0.538488
    -1.43684
    -1.72503
  -0.0601644
   0.0289469
    0.823628
     1.89606
   -0.315616
   -0.842625
   -0.861008
    0.370246
    -1.61804
   -0.762979
  -0.0474043
   -0.545368
    0.486419
     0.95724
    -1.10949
    0.262327
   0.0527369
   -0.808465
     0.13523
    -1.47419
     -0.3254
   -0.144839
    0.685989
   -0.598578
   -0.513214
    -0.53202
    0.185101
   -0.885776
     -1.0182
   -0.496529
     -3.0198
    -2.72373
   -0.490513
   -0.298179
   -0.188426
   0.0707426
   -0.313566
   -0.753761
      -1.019
    0.202191
   -0.523575
   -0.650682
   -0.329631
    0.175604
   -0.781844
   -0.468431
   -0.790193
   -0.465645
   -0.475504
   -0.484006
  -0.0244414
-0.000190111
    -1.95583
