   -0.402861    -0.590205     0.158384     -0.15773      0.21807    -0.191108    -0.529716     0.454806    -0.398787     0.197725     0.108662    -0.287722    -0.399214    -0.154049     0.225762    -0.717043    0.0489223      0.11208     0.118382     0.173465     0.268189     0.780652     0.132149     0.889493   -0.0860438     0.338321    -0.606695     -0.38211    0.0521146    -0.838742     0.493861    -0.349505
  0.00838077     0.092408     0.167213    -0.394884   -0.0273582    0.0845514     0.149364    -0.108209     0.416576    -0.101781    0.0720386     0.300302    -0.153195    0.0351554    0.0448284   -0.0469677    -0.208491     -0.23054    0.0422222    -0.276156    -0.354603     0.119013   0.00398548      0.15559    0.0215276     0.212488     0.308164    0.0717942    -0.072522    0.0726022     0.214461   -0.0301484
   -0.798852     -1.15663   -0.0614963    0.0590606     0.399976    -0.153577    0.0440804     0.990083     0.460012    -0.709789    -0.155308     0.153328    -0.279741    0.0746461    0.0920457    -0.295032     0.190993     0.796356    -0.286434     -0.38828     0.101844    -0.251303    -0.355266    -0.580563     0.216988     0.589233    -0.271769     -0.48135    -0.178786      0.11331    0.0902364    -0.572364
    0.511515   -0.0928535    -0.303828     0.225856     0.502976     0.023549    -0.392738   -0.0259996   0.00976841     0.265874    -0.463526     0.489056    -0.168268    -0.203667   -0.0685233     0.119452     0.141305  -0.00528852     0.128153     0.469143     0.476711     0.155421     0.176767  0.000155196    -0.383234   0.00772633     0.304428     0.340998     0.388825    0.0376664    -0.266053     0.767024
   -0.980372      0.15661    0.0887576    -0.245053     0.572594     0.751939     0.375534     0.405957     0.852049    -0.732974     -0.33836   -0.0795539    -0.457476    -0.733208    -0.362031    0.0776795    0.0761158   0.00207122     0.147794    -0.470463    -0.567834    -0.272197     0.762844    -0.319103     0.889461    -0.135834    -0.565749    -0.317339     0.146496     -0.23711    -0.147216     0.315822
    0.182332     0.178828      -0.5338    -0.206372    -0.238567     0.321455    -0.242722    -0.204087      0.21565    -0.211561    -0.499236    0.0647507     -0.33572    -0.439153    -0.230566    -0.190829    -0.383445    -0.562947     -0.21736    -0.379737     0.545077     0.219376    0.0915339     -0.52772   -0.0334437  -0.00956218    -0.118249    0.0346582    -0.323427     0.185614   -0.0349086    0.0069259
     0.54896     0.242945    -0.543268  -0.00737746      0.21719   0.00634222    -0.204231     0.271217   -0.0346313    0.0353308     0.420171      0.18992    -0.201825    -0.258114     0.249718    -0.455648     0.243016    -0.642461     0.232965     0.592018   -0.0458273     0.460154     0.403296   -0.0751316    0.0338294     0.158069     0.575436   -0.0214578    -0.253924    -0.752959     0.148204    -0.505699
 -0.00262493    -0.115599  -0.00694955    -0.275911    -0.608426    -0.400618    0.0067773     0.370602     0.155299    -0.296987     0.239168   -0.0413674     0.657522     0.422962    0.0654433      0.16828    0.0693684     0.345642    -0.450648   -0.0708521   -0.0762203     0.289503     0.335861      0.25368   -0.0727137    -0.393074    -0.124175     -0.51747    -0.205017      0.23521     0.160375      0.22639
    0.305738     0.204942     0.100531    -0.339754     -0.19128    -0.158434     0.232759     0.431911   -0.0666905  -0.00491391     0.161352     0.530985    0.0174617     0.297609     -0.15473    -0.618833    -0.543287    -0.318873      0.10028     0.272812     0.316745     0.499115    -0.499247   -0.0140695    -0.252548    -0.172902    0.0394016    -0.306213     0.418877     0.112579    0.0285731    -0.123781
   0.0944225    0.0832819     0.298348     -0.68933     0.230202     0.217459     -0.22098      0.15188    -0.553243     0.288814  -0.00962383    0.0828466   0.00129917    -0.394375    -0.438144    -0.928357    -0.147037      0.19533     0.227054    -0.192545     0.297598    -0.222847    -0.139567    -0.310415   -0.0834725    0.0348446     0.215762     0.154243     -0.10427    -0.193146     -0.25284    -0.477376
  -0.0762796   -0.0856627     0.481242     0.509895     0.125965     0.205677      0.39601     0.213306    -0.115636     0.161826    -0.254371    0.0757216     0.189604    0.0923771    0.0385104     0.120279     0.318889    0.0316043     0.192924     0.814746    -0.261944    -0.156723    -0.365615     0.234584     0.323044    -0.258142    -0.116222    -0.269006    -0.225656     0.362676      1.06793      0.12628
  -0.0189676     0.578708    -0.118265     -0.45901     0.146874   -0.0625832     0.161113    0.0276643    -0.817233    0.0907109     0.233983    -0.351033    -0.542545    -0.134822    0.0696621    -0.118639     0.407353     -0.45804   -0.0412077     0.086287     0.213804    0.0497567   -0.0117333     0.243818     0.292279     0.110693    -0.175029    -0.296585     0.307349     0.260293     0.302079     0.274525
    0.200972     0.579051    0.0921142     -0.33323    -0.074412     0.608344     0.434557      -0.1909    -0.289029    0.0499961   -0.0163156    0.0806376    -0.246598     -0.10123    -0.206735  -0.00881881     0.160546    0.0637763   -0.0494305     0.251903     -0.42613   -0.0493742    0.0304912     0.213506   -0.0445129    0.0433662    -0.340437    -0.240075  -0.00780676     0.228908     0.122461     0.367935
    0.132792    -0.343895     -0.53965     0.748471      0.53331    -0.375249    -0.482958    -0.998493     0.523807    -0.125368     0.215809      0.20943    -0.146002    -0.125095     0.417179     0.409964     0.313148     0.260237      -1.1517     0.594088    -0.110122    -0.165025    -0.374107     0.132656    0.0397203     0.712718     0.276439     0.308821     0.339991    -0.792782   -0.0782353   0.00828519
    -0.51992   -0.0553572   -0.0853338   -0.0387331    -0.264455     0.016754   -0.0220486     0.119274    -0.334393     0.388208    -0.075729     0.192526    -0.204238    -0.138171   -0.0666607     0.119044     0.252383     0.529549     0.560736        0.219     0.397501     0.612321    -0.526826    0.0158716    -0.133687     -0.23082    -0.418473      0.13567     0.348795     0.167186   -0.0617376    -0.065492
   -0.358688     -0.62237      -0.9985     0.277199     0.766543     0.215147     0.819844    0.0919824    -0.927589    -0.549831     0.356609    -0.205344     0.275931    -0.129077     0.103318   0.00302036     0.454638     0.523762  -0.00430397    -0.602582     0.423479   -0.0866223     -1.07689    -0.308792    -0.931673     0.771955   -0.0542274     0.148492      0.14462    -0.289334     -0.16361    -0.161772
    0.272692    -0.349402  -0.00471886      0.20804     0.393356    0.0389253    -0.140147     0.201153  -0.00191334     0.370187   -0.0658727     0.270486     0.248058   -0.0517291    0.0361541    -0.760599     0.068023    -0.431464     0.161151     0.457336     0.195314    -0.238458    0.0130523    -0.362176    -0.217798    0.0499089    -0.429888    -0.370867     0.154398   -0.0899861    -0.374502   -0.0245214
  -0.0390941     0.405439    0.0667942   -0.0820024    -0.344301  -0.00997148    -0.719954     0.103451     0.386181     0.222183   -0.0610857       0.2075     0.553482     0.215812    0.0488161    -0.438222    -0.718384    0.0390359     -0.32599    0.0187945     0.347125    -0.268787   -0.0653994     0.664313    -0.307939     0.561886     0.353174     0.339528    -0.354254   -0.0438386   -0.0610935    -0.451337
    0.433404    -0.417452     -1.04488   -0.0266402    -0.579758   -0.0114958    -0.332835      0.13821   -0.0384351     0.256159     0.641818     0.691865    -0.376899    -0.512811   0.00342196    -0.379124   -0.0549769    -0.105328    -0.654364      1.15184     0.475661     0.227344    -0.432153     0.240825    0.0607983     -0.16218    0.0425524     -0.26523    -0.382606    -0.266505    -0.190837      1.03018
  -0.0538761     0.425535     0.111814     0.102683    -0.270691     0.329599     0.780719     0.293876     0.300448     0.308719     0.238386   -0.0110311     0.744332    0.0292571    0.0426655    -0.347258     -0.27995    0.0188337     0.212734    -0.279237    -0.205487    -0.207578    -0.374842    0.0478129   -0.0969495   -0.0610238   -0.0921822    -0.357683   -0.0671862    -0.193675     0.383006    -0.285745
   -0.335567     -1.05333      0.16097    -0.182419     0.505479    -0.117629   0.00140823    -0.540567     0.243972    -0.373661     0.120104     0.468136    -0.733982     0.362605     0.196895   -0.0987209     -0.13261    0.0634397     0.171386    0.0562201     0.173598   -0.0100022    0.0728001     0.444906    -0.182622     0.107896     0.282735     0.421618    -0.426625    0.0892259      0.66306    -0.294118
   -0.228521    -0.308353    -0.312919     0.152104     0.194486     -1.43992   -0.0578037    -0.452884   -0.0361162     0.120148     0.602686      0.21527    0.0836227      0.23415     0.241977     0.186788   0.00721107   -0.0561671    -0.407637    -0.361224    -0.136295     0.153696     0.106182      1.03742     -0.19741    -0.103113   -0.0394754    -0.781096      0.15643    -0.280351    -0.363113   -0.0628527
   -0.239054    0.0665642    0.0360825    -0.816377    -0.466691    -0.103559   -0.0527974    -0.129336    -0.463035    -0.070731   -0.0891727   -0.0130387     0.441794     0.094217   -0.0902156     0.369111   -0.0952997   -0.0948445    -0.148168    -0.326731     0.147186    0.0327036     0.455078      0.24143    -0.512255    -0.377113     0.229257    -0.333353    -0.325534      0.37975    -0.387324   0.00387723
  -0.0135438   -0.0698793     0.200471    -0.197628    -0.253801      0.12702    -0.207194    -0.122358    -0.169259     0.121106   -0.0792057      0.17201     0.163473   -0.0698691     0.185085       0.2659    -0.526106     0.255001     0.163073    -0.157032     0.276629    -0.279342     0.141225     0.342173    0.0934982    -0.288677     0.106223     0.417705    0.0139958     0.369915    -0.151903    -0.192885
   -0.431062    -0.286341     0.453485  -0.00174254    -0.253526   -0.0242021    -0.230107    -0.189119     0.127935     0.220428    0.0949629    -0.355844    0.0603588    -0.667792    -0.335456    -0.218712     0.046536   -0.0360733   -0.0190419    -0.328663     0.594837    -0.213498     0.240753    -0.141544     0.193493     0.015601    -0.224487   -0.0966543     0.417571     0.157058     0.214563    0.0268792
    0.256164     0.195045     0.255903      0.17925     0.418878     0.853161     0.638945      -0.7538    -0.211147    -0.128544     -1.16771     0.274467    -0.222097    0.0985942    -0.289155     0.539442      0.96143     0.113385    0.0258729    0.0364061    0.0304266     0.160917    -0.356606    -0.193589     0.557661    -0.376255    0.0840205     0.324414      0.10223    -0.276597     0.123365    0.0335405
   -0.649773    -0.293633    -0.479545    -0.425102      1.29051     0.232781    -0.808238    -0.688622    -0.088676     0.348517     0.034414    -0.973737     -1.09608     -0.26249    -0.441424    -0.190173   -0.0321071    -0.959087     0.470326   -0.0655852     0.529384    -0.201064   0.00483779    0.0443377    -0.299382    -0.298071    -0.328376    -0.386776    -0.462887    0.0495974     0.579404    -0.927012
  0.00983801    -0.437866      0.38774    -0.245652     0.521732     0.420323     0.266271    -0.318672     0.238107     0.129394    -0.139732     0.278363    -0.129753    -0.505309    -0.142485    -0.152871     0.341657   -0.0794035     0.572441    0.0561691     0.290267    0.0648832    -0.196343    0.0352032     0.639431    -0.455924     0.029413    -0.681735     0.299235     0.297854   -0.0895819    -0.250318
   -0.251451     0.488804     0.280237    -0.771661    -0.261841     0.167105     0.443468    -0.312177    -0.150512     0.227531    -0.356423    0.0406079     -0.41055    -0.143094    -0.600064     0.155641   -0.0735991   -0.0955742    0.0488652    -0.647458     0.264424    0.0603993    -0.419736    -0.222149     0.486786    -0.623163    0.0874899      0.31726    -0.213857     0.224615  0.000850993   -0.0359809
   0.0578455    -0.223676    -0.345268    -0.429603    -0.223471     0.227112     0.169876    0.0164682      0.16249     0.147002        0.339     0.279954   0.00179025    0.0890296    0.0993669     0.244423     0.129381    -0.277755    0.0278118    0.0534042    0.0321008    -0.163026     0.302317    0.0498879    0.0269419    -0.164494    -0.052477    -0.349218     0.160376     0.498346    -0.143534    -0.227547
    -0.34148    -0.603859    -0.522657    -0.168994    -0.527626     0.202594   0.00711652    -0.480873    -0.231053     0.354632    -0.288119      1.01593    -0.258937    -0.576355     0.108789     0.227374     0.136827    -0.385148     0.326131    -0.573873     0.332223     0.223733    0.0817934    -0.231049     0.571466     0.149484    -0.147753     0.282201    -0.570661    -0.166008     0.403524    -0.089995
   -0.234642     0.159876     0.632996    -0.186134    0.0779865    -0.358212   -0.0768501     -0.35654    -0.379749    -0.291394   -0.0524973     -0.12353    -0.446884    -0.083314     0.346863    -0.462237    -0.349224     0.182948      0.22574     0.241821    -0.138906    -0.241439    -0.249875    -0.260881   -0.0430389     0.384504    -0.181628     0.143735     0.239741     0.464844     0.227627    -0.567756
   -0.217476     0.746828     0.331968    -0.471098     0.178586     0.153748     0.431136     0.410582    -0.340651     0.286489     0.895671    -0.769379      0.23097    -0.337579     0.800149    -0.069602      0.16984   -0.0419378    -0.654163     0.539249    -0.762965    -0.186048    -0.301797   -0.0326814   -0.0710547     0.135062   -0.0813232 -6.21757e-05  -0.00107673    -0.270693    -0.076692     0.692013
    -0.23884    -0.636149    -0.274524   -0.0737767    -0.188742    -0.174743      0.21281    -0.424906   -0.0329372    -0.215667    -0.584172     0.616841    0.0429777    0.0337779     0.222677    -0.801522    -0.124854     0.420314    -0.841353    -0.365328     0.364509     0.807488    0.0764083     0.252049     0.148734     0.772206     0.890721   -0.0133297     0.197247     0.103591     0.574234      0.27232
    0.411242    -0.336295   0.00324027    0.0382986    -0.103381    -0.041312    -0.606652   -0.0939924     0.459783     0.304636   -0.0501457     0.199556       0.3299    -0.626344     0.400264    -0.165089    -0.340065    -0.304612     0.136431    -0.380364     0.578017    -0.236427     0.193302   -0.0788645    -0.430185      0.29954    -0.013521    -0.236837     0.275831    -0.324836    -0.104658     0.338128
   0.0954877    -0.385827    -0.228813     0.235723     0.126947     0.103513    -0.657656   -0.0777056      0.51723     0.321079    -0.409193     0.680128    0.0183782     -1.33099     0.189968    0.0587525     0.344637    -0.289119     0.269227     0.193736    0.0254501    -0.160107     0.172644   -0.0773977     0.413736    -0.471767    0.0644562    0.0726866     0.560763    0.0161299      1.02549     0.445874
    0.158238     0.855185    -0.413794    -0.595855       0.4287     0.509852     0.433068     0.520551     0.212472    -0.242289    -0.747325    -0.393027     0.274215    -0.302398    -0.020681     -0.25116    0.0837703     0.408562    -0.693706     0.504304     0.766641    0.0515655    -0.162174    -0.453389      1.09197     0.401278     0.537232     0.027716     0.234459     0.325627      0.68466     0.236002
    0.291881     0.381986    -0.489319    -0.375282      0.46471     -0.23868     0.353047    0.0860527     0.687825   -0.0136812    -0.026809    -0.270546  -0.00989714    0.0114482     0.146027     0.103608     0.230561   -0.0230921    -0.180156     0.352108    -0.210985    -0.079305      0.07089    -0.270764    -0.329836   -0.0563276      0.47687  -0.00693646    -0.627355    -0.477117    0.0341191     -0.15992
   -0.585641      -0.4035    -0.370813    0.0948889    -0.157923     0.791696     0.076456    -0.472499     0.441351     0.242527    -0.180129    0.0847819    -0.420941     0.457325    -0.414682     0.408678     -0.85196    -0.127492    -0.137653    -0.235177    0.0216921     0.723912    -0.275934     0.375696    -0.165428     0.210157     0.649579     0.155413     0.272943     0.492014     0.658402    -0.341482
   0.0109032     0.310966    -0.460395   -0.0479839    -0.513247     0.292504     0.385448   -0.0153507     0.605526    -0.385245     0.113296     -0.14682    -0.193122    -0.591714    -0.210945    -0.388025    -0.469214     0.101172   -0.0287075    -0.108622     -0.29162     0.243254     0.207016    -0.453122    -0.237918    -0.255388     0.554181    -0.408889     0.537683    0.0612678     0.308778     0.174777
    0.631619      0.41504     0.262302    -0.163037     -0.35521     0.461285    -0.115363    -0.132216     -0.50005     0.562119    -0.214684    -0.134719     0.881043     0.342521     0.268872    -0.375251     0.531366    0.0231922     0.186533     0.551763     0.668451     0.332438   0.00544206     0.049939     0.320502     0.215565   -0.0579338     -0.57413     0.112994     0.239548    -0.103081    -0.300563
  -0.0383942     0.388065    0.0305662    0.0830458    -0.160131     0.089496     -0.18436    -0.804861     0.531164     0.506335     -0.14506    -0.721307   -0.0650758    -0.616579     0.154336     0.202262   -0.0534256     -0.92519     0.325566    -0.430534    -0.144736      0.33782     0.330038    -0.218944     0.139431     0.247101     0.601007    -0.459863     0.556121    -0.208593    -0.331255     0.107956
   -0.207323    0.0189071    -0.121602     0.288575     0.779048    -0.511035    -0.608167     0.249492     0.411827     0.030788    -0.644836   -0.0833588    0.0438631    -0.178029    0.0152137     0.457158    0.0375386      -0.4196    0.0986343    -0.168346    -0.424547     0.340742     0.913358   -0.0807295    -0.198342     0.500715    -0.287914    0.0502739     0.761531     0.189069     0.145631   -0.0871319
   -0.034765     0.192705    -0.239042   -0.0637232    -0.340676    -0.199609    -0.155736    0.0863309   -0.0443412     0.163567     0.177195     0.218235     0.136656    -0.014535    -0.109073    0.0855473   -0.0570289     0.153347    0.0107148    -0.157084   0.00352107    -0.543257     0.246858     0.402862    -0.499432    -0.541455      0.13796   -0.0485446      0.47253    -0.175026     0.182557     0.102564
   -0.105665  0.000994021   -0.0310994     0.412349    -0.438965    -0.219654     0.461339    -0.244026    0.0463911    -0.217469     0.158928     0.486529   -0.0973904     0.134521   -0.0743737     0.360859     0.184415     0.205517    0.0593209     0.346355    -0.290263     0.245551   -0.0657555    0.0217346     0.481348    -0.134819     0.167289     0.423921   -0.0809844    0.0997984   -0.0759836   0.00621067
   -0.381017   -0.0578994     0.215188     0.526611   -0.0394067    -0.332705     0.271829   -0.0168505    -0.309448     -0.13133    -0.120336    -0.176221      0.27589    0.0584016   -0.0336772     0.452129    0.0228074     0.352475    0.0774817     0.511617     0.455238    -0.174472    0.0280854    -0.224228    -0.172853    -0.137466   0.00173361     0.448152    -0.286406    -0.230968  -0.00554999     -0.19523
    0.622076     0.237117    0.0712301     0.275353    -0.299095    -0.413219     0.192834    -0.615477     0.519583     0.011536    -0.224322    -0.010224    -0.123784     0.078465  -0.00806754     0.189021     0.395626     0.462266   -0.0673401     -0.14348     0.172811    -0.635817    -0.143069    0.0774271   -0.0718818    -0.459117  -0.00984835   -0.0860252    -0.486305    0.0698315   -0.0180171    -0.527596
   -0.284038    -0.564387    -0.582372    0.0636372    -0.651268     0.452952     0.448499    -0.669916    -0.195171     0.399641     0.217266     0.254983    -0.194279    -0.650696    0.0697481  -0.00765897    -0.863154     -1.14895    -0.938503    -0.924747    -0.604575     0.769847     0.123516     0.274197    -0.250032     0.697606      0.40825    -0.749562     0.554303     0.223735    -0.313086     -0.40344
   -0.677132    -0.924144     -0.13382    -0.216887     0.382947     -0.28103    0.0865681    -0.438341    -0.331195     -0.31176    -0.136348     0.206015    -0.438081    0.0621321     0.768044    -0.914999    0.0914353    -0.169016   0.00640367     0.212829     0.697912    -0.388091     0.200191    -0.187828    -0.548371    0.0977034     0.483864    -0.914416    -0.842033   -0.0519862    0.0620956   -0.0342466
    0.160704    -0.386426    -0.348286    -0.159207    0.0991884     0.259596    -0.100766     0.162143   -0.0339079     0.341509    0.0613919     0.179681   -0.0426351    0.0739147     0.250713   -0.0938501  -0.00417175  -0.00221236     0.150118    -0.155824    0.0198823    0.0283297     0.118784    -0.138422   -0.0361037    -0.201961    -0.241831    -0.401461     0.081618     0.196753   -0.0841805     0.189438
   -0.448669     -1.30118   -0.0976754     0.231584     0.195523    -0.575413    -0.211456    -0.445191    -0.339629    -0.579521     0.201138    -0.330851     0.602314    -0.042469       0.7647    -0.390424     0.124959  -0.00416579       0.3227    -0.251124     0.651105    -0.826203    -0.207864     0.110224    -0.427537     0.520719   -0.0544253   -0.0205589    -0.925937    -0.328037    -0.517437     -0.44593
  -0.0735674    -0.153612     0.913415     0.553609    -0.169664    0.0522136     -0.26858     0.110515     0.531214     0.165373   -0.0903929     0.366404    0.0799774      -1.0244    -0.186637   -0.0423644    0.0178453    -0.338277     0.722112    -0.980981    -0.634858     0.215342     0.204472   -0.0106824     -0.29856    -0.448537      0.28228   -0.0567927     0.493071    -0.494583    0.0749089     0.414291
   -0.562535    0.0707955      0.31328     -0.47395     0.105379    -0.316174     0.190586    0.0607464      0.33126   0.00879321    0.0133195     0.324845    -0.291432     0.549266     0.473839   -0.0982523   -0.0303896    -0.617351   -0.0977559    -0.552539    -0.197941    0.0972996     0.374779    -0.361736    0.0245111    -0.271093     0.132278    -0.496693     0.222893     0.488446     -0.24724    -0.139524
    -1.85667     -0.44646      0.28931    -0.409425     0.308167    -0.288979    0.0720202    -0.107042    -0.113675   -0.0756223    -0.382746    -0.450246    -0.226653     0.277845     0.209923    -0.407235    -0.568609   -0.0035722     0.310994    -0.590124     0.347367    -0.245154      -0.2609     0.246264    -0.140414   -0.0728093    -0.149641     -0.58132   -0.0168145     0.714323    -0.165084     -1.01935
   -0.323966    -0.056809    -0.501132     0.420366    0.0857605     0.528148     0.691584    -0.063875     0.528798    -0.429912    0.0558447    0.0694785    -0.014543   -0.0418132     0.178761     0.309854     0.558792   -0.0260181    -0.269266     0.116324   -0.0358841    -0.411944    -0.209753     0.545083    0.0696127    -0.193895     0.215745    -0.276833    -0.493921     0.218973     -0.20387     0.642938
     0.29168    -0.122601    -0.370802    -0.665772    0.0821869     0.519748     0.238672     0.274973    -0.141664     0.723062    -0.168151    -0.163345      0.36637    0.0226445   -0.0240301     0.446165     -0.48516     0.150767    0.0527154   -0.0475225    -0.130889     0.118018     0.796357    -0.273625      0.34001     0.439837     0.608901    0.0894659    0.0556217    -0.334364    -0.261865     0.136834
   -0.643998     0.111053      0.69802     0.172524     0.223484     0.161783    -0.196241    -0.362589   -0.0333182     0.495568    0.0853575    -0.204364     0.465035     0.288369    0.0808388     0.973461    -0.311821   -0.0223741     0.394603     -1.42764    -0.108538     0.566735   -0.0759342   -0.0503387      0.47137   -0.0598009   -0.0256243   -0.0381627    0.0917688   -0.0684398     0.357785   -0.0357213
   -0.176381    -0.291315     0.113684    -0.416408   -0.0478582    -0.098118     0.141571      0.11136    -0.162639     0.365328    0.0199152     0.220404    -0.101288     0.219397    0.0344801    -0.411232   -0.0684088    -0.262303    0.0926005     -0.45978    -0.340939     0.178685    0.0945547    0.0522193      0.13822   -0.0341187     0.157073   -0.0182523    -0.142793    -0.174736      0.31104    -0.131679
   -0.143638     0.589694    -0.416905    -0.961258     0.470991    -0.281692     0.680919    0.0537947   -0.0554803    -0.435295     0.638465    -0.137435   -0.0513444     0.231941   -0.0141359    0.0514276    -0.287328    -0.256588    -0.678555     0.186003    -0.281187    -0.288303    0.0547006     -0.18615     0.171292   -0.0479497     0.266052    0.0284345    -0.342307    -0.214435    0.0462693      0.28939
    0.162552      0.15085     0.208757     0.230937     0.143504   -0.0874541     0.551301     0.238131     0.209678    -0.230142    -0.128183    -0.160695     0.364261    -0.133513   -0.0389349    -0.316447    -0.386553    -0.130053     0.206746      -0.3722    -0.156516   -0.0397985     0.291674     0.299957    0.0247993     0.322755  -0.00285729     0.221019     0.452197    -0.475534    0.0016993    0.0210618
    -0.33289     0.932761     0.318985    -0.692396    -0.360055     0.424542    -0.782891     0.565881    -0.129323     0.137637    -0.062845     -0.25016     0.336883    0.0662167    -0.131351    -0.883294   -0.0686833     -0.49967    -0.169546    -0.289426    -0.782339   -0.0369328    -0.412165     -0.15704     0.419044     0.415222     0.484615    -0.116296    -0.239375    0.0703359     0.314414    -0.358325
    0.842724   -0.0777752    -0.210838     0.148346     0.053187    0.0764815   -0.0556046    -0.272971     0.539868    -0.467214     0.213215     0.079767     0.237231    -0.218578    -0.229266     0.187531     0.274499     0.370881     0.509352    -0.360639   -0.0407504     -0.30677     0.244115     0.135506    -0.254961    -0.724546     0.271386     0.361823   -0.0543943   -0.0747666      0.14984     0.504708
   -0.410677    -0.303267    -0.244951   -0.0969073    0.0555503      0.53027     0.212111    -0.188063     0.611646   -0.0593529    -0.235172    -0.175454     0.473397   -0.0870804    -0.100079    -0.168619     0.118209     0.432225    0.0747308    0.0743696     0.361705      0.15672    -0.437001     0.138959    -0.761706    0.0222377     0.223545     0.045785    -0.606267     0.225066    0.0978725    0.0027552
    0.707725    -0.251463   -0.0870641   -0.0324626     0.215331     0.133909    -0.201096      0.11816   -0.0654161     0.506825   0.00718078    -0.135265     0.137182    -0.229073     0.271172    0.0771247     0.445987    -0.105342    0.0677866     0.507146    -0.126107    -0.267035    0.0958072    0.0449742     0.314883     -0.35832    -0.267848    -0.173847    -0.517504    -0.180102     0.330171     0.185391
   -0.331585     0.320113    -0.884365    -0.313876    -0.240553    -0.294279    0.0373799     0.385195   -0.0461486    0.0296448     0.484657   -0.0940374     0.244883     -0.28204     0.304794    -0.317428     0.472696    -0.278502     0.212014   -0.0432736     0.243324    -0.130382      0.21651     0.266421     0.360018    0.0776615     0.293564    -0.192649     -0.12544     0.164733    0.0609172     0.172564
   0.0838681    -0.136478     0.144566    -0.793863      1.61662     0.484589     0.693428     0.220962    -0.553228     -0.42437    -0.483316    -0.636514    -0.400296    -0.251392    0.0599184    -0.197247     0.579491     0.482304   -0.0560009    -0.385122     0.234327    -0.415019   -0.0577859     -0.23764    -0.651647    -0.253436    -0.473918    -0.420678  -0.00358684     0.875915    -0.165366    -0.471593
    0.098594   -0.0202047    -0.524478     0.136301    0.0386301     0.379354    -0.242305      0.32529    -0.584487    -0.783129   -0.0130213     0.403866     0.329538  -0.00359611     -0.13763    -0.154691     0.477168    -0.198482     0.359906   -0.0286958     0.486573     -0.24894      -0.4804     0.313125    -0.126147    -0.330339     0.306657     0.331739    -0.142033      0.64027     0.296342   -0.0658214
   -0.397293    -0.828107      -0.5773    -0.455207     0.178889     0.630614   -0.0174755     0.197168    -0.659192    -0.070967     0.482991     0.229019    -0.250837   -0.0823429     0.439241    -0.902222     0.158487     0.378712    -0.140767      0.54925     0.494225     0.934631    -0.388478    -0.138553  -0.00161439    -0.319695    0.0430959     0.134055    -0.803034    -0.405745     0.716441    -0.168277
   -0.188492     0.467187    -0.262859    -0.310151    -0.187432    0.0721927    -0.199571   -0.0462459    -0.180793     0.241917      0.59486    -0.364097    -0.326198     0.222748  -0.00296042   -0.0915766    0.0731557   -0.0334578    -0.173144     0.401485    -0.422141    -0.287965    0.0226673     0.464497    -0.458373    -0.132578     0.154963     0.262846    -0.237259    0.0977741    0.0998144     0.185421
   -0.567725    -0.166949 -0.000912019    -0.329976     0.324406     0.367818   -0.0765625     0.052975     -1.24409     0.240346     -0.32412    -0.138814     0.101325     0.697953     0.372248     0.115288    -0.165362     0.251892    -0.336188     0.377313    0.0246493   0.00952999     0.242612     0.225129     0.296959     0.386175    -0.219864    -0.279579      0.37583     0.118457   -0.0158169    -0.283132
   -0.233796    -0.681486     0.095433    -0.672107     0.363356     0.151254    -0.383212      0.32399    -0.696513     0.402914   -0.0602022   -0.0312887   -0.0987049    -0.338054   -0.0731106    -0.334219    -0.954203   -0.0208914    -0.435373     0.061667    0.0865135  0.000790373    -0.251083   -0.0806821     0.566529    -0.486078     0.297568    -0.989078     0.237784    -0.228196    -0.399149    -0.246974
   -0.185638    -0.318124     0.551911     0.385644   -0.0437351    -0.163445      0.22195     -0.14152    -0.856702     0.328262    -0.230674   -0.0637599     0.155691   0.00843654   -0.0470731     0.183415 -0.000432934     0.256427     0.625877     0.611108 -0.000215884     0.360872     0.108305     0.252269    -0.385934    -0.095037     0.624483    0.0687073     0.110869     0.185445    -0.237735     0.338709
    0.177325     0.537798   -0.0293962    -0.414851     0.825602    -0.020393     0.865522     0.223005     0.372978    0.0920799     -0.21171     0.151703    -0.647398     0.193587     0.239261    -0.238159    -0.312575    -0.307584    -0.473351    -0.532013    -0.371913    -0.399769     0.383063    -0.379958    -0.541137    0.0642158     0.476696   -0.0258644   -0.0687547    0.0404929   -0.0451993     -0.29657
    -0.34956     -0.28424      0.50251     0.101135     0.197687      0.28229   -0.0232111     0.116632     0.214354     0.967791    -0.203289    -0.469743     0.164864    -0.693961   -0.0621956     -0.12818     0.127609     0.154968    0.0567645    0.0570634     -0.16243   -0.0776624     0.525711    -0.563837       0.5368    -0.767079    -0.204167    0.0386588     0.640065     0.470936     0.444196     0.231307
    0.220522    -0.399394    -0.154422    -0.102606    0.0412945    -0.260525    0.0896749     0.211584    -0.131726     0.220524    -0.128688     0.156751     0.530889     0.419488     0.368415     0.354706    -0.471479     0.243487     0.337809     0.211737     0.171364   -0.0644601     0.168226    -0.318138     0.162739    -0.229657    -0.178098     -0.17366     0.261635    0.0125676    0.0257336    0.0466548
   -0.366934     0.221734    0.0519798    -0.491591     0.022836     0.396737     0.663038     -0.55156      0.25356   -0.0192554    -0.245584     0.153402    -0.592731    -0.382892    -0.678489   0.00720884    -0.314968    0.0896294    -0.445878    -0.432779    -0.229107     0.293603    0.0137043     -0.18194    -0.360059     0.396684     0.670941    -0.210315    0.0329117    -0.369805     0.115212    -0.203199
   0.0256493    -0.140185     0.103073     0.144702     0.546422   -0.0908233     0.288006     0.103383     0.702508    -0.084104    -0.969593   -0.0949797     0.239365     0.366532     0.505344      0.38694   0.00328323    -0.335212     0.837967    -0.814749    -0.878265     0.626593     0.223559    -0.225347    -0.109832     0.507182     0.501793    -0.409238    -0.192736     -0.34528    -0.023634     0.276308
   -0.140554    -0.145492      0.46588     0.107898     -0.22522    -0.255642     0.212239     0.345143    0.0187261   0.00763259    -0.107095    -0.169587    -0.331407   -0.0136872    0.0750356     0.259282    -0.482965    -0.202348    -0.122746    -0.503547  -0.00506931   -0.0877794     0.401445     0.328871    -0.306232     0.524413     0.402427   -0.0628632     0.120141      0.10478    -0.229272    -0.359296
    0.173679    0.0227487    0.0303837    -0.133148    -0.657748     0.334464     0.944947     0.255675    0.0394343     0.142184      0.42091    -0.227189    -0.718858     0.334238     0.124061    -0.310581   -0.0312208   -0.0503957    -0.509446     0.871298   -0.0371006   -0.0523422    -0.345726     0.492049     0.190634     0.495626     0.577616   -0.0492006    -0.260916  0.000271195    -0.082413     0.422331
    -0.32867     0.406226    -0.290325     -0.23409    -0.167566   0.00490328    -0.536898    0.0751316     0.221519     0.649828    -0.339259     -0.57065    -0.133583     0.606031     0.157696    -0.966921    -0.611495    -0.559653    -0.493494    -0.653621    -0.331465    0.0574707     0.508723     0.310742    -0.217105     0.932956     0.295099    -0.280613    -0.511205    -0.607702     0.162735    -0.530953
    -0.51253    -0.658597    -0.333769    -0.444679     0.525613    -0.118955   -0.0213268     0.307641     0.100726    0.0140281    -0.210469    -0.265125    -0.424623     0.297472     -0.38613    -0.222545     0.278075   -0.0460663    -0.673939     -0.11613     0.321517     0.143558    -0.116146     0.053736    -0.408529    -0.521878  -0.00119168    -0.188017 -0.000665603      0.13016     0.161295    -0.270896
    0.378827    0.0692509     0.260743     0.442845    -0.401121     0.532078    -0.265799    -0.210436     0.247994    0.0704098     0.349692    -0.112109     0.457807    -0.252897     0.337744     0.266335     0.755375     0.274183    0.0439997    0.0108994     0.678806    -0.199819     0.175891    -0.805656      0.17075    -0.422198      0.22908    0.0596754     -0.13461   -0.0191168    -0.114948     0.800721
   -0.315238      -0.1703   -0.0819907    -0.635559     0.651405   -0.0709518    -0.352075    0.0499018    0.0277182     0.284947    -0.317554   -0.0109263    -0.466091     0.663931    -0.384359     0.141354   -0.0450807    -0.320769    -0.754461    -0.702392    -0.469483    -0.701692    -0.363071   -0.0839839     0.392524    -0.298399    -0.060497    -0.023759     0.307864   -0.0976425     0.200638    -0.894899
    -0.44795    -0.472197    -0.379284     -0.63344    0.0205243     0.109496    -0.221378       0.2449     0.128007   -0.0561574    -0.563208     -0.11371    -0.795326   -0.0851588     -0.12815     -1.10184    -0.236126     0.795112    -0.573375     0.187984     0.980083     0.535432    -0.495725    0.0901944    -0.364923     0.784864       1.1136    -0.537084    -0.160839     0.403225     0.659943    -0.621269
     0.14434    -0.171976     0.385454     0.106178     0.080465     0.124547     0.270968     0.388992    -0.316277    0.0422147   0.00673645    -0.336169     0.191536    0.0607206     0.071923     0.236564     0.639735    -0.189344     0.324837      0.47197     0.136968    -0.196224    0.0109959     0.189762       0.1707      -0.2761   -0.0653461   -0.0354914     0.124856    -0.130484    -0.367864    0.0521946
    0.125741     0.389577     0.200504     0.301016    -0.397924     0.195591     0.697289    -0.372138    -0.115365    -0.131617    -0.017314    -0.335332     0.389232   -0.0428671    -0.420949     0.591864     0.416507    -0.269499    0.0371955    -0.203195    -0.108454      0.43277     0.156054     0.353435     0.108815    -0.135666    -0.073151     0.382794     0.103518     0.728425     0.150602    -0.116579
   -0.299934   -0.0968468     0.574786    -0.401759    -0.308139    -0.422586     0.321518     -0.55586     0.324214     0.370005    -0.264824    0.0205356    0.0823398     -0.31444    -0.570659     0.032425    0.0491754    -0.045372     0.209506     0.209932   -0.0225358    -0.386099     0.254512   -0.0489837    -0.209047     0.519435    -0.348572    -0.503437     0.650013    -0.356449    -0.440872     -1.52296
  -0.0857489     0.247668    -0.245352    -0.471576    -0.506384    -0.306045    -0.127323     0.218032    0.0414475     0.330784    -0.149733     0.630094     0.146621    -0.299983      0.18955    -0.378011     0.253568     0.605336    -0.185025    -0.506847      0.47694    0.0625453    -0.194799    -0.139913     0.998697     0.383966      0.02097   -0.0212232     0.248992     0.747214    -0.226223     0.795608
  -0.0558794     0.486156    -0.524519    -0.478546    -0.184684    -0.395619      0.14567    0.0572669    -0.390775    -0.602005    0.0895506    -0.216272    0.0734532      0.25995    -0.298955    -0.407636    0.0523137   -0.0815786     0.124385     0.100701      0.04138      0.28284   -0.0841661      1.05499     0.269785   -0.0330997   -0.0798176    -0.375315     0.337119    -0.233152     0.172992     0.360481
   -0.443086     0.177447     0.152788       -0.517     0.128737     0.441748     0.423057     0.166563     -0.21527    -0.599663     0.185732     0.238278     0.110277     0.653189    -0.071555    0.0459379     0.336246  0.000930791     0.502289     0.238232    0.0857615     0.354903   -0.0753868    -0.201999     0.630658     0.135991   0.00372285    0.0573924    -0.609871     0.609198    -0.214759    -0.235678
   0.0482808     0.202675    -0.036882    -0.349252   -0.0863651    -0.193573    -0.126306    -0.105006    -0.437195    0.0220614     0.628814    0.0864359     0.106846    -0.377672      0.54218   -0.0397149     0.123076    -0.164199     0.561422     0.192928    -0.171863    -0.612279     0.224936    -0.445208     0.380474    -0.474262     0.243641   -0.0500593    -0.228424    -0.632191     0.227516      0.16953
    0.578998    0.0580173    0.0339497    -0.207468     0.756777    -0.186277    -0.691791    -0.108845    -0.106618    -0.214927     0.510622    -0.199561    -0.137116    0.0235932     0.156228    -0.503632     0.464496    -0.253221   -0.0721818     0.134555    -0.404302    0.0491015   -0.0397112     0.389841    -0.181068      0.15128     0.339843  -0.00795112     0.148674     0.072246     -0.23718    -0.539881
   -0.485126   -0.0393542    -0.436377    -0.618592    -0.327001     0.454146    -0.646606     0.110229    -0.484715     0.454456     0.421953    -0.425107    -0.130881     0.156965     0.404086    -0.383374    0.0914406 -0.000927157     0.572721     0.198736     0.171595  -0.00424187     0.638753    -0.298289   -0.0486902    -0.251632     0.241318     0.536868    -0.203031     0.166024     0.475637     -0.19969
   -0.615868    -0.527346    -0.144089     0.550977   -0.0768797    -0.179769     0.593827     0.083418    -0.280381    -0.614157    -0.225624     0.121868     0.461524    0.0687255     0.277965     0.321515     0.174168     0.387107    0.0234091    -0.159339   -0.0469567    -0.189518    -0.459746    -0.292686     0.246059  -0.00767859     0.636789     0.160379    -0.121956    -0.103337    -0.512981   0.00428084
   -0.955803   -0.0433761     0.161914     0.590147   -0.0307274     0.100477    -0.479664    -0.263936    -0.184323     0.156238   -0.0756767     0.263401    -0.564118    -0.213778    -0.197677   -0.0547532    0.0030741    -0.476776     0.170748    -0.339378    -0.115023   -0.0273455    -0.167254   -0.0138265    -0.677262     0.129623    0.0346174    -0.354784    -0.273346    -0.544875     0.133479    -0.434285
    0.162247    -0.405707    0.0299032     0.481624     0.483602     0.138002     -0.14407     0.247877    -0.124845     0.484263     0.175008     0.410156    0.0674514    -0.202709     0.489064    0.0165811    0.0265998     -0.40758   -0.0872811     0.432231   -0.0138909    -0.713931    -0.204256     0.186539    0.0370568    0.0606084     0.548899      0.20374     0.371778    -0.164382    -0.285403   0.00272641
   -0.272521     0.232343    -0.152105     0.085921      0.50884    -0.504081   0.00241732    -0.402414    0.0362682     -0.28469     0.297952    0.0853994    -0.561506     0.378874     0.136607    -0.027282    0.0317531    -0.603542    -0.666558    -0.128099     0.199625      -0.5405     0.297651   -0.0378501    -0.478413     0.164531     0.262459     0.277497    -0.233953     0.186593    -0.378724     0.178828
    0.301615    -0.155516   0.00546738     -0.14966     0.289775    -0.142355     0.573474     0.242221    -0.381306    -0.187036   -0.0700858    -0.175217    -0.261943    0.0665019    -0.357208   -0.0188094    -0.198362     0.167605    -0.283271   -0.0526752    -0.053668      0.25273     0.106457     0.170137    -0.124595     0.139323    0.0314624      0.10539    -0.143223    0.0972701     0.126427    -0.789461
    0.431455      0.59064    -0.547156    -0.149757     0.419755    -0.487885     -0.45341   -0.0816279     0.104948    -0.458947    0.0205902    0.0980003    -0.189129    0.0636074     -0.23458     0.275795    -0.187576     0.109642    -0.558898    -0.256592    -0.164523   -0.0633026      -0.1164     0.333531   -0.0359973     0.206553     0.345163     0.239766     0.444614     0.342215    0.0555782    -0.281017
  -0.0779213   -0.0150177    -0.445804     -0.56419    0.0498943    0.0173378    -0.407142    -0.334802    -0.468385    0.0217076   -0.0992786   -0.0593642    -0.425238    -0.142374    -0.168479   -0.0207668    -0.376816    -0.234486     0.210593    -0.370935     0.020961   -0.0286694    -0.195098   -0.0134981     -0.15191     0.265287    -0.345661     0.397211     -0.45158    -0.550016     0.683312   -0.0783599
   -0.150436     0.079756   -0.0188242     0.358639     0.100828    -0.438158   -0.0106961     0.114875    -0.609676    -0.524895   -0.0558886    -0.384904     0.235015    0.0393275     0.254349    0.0610874     0.152683    -0.647329     -0.68446      0.43272     -0.65209     0.327046     0.211886    -0.276056     0.188247     -0.14612    -0.622689    -0.185705    -0.345265      0.10582    0.0495814    -0.168924
    0.313053     0.187763     0.865072    -0.210651     0.838701    -0.119476    -0.488156      0.23066    -0.462663   -0.0412025   -0.0622787     0.294175     0.358832     0.190883     0.130579     0.227901     0.148228    -0.227094     0.473183     -0.17465     0.105059     0.281708     0.407495    -0.319154    -0.696722     0.098128     0.692865     0.866742     0.153164    0.0594974    0.0838267     0.425519
  -0.0376405    0.0290288    -0.169709    -0.626034     -0.62678    -0.200983   -0.0704792     0.100067    -0.781782    -0.022015     0.214406    0.0938381   -0.0117138    -0.244596     0.038997    -0.149369    -0.342651   -0.0628146     0.447052     0.713165     0.245035     0.353342    -0.330782     0.108542     0.198474    -0.170652     0.621846     -0.81776     0.651367   -0.0364792   -0.0824247    -0.378568
   -0.292382     0.266925    -0.135708     -0.66199    -0.119248    -0.325256    0.0298318    -0.227279    -0.243963     0.164032     0.176001     -0.29693     0.136132     0.480429   0.00698889    -0.517843    -0.203533   -0.0787865   -0.0510662    -0.344058    -0.659184   -0.0798342     0.423883     0.292624    -0.519824     0.321018     0.218662    -0.142834     -0.35531     0.424313   -0.0993203   -0.0395697
 -0.00622842    -0.262787     0.415107   -0.0983457    -0.424213  -0.00143926    -0.247561     0.292453    -0.509194     0.218695    -0.399498    0.0373063    -0.494188     0.239658     -0.31723    -0.274622    -0.109523    -0.177199   -0.0916468    0.0731875     0.100159    -0.166689     0.141353    -0.233092     0.126932     0.184583      0.29953    0.0393649      0.10974    0.0991566     0.189421     0.151187
   -0.195985   -0.0414564    -0.327828    -0.404485    -0.027387     0.233524      0.29742     0.282515   -0.0850768    -0.339979    0.0422739    -0.174559    -0.297975     0.303693    -0.376463   -0.0676739   0.00444155    -0.149441    -0.348827    -0.154374    -0.200021    -0.246183     0.230094     0.284658    -0.162579   -0.0309014     0.332464     0.113061    0.0397642     0.438545    0.0729175     0.234939
   -0.360606     0.281008     -1.03697    0.0632848    -0.171256   -0.0724626    0.0628052     0.102193    -0.116921    -0.223159     0.289942   -0.0433676     0.239848    -0.179202     0.138307    -0.651453     0.214224     0.197462    -0.684597     -0.29149     0.067443     0.162762    -0.460671    -0.256856    -0.508292    -0.166475     0.262286     0.199209    -0.418675     0.127297    0.0519815    -0.157821
   -0.421385    -0.212912     0.296749    0.0414417     0.434636    -0.036694    0.0661769      0.28039     0.284627     0.336948   -0.0578767    -0.521415     0.298288   -0.0149856     0.537787    -0.381489    -0.679227    -0.146658     0.205141    -0.760496    -0.270559     0.246484     0.326703    0.0342412     0.286023    -0.703357    -0.359458    0.0796609     0.382803    -0.560863    0.0930236    -0.406825
   -0.212687      1.19021    -0.543148    -0.839152    -0.245421     0.365428     0.550563    -0.132953     0.337691     0.709812   0.00118059    -0.620092     -0.83542    -0.543473     -0.48627     0.616432    -0.902148     0.153893    -0.251801    -0.870576     0.354254     0.579748    0.0352506     0.412944     -1.24667    0.0943047     0.231962   -0.0821541      0.81966    0.0877672  -0.00854209   0.00124203
  -0.0213972    -0.553932    -0.125588     0.342347     0.599034   0.00518673    -0.118138    -0.543224    -0.271407   -0.0769826    -0.238337     0.163154    -0.172476    -0.306581     0.141583     0.307875     0.072361     0.278801     0.370834   -0.0429283    0.0212564    0.0661931    -0.251225    -0.107423    -0.305207    -0.492171     -0.24402   -0.0351293    -0.647254    -0.489784 -7.03693e-05    0.0298818
   -0.379809       -1.025     0.177461    -0.421795    -0.136546     0.223119      1.90258    -0.142582     0.367238     0.753243     -0.41646      0.30079    -0.901176    -0.394539    -0.139963    -0.326437    -0.951665      0.26284    -0.238787    0.0422281     0.614711     0.114951     0.209082     0.319877     0.246791    -0.014452    0.0519344    -0.399032    -0.573706    0.0143775    -0.904507    -0.020523
   -0.332928     0.428206     -0.16161     0.270032    -0.200638     0.350149    0.0945749     0.149612    -0.296498     0.500875    0.0325769    -0.032099     0.375424    -0.101014    -0.237866     0.285315    -0.186411    -0.148921     0.433856     0.099653     0.444637    0.0845047      0.23005     0.177133     0.400444    -0.659614    0.0587609    -0.141207    -0.415083    -0.472865     0.608118    -0.320647
  0.00317917    -0.255224    -0.412402    0.0782649    -0.118643    -0.261397    -0.464885     0.294464     0.220607    0.0572015    -0.274794    -0.353155    -0.276324    -0.515136    -0.203023     0.527349    0.0100894     0.287173    -0.020983   -0.0138553    -0.332202    -0.304499     0.137059    -0.401382   -0.0978753   -0.0888437     0.136851    -0.263433    0.0144499    -0.311893     0.416286     -0.17521
    0.469541     0.456549     0.565486    -0.363755   -0.0595893    -0.288081    -0.289365     0.332494    0.0631298     0.401425     0.154817    -0.152933    -0.282733    -0.505542    -0.361091    0.0258505     0.270439    -0.368453    0.0226691     -0.87308     0.147344    -0.473857     0.426019      0.26041     0.217397     0.280015    -0.023584   -0.0995841    -0.124868    -0.121058     0.235658     0.318747
   -0.524912     0.476806    -0.205372     -0.27362     0.393882     0.656685   -0.0229306  -0.00349273     0.177713     0.432806     0.280454    -0.508699    -0.278214    -0.916362    0.0795871    -0.366487     0.311418    -0.016688    -0.174583    0.0188426     0.128642    -0.317346      -0.3649    -0.237763    -0.266966    -0.613625   -0.0919794     0.328707     0.181392     -0.15776     0.477147   -0.0946473
    0.189344     0.276804     -0.36609     0.092002    -0.314641     0.190956     -0.74933    -0.454368     0.278549    -0.386598     0.121058    -0.488306     0.165698    -0.248508     0.383924    -0.419945     0.175667     0.007003     -0.12018     0.043348     0.122167   -0.0377054     0.099771    0.0777321    -0.677334     0.790543     0.508708   -0.0290966     0.611645     0.319233    -0.065844     -0.36448
    0.217817     0.299022   0.00613304    -0.385027    -0.599319    -0.606308     0.241806     0.388259     0.387878     0.556755    -0.258771     -1.13932     0.692457    -0.935056    -0.238569    0.0717263    -0.253794     -1.08173    -0.453615    -0.271959    0.0429112     0.113192       1.1913     0.452877     -0.41929     0.373553    -0.294374    -0.533592   0.00594874     0.202512    0.0166317     -0.11923
    0.165676     0.181238    -0.258925    -0.432986    0.0782162    -0.123977     0.382031   -0.0239259    -0.312717     -0.16731    -0.125662     0.219104      0.11873     0.191351    -0.163417    -0.476398   -0.0570099     0.162945    -0.408484     0.290945     0.392556    -0.164982    0.0408237    0.0602732    -0.566027   -0.0414601     0.270511    -0.329031    0.0428517     0.392606      0.14514    -0.297278
   -0.415481    0.0181993    -0.274746    -0.120745    -0.106333    -0.347907    -0.329399    -0.398495     0.352953   -0.0915964    -0.625366    -0.461059    -0.255807     0.171971     0.108851   0.00205264    -0.252481    -0.332473     0.178933    0.0181585    -0.345668     0.482078   -0.0453306   -0.0746189      0.19909   -0.0441725     0.346383    -0.526391    -0.100618    -0.140434     -0.22561   -0.0839461
    0.223344   -0.0182951    0.0607251     0.360821     0.133775    -0.138089    0.0706588    0.0578399    0.0657416     0.126448     0.534084    0.0656565    0.0833593    -0.353521    -0.375036    -0.355199  -0.00624237    -0.587155     0.145475    0.0432699     0.197034     0.351789     0.227615     0.168846    -0.229728    -0.342599     0.354856     0.380756    -0.325453     0.319675    0.0914405    -0.125937
  0.00233113   -0.0157147    0.0682143      0.20292     0.346924    -0.368178    -0.136674  -0.00233573     0.101126     0.177618    -0.163524    -0.460536    -0.212919   -0.0135337     0.643561       0.0248    -0.480383      0.60018    -0.380946    -0.394382    -0.186348    0.0952434    -0.295614     -0.15685   -0.0363594   -0.0637065     0.429058    -0.197277    -0.155512     0.514659    -0.241826    -0.212024
   0.0146387    -0.105296     0.381289     0.310834    -0.464627     0.481947     0.499948    -0.113029     0.217457    -0.399499     0.567655    -0.296023    -0.153077    -0.203764    -0.716503     0.407511    -0.289472     -0.22283    -0.117085    -0.291205   -0.0521984     0.671581    -0.161398    -0.478572     0.296521    -0.485474    0.0433356    0.0645043     0.134035     0.768236    0.0942541     0.340241
    0.485579     -0.10619      0.43582    -0.202352     -0.25406     0.378415    -0.273324      -0.9546    -0.232911     0.144862     -0.12901     0.489004     0.182752     0.108095     0.339962     0.134152   -0.0627043    0.0103582     0.210954   -0.0271548     0.484387   -0.0308318    -0.050686     0.056206   -0.0765866   -0.0823651    -0.564897    -0.125416     0.710003    -0.111683    0.0351099   -0.0532041
   -0.183394     0.221811     0.227305     0.291258   -0.0607222     0.331308    -0.204202    -0.125369    -0.019014     0.895506    -0.415956  0.000254685    -0.015532    -0.241865    0.0863539     0.157873   -0.0216853    -0.306759    -0.241281    -0.342335     0.190604     0.471332     0.824277    -0.218967    0.0739604    -0.487549     0.186034    -0.434285     0.512755     0.182764    -0.237028    -0.300192
   0.0481218    -0.142233       0.1585     0.548243    -0.164981    -0.441196    -0.314211    -0.128055   -0.0985504     0.462439   -0.0184247     0.216002     -0.39011     0.268167   -0.0483612    -0.111431    0.0776946    0.0790427      0.16903    -0.326594    -0.469764     0.252388   -0.0476835     0.288542     0.270636    -0.222096    -0.241811     0.378334     0.330876     -0.07723    -0.119061     0.513306
   -0.165213    -0.228292    -0.368221    0.0815662      0.17639     0.130954   -0.0677881     0.275774    0.0206779    -0.387858     0.439133    -0.190297      0.12976      0.21798     -0.21557     0.251719     0.275452     0.119102    -0.114823     0.941388      0.36119    0.0281507    -0.526815    -0.482515    -0.453352    -0.742773    0.0849679    -0.146191    -0.461248     0.122774      0.13547     0.187506
   -0.260357    -0.425457    -0.124745    -0.326861   -0.0765506     0.283944     -1.07547    -0.713385     0.627084      0.49926    -0.577815     0.249184    -0.713737    -0.032365    -0.270223    -0.248661    -0.448973   -0.0271489   -0.0990214   -0.0853184    -0.921319    0.0686079    0.0630908    -0.847725     0.264956    -0.849288    -0.166528  -0.00853263   -0.0125168    -0.486091    -0.154428    -0.846754
   -0.720669    -0.207133      0.30888     0.146325    -0.615508    -0.246913     -0.10675    -0.371538     0.749077   -0.0345464     0.064074    -0.165159    -0.599649    -0.173082     0.635735     0.417279    -0.469765     0.186653     0.175912    -0.381502     0.271555     0.111876    -0.285288     0.195159    -0.153357      0.27952     0.467165    -0.627216     0.257126    -0.340122    -0.145454     0.474011
