    0.256522     0.437399    0.0312524   -0.0173488    -0.393336     0.239683   -0.0343795    -0.208916     0.884049    0.0680453    -0.261862    0.0321091     0.369766    -0.296606     0.224367    -0.191571    -0.167221    -0.721077     0.691219     0.130716  0.000481419    -0.204283     0.132327     0.277047   -0.0896301    0.0319835     0.384916      0.26955   -0.0478282     0.316632    0.0954944     0.113133
     0.15372    -0.259565    -0.316758     0.484756    -0.808119     0.336825      0.70593     -0.75922     -0.11808     0.124632     0.301509    -0.195694     0.779839    0.0600752   -0.0968541     0.301844    -0.138927    -0.711157     0.153393     0.299976    -0.278512     0.427044    -0.605214    -0.249729    0.0822513     0.265522   -0.0408715     0.616296    0.0842171    0.0490648    0.0182272    -0.455664
   -0.230064     0.555325     0.223908     0.173992    -0.234251    -0.526869     0.259125    -0.730545     -1.03928     0.577207    -0.355165     0.486634   -0.0873183    -0.241143    -0.748124    -0.219224     0.534077     0.359161    -0.622583    -0.275403    -0.200523    -0.027067    -0.528408    -0.567646   -0.0825243     -0.60632     0.160925      0.68225      0.13168    0.0188538    -0.124825    0.0346506
   -0.225664   -0.0482938     0.527572  -0.00477049    0.0299642    -0.354029    -0.434329     0.112818    -0.611275     0.612399     -1.17235     0.284659    -0.946186   -0.0357345    -0.264457     -1.60822     0.773236    -0.506675    -0.364631     0.532047    -0.304872     0.574238   0.00172771    -0.689965     0.438329    -0.311058   -0.0018848     0.626463      -1.0292    -0.215021      0.27785    0.0879559
  -0.0678623    0.0390136     0.251995    -0.531754     0.738454    -0.254778    -0.364593    -0.209917    -0.331967    -0.373875    -0.067528     -0.31061     0.492214    -0.710339    -0.163693     0.572256   -0.0630311     0.629655     0.142027    -0.140239    -0.423701     -0.23452    -0.372364    -0.228707    -0.105868    -0.350574     0.513886     0.610152     0.658141     0.429371    0.0420262    -0.077556
    0.241133  -0.00622085   -0.0500564   -0.0951691  -0.00329565     0.224321    -0.710789    -0.276074    -0.259621    -0.278785     0.323732    -0.100484     0.145795   -0.0917522     -0.12039      0.33172    0.0248388     0.115315    -0.193718    -0.317652     0.226759       -0.367     0.140936     0.372019     0.406895    -0.519215    -0.179452   -0.0372576    0.0374854    -0.590532    -0.365347      -0.1848
    0.653444     0.145957     -0.18418    -0.319081     0.266884    -0.197262     0.855995    -0.165275    -0.392016    0.0866362    -0.253455    -0.343685     0.317455    0.0624238     0.501829    -0.110112   -0.0010721     0.483051     0.266423    -0.338367    -0.117905     0.182481     -0.31795    -0.995902    -0.233057     0.390518     0.226172     0.338053     0.332617    0.0138868     0.423325     0.266953
     0.13427    -0.029019   -0.0539721    0.0644754   0.00488006     0.458965   -0.0911671   -0.0295696     0.137602    -0.064904     0.132649   -0.0295546     0.471069     0.363299     0.275723    -0.343937   -0.0706653     0.206467     0.178628    -0.119992    -0.179445    -0.102328    0.0382911    0.0133312   -0.0501145      0.20728    -0.072409    0.0523161    -0.126197   -0.0784654     0.362253     -0.20214
   -0.205049     0.702755    -0.602992    -0.153164     0.135749     0.453778     0.112475   0.00938992      1.28979    0.0346111    0.0362102      0.18156     0.343827    -0.850875     0.356385     0.201408 -0.000527487   -0.0639607     0.217321    -0.325632    -0.055773     0.385966     -0.27389    0.0445408    -0.178793    -0.185892     0.241286    -0.104309     0.423395    -0.123167     0.795244   -0.0226566
    0.100297     -0.54103    0.0935883    -0.097849   -0.0696521     -0.30543   -0.0140294    -0.577516     0.236123     0.140161    0.0192845     0.315445    -0.381443     0.329986    -0.197098    -0.115397    -0.449987    -0.260266      0.37107     0.620445     0.537403     0.315544    0.0433479    -0.356702   -0.0876935    -0.129476    -0.208268     0.842001    -0.554906    0.0599406    0.0202193   -0.0325721
    0.274164    -0.425696     0.169826    -0.291378    -0.266398     -0.42917     0.105966    -0.568039   -0.0277724     0.245245     0.312252     0.025964     0.192361   -0.0716494    -0.153533     0.262863     0.201033   -0.0626529    -0.187739     0.421285    -0.414465    -0.226467    0.0635694    -0.390929    -0.206996    -0.541767     0.376487     -0.28555     0.177799     0.240929     0.223356    -0.380526
    0.455142    -0.267345   -0.0673232  -0.00478275    0.0819222    -0.278324    -0.477246    -0.274348     0.052443    -0.128825    -0.165876     0.524804   -0.0487271    -0.196634     0.331571      0.95692    -0.817756   -0.0791095     0.408809     0.271262    -0.217071     0.208716   -0.0750111    -0.647145     -0.54622     0.223647    0.0315428     0.779453    -0.334992   0.00356061    -0.183154     0.812632
   0.0781748     0.599373    -0.513524     0.137237   -0.0422391    0.0733761     0.373036    -0.341514    -0.214716   -0.0106174   0.00990569     0.148847    -0.114049     0.243929   -0.0700941    -0.819733     0.215238     0.204065     0.493371      -0.1552    -0.186025    0.0758492      -0.3165    -0.214443     0.602969    -0.352047     0.251635     0.689493     0.349635   0.00295746   -0.0732617   -0.0561352
   -0.331881 -0.000954427    0.0877923    -0.125028   -0.0741711      0.34494     0.366287     -0.52403     -0.45398    -0.126528     -0.08452     0.278943     0.705854    -0.324975    -0.488261     0.398668    -0.318528    -0.635211     0.291402    -0.110899      0.28579    0.0339946     -0.53728     0.231176    -0.117565     0.551618    -0.170908    0.0132414    -0.221406     0.335742     0.102577     0.325836
    0.538496     -0.10898     0.294009    -0.195342      0.24267    -0.233416    -0.308729   -0.0646675      0.34966     -0.13808     0.189291  -0.00960161    -0.491573    -0.581569     -0.41535     0.210709     0.035434    -0.244841      0.35098    -0.453777    -0.126372     -0.27788    0.0896579   -0.0866684     0.427179     0.300384     0.152139    0.0364349    -0.466801    0.0530822  -0.00287413     0.100996
   -0.237081     0.221898    -0.198469    0.0293133   -0.0194036    0.0664033    -0.296316     0.354208    -0.226011     0.125319     0.527445     0.203945     0.327279  -0.00384993    0.0781685     0.105662    0.0592815   -0.0745783    -0.158683    -0.149422   -0.0296877   -0.0825427    -0.070976     0.146444    0.0125644    -0.255564     0.170575     0.261866    -0.175903    -0.219728    -0.316007     0.278615
   -0.555638    -0.205887   -0.0271417    -0.333238    0.0636971    0.0258297    -0.396517    0.0882873   -0.0797165   -0.0687911      0.54332    0.0110355    -0.323882   -0.0893372     0.148845     0.039691     -0.30871    -0.600411     0.257099     0.312506  -0.00375207    -0.310897     0.261444    -0.376195     0.285544     0.219806  0.000314059     0.116127     -0.10408     0.165229     -0.25155     -0.48447
    0.380759   -0.0469248     0.110993     0.234738     0.677289     0.160695    -0.477001   -0.0916438    0.0598154    -0.169012     0.523343     0.203636    -0.508762    -0.533272    0.0425778   0.00488153    -0.529092     -0.24643     0.311577     0.241921      0.35459     0.516326    0.0168944    -0.384503  -0.00205875     0.198996    -0.799545     0.410902    -0.320677     0.192843     0.354447     0.269437
  -0.0664801    0.0144548     0.403698     0.202767     0.641056    -0.269987    -0.317433     0.079937     0.252886   -0.0856857     0.344766    0.0132391    0.0198581   -0.0569145     0.246856     0.236742   -0.0902917    0.0939029     0.308708     0.200645    -0.244939    -0.079233    -0.275016    -0.567756    -0.149772    -0.275524    -0.180247   -0.0816307     0.215256     0.285001    -0.242707    0.0853922
  -0.0255477     0.227226   -0.0137339    -0.226509    -0.115496    -0.324766    0.0158071     0.494457   -0.0100517    -0.161261    -0.141024   0.00912763   -0.0990652     0.299995    -0.431066    0.0775008     -0.15196    -0.211827     0.324618    -0.205412    -0.240142     0.259788    -0.313789     0.130934     0.400811  -0.00066591    0.0900247    -0.303058    -0.482017    0.0246791     0.030971    -0.167252
    0.139217     0.124579     0.313307    -0.183009    -0.114086     0.250833     -0.15719    -0.482339    -0.233657    -0.161733    -0.278269    -0.698192    0.0329634    -0.194348    -0.136394    -0.269447   -0.0686678      0.41228    -0.327186    -0.590257    -0.674633    -0.252109    -0.498269    -0.146181     0.604545     0.540649    -0.112225    0.0066293    -0.349833     0.461594    0.0133334   -0.0180335
   -0.477743   -0.0134515    -0.135971    -0.254036   -0.0628889     0.222278     0.241875     0.047736   -0.0574217     0.272122     0.191993   -0.0446474   -0.0731452    -0.286908     0.206229     -0.29235    0.0604255     0.265936    -0.441071    -0.191283   -0.0182994     0.231814     -0.27861     0.225104   -0.0533033     0.251768   -0.0376476     -0.47704    0.0559505    -0.338502     0.166458    -0.326181
   0.0171235    -0.101731    -0.245453     0.130719    -0.597822     0.135439     0.510348     -0.29635     0.283731     0.086573    -0.219562     0.698208    0.0333789     0.146504    -0.188823     0.205353    -0.444869  -0.00964585     0.206464   -0.0960417     0.589566   -0.0432057     0.100506     0.200287    0.0763619   -0.0807771     0.142629     0.371181    -0.117449     0.621218    -0.110336     0.396578
    0.243452    0.0968479     0.368892   -0.0918094    -0.099568    0.0165603     0.182941    -0.363212    0.0915465    -0.129795     0.441913    0.0551798   -0.0329895     0.296407   -0.0276662     0.100132    -0.015972   0.00854923    0.0498332    0.0547173     0.147005    -0.168604     0.484455    0.0165007   -0.0632621    -0.328905      0.35633     0.131844     0.177401     0.114055    -0.345327    -0.124435
  -0.0855839     0.753028     0.192914     0.114752     0.158505    -0.633329   -0.0936844    -0.363993     0.127668    0.0712015    -0.208522     0.294135     0.190937    0.0528555     0.322971     0.243591     -0.28754    -0.686063     0.207878     0.238492     0.704922   -0.0501152     0.205822    -0.485862    0.0752161     0.117463     0.485734     0.325586    -0.179592      0.26946    -0.255848     0.173703
   -0.116736     0.115241    -0.192311    0.0215749    0.0265683    0.0485239    -0.515764   -0.0607124   -0.0855908    -0.252525      0.11232    -0.447877    -0.488508   -0.0314869     0.564373     0.325871      0.09518     0.283746    0.0364735   -0.0897489    -0.233985     0.131525    -0.095524    0.0612408     0.336435    -0.394234   -0.0285333  -0.00347521   0.00258824     -0.21799   0.00302605    -0.340252
   0.0652928     0.803477   -0.0182112    -0.191194     0.361663     0.124046    -0.194292     0.312519     0.443404   -0.0792728   -0.0592309    -0.201992     0.364292    -0.274381    0.0935524     0.156503     0.489108    -0.268389     0.526813     -0.20259     -0.17004    -0.164804     0.495368     0.019675    -0.150943    -0.256242     0.250411     -0.17111     0.524204    -0.245839     0.132245    -0.678635
   -0.176537   0.00862584    0.0411783   -0.0670481    -0.205067  -0.00665381    -0.392893    -0.170785     0.042332     0.045381    -0.332693    -0.431732    -0.100909   -0.0578757     0.285205  -0.00859571   -0.0257583    0.0416268    -0.438811    0.0444633    -0.206068     0.250653    -0.226092    -0.104361     0.188882    -0.514098    -0.464038   -0.0388364    -0.335643    -0.193109    -0.168452    -0.158022
   -0.488023      0.21468    0.0514613    -0.073912    -0.268912    -0.262201      0.55547    -0.929028    -0.224663      0.16101    -0.156371     0.183082      0.33146      0.14946   -0.0326574     0.145047    -0.453677      0.59192    -0.269658    0.0582928     -0.21753    0.0264984     -0.05096   -0.0833292    0.0806732   -0.0884855     0.323361    0.0631282     0.582232    -0.117863    -0.125733     0.112687
   -0.329195   -0.0955743    -0.358285     0.561828     0.222941     0.335035    -0.139625    -0.459509    -0.842525     0.243764    -0.067412    -0.499321   -0.0457144     0.092508    0.0946771    -0.481424      0.11393     0.106193     0.132657     0.148908  -0.00426109     0.160737    -0.229728    -0.401762   -0.0277615    -0.371467      0.20734     0.667842    -0.416325    -0.229611    -0.413553    0.0995805
   -0.145238  -0.00540811    -0.143398    -0.467783    -0.157523     0.398052    -0.210629   0.00664937     0.104761    0.0845601   -0.0121811    -0.281256    -0.584217   -0.0151762   -0.0744892     0.454468    -0.259736     -0.56502     -0.11155    -0.104863    -0.147562    0.0605216     0.454708     0.100343    0.0493729    -0.302074    0.0784684    -0.037357    -0.176518    -0.126791   0.00208131   -0.0249466
  -0.0407526   -0.0903727     0.243853    0.0264378    0.0499093    -0.148408    0.0795096   -0.0614335   -0.0191166    0.0104589    -0.328566     0.261158    0.0462218   -0.0164204    0.0122322     0.273533     0.329077     0.115988    -0.165421    -0.201898   0.00146617    -0.316447    -0.103975      0.25802    -0.268149   -0.0678751     0.152793     0.137553     0.264488     -0.11403    0.0407243     0.311575
    0.059473   -0.0391435    -0.121661     0.545464    -0.395042    -0.309936    -0.360487    -0.404319   -0.0326697   -0.0271363    0.0124425     0.357743    -0.248153    -0.349967     0.140863    -0.235165    0.0729669    -0.232421     0.168317   -0.0617661     0.810798     0.275894   -0.0555532    0.0313167     0.329876   -0.0737974     0.419327      0.41058   -0.0503045     0.202413     -0.07226    0.0359775
    0.564326     0.195356    0.0447084   -0.0678191     0.502643     0.345001     0.206701     0.517983    -0.418113    -0.435537     0.551945     0.373691    -0.201246     -0.29273    -0.500126    -0.200919      0.10239     0.403429     0.322213    -0.363272    0.0700831     0.312246    0.0131443    -0.617944     0.341669      0.18603     0.232212    0.0123121     0.337916     0.205348   -0.0741636     0.359732
  -0.0259338    0.0246501    -0.247331   -0.0679868   -0.0851862   -0.0857112    -0.351091    -0.703787   0.00840059    0.0564165    -0.471789    -0.111935       0.3856    -0.160899    -0.661051    -0.497966     0.519212   -0.0636699    -0.287143    -0.117546     -0.24089    -0.022882     0.150027    -0.284286     0.445371     0.217583     0.344381      0.21682   -0.0933887    -0.208616    -0.507394     0.448453
    0.119398     0.194826      0.13519     -0.30943     0.106318   -0.0345337    -0.114054     -0.71247    0.0355188     0.306904     0.269456     0.222359     0.400809    -0.299582    -0.179696     0.136334  -0.00936665      0.64079    -0.178177    -0.543282   -0.0693031    -0.134328     -0.16166    -0.558376    0.0713495      0.22909     0.473777    -0.368219     0.328913    -0.182371   -0.0406805    0.0767925
   -0.173938     0.454094   -0.0044598    0.0327331   -0.0768924    0.0514354     0.382994   -0.0255694   -0.0188815   -0.0410307    -0.247233   -0.0230787   -0.0122546    -0.148943    -0.533456    -0.332429    0.0293274    -0.262809    -0.336526     0.091457    0.0578441     0.749534     0.392485   -0.0754852    -0.414391     0.288363    -0.135065     0.545416    -0.272634    -0.174887    0.0103044     0.450003
 -0.00944962     0.446377     0.422026    -0.187769     0.211306    -0.319294    -0.278333    -0.372604     0.379505   -0.0854363    -0.212436    -0.258363    -0.232565    -0.137432    -0.436593     0.307696   -0.0808028   -0.0949662    -0.310225    -0.144875    -0.374246     0.162048     0.653437     -0.39032   -0.0963123    -0.487772     0.132734     0.322107    -0.501977     0.143885     0.271327    -0.384977
   -0.397324     0.149391    -0.106554   -0.0208076    0.0990542     0.243299     0.200292    -0.422326     -0.21006      0.20353     0.224362    0.0279014     0.570255     0.092808    -0.112481      0.19823    -0.180559     0.550046    -0.269333    -0.155932    -0.532221    -0.183739     0.114884     0.180876    -0.307914    0.0499136     0.229324     0.211023     0.347504    0.0871328     0.267572    -0.447749
  -0.0379152     0.184749    -0.362409    -0.103842    -0.121086    -0.398422    0.0819921    0.0640815    -0.165561     0.045121     0.484512    -0.396961     0.172891     0.180016     0.668581     0.250054    -0.470012     0.389363     0.472393    -0.349647     0.379064    0.0485112    -0.145807     0.157187    0.0253644     0.172395     0.374679   -0.0754222     0.436069      0.17823     0.454753    -0.345631
   -0.259538     0.244431     0.210381   -0.0802648    -0.293116     0.415043     0.206979    -0.521997     0.196676    -0.239228    -0.298369  -0.00727983     0.313645    -0.536107    -0.357385    -0.555027    0.0153541    -0.115185     0.101112    -0.389666    -0.254613    -0.174071    -0.444901    -0.230689   -0.0687592     0.124028     0.351843     0.484785   -0.0906637   0.00735393     0.325352    -0.237399
   -0.142205    -0.337558     0.397268     -0.18022    -0.167279    -0.408488     0.278376    -0.245395    -0.327874    0.0726537    -0.176267   0.00520397    0.0270968     0.491101    -0.696661     0.295745     0.122304     0.251832    -0.453298     0.329283    -0.162425    -0.373086    -0.277984    0.0812694     0.293351     0.179771     0.387946    -0.653438     0.566785     0.129488    -0.166592     0.432055
    -0.10722     0.549152     0.188148     0.744042     -0.33385    0.0741747    -0.265701    -0.399653    -0.245379    -0.566692     0.352333     0.175661     0.089062  -0.00117881    -0.209682   -0.0684005     0.245924     0.197235   -0.0619144     0.344358     0.198564   -0.0602625   0.00777404    -0.690872    -0.823692    -0.322316    0.0124895     0.415931    0.0923789   -0.0857505     -0.35554    -0.182944
   -0.614388     0.116264     0.245267    0.0375603  -0.00359137    -0.302333    -0.342778    -0.015665    -0.278458    -0.406086   0.00875016     0.337744     0.208144     0.081197    -0.140176    -0.248803    0.0516861    -0.201977    -0.016026     0.255241     0.087792     0.369377   -0.0380839    -0.442837    -0.185335   -0.0357863    0.0296391     0.104446    -0.268317    -0.234762    -0.369943     0.108578
    0.516938    -0.245774     0.468675     0.287188    -0.115338    0.0202003    -0.317331    0.0547905    0.0222975    -0.281154     0.261832    -0.189057    0.0835032    0.0876098     0.164347     0.328901     0.429275    -0.173629    -0.377608     0.166008    -0.274956      0.15965    -0.344508     0.232474    0.0103343    -0.312127    -0.950163   -0.0119166    -0.128637    -0.144016    -0.172902    -0.314503
    0.277603     0.166239     0.104259   -0.0627794     0.168294     0.133424     0.102792     0.272948   -0.0672729    -0.122835     -0.24601    -0.416029   -0.0079971     0.503033     0.106197    -0.202008   -0.0405168     0.139055     0.132549    -0.134777     0.192937     -0.31209    -0.413653   -0.0518287    -0.111443    0.0775632   -0.0166304    -0.100368   -0.0577724     0.217183    -0.632694   -0.0508724
   -0.235659   -0.0274854    -0.266915     0.176304     -0.36253     0.147025    -0.293769    0.0781391     0.137279     0.120651     0.199877    -0.168453   -0.0410253    -0.100632    0.0910657   -0.0675737     0.178729    -0.230922    -0.183226     0.356141    0.0874809    -0.091937   -0.0291471    0.0660209    0.0413786    -0.466708    -0.271871    0.0503787  -0.00375273  -0.00848421     0.500171       0.1658
   -0.140531    -0.050199    -0.262151     0.141846   -0.0793005     -0.27574   0.00134567    -0.197149    -0.283818     0.248889     0.250223    0.0791586     0.207249     0.718833     0.149698     0.287958    -0.364348   0.00982133   -0.0721687     0.246008    0.0570649    -0.132756    0.0758044   -0.0603356    -0.241618     0.193235     0.259113  -0.00061659   -0.0553824    -0.371211    -0.526477    -0.388768
   0.0123319     0.289806     0.255476   -0.0525969    0.0408708    -0.617532    0.0857391   -0.0700171    -0.113352     0.262722    -0.102155      0.20872   0.00527931    -0.216938    -0.443276    -0.128185     0.369745    -0.304504     0.269092     0.548362     0.305421      0.85564    -0.506975    -0.625525      0.27483     -0.36147     0.263066     0.189628    0.0274845     0.267078     0.454488    -0.375695
   -0.149921     0.414515    -0.143977     0.331113   0.00336916    -0.117706     0.433177    -0.380303     0.280674    -0.152399    0.0702528    -0.208179    -0.197511    -0.237653     0.204359    0.0397584     0.399412     0.521344    -0.399652    -0.330886    -0.310406    -0.090171    -0.318174     0.163886   -0.0801768    -0.338383   -0.0172974    0.0687178      0.22579   -0.0441389     0.139005     0.036646
   -0.107673   -0.0990351     0.343257    -0.621899    -0.333933     0.239677    -0.207097      -0.3198     0.280027     0.237965    -0.478177     0.330102     0.135606     0.264839    -0.304183     0.063128     0.470837     0.305518     0.314122     0.185114     -0.23576    -0.206754    -0.204574    0.0550894    -0.033738    -0.271108     0.110904   0.00440062    -0.122231    -0.460665    0.0150664   -0.0702868
    0.128807     0.121786     -0.43861    0.0722637    0.0209571    -0.242617   -0.0705486    -0.136104   0.00213146     0.292064     0.476462      0.17169    -0.105093     0.093896    -0.346499     -0.21753    0.0368013    -0.278273     0.261152     0.233673    0.0399713     0.362036    -0.026262     -0.30155     0.223039    -0.140817  -0.00918761   -0.0205951      0.35814   -0.0743386     0.475795     -0.26691
   -0.286785    -0.198749     0.274026    -0.324918    -0.311834  -0.00273075    -0.156264    -0.301856   -0.0684959    -0.277936     0.289449    0.0744039    -0.139598    -0.213141    -0.219224      0.01571     0.314071    -0.250338    0.0360953     0.281421     0.100226     0.125045    -0.193832    -0.220303    -0.397847    -0.489057    0.0264334     0.605035     0.131263     0.108965    -0.170556     0.522356
   -0.274829     0.214557    -0.139611     0.128617     0.102339    -0.224547     0.190715   -0.0866657     0.115208     0.229458    -0.366983     0.125389     0.259966     0.147175    -0.151469   -0.0293113     0.211797    -0.233352    -0.127386    0.0780399    0.0471103    -0.102569      -0.1422     0.274741    -0.124112    0.0461175     0.567299    -0.261477    -0.150844    -0.222852     0.546741     0.111939
    -0.02837   0.00670885   -0.0274892    -0.439576    -0.271082     -0.13282    -0.221015   -0.0244345    -0.636123    -0.662215     0.736663    -0.706768     0.206903      1.00015    -0.721614   -0.0490605    0.0694893     0.679093    -0.137206    -0.276566     0.391614  0.000647156    -0.260198     0.311548   -0.0863028    -0.214142     0.206751    -0.263813     0.470731     0.192825    -0.470414    -0.636408
    0.177661     0.143044    -0.142798     0.148094    -0.238044    -0.386228   -0.0258335    -0.296347    -0.237191     0.146743     0.261061     -0.20593     0.474357   -0.0392075    0.0257473     0.484769    0.0860691     0.437865    -0.241163    0.0816716      0.26691   -0.0664495    -0.146261    -0.123975  -0.00717128    -0.382816     0.218653    -0.148139     0.203026    -0.231687    -0.122322    -0.621023
   -0.507342     0.410132     0.268024    0.0183139    0.0639335     0.584468   -0.0865282   -0.0562287    -0.168634     -0.54782    -0.321422   -0.0526058      0.58326    -0.380293     0.453484    -0.111842   -0.0167267    -0.063577     0.309629    -0.315097    -0.212411    -0.386756    0.0303876     0.127025    -0.142532   -0.0530483     0.355287     0.240343   -0.0713389    -0.132916     0.150259     -0.13241
   -0.711177   -0.0595269   -0.0818027     0.329444     0.023468     0.261341  -0.00306965    -0.275481     0.296244    -0.169965      0.51986     0.592356     0.543132     0.469819     0.198733   -0.0304416      0.22013     0.474861   -0.0205541    -0.318793     0.426651    -0.336253   0.00747919      0.28046    -0.256595    -0.355099    0.0236391     0.448247    -0.242268      0.22038    -0.527883     -0.11275
   -0.519885    -0.287046     0.377089    0.0377829   -0.0459275   0.00853861    -0.171135    -0.374882      0.10437    -0.191673   -0.0585569    -0.330617     0.144901     0.373585    0.0126895    -0.156303   -0.0492293    -0.229675    -0.340581     0.192458     0.216399    0.0971998     0.193249      0.16375    -0.294751    -0.191797   -0.0382059   -0.0717924     0.220661    0.0466722    -0.050181   0.00252915
   -0.122422   -0.0438539    -0.155768    -0.351828    0.0485768    -0.243051   -0.0123776     0.105133      0.28147     0.230146    0.0955974    -0.167989     0.178866     0.055246     0.064793     -0.25591    0.0568566    -0.567085     0.299598    -0.347896    -0.180664   -0.0278083    -0.697443    0.0149504    -0.129646    -0.117703   -0.0214455    0.0149947    0.0296144     0.111149   -0.0356104   -0.0740518
   -0.574132    0.0279112     0.314703     0.194783    -0.208708    -0.054173     0.285193     0.239648    -0.173706    -0.192245    0.0355656    -0.315354      0.18089     0.191851    0.0441232    -0.197991   -0.0228175    0.0265509     0.230958   -0.0876648     0.260951     0.483369    -0.515624    -0.723219     0.394769      0.53683     0.581923     0.357399    -0.181888      0.75514     0.254114   -0.0526069
    0.148533     0.153229     -0.15613     0.294594     0.104488     0.217931     0.159832    0.0011076   -0.0611458     0.197017     0.202099     0.242535    0.0571691   -0.0246288      0.30838     0.116094    -0.144564     0.195033     0.211576   -0.0603847    -0.179919     0.251345      0.02943     0.083447    -0.278464     0.379066    -0.259628     0.454219    -0.272373     0.301769    -0.596374    0.0978346
    -0.36306      0.23341     0.033511     0.264013     0.103272      0.26489    -0.307578    -0.484876    -0.334701    -0.100361     0.217724     0.051391    -0.232067    -0.198826     0.203673    0.0916639    0.0968102     0.318042   -0.0828316    0.0925361     0.205837   -0.0511316   -0.0814001     0.140896     0.257718    -0.094468     0.182238   -0.0420637     0.333834    0.0184641    -0.244421    0.0664249
   -0.165711    -0.287284     0.117484    -0.107004    -0.255105    -0.122723     0.330733     0.109799    -0.369903     0.169027    -0.196695    -0.138479   0.00331228     0.132574    -0.107655     0.310248   -0.0418716     0.479094      0.11466       0.2668    -0.450558     0.309024    0.0124322    0.0927843   -0.0136702    -0.317165    -0.244257    -0.149765     -0.26106    -0.125566  -0.00582549     -0.13307
    0.228066     0.233401     0.487899    0.0513036   0.00913963    -0.120968     0.426542    -0.734133    -0.487724     0.245151   -0.0972709     0.310322  -0.00631834      0.44214    -0.451811      0.41135     0.158509     -0.21059     0.184799    -0.162636     -0.36823  -0.00250505     -0.11881     0.106155    0.0474483     0.317618     0.199872     0.296641    0.0134077    0.0656723    -0.440791    0.0149978
    0.106081     0.375951    -0.204405     0.474203     0.389375   -0.0195789    -0.149847     0.337915     0.056397    -0.150958   -0.0304406     -0.17895     0.339431    -0.128718     0.488861      0.10577     -0.45569     0.436854    -0.101971    -0.106957    -0.141849    0.0420697    -0.267854     0.220336     0.251777     0.214851     0.357042    -0.621876   -0.0734435   -0.0296786      0.61352   -0.0578243
    -0.29816    -0.308481     0.343604     -0.44267      0.19729     0.127961    -0.101359     0.285563    -0.367975     0.373415     0.020295    -0.778444      0.14732   -0.0309609     0.145627   -0.0374399    -0.132895    -0.110708     0.213178    -0.315207    -0.355163    -0.416371    -0.202237     0.302332      0.36755     0.735924   -0.0586136    -0.716189   0.00395635       0.5207    -0.015097     0.229476
    0.130182    -0.400004    -0.127982    -0.049093    -0.391555     0.507408     0.230899     -0.27596   0.00793956   -0.0238841     0.379539       0.2063     0.500492    0.0245184    -0.210475     0.488828    -0.185003    -0.330716      0.19836    -0.162905     0.180441     0.154912    -0.272926    -0.395806    -0.503036     0.371235     0.320381   0.00216837     -0.13528   -0.0775688     0.644359    -0.189657
    0.117975     0.359414    -0.236012     0.305187    -0.178109     -0.29786     0.185999  -0.00152672    0.0282397   -0.0906879    -0.469179    0.0118197   -0.0678639    -0.145584  -0.00961115    0.0293717      0.14817    -0.315992    -0.344955     0.165633   -0.0318893    -0.169858    -0.198278      0.26213     0.521205    -0.126547    -0.144236     0.402724    -0.227584    0.0369826    0.0110441   -0.0875161
   -0.194599     0.416974    0.0669673   -0.0718608    -0.057725    -0.607665     0.113849     0.187829    -0.186904     0.052377    -0.412821     -0.12004    -0.153186    0.0454896    -0.139316    -0.185675    0.0230186     -0.16316    -0.358319     0.377892     0.112944    0.0740841    -0.775835    0.0520907     0.463041     0.378104     0.097683     0.641621    -0.217384     0.199709    0.0443465   -0.0245091
    0.258092     0.229833    -0.351136    -0.809386     0.677039     0.369273    -0.339437     -0.23695     0.418349     0.208408     0.642067    -0.286261     0.746705     0.115383    -0.218492     0.097528    -0.301057    -0.383491     0.291278     0.140568     0.137761    0.0454001    -0.248179   -0.0725541    -0.493947     0.277448     0.602017    0.0116666     0.256022     0.150035     0.209347    0.0797119
    0.322312     0.438391    -0.521065     0.516363     0.165101    -0.582898    0.0713245     -0.50676      0.35495   -0.0522707     0.382775    0.0805715   0.00631817     0.187452     0.206823    -0.622436   0.00211431    -0.370221     0.318452     0.255676     0.144131    -0.115513    -0.367602    -0.544602     0.317445    -0.230746     0.485387     0.623304    -0.195552     0.319416     0.183839     -0.55434
    0.186197    0.0213775    0.0860639    -0.257505   0.00839423    -0.410994    -0.631567     -0.57931     0.280046     0.188283     0.681413    0.0398611    -0.434256    0.0185951    -0.281232     0.423574     0.184899    -0.552607     -0.27153     0.179215    0.0196411   0.00529885    -0.438596    -0.295771    -0.424562     0.150377     0.696064     -0.26943     0.152584    -0.113968   -0.0118823    -0.411235
    0.285548     0.388963  -0.00776959    -0.542348    0.0723187     0.154905    -0.164146     0.336132     0.564252  -0.00939111    -0.196382    -0.113548     0.481518    -0.209099   -0.0580654    -0.139997     0.150236   -0.0937739   0.00258885    -0.363699  -0.00535719     0.049024     0.223445   -0.0264966     0.184444     0.153199     0.151856     0.272591     0.365433     0.367911    -0.139331    0.0952797
  -0.0770678    -0.173721    -0.127003     0.446396    -0.527986    0.0181537    0.0936269    -0.250873    -0.387798    0.0533088    0.0934776     0.312179     0.309092    0.0394933     0.156756    -0.421562    -0.399857   -0.0945797     0.266267     0.323974    -0.116625    0.0497842   -0.0784758     0.142698     0.235104     0.464692   -0.0979822     0.111039     0.799413    -0.138745     0.129508     0.124961
  -0.0645175   0.00360474      0.16127     0.178303     0.289336    -0.123677    -0.126762    0.0310228    -0.114542     0.193872    -0.136106    -0.312223     0.162944    -0.125843     -0.31145    -0.109261     0.302804    -0.163208    -0.519579   -0.0493759     0.176171    0.0732654     0.128877     0.574942     0.247188   -0.0526257     0.230632    0.0217512    0.0792003   -0.0803733     0.384814     0.227168
   0.0706445    -0.505677      0.29306     0.354331   -0.0392561     0.878352    0.0614013    -0.508792    -0.258832     0.297147    -0.179626    0.0653079   -0.0814517    -0.240588    -0.384592    -0.187305   -0.0153208     -0.29687     0.289782    -0.107075      0.10808    -0.137041    0.0954122    -0.445115     0.158974    -0.113258    0.0349229     0.704778    -0.376922    -0.168698     -0.14477     0.239525
  -0.0829768     0.287756    0.0536614   -0.0230041     0.308959    0.0459818      0.20276    0.0275413       0.3884    -0.147144    -0.522808    0.0172904     0.182679   -0.0263391   -0.0264711    -0.144643    -0.153932    -0.215275     0.164785    -0.164518     0.159612  -0.00507358   -0.0243323   -0.0309112    0.0416341   -0.0542502     0.253131    -0.196496  0.000312126    -0.249292     0.423162    -0.158236
    0.348397    -0.549519    0.0307885     0.209569    -0.988533    -0.012125   -0.0170268    -0.774172    -0.979688      0.46307    -0.248254     0.332067    -0.501389    -0.341273     0.398494    0.0738503    -0.171999     0.210753   0.00948569   -0.0442402     -0.25432   -0.0681933     -0.48745    -0.400033    -0.100187     0.195347    -0.327745     0.953298    -0.327358    -0.150478    -0.110418     0.456654
    0.116538    -0.280514    -0.438598     0.419399     0.240892     0.289943    -0.271583    -0.738178   -0.0113897     0.372929     0.742367    -0.400946     0.391526    -0.177449     0.165777    -0.329285    0.0798805     0.251268      0.47909    -0.308877     0.207904    -0.302622    -0.114014   -0.0460921     0.247425    -0.219691     0.125483     0.166975     -0.17053   -0.0499403    -0.103223    -0.747273
   -0.406892    -0.376376     0.430879    -0.201506    -0.283853     0.611696    -0.259809    -0.248699    -0.030463     0.138297     0.392616     0.129287     0.166346    -0.448301     0.624083    0.0851048     0.299334    -0.307495     0.695205     -0.18736    -0.248708    -0.173708   -0.0554849   0.00512419    -0.306883    -0.126124     0.164228    0.0234884     0.093531    -0.426992     0.403659      0.11955
   0.0426502    -0.292209    -0.416873    0.0638449     0.242128    -0.306072     0.203374  -0.00273305    -0.145597    -0.068785     0.142002     -0.50616   -0.0384504     0.126248     0.340465    0.0618828    0.0402699     0.661393    -0.234818      -0.3598   -0.0945094     0.104411    -0.380502    -0.104003     0.505299     0.385614     0.110983     0.258574     -0.27546  -0.00285749     0.252273    -0.378672
   -0.644614    0.0205342     0.842017    -0.268205    -0.218509     0.430808     0.875022     0.350883      0.65894   0.00279577     0.131314    -0.037298    -0.153527     0.574059    -0.434839     0.267807     0.142623    -0.335231     0.333238    -0.349998    -0.590171    -0.587982    -0.103153    -0.169737    -0.477965    0.0287764     0.227348    -0.318708     0.220926     0.143766     0.191036     0.476683
   -0.170421     0.324771     0.196976     0.201273    -0.523127     0.529179     0.335032        0.286    -0.246818    0.0195635     0.199101     -0.11833   -0.0224688     0.202138    0.0489629    -0.109798     0.297622   -0.0375121     -0.34974    -0.100974      -0.4486     0.403914     0.146423    0.0199072   -0.0955216     0.115693     0.235285     0.161846      0.21246    -0.323783      0.50031    0.0476129
    0.241216    -0.129639     0.190947   -0.0976918     0.256719    -0.294809    -0.213414    -0.668982    0.0747115     0.014935    0.0345682    0.0331381    0.0167353    0.0491992     0.120929   0.00954432     0.332259     0.677085     0.333429    -0.323533    -0.390841    -0.290512    -0.070894    -0.151519   -0.0347355     0.115798    -0.160706     0.487006     0.371463      0.12757     0.214975    -0.415912
   -0.309558     0.459646     0.390651    -0.130211    0.0866445     0.321331    -0.346773    -0.322281     -0.44359     -0.45715      0.10712   -0.0447816    -0.085499     -0.16124     0.531901   -0.0476521     0.520346    0.0656355     0.442437     -0.29788    -0.326795    -0.331838      0.21215    0.0898549    -0.630939    -0.233676   -0.0923196     0.115502    -0.142378    -0.374527     0.156599     0.401718
    -0.41038    -0.396901     0.171454     0.124198     0.509447     -1.07782    -0.463147    -0.180544    -0.144835    -0.136251     0.479156   -0.0977152    -0.287176   -0.0845048    -0.471881     0.342456    -0.358366    0.0432051    -0.150137     0.247917     0.303777     0.193219    -0.263738     0.280678    -0.398557   -0.0909058    -0.328505     0.426291     0.161784     0.518356    -0.593276    -0.568152
   -0.170885     0.597904    -0.436235     0.291811   0.00476245     0.339323     -0.51883    -0.276168    -0.084152    -0.257727     0.226806   -0.0580449     0.228379   -0.0448829     0.143108    -0.795431     0.603976     0.278356   0.00207358    0.0431101    -0.163247   -0.0684593    -0.219023    -0.256085    -0.114206    -0.333648      0.40652     0.667499    0.0496513    -0.139764    -0.156447   -0.0439996
   -0.169561   0.00515404    0.0708971  -0.00457574    -0.184589   -0.0971803    -0.207888    0.0402649    -0.180834    -0.247886     0.319359   -0.0379704    -0.193309   -0.0469564    -0.328937    0.0421368    0.0602908     0.324614    -0.232468     -0.43471      0.38815  -0.00641108    -0.475109     0.336608     0.384588   -0.0291628    0.0316452   -0.0916141     -0.15299      0.33396    -0.212317    -0.333882
   -0.139265     0.240069   -0.0206278     0.187597    -0.088894     0.193736    -0.308955     0.130284   -0.0267202    0.0732456    -0.055921     0.346668     -0.27929    -0.047062     0.244416     -0.18229     0.176367    -0.139287    -0.213619   -0.0316944    -0.057176    0.0309419    0.0451125    0.0408732    -0.451708   -0.0130831     0.045077     -0.11275    -0.286932    -0.136791    0.0628043     0.310593
    0.189991     0.308076     0.307948    -0.224667     0.293564   -0.0183913   -0.0353505     0.611771     0.626673    -0.135805     0.368264    -0.213706     0.215518    -0.170841     0.459605     0.043912    -0.185973    -0.063488     0.388631     0.208883     0.407492    -0.187279     0.145906     0.397556    -0.280569     0.120813    -0.198712    -0.124094    -0.237419     0.287383     0.102649    -0.222801
   -0.267619    -0.374708    0.0050292    -0.413795     0.237797     0.259997    -0.207853   -0.0963264   -0.0928144     0.237111    -0.343157     0.151685     0.339831     0.223257    -0.281749    0.0186273     0.183708     0.251442        -0.24    -0.127744     -0.16156    -0.533075     0.260565    -0.157959    -0.211321    -0.106522    0.0876311     0.274949   -0.0494242    -0.289454    -0.051663    -0.160611
   -0.303636    -0.126806     0.229819    -0.168831    -0.191446     0.277586     0.359788    -0.172685    0.0952197     0.144482     0.431111   -0.0656106   -0.0401586    -0.259923     -0.16963     0.230329     -0.29067     0.730708    0.0954153    -0.165372   -0.0751155   -0.0964409    0.0739376      0.36778     0.320581    -0.127416     0.189652    0.0419432     0.221429     0.192111   -0.0287743    -0.168391
   -0.220013     0.371853    -0.138643     0.245789    0.0315479  -0.00742397      0.23024    -0.368974     0.481452   -0.0139246   -0.0685009     -0.31001    0.0940495     0.581018     0.128031     0.366271    0.0585644    -0.111977    0.0614105     0.113283     0.378661    -0.317097     0.492014      0.21925    -0.142798    -0.337192     0.258713     0.519184    0.0515051    -0.196603     -0.33043   -0.0339735
   -0.221729   -0.0877855     -0.53435     0.207569  -0.00474561   -0.0301447    -0.169605    -0.662909    -0.210444   -0.0607224     -0.14096    -0.211993      1.04265      -0.2329     0.240589   -0.0182463    -0.133098      0.13912   -0.0926875    -0.228377   0.00476585    -0.282488     -0.34597    -0.107699    0.0364318     0.280916    0.0356964    0.0698169     0.442987    0.0326488    -0.148389    -0.296849
    0.358114   -0.0146473    -0.117618   -0.0794589   -0.0625411     0.141746   -0.0464587   -0.0464186     0.498032    0.0792761    -0.175205     0.199645     0.315043     0.267871    -0.264145    -0.548831    0.0104109     0.485671     0.592106   -0.0909601    0.0022719     0.211882   -0.0712912   -0.0277781     0.459393     0.115717     0.196504    -0.235208   -0.0803223     0.176719    0.0517459     0.262098
    -0.29783    -0.135623    -0.186644    0.0962749    -0.381882     0.410976     0.170666     0.471519    -0.281763    0.0662735    -0.232997    -0.436366     0.882634     -0.12116    -0.150649     0.144158     -0.21653    0.0219444    -0.282754    -0.250315    -0.362898    -0.402332      0.27255     0.021713     0.019594    0.0512152 -0.000191308    -0.301427    -0.410869   -0.0658078     0.226887     0.128225
    0.216042     0.130819     0.176173     -1.06936    -0.565732    -0.102445     0.208351    -0.313506    -0.328691     0.591385    -0.206253     0.511671    -0.576209     0.235402    -0.493311    -0.169463     0.408983     0.494005    0.0879354    0.0886257     0.267558   -0.0507924    -0.288423    -0.263586     0.495165     0.157657    -0.453995     -0.42862   -0.0690435    -0.345542    0.0440131     -0.16319
   0.0562679   -0.0483631    -0.214068    -0.280344     0.328189    -0.505013   -0.0377944    -0.218074    -0.408196   -0.0852679     0.106002    0.0792394     0.029194     -0.13403    -0.123407     0.298334    -0.334012    0.0138982     -0.34823   -0.0127752    -0.162777     0.504846    -0.209419   -0.0225098   -0.0278638     0.190695    0.0461588    0.0664461     0.327483   -0.0220451   -0.0551019   -0.0798903
  -0.0455094     0.141319    -0.133544     0.168416    -0.274538     0.564639      0.24845    0.0465976   -0.0767837     0.341183    -0.104286    -0.144426      0.17007    -0.332649   0.00198661     0.175368    0.0537232    -0.470455    0.0915918    -0.242129    -0.434098     0.229058    -0.090321      0.11021   -0.0209849    0.0282368     0.156753    -0.141311    -0.756333   -0.0970663     0.361048     0.126524
   -0.419593     0.412601     0.171998    -0.218774    -0.308954     0.103794   -0.0599788    -0.173073     0.367046     0.607427    -0.240124     0.434798     0.534636    -0.160114   -0.0957169      0.17419      0.28164    0.0458944    -0.181412     0.290007     0.280675    -0.191151     0.265001     0.272705    -0.308751   0.00904453   -0.0502558     0.202606     0.186313    -0.303439    -0.439523    -0.785833
   0.0889554     0.921836    0.0432036   -0.0893561      0.20642    -0.379524    -0.705718     0.196026     0.429779     0.113747     0.115248  -0.00858162    -0.392253    -0.476005    0.0215032     -0.29298     0.490024     0.175379     0.602485     -0.21558     0.445816    0.0265394     0.236083    -0.227942     0.561834    -0.490293    0.0432929      0.90939    -0.442542     0.216327    0.0975192    -0.194256
    0.299233    -0.598009     0.433638   -0.0532095     -0.49283    -0.309058    0.0169827    0.0444241     0.295582      0.57496    -0.176342    -0.311708     0.181065    -0.082843    -0.268249     0.299099    -0.141774     0.321472      0.96834    -0.427913     0.224428     0.264657    -0.284239    -0.292475     0.182155     0.275597     0.409883     0.524588     0.478047        0.105    -0.214352    -0.487605
   0.0158472    -0.109155    0.0773985     0.492462    -0.233177    0.0952551   -0.0708244   -0.0908497      0.36756     0.388938     -0.31642     0.141555    -0.391152    -0.396481     0.472692     0.472807     0.159696    -0.255455   -0.0811883    -0.057564     0.530219      0.32454     0.350812    -0.192574   -0.0205221    -0.222292     0.385803     0.216441     -0.49354    0.0149257    -0.114913     0.520848
   -0.620598     -1.20939     0.267301   -0.0251913    -0.255147    -0.433403    0.0377965    -0.436242    -0.116787    0.0877832    0.0696472     0.239173    -0.534319    -0.126066    -0.220105     -0.26775     0.602237     0.643957    0.0706056    0.0228358    0.0464435    -0.246957   -0.0853386     0.115086     0.376047    -0.164704    -0.788889     0.173137   -0.0977712    -0.199684     0.184356     0.663489
   -0.248104  -0.00147517    -0.193544    -0.220912    -0.112231  0.000236067    0.0533321     0.203557     0.175718     0.188342     0.232037    -0.581833    0.0838492    0.0490936    -0.271957    -0.257788    0.0250083     0.101913    -0.088564    0.0076145     0.382405   -0.0554863     0.146754    0.0955878      0.13694     0.285502   -0.0073636     0.197955    0.0658861      0.15638   -0.0734732     -0.32899
   0.0888447     0.140016    -0.207471    -0.131348    -0.435711       0.3692    -0.473414    -0.195675    -0.154607    0.0145261     0.253677    -0.159327    0.0464368     0.284301    0.0945022    -0.205761     0.359115    0.0169807    -0.302278     0.100461     0.206833    -0.388419     0.072084     0.427477     0.467821    -0.529316    -0.473867     0.182434    -0.103351    -0.316179    -0.251481    0.0506455
 -0.00891871    -0.163308     0.263919      0.35004    -0.256706     0.188924   -0.0744437     -0.35358    0.0531595     0.667717     0.332179    0.0174141    -0.311126    -0.150816     0.156796     0.214202    -0.401374     0.162967    0.0207234     0.311596   0.00799456    0.0772304      -0.2254   -0.0478685    0.0184587    -0.362868    -0.334663     0.541961   -0.0866617    -0.192271     0.513273    -0.420196
   -0.491546   -0.0777593      0.18763     0.622048    -0.496266    -0.169226     0.588471    -0.249952    -0.162344    0.0887218    -0.302029     0.474215     0.543884     0.417709    -0.465677  0.000554654     0.476859     0.227106      -0.5193     0.108357    0.0524673     0.265566    -0.390143     0.445652      0.12843    0.0373928     0.161674    -0.355935    -0.103049      0.24909     0.280814     0.577266
   0.0713126     -0.37199     0.651315      0.00228    -0.518203    0.0073538     0.358721    -0.213146    -0.118687     0.139562     0.110997     0.687741     0.383078     0.171833    -0.166984  -0.00630066   -0.0855962     0.131275     0.218841   -0.0745359     0.396483    0.0912102     0.010218     0.143299     0.255291    0.0170141   -0.0224884     -0.78487     0.185916    0.0981608     0.154155  -0.00567426
     0.67281     0.713158    -0.688477    -0.147086     0.136083     0.504096     0.590552     0.437063     0.418867    -0.449585     0.483633      -0.1727     0.324687   -0.0621071   -0.0168353    -0.255599   -0.0898258     0.139275   -0.0037843     -0.23452     0.211573     0.288344    -0.434172    -0.474391    -0.113312     0.296947    -0.232349     0.129553    -0.204544      0.32432    0.0805461    -0.549086
   0.0440665     0.533456    -0.432032     0.477017    -0.125809    0.0533708     0.456434     -0.70641      0.88951    0.0916534   -0.0730738     0.805598      1.10262     0.212627   -0.0903968   -0.0974343    -0.309248   -0.0793532     -0.54085   -0.0285352    0.0298977     0.475395    0.0632881    0.0971184     0.165012     0.294395    0.0325593     0.197666    -0.724651     0.345857    0.0506062     0.394961
    0.177164     0.252785    -0.053979      0.37948   -0.0129851    0.0648369    0.0424734    -0.327936     0.124462     0.207192   -0.0604718     0.171582     -0.47961    -0.542938     0.468056    -0.164597    -0.266298    -0.603234     0.998202    -0.391152      0.24324       0.4224    -0.170407     -0.51461    -0.131087     0.183369     0.175711    -0.222299     0.101257     0.067058     0.219727    0.0472229
    0.455762   -0.0374817    -0.482953   0.00565652    0.0818265   -0.0588347    -0.765876    -0.164185      0.62091     0.236284   -0.0834628   -0.0413181    -0.306254     0.697559    -0.092723      -0.1079    -0.347022     0.282807    -0.515386    -0.106908    -0.646206     0.183272    -0.108031    0.0962993    0.0720548      0.33874    -0.811313   -0.0373911    -0.698018     0.180378  -0.00595127    0.0795674
    -0.18172      0.18004    -0.639719     0.267181   0.00791613     0.162966     0.277889    0.0182565    -0.216104    -0.382645    -0.260452    -0.209986     0.408172     0.236991     0.405268    -0.207429   -0.0119526    0.0465885     0.140403      0.17904    0.0233685     0.301604    -0.356625     0.344385    0.0630942   -0.0277825     0.131107     0.238837   -0.0180917    0.0647561   -0.0904769     0.175422
   -0.225802  -0.00121208      0.17452    -0.268432    -0.289147    -0.287255     0.216878     0.301496   -0.0246178   -0.0132104   -0.0206022     0.189328    0.0928619     0.405597     0.249954     -0.16863    -0.379857    0.0782999     0.288562    0.0567298    -0.227127     0.191589     -0.11455     0.236262    -0.211764    -0.402903   -0.0260686    -0.267774    -0.151639    -0.209274     0.331863      0.28652
   -0.180105    -0.250604     0.396162     0.135059     0.276848    -0.494628    0.0619563     0.188677   -0.0315038     0.305617     -0.01129      -0.3164      0.37651     0.487614    -0.254004    0.0336035    0.0390372     0.403733    -0.320203     0.130749    0.0786023     0.109753    0.0387242    -0.462427     0.160756     0.106716     0.562564     0.170102    -0.351014    0.0362677    -0.257114     -0.42056
    0.123747   -0.0905225    -0.116959    -0.101335     0.496759     0.398157     -0.14196     0.321379     0.075594    -0.436312    -0.200038    0.0394097     0.277699    -0.465356    -0.162837     0.286268    0.0073379     0.171779   -0.0840051   -0.0659349     0.223519     0.141825     0.402105     0.150332     0.153606      -0.4897     0.415105   -0.0171772      0.50136     0.401044     0.123588     -0.32014
    0.539565    -0.886811      0.54314    -0.166193     0.680259    0.0370283    -0.262671    -0.378355    -0.343488    -0.179513    -0.101387     0.565048    -0.546826   -0.0185247    -0.144845    -0.188561    0.0852806     0.252555   -0.0291589     0.120451    -0.324972     0.382218    -0.237052    -0.118993     0.558045   -0.0558649    -0.148803     0.819357    0.0504113     0.168836    -0.578017     0.246113
  -0.0254005      0.11538    -0.434636     0.099412     0.187268    -0.119844    0.0669892    -0.151451     0.295302     0.162741    0.0597726    -0.242733     0.141148     0.289285     -0.22431     -0.12828     -0.15608    -0.121137    -0.308893      0.23295     0.218826     0.319396    0.0133671    -0.364748     0.216609    -0.163727    -0.187788     0.476872    0.0643586   -0.0869817     0.126619    -0.158854
   -0.235048      0.10752     0.070704     0.198018     0.273604   -0.0448621     -0.16039     0.349336    0.0596477     0.442106   -0.0490423     0.141608    -0.278395   -0.0982607   0.00338358    -0.223274     0.065729    -0.300559   -0.0821651     0.250356     0.178002    -0.153872   -0.0788826   -0.0306055   -0.0576169    -0.228505    -0.207423     0.358065    -0.545802    -0.101423     0.164761     0.401089
   0.0218784     0.361045    -0.316531    -0.331022     0.562508     0.380622   -0.0985165    -0.296452    -0.214339    -0.374598     0.462483     -0.40087     0.199681    0.0415711     0.348981    0.0582923    0.0483885     0.699814   -0.0249101    -0.220651   -0.0761175     0.103756    0.0194925    0.0999834     -0.29836   -0.0969229     0.238254     0.178564     0.329427    0.0183866     0.200794    -0.033948
  -0.0187881     0.686682     0.540518    -0.152787     0.112577     -0.25145    -0.366006    -0.312178    -0.511228     0.453633   -0.0398674    -0.126761    -0.200706   -0.0356003    -0.479238    -0.525587     0.402557    -0.457525     0.424074     0.539443     0.149491     0.267221     0.023188     0.136944    0.0612538    -0.454408     0.172796     0.112331   -0.0629126    -0.110821     0.303942      0.52674
     -0.1885     0.158623    -0.724493     0.186583   -0.0831813    -0.310656     0.550727    -0.084797     -0.28973     0.122291    -0.402375     0.361209     0.164426     0.396421   -0.0128079    -0.422856    0.0874888     -0.25153    -0.354162    0.0950849     0.050325       0.3088     0.101059    -0.416782    0.0497077     0.401917    -0.167447     0.505978    -0.733653    -0.377365     0.158165     0.124251
    0.238484     0.522006    -0.468759     0.626419     -0.06188     0.186645    -0.202955     0.210784     0.231472    0.0755357      0.31022    0.0440601    -0.065924    -0.320436   -0.0485094    -0.351146      0.41038     0.328757    -0.354659    -0.265305     0.473778    -0.423338    -0.514009    -0.229752     0.270066  -0.00722507    0.0820334     0.793198  -0.00649102     0.111709    -0.148517     -0.14497
    0.334481     0.649843    -0.223454    -0.145351    0.0434716    -0.102576   -0.0477482     0.207805     -0.42583    -0.133184    -0.625054    -0.394256    0.0325938    -0.230604     0.101532    -0.341543   0.00876313    -0.632513    -0.561018   -0.0930231   -0.0231832     0.371585     0.471428    -0.246192    0.0284259     0.728236     -0.45367    -0.188302     0.228547    -0.454571     -0.34304    -0.132963
   0.0694997     0.255215    -0.110983    -0.295584    0.0450046     0.184141    -0.407274   -0.0613542     0.414286    0.0125638     0.500697    -0.398541     0.162912      -0.2272    -0.221577    -0.393716      0.67932     0.613666     0.227836   -0.0990424     0.297383    0.0547432   -0.0522472   0.00983426    -0.215314    -0.263413     0.367031     0.471519     0.182032    -0.358763    -0.344989   -0.0770466
   -0.212716    0.0523122   -0.0302596    -0.213261    -0.453926    -0.262666    0.0117309     0.485552    -0.328061   -0.0621033    0.0365015    -0.301488    -0.339689     0.397977     0.209811     0.163873   -0.0706068    0.0797445    -0.610643    0.0292804    -0.036175   -0.0758593   -0.0624319    0.0547918    -0.156434    -0.072215    -0.154908    0.0661263     0.119232    -0.193948    -0.321567    -0.105466
