    0.484487     0.170816     0.083616   -0.0750232     0.312967     0.463797    -0.203627     0.867055     0.740891    0.0937684    -0.576161     0.326278     0.303748    -0.462828   -0.0440058    -0.166646    -0.300746    -0.950866    -0.306516    -0.232218     0.154156     0.284108     0.141106     0.964167    0.0304545     0.229674    -0.463147    -0.181183    -0.246289     -0.37622    -0.602134   -0.0247612
    0.498825      0.49475   -0.0249997    -0.242454    -0.473301     0.419918    -0.415356     0.347267     0.194769    -0.121179    -0.230481     0.154112    -0.151697    0.0834738     0.349728     0.371864    -0.163288     0.384872      0.04808    -0.021602     0.518279   -0.0343706     -0.14807     0.265512    -0.174393     0.187979    0.0860084    -0.561937   0.00964208   -0.0857135     -1.16229    -0.345249
   -0.243724     0.372737     -0.17806     0.166674     0.204938    -0.485791 -0.000604942     0.259773   -0.0358569    -0.473207    0.0952042     0.556677    0.0468944    -0.266253    -0.240408    -0.379106    -0.154762     0.640566    -0.197723   -0.0707023   -0.0657928  -0.00842495    -0.891426     0.133848     0.340688      0.18616     0.290551     0.553756    -0.572337     0.630566    -0.233272     0.612041
   -0.301294    0.0756069     0.325029    -0.112425     0.373528     0.126328     0.323992     0.831534     0.287618     0.835552    -0.174019     0.107905    -0.208647     0.479962    -0.143199    -0.941006     0.806651     -1.00016    -0.124044     0.883843    -0.295646    -0.382817     0.218857     0.913097   -0.0276605    -0.723321      0.32015    -0.176098    -0.627657    -0.305129      0.26662     0.285359
   -0.363586     0.420038    -0.199436    -0.658692    -0.422793     0.559541    -0.570857     0.327702    -0.141488    -0.325816     0.720255     -0.28815     0.136643     0.292943    -0.325427     -0.46942    -0.220661   -0.0954155     0.119628     0.724222    -0.192606     0.328211    -0.185395     0.119629    -0.260434    -0.441395     0.125931     0.369812      0.41793    -0.255836     -0.16453    -0.967041
    0.215484    -0.174664     0.432433    0.0411079    -0.468117   -0.0923658     0.128119     0.375584    0.0188216  -0.00784548     0.496009      0.34289    -0.384586     0.320947    -0.325995      0.66276    -0.296579   -0.0954927   -0.0249093     0.522299     0.322511    -0.032835    0.0628222     0.181937    -0.404367      0.22638    0.0782251      -0.9606     0.261501      0.27605    -0.555748    -0.193739
    0.138236    -0.624051      0.50425     -0.56326     0.153431     0.098067     0.603627    -0.683404    -0.314546    -0.378812     0.213731    -0.604831     0.218206     0.542195     -1.15403    -0.221118     0.562422     0.732001    -0.395032    -0.628792    -0.897448    -0.602424    -0.530152    -0.511051   -0.0585086    -0.391855     0.274438     0.534242    -0.416528      0.15391    -0.454877    -0.517468
    0.298139    -0.121228    -0.313935    -0.311541   -0.0524986     0.413372    -0.251945     0.150777    -0.160416    0.0504411    -0.143846     0.115001     0.134671   -0.0422263     -0.16721    -0.384284   -0.0937991    -0.318388    -0.502484     0.121077     0.209018     -0.36575     0.267257   -0.0189318     0.233127     0.287328    -0.207676    -0.247119    -0.111385    -0.368488    -0.328557     0.204463
    0.309594    -0.264279     0.658824    -0.520901    -0.862183     0.768126   -0.0824319     0.612035    -0.326382     0.263918    -0.078755    0.0564507    -0.990734    -0.343385    -0.500171    -0.950809     0.658725     -0.60559    0.0770705     0.511838     0.653221    -0.108715     -0.44303     0.394149     -0.39122     0.214656    -0.302847    -0.406031    -0.167063     -1.30082     0.456106     0.281484
    0.172972    -0.496246      0.32661     0.749987    -0.383386    -0.384832     0.152818    0.0614832    0.0707534      0.16478     -0.55191    0.0378069     0.155961      0.52312     -0.93151    -0.610588   -0.0738709    -0.424356    -0.117809     0.287727    -0.153933     0.211089    -0.495986    -0.884063    0.0739356     0.356791    -0.064827     0.613838     0.443857     0.534729     0.819305   -0.0194968
    0.291891     0.220966    0.0747696     0.416671        0.149     0.773684    -0.609747       1.0397   -0.0330635     0.060398   -0.0702576    -0.413939     0.408066     0.518349     0.336692    -0.226803    -0.374233    -0.148245    -0.166605   -0.0824574     0.231166    -0.498685     0.599036     0.857774    -0.269991    0.0458475     -0.19886    -0.457134     0.124597    -0.807986    -0.204282    0.0959955
  -0.0160362    -0.532556     0.289886     0.647863    -0.258518    -0.108868    -0.117243    -0.990255    -0.614195     0.280906     0.261643      1.14254    -0.549134    0.0915351    0.0956383    -0.584599    -0.203655     0.823723   -0.0508371     0.148811      0.74101     0.218302    -0.444009    -0.514885     0.502788    -0.323464   -0.0966344     0.763897    -0.357482    -0.302945     0.298752     0.716021
    0.285956     0.929468       -1.325     0.480769    -0.145076    -0.279026    -0.498417   0.00491845     0.483412    -0.404574    -0.902163     0.036442     -0.04472    -0.222239    -0.156137    -0.833451      0.73928     0.102841     -1.35494    0.0128811   0.00430563     0.504314     0.103424     0.464613    -0.457314     0.275096    -0.419711      0.27246    -0.805653   -0.0739772    -0.135906     0.587357
    0.268241     0.108522    -0.125918    -0.427724   -0.0480702   -0.0697053     0.916223     0.561654     0.229342     0.666918     0.402331     -0.86975     0.229493     0.687891   -0.0533357    0.0331258       0.0711     0.061171   -0.0672835    -0.187763    0.0376394    -0.579727   0.00857999    0.0782558     0.461741    -0.343648   -0.0591307    0.0280327     0.497215    -0.179774    -0.416388    -0.799674
   -0.766103     0.669637     0.196098    -0.190479    -0.297028    -0.115107    0.0770354    -0.349001     0.912759     0.057207    0.0820784    -0.193353     0.493555     0.192717     0.220396     0.531805    -0.749967     0.726873     0.724846     -1.51333     0.372948    -0.275696   -0.0545827    -0.145521     0.657433     0.336084      0.40347    -0.743738     0.394626     0.353091    -0.236471    -0.891672
    0.615697   -0.0993693     0.580702    -0.327147      0.14051   -0.0487564    0.0584236      0.26589    -0.237764   -0.0658348     0.695908      0.14583      -0.3243    0.0071488    -0.349319     0.254944    -0.380906    -0.614299    0.0830448      0.13656    0.0948223      0.12829   -0.0156316    0.0258626     -0.28041     0.194631    -0.131448    -0.198551     0.304688     0.589934    -0.462719   -0.0121276
  -0.0272694     -0.19097     0.255844   -0.0355898    -0.339555    0.0448765   -0.0311026    -0.327737    -0.273865  -0.00145799     0.192892    0.0114557     -0.19273   -0.0477045    -0.256106    0.0296888    -0.549597     0.300177    -0.165769    0.0871131   -0.0571317     0.146764   -0.0661764     0.531141     0.369825     0.284473     0.375589    -0.690812     0.480694   -0.0775713     0.481185    -0.110985
   0.0720229     -0.54334    -0.334441     0.257692      1.31938     0.202722   -0.0838183     0.261114     0.265982     0.172962     0.490293    -0.684984     0.607067    -0.134374     0.747161     0.111212    0.0842394    -0.233972      1.49156    -0.471372     0.202067    -0.554847    -0.222855     0.197829     0.684725   -0.0948797    0.0691654    0.0201652    -0.204158     0.151619     0.933776    -0.432764
    0.298321     0.182967     0.247499     0.460968     0.713327    -0.199912    -0.464143    -0.492434     0.541576      0.31857     0.197599   -0.0224916     0.065041    -0.557864    0.0305929   -0.0128505     0.207122   -0.0236044     0.245783     0.108034   -0.0190919    -0.316674     0.423916     0.288957     0.267429     0.370874   0.00324738    -0.233667    -0.401053     0.339427      0.64117     0.313119
   -0.232095     0.155246     0.144018    -0.125864     0.128687     0.108009   -0.0255484     0.295549    0.0214275     0.450735     0.436667     0.196004     -0.32324     0.491029    0.0315994     0.173913     0.169938    -0.267639     -0.10784    0.0546843  0.000466565     0.319841    -0.205878    -0.121098    -0.286902     0.022769   -0.0316045     0.150177    -0.623585    0.0694222     0.123436    0.0697723
    0.778921    -0.345995     0.180788    -0.469206    0.0101773    -0.150291    0.0837437    -0.377775     -0.13444     -0.38933    -0.125289    -0.603367     0.240982    -0.357869    -0.151166    -0.113674     0.305341    0.0677264   -0.0866728    -0.739087    -0.441148    -0.548451    0.0172196      0.19188      1.33098     0.464117      0.11326    -0.243764     0.258215     0.588138    0.0593655     0.103609
   0.0893897     -0.29803     0.171075    -0.039517      0.46608    -0.288872    -0.342276     -0.12278     0.503188     0.219017    -0.224628    -0.310573     0.296757   -0.0518035    -0.665526    -0.250641     0.240155    -0.357179    -0.121872    -0.139492    -0.165829    -0.231655     0.219237     0.286188     0.407408  -0.00825885     0.507228    -0.651484   -0.0705657    0.0898601     0.435897    0.0362631
    0.296506    0.0891603    -0.331271     0.777124    -0.151556     0.402515   -0.0134729    -0.317527    -0.216949    -0.447492    -0.141353     0.128196     0.147487    -0.259803     0.232637     0.189257    -0.293597    -0.239516    -0.136938    -0.081814     0.612889   -0.0858144     0.050908     0.337058     0.209377    -0.229104    -0.192481    -0.368226     0.417353     0.211222     0.714933     0.164596
    0.154053    -0.426057     0.139031    0.0226302  -0.00183001     0.255209    -0.252938     0.504524   -0.0903249     0.202519    0.0376687     0.305063   -0.0831317     0.124932    -0.404438    -0.161603     0.426494    -0.221666    0.0816977   -0.0393423     0.190716     0.406656   -0.0230781     0.209487   -0.0976762    0.0700148    -0.595639    -0.233522     0.236246    -0.859398      0.11599     0.226864
   -0.424991    0.0427924      0.28601     0.282848    -0.460373    -0.318761    -0.471586    -0.774534    -0.318168    0.0107544     -0.43129     0.616779     0.304056    -0.172815     0.477332     0.328794   -0.0701979     0.354075     0.123973     0.426724   -0.0623532   -0.0602159      0.54417    -0.425212     -0.77203   -0.0791755     0.339157     0.310665    -0.103134    0.0431077      0.30565     0.633558
    0.438763    -0.284872     0.642172      0.26002     -0.56724     0.409161    -0.253399    -0.202356    -0.434294   -0.0108749     0.375571     -0.18658    -0.233843      -0.1319    -0.325596     0.361246    0.0971669   -0.0605793    -0.367352   -0.0497968     0.023936     0.419502    -0.480823    -0.748364    -0.150152     0.166066    -0.527281     0.210283       0.3523   -0.0758192     0.255103    -0.025001
    0.297742    -0.494176   0.00890853     -0.51326    0.0367247    -0.427815     0.545253     0.119129    -0.351306    -0.233794      0.50137     0.112694    -0.531341   -0.0771664    -0.759147     0.749314    -0.721339     0.526665    -0.411575    -0.193482    -0.899189    -0.267537    -0.289336    -0.265647   -0.0250341     0.322766    0.0169745   -0.0732415   -0.0808059     0.233627    -0.375646    -0.100569
   -0.500982    -0.411128    0.0166645    -0.342237    -0.337334     -0.83359    0.0645135   -0.0203781    -0.368631    -0.118114    -0.699249    -0.170739     -0.64746     0.105964    0.0168901    -0.712826    0.0930494    -0.330186    -0.440397     0.689175     0.116317     0.729773    -0.169664     0.236157     0.228959    -0.794375     0.168336   -0.0723887    -0.248592    -0.683862    -0.578462    -0.473079
     0.36917    -0.243992     0.236036    -0.824317     0.116733     0.352165      0.61998      1.00742      0.21336     0.334967   -0.0253021     0.305229    -0.398434   -0.0530985   -0.0821177    -0.080329     -0.47776   -0.0339957      0.42732   -0.0692613   -0.0993612     0.212099     0.100209     0.356397     0.658408     0.571562    -0.353475    -0.478743    -0.364113   -0.0507065    -0.370768     0.868115
     0.86286     0.668042     0.191044      -1.0403    0.0119771     0.685912   -0.0491291      0.61475     0.226031     0.145724    0.0879081    -0.210376    -0.200486    0.0335268     0.172436     0.199767     0.422853    -0.275535     0.951169    -0.252627    -0.549125   -0.0833353   -0.0973134     0.312832     -0.10389    -0.113899    -0.159722    -0.198102    -0.241121    -0.465948    -0.210239     -0.38916
   0.0456282     0.259928    -0.601938   -0.0849147    -0.270741     -0.19693   -0.0490884    -0.375217    0.0934669    0.0840268    -0.341155     0.154769     0.144542    -0.165189     0.455836    0.0841869    -0.962729     -0.08922      0.12149     0.358313     0.397974     0.299642    -0.793488    -0.170246    -0.578274      0.11696     0.230697     0.542544     0.128838     0.675251    -0.221646    0.0850158
 -0.00182371    0.0693728    -0.162777     0.209196    -0.223796    0.0520471    0.0218925     0.218109     0.431258       -0.358     0.124444    -0.453205   -0.0858759    -0.313693      0.48598    -0.166432     0.809249    -0.351448     0.344567    0.0191505    0.0607784   -0.0926659    0.0504592    0.0356485     0.252461    -0.620719    -0.381169   -0.0289295     0.310121    0.0380485     0.139963    -0.214619
    0.720313     0.161588    -0.410711    -0.129124     0.107399   -0.0433455    -0.506516    -0.172461    0.0958867     -0.11245    -0.490551  -0.00846112     0.154207    -0.192947    -0.392181      0.40383   -0.0762674    0.0996388    -0.521727    -0.408769      0.23089    -0.194534    0.0720465    -0.214659     0.390279    -0.116453    0.0276365    -0.221158     0.754746    -0.146385    -0.165154     0.305849
   0.0170787     0.168377    -0.160573    -0.209469     0.155513     0.946683    -0.688843   -0.0783956    -0.429641    -0.502071    -0.618103    -0.587287     0.402772    -0.741901   -0.0431203     0.323165     0.105671     0.122955    -0.263726    -0.211349      0.02837     0.452489   -0.0482933     0.273705    -0.537281     0.363177     0.261703    -0.149788     0.459024    -0.584311   -0.0619887    -0.477056
   -0.115811     0.272754    -0.400627    0.0387389    0.0651216     0.668531   -0.0332402     0.317277     0.234759     0.057257    0.0201579   0.00871025     0.754932    -0.545818     0.289327     0.104062     0.883357    -0.630275    -0.136173    -0.498674     0.188545    -0.178631   -0.0466274     0.276739    -0.303842    -0.690502    0.0628374    -0.214443    -0.673192   -0.0760306    -0.321869     0.481692
   0.0662708    -0.254875    0.0710106    -0.179037     0.233079    -0.608402     0.341195     0.590368    -0.174033     0.327913    -0.154859     0.438729    -0.465334   -0.0850008     0.329931    0.0451796    0.0509289     0.066043    -0.516053     0.155099     0.123995     0.185338      0.07688     0.438522    -0.865717     0.334781     0.201831    -0.289955    -0.209605   -0.0571644       0.3229     0.968385
    0.179428    0.0136741     -0.46171    -0.316697    0.0393484      0.30247     0.248438     0.196514     -0.52835     0.136782   -0.0376297    -0.270808   0.00735858    -0.396117   -0.0954784     0.288718   -0.0716546     0.108642    -0.514834     0.239426     0.148965   -0.0729549   -0.0990281     0.707432    0.0701651    -0.325566     0.203057    -0.217908    -0.743405   -0.0899472    -0.846102    0.0971752
    0.103027     0.342841     0.164398   -0.0853165    -0.126769    -0.464717   -0.0218927     -0.18316     0.372562    0.0461291    -0.382316    -0.427566     0.102603     0.277038     0.649344     -1.10423   -0.0459378     0.488148     0.514064   -0.0397696     0.213634     0.708875    -0.701196    -0.596822     0.350621      0.31426    -0.233299      0.52409   -0.0244987     0.530432     0.220599   -0.0810544
   -0.271735    -0.100742   -0.0120385     0.250104     0.367512    -0.508176    0.0597128    -0.340015   -0.0949377     0.288701    -0.556117    0.0717723   -0.0533829     0.282125    -0.404928    -0.160993    -0.025989    -0.308031    -0.500872   -0.0564351    -0.381763     0.157819     0.170911    -0.153674    -0.252188    -0.155957     0.144903    -0.543624    0.0161016     0.126148     0.609475    -0.184127
   -0.202939     0.042521    -0.559327      -0.3435    -0.170552     0.119874    -0.335545    -0.654859    -0.378772     0.341486    0.0883645     0.570969     0.109677    -0.161335    0.0156956    0.0644082     0.332445    0.0435523    -0.477334     0.292047     0.349004    0.0142952     0.209746     0.480901     -0.13806    -0.656537    -0.734944     0.512328    -0.119116    -0.359696    -0.243643     0.326651
    0.304197     0.735277     0.330016    0.0936648    -0.528909    -0.332992   -0.0681027    -0.142904   -0.0517272   -0.0587082   -0.0821035     0.470528    -0.304891    -0.647324     -0.20841    -0.224643    -0.316567   -0.0948905      0.22851    -0.325618     0.141922    -0.330804     -0.23815     0.666697    0.0292076     0.203178    -0.297506    -0.965391    -0.402871    -0.132079    -0.328626     0.275312
    -0.28089     0.381771     0.683593     -1.28611    -0.560738    -0.418034     0.159119     0.125822   -0.0325134    0.0654196    -0.437087   -0.0595803    -0.942143    -0.307484    -0.455126    0.0207555     0.601317    -0.241878   -0.0817079      0.29693      -0.6967    -0.153118     0.572567     0.509652     0.315528    0.0271555    -0.207396    -0.607673     0.090218    -0.592715     -0.16754    -0.412485
    0.216036 -0.000502242     0.242819    -0.324454    -0.053026     0.288484    -0.130801    -0.418567     0.245645     0.349754     0.574026     0.329328    -0.149324    -0.492324      0.85007    -0.447083     0.427061     0.350479     0.249937    -0.403282    -0.143583    -0.805995    -0.397805      0.40451    0.0471655   -0.0748476     0.361551      0.19322    -0.124538    -0.384132     0.557506   -0.0797662
   -0.120028   0.00475035    -0.285806    -0.433911    0.0310148   -0.0214043    0.0941314    0.0503239    0.0230848   -0.0707992    -0.176429    -0.606261      0.14957     0.471925    -0.188703     0.238595    -0.436548    -0.434259    -0.468403     0.158321     0.337285     0.535051    -0.470366     0.155735    -0.199239     0.124434     -0.25326    -0.136814     0.385343    -0.421427     0.151499    0.0883135
    0.184272     0.353323    -0.234008     -0.21962     0.455349    -0.270567     0.411837    -0.159642     0.893906     0.202423     -0.32539   -0.0233936    0.0577084     0.252039    -0.172271    -0.413658      0.54239    -0.266865    -0.347886   -0.0031289     0.372942     -0.42426    -0.220509     0.307417     0.493584    0.0704626    0.0361492    -0.224732     0.277455     0.156016    0.0930963    -0.184326
   -0.532636     0.178687   -0.0161193     0.161586     0.641538    -0.108279    -0.327607     0.457815   -0.0631462     0.565136     0.113688     0.171762   0.00479385     -0.29172     0.311658     0.180984     0.219952    0.0400939    -0.149884     0.197973     0.289069     0.413152     0.555302     0.580089     -0.18922    -0.319812    -0.709325    -0.357906    -0.115958    0.0206859     0.370819     0.123346
  0.00377306     0.128036     0.088393    -0.291469    -0.278072     0.617117     0.164087    0.0205723   -0.0723508   -0.0648087     0.148759    -0.959033     0.387127     0.735475     0.022427     -0.23125     0.233496         0.23    0.0184443     0.119231    -0.250624    -0.247695    -0.121567     0.317825     0.513829    -0.426235      0.33576   -0.0852873   -0.0342593   -0.0228127     0.170959    -0.101653
    0.205413     0.263126    -0.934491    0.0641129    -0.415135    0.0601957     0.129298     0.183202     0.452709   -0.0587203     0.199179    -0.690724     0.204906     0.464098     0.719314     0.879277   -0.0249624    -0.210612    0.0006316    0.0977003     0.468081    -0.139561     0.325116     0.120196    -0.302145    -0.442943     0.255092    -0.469402     0.659403   -0.0603981    -0.318777    -0.580929
   0.0108716     0.548307      0.16606   -0.0141111    -0.533131    -0.085551    -0.381771    -0.663461    -0.654025    -0.326822    -0.758587    0.0289981    -0.574182    -0.216957    -0.117956    0.0977532      0.28735    -0.045772    -0.363141   -0.0319914    -0.610422     0.554627     -0.13399    -0.553732    -0.101579   -0.0706065   -0.0278833     0.513407   -0.0402372   -0.0849431    -0.313483      0.10716
    0.175947    0.0804108     -0.12732      0.21826    -0.399446      0.27574     0.601015    -0.797907    -0.246768    -0.132762      -0.1306     0.718224    -0.413889    0.0523719    -0.176807     -1.20242     0.505354     0.570517    -0.634489     0.464509    -0.371572    -0.131681    -0.757879    0.0529606    -0.017031    -0.182786    -0.502276      1.17122    -0.127695    -0.402199     0.434072     0.103879
   -0.521396     0.243737    0.0618362    -0.112173    -0.491245     0.217636   0.00706322     0.481782     0.401087     0.188858    -0.292225    -0.414844     0.334517     0.111466     0.934771     0.188362     -0.34751     0.127522     0.744163   0.00838945    -0.138543    -0.440164     0.310704    -0.142992   -0.0304803     0.533556     0.561548     0.223559    -0.104546   -0.0736083     0.103854       -0.411
  -0.0222534    -0.260856    -0.101895     0.432451     0.130766     0.186692     0.196962   -0.0925351   -0.0285359     0.105624  -0.00107204     -0.28419     0.109559    -0.564294     0.162606     0.121817     0.224843    -0.168593   -0.0990165   -0.0512342     0.257752     0.182811    -0.484028    0.0745673    -0.205629    -0.132708     0.234983   0.00300682   0.00914445     0.212812     0.302282    -0.145852
   -0.525013      1.22324   -0.0715088    -0.196584     0.190124    -0.741659    -0.117434    0.0310606     0.361048     0.144736    -0.133216    -0.247349   -0.0673387    -0.429979     0.301333     0.335672     0.337888    -0.180073    -0.188001     0.285589     0.354284     0.650956    -0.517868    -0.211393    -0.465319    -0.301061     0.377766    0.0709351     0.448364    -0.336802     0.319079    -0.234648
    0.150551    0.0610401     0.423367    -0.412838     -0.90444   -0.0226285     0.396951     -0.37026     0.172403   -0.0635666     0.425072    -0.657845      0.39462     0.260467     0.334391      0.85502    -0.128694     0.230259     0.850194    0.0878508    -0.954825      0.14429    -0.490694    -0.145738 -0.000842911     0.490315     0.727205     -0.39712      0.74495      0.10865    -0.706008    -0.404818
    -0.34732      1.22933    -0.792436     0.260834     0.325516     0.491021    -0.990466    -0.120704    -0.305711    -0.489034     0.801034    -0.621961     0.553365   -0.0865251      1.12088     0.214621    -0.231046    0.0047038    0.0942004    -0.423445     0.995077    -0.720646     0.287968     0.581445     0.463508    -0.798929     0.769063    -0.946887     0.327349    -0.225852     0.305455     -1.11047
    0.393143    0.0613918  -0.00104858    0.0243183     -0.37499    -0.206811     -0.46562    -0.329762    -0.084669    -0.432557     0.096075     0.235772    -0.332012   -0.0510064    -0.068122   -0.0201856     0.542673    0.0188931     0.128801    -0.241501  0.000516804     0.108915     -0.24549    -0.074837      0.34343   -0.0251403    -0.114154     0.259187   -0.0640581    -0.358749   -0.0759458    -0.047462
    0.122666     0.419583    -0.424654    -0.413195      0.16478    0.0548882    -0.274666    -0.465567    -0.526289    -0.131449    0.0399209    -0.427857     0.318839    -0.140139    0.0584149    0.0811399    -0.418654     0.132177     0.175606    -0.211701     0.251457     -0.16875    0.0877442    -0.547276     0.407196     0.426826     0.791287    -0.673597     0.447763     0.104725    0.0567612     -1.07864
     0.15785     0.051184     0.471432    -0.524716     0.230058     0.202359     0.114954     0.137287    0.0977897     0.224576    -0.441727    0.0426229     0.256611    0.0142896    -0.253716     0.317535    -0.540228   -0.0263559   -0.0313276     0.506844     0.313178    0.0646686     0.385234     0.212267     -0.38364     0.434213     0.077362     0.127615     -0.13865     -0.42382    -0.447775     0.280396
     -0.1516    -0.299476     0.364685    -0.329166    -0.360863    0.0241858     0.186525     0.424323    0.0227695     0.091524    -0.469969    -0.310548     -0.35184     0.226929    -0.557846   0.00183811     0.310565     -0.58334    -0.399617     0.560934    0.0553297     0.702103     0.483562     0.556232    -0.588029   -0.0978671    -0.332659     0.529643    -0.458378   -0.0716017    -0.378298     0.292532
   -0.796351   -0.0494033   -0.0919527     0.308272     -1.43561     0.103848      0.51093    -0.166802    0.0309495      0.35506      0.12446     0.575193    -0.271805      0.48958    -0.771574    -0.217966     0.131203    -0.931753    -0.363722     0.649739     0.527569      0.22481    -0.105527    -0.535702     -0.77449     0.308413    -0.440488     0.604153    -0.169225  -0.00423356    -0.337186    -0.133552
    0.026662     0.452617     0.226867   -0.0157614     0.808166    -0.303182   -0.0749853     0.822757     0.628854    -0.890051     -0.28909      0.12826     0.163718     0.627107     0.300417    0.0425401     0.502063    -0.104305    -0.763331   -0.0459838     0.307439    -0.480505    -0.171972     0.315663    -0.315274    -0.238551   0.00233924    -0.224259   -0.0166868      0.20391      -1.1177     0.013397
   0.0658359     0.314488   -0.0229656   -0.0578785   -0.0373452     0.314871   -0.0196505     0.288987    -0.209227    -0.153818   0.00723365    -0.222838     0.311099    -0.548896       0.2493    0.0311527   -0.0364342     0.157172    -0.207205     0.259463    -0.361553    0.0244487     0.317561       1.0411    -0.106663   -0.0121369     -0.56121     0.819865    -0.271324     -0.03364    0.0764363     0.360052
     0.29827    -0.138801     0.429672     0.367438     0.418935     0.234867   -0.0292913     0.183035   -0.0359146    -0.055019   -0.0502662      0.42615    -0.456298    0.0853208     0.101982   -0.0618336      0.28386    0.0582104     0.920191    -0.193326    -0.241397    -0.296574    -0.451406     -0.27278     0.146774     0.524697    -0.258376    -0.601053    -0.312184     0.400091    -0.257537    -0.453127
    0.177245     0.273769    -0.568966    -0.327588   -0.0803257    -0.196973    -0.229194     0.781373    -0.302057    -0.491872    -0.484649     0.139415   -0.0019896    -0.283059     0.189829     0.272606     0.013187    -0.141158    -0.016198   -0.0391267      0.31712     0.297075    -0.174358    0.0629043     -0.13482   0.00348172  0.000855941    0.0691568     -0.35453     0.303604    -0.206788     0.705543
   -0.028292    -0.039962    -0.300344     0.789238    -0.132595     0.262752     0.576391    -0.731672    0.0272622    -0.106035    -0.352167     0.101704     0.262326    -0.240448     0.166962   -0.0771422     0.624978    -0.184877   -0.0490502   -0.0556419    0.0763358    -0.402985     0.773138    -0.134314     0.201681     0.314449    -0.066403     0.259574     0.140543   -0.0898534    -0.378331     0.439313
   0.0329949   -0.0979763    -0.877305     0.104987     0.337992   -0.0440861     0.295296     0.143529    0.0333808    -0.288691    -0.113144    -0.511059     0.652313     0.363361    -0.457218    -0.139013     0.217798     0.299586    -0.225659     0.290037    -0.247888    0.0862364    -0.185653     0.319524     0.184961     0.153036    -0.454505    -0.295929     0.345423   -0.0870678     0.679478    -0.184897
    0.396686   -0.0122564     0.209175    0.0361098    0.0473179   -0.0302082    -0.234352     0.352552    -0.657855    -0.340967    -0.118679    -0.225761     0.214711    -0.209398     0.131999    -0.372679     0.775498   0.00263195     -0.67729    -0.207957   -0.0760708     0.045378      0.12341    -0.209004    -0.118038     0.960951     0.290267     0.106372    0.0732139    -0.261471     0.195948     0.301907
     0.60301       0.5301     -0.40598    -0.240852    -0.567082     0.364539   -0.0621188     0.149445    -0.216141    -0.166396    -0.312558     -0.70212    0.0835061     0.202845     0.225803     0.217737   -0.0223248    -0.175905    -0.046965    -0.269409   -0.0199455    0.0593009     -0.25067    -0.295685     -0.12681     0.274038    -0.816153     0.455773    -0.730015   -0.0969512     0.229914     0.482421
   -0.338856    0.0490508    -0.493861      -0.4511      -0.2228     0.440983      0.42429     0.226598     0.335837    0.0403941   -0.0388369   -0.0382995     0.316231    -0.138871     0.399888    -0.142865    -0.136666    -0.367151   0.00431671     0.138928    -0.117681     0.375934    -0.221018     0.401603     0.262947     0.217248     0.107233   -0.0860512    -0.445375     0.173472    -0.100299    -0.241137
   0.0286437    0.0738132    -0.182861    -0.345734    -0.146543    -0.668612    -0.596966     0.277837    -0.335414    -0.472516    -0.796821    -0.805429      0.37477    0.0230918    0.0584574    -0.628678     0.180226     0.075637    -0.588454    -0.201661     0.111741       0.0762     -0.19083    0.0190394   -0.0293976   -0.0119183     0.217027     0.198846     0.205682     0.260363    -0.233005     0.261753
    0.234743     0.148897    -0.223379    -0.481862    -0.207377      0.20425      1.07227    -0.551249    -0.140851    0.0342643    -0.536847     0.246758     0.406445   -0.0623671    -0.308468   -0.0777624     0.138487      0.04574     -1.03837    -0.401326    -0.932445   -0.0207927     0.367122    -0.107702     0.161466     0.359287     0.366598      1.14563    -0.287631    -0.273968     0.616924     0.431592
    0.940685     0.542895      0.27565     0.606042     0.570661   0.00419289    -0.303573    0.0646134     0.355693    -0.176126     0.698219      0.11295    -0.127545      0.57178    -0.213895    -0.782087    -0.520414    0.0362409     0.349956     0.376724     0.095235    -0.335905    -0.277698    -0.277389     0.215617    -0.116016    -0.251277     0.468476     -0.15643     0.300679     0.199866    -0.160963
    0.157297     0.241714    -0.368778    -0.114691     0.339364    -0.203519     -0.24985    -0.356087     0.321345    -0.130926   -0.0699909    -0.970139     0.469183    -0.466753     0.052808    -0.154644    -0.907227     0.186952    -0.208985    -0.794968     0.388521     0.281337    -0.365401     0.138221      0.39804      0.14149     0.198255    -0.635533    -0.114314  -0.00227666      0.57079    -0.195196
  0.00300366     0.263518    0.0582961    0.0672726      0.41114    -0.357828    -0.121726    -0.238716     0.354584   -0.0313108    -0.452774     0.314801    -0.147218    0.0159447     0.421345    -0.325264  -0.00917238    0.0550631     0.410221    -0.307331    -0.331179    -0.232495   -0.0374541    -0.326262     0.755207    -0.110707    -0.217455      0.52115     -0.03355    -0.285038    -0.146597    -0.236821
   -0.345475      0.31969     0.394365    -0.402632     0.174063    -0.289778     0.276472     0.884283    -0.123871   0.00293627     0.122913    -0.428588     0.351946     0.354247     0.269102     0.498034    -0.739364   -0.0761405     0.251558    -0.523018    0.0966612    -0.333004     0.689393     0.706364     0.320206    0.0789519     -0.11434    -0.962143     0.019618     0.684983    0.0542898     0.301431
  -0.0195532    -0.346649    -0.072527    0.0263704     0.136546     0.367039     0.256468     0.978686      0.37062     0.176606    0.0960381     0.246301    -0.011904     0.389226     0.623087     0.138801    -0.757811   0.00558919     0.663381     0.353409     0.629889   -0.0574235     0.241803    -0.354733    -0.496301   -0.0513222     0.147382   -0.0903342      0.33531       0.1376      0.20262    -0.190718
   -0.182148     0.155935      0.16518     0.759885    -0.162557   -0.0570123     0.104218     0.457099    -0.155397   -0.0812265    -0.137451     0.287347     0.166165   -0.0821907     0.262995    -0.232758     0.018385    -0.206028   -0.0839494     -0.29029     0.489086     -0.18834      0.95876    -0.242504    -0.297567     0.920587     0.111516    -0.932937     0.078135   -0.0148474     0.343537    -0.169486
   -0.315286      1.02795   -0.0360212     0.119588      1.02771    -0.702701     0.771044      1.00644     0.445425     0.238773     -0.43153     0.279513     0.570674    -0.159207     0.659398    -0.842825     -0.55149    -0.535428     0.851649    -0.516931    -0.376754    -0.256442     0.977995    -0.194853     0.586101     0.959388   -0.0992825    -0.450242     0.226386     0.797611     0.879786    -0.512832
   -0.470935   -0.0118407    -0.683438     0.134805   -0.0986766     0.597615    -0.205367    0.0144845     0.140751     0.429632     0.476307     0.621984   -0.0656779     -0.39767      0.53846    -0.297348    0.0175796    0.0559417    0.0570445   -0.0366684   -0.0554975    -0.516931    0.0448602     0.659534    0.0462371    -0.534312    -0.142652    -0.571121    -0.469496   -0.0583072    -0.111168    -0.246677
    -0.35478      0.21524     0.232145     -0.61204    -0.181151    -0.266318    -0.113987     0.171569    -0.131492   -0.0302283    -0.210632    0.0518865    -0.694266     0.284042    -0.150914     0.468923     0.110592    0.0743583    -0.209144     0.386929     0.138486    -0.694343    -0.401509     0.232926    -0.241344    -0.609762    -0.613108    -0.637936     0.246287     0.629237     0.098367    -0.896198
   -0.189744    -0.467019     0.590514    -0.593913   -0.0346473    -0.262942     0.101614    -0.169499    -0.306076     0.154106    -0.432466     0.654119     0.310166     0.300088    -0.432702    0.0225096    -0.935981    -0.610407      0.42355     0.402562   -0.0795108     0.436761   -0.0725352     0.394499    0.0938332      0.54374    0.0581574    0.0722195     0.471697    -0.461112     -0.42653     0.806614
    0.377973   -0.0933558    -0.629556    -0.621881     0.415035     0.386797    0.0389634     0.338296    -0.487146    0.0468517    -0.119701    -0.481638     0.589351     0.349162     0.344304     0.221019    -0.250065     0.825572    -0.154576    -0.511635    -0.702714     0.222262     0.163983      0.21703     0.358102     0.599354     0.289454    -0.456685      1.17743     0.284839     0.630855     -0.23725
    0.352661     0.553626     0.877469   -0.0600094     0.406417    -0.704408    -0.389202    -0.192232    -0.301159    0.0620976    -0.489373    -0.437479      0.28297    -0.380019      0.38114    -0.489079     0.631302    0.0284279     0.512254    -0.649199     -0.50386    -0.408287      -0.1748    -0.491725    -0.333301    0.0252775     0.918531   -0.0730438     0.604933   -0.0032712     0.173824    -0.353262
    0.211031    0.0869744    -0.147549     -0.05621      0.58504     0.114955    0.0748539     0.827704      0.43421    -0.226234    -0.222727   -0.0463192     -0.16153    -0.169239    -0.109493     0.432694    -0.290535    0.0295937       0.2855      0.09964      0.15036     0.312247     0.275728    0.0489964    -0.201977    -0.317244    0.0391198     0.129208     0.208661    -0.292204    -0.759683    -0.283865
   -0.289223     0.227641    -0.232325    -0.207853    0.0358011     -0.27779    0.0900069   -0.0691113    -0.437806   -0.0830332    -0.134568    0.0767788     0.340597    0.0698416    -0.173414    -0.788771      0.45852     0.285772     -0.42782    -0.204374     -0.21367     0.213757    -0.671448    -0.157476     0.172714      0.28402    0.0642404     0.174361    -0.116318    0.0883712       0.1258     0.319786
    0.471384     0.113893   -0.0194495    -0.291562     0.537175     0.435758    -0.315824     0.259672    0.0892598   -0.0689391     0.497709    -0.165759    -0.458421    -0.193483     0.505489    -0.452284     0.354452    -0.257114     0.413455    -0.177904    -0.200916    -0.283841     0.675738     0.717924     0.124773    -0.340471     -0.30735     -1.06765     -0.29793     -0.21129    -0.165785      0.43322
    -0.80872     0.381963     -0.36982     0.333527     0.475778    -0.581756     0.798626     0.821297   -0.0147161    0.0801809   -0.0277775    -0.143289    -0.264269    -0.345232     0.621426     0.456912    -0.293164     0.203759     0.284173     0.404732    -0.491301     -0.10646    0.0677786     0.170486     0.111839    -0.283962    -0.862398   -0.0607756    -0.787814    -0.314201    -0.500081    -0.554636
    0.403519    -0.355544      1.00582      0.47378    -0.991521     -0.42715     0.752329    -0.415329    -0.773441     0.110375  -0.00792061      1.06783    -0.601303    -0.420426    -0.370844      1.46233    -0.829506   -0.0771497     0.280512   -0.0594227     0.140612     0.132704      -0.7811    -0.599635    -0.936052  -0.00319661   -0.0676939    -0.339849     0.258987     0.282337      -0.6317      0.47286
    0.489777    -0.620942   -0.0157521    -0.646032    -0.207185    -0.198967     0.649818    -0.185809    -0.197464     0.571774     0.207914    -0.204397    -0.285421     0.200761     0.351232    0.0689837      0.17099     -0.37488     -0.19918     0.170499    -0.508353     0.228797    -0.162423     0.341133     -0.58531     0.447838    -0.303743    -0.258721    -0.133413    -0.462177     0.367918    -0.135007
    0.584378   -0.0561802      -0.2498    -0.531915    -0.892666    -0.430759     0.564045   -0.0570381   -0.0489957     0.494682    -0.848251     0.351007    -0.525062    -0.713364     0.229868     0.895276    -0.210922     -0.28406    -0.190067     0.288747    0.0589439      0.11331     -0.18876   -0.0827941    -0.270131     0.127461    -0.101184     0.190475    -0.948769    -0.339538     0.084381     0.784167
   -0.280525    -0.333569    -0.448006     0.822007    -0.899784    -0.768354     0.694681     -1.10233    -0.553024       0.2445    -0.302189      0.65112     -0.60474       -0.438    -0.155054    -0.142768     0.295897   -0.0119459    0.0917633     0.681913     0.552392     0.335565    -0.397176     0.108193    -0.611762  -0.00555518     0.259201      1.11848    0.0679636    -0.727017     0.652584     0.676842
    0.403033     0.550849    -0.316158    -0.362895    0.0454898     0.949169   -0.0213183     0.401154      0.41688    -0.158872     0.203108    -0.844389    -0.498241     0.549515     0.506851    0.0627159     0.170281    -0.803716    -0.546152    -0.038393    -0.169296    -0.327673   -0.0733089     0.182393     0.271765    -0.197085    -0.835281    -0.131147    -0.189393    -0.502052    -0.433396    -0.690304
   -0.305309    -0.694366     0.704974     0.766772     0.239026    0.0880459    -0.161236    -0.263473    -0.308576   -0.0648327    -0.587723    0.0390049    -0.523857    -0.105798    -0.241806    -0.169446    -0.174146    0.0740326   -0.0140122     0.477762      -0.3422    -0.296402     0.113791     0.292748     0.436172    -0.378087     0.103835    0.0180197    -0.144211  -0.00813059    0.0232203     0.627229
    0.278442     0.348035    -0.359173    -0.225163     -0.29523    0.0444969     0.343026      1.37168    -0.219969     0.262053     0.208619     0.132716    -0.733706   -0.0287534    -0.461672     0.670189     0.769055    -0.973987    -0.181128    0.0639441      1.23929    -0.260167    -0.249214     0.561099    -0.593918   -0.0130848    -0.252107     -1.55379     0.115662    -0.630106     -0.65268     0.152883
 -0.00914584    0.0610811    -0.408511    -0.120307     0.158574    0.0623958     0.104575    0.0286865    -0.401401     0.372283    -0.059603    -0.725051    -0.197162    0.0569436      0.49573     0.383681    -0.193154    0.0647465     0.250245    -0.158555     0.491204    -0.156885     0.240375     0.208171    0.0766967  0.000786766    -0.155997    0.0306899      0.33829     0.146427    -0.206558     0.122497
   -0.337397   0.00173276     0.385893    -0.765374    -0.593946    -0.377919    -0.373976      0.14462    -0.385805    0.0477997    0.0687929    -0.178863     0.212659     0.606221    -0.346957   -0.0501183     0.582334     0.417432     -0.26029    -0.201579    0.0590244    -0.220828    -0.369254     0.519446    -0.487214    -0.091571       0.4414     -1.05242     0.454116    -0.134942    -0.560072     0.119471
    0.590094    -0.652259    -0.370014     0.299656     -0.30298    0.0549015     0.519224    -0.294947    -0.252951     0.243515   -0.0931504   -0.0239552   -0.0118859     0.121691    -0.544161   -0.0639061    -0.627413     0.193998    -0.183245     0.330894  -0.00572377     0.460075    -0.596272    -0.673365     0.393682     0.143956   -0.0813796     0.987322     0.359828     0.550698   -0.0291386      0.14817
     0.45083     0.225092     0.127141    0.0643678    -0.398378     0.386848    -0.504129    -0.262334    -0.685657      1.06599     0.597327    0.0818904    -0.162121    -0.619179     0.547413     0.424305     0.504139    -0.299105     0.262212    -0.302853     0.059497    0.0219012     0.114036   -0.0707092     0.784854     0.455569     -0.31657    -0.492615      0.28792   -0.0464422      0.53681    -0.428629
 -0.00690133    -0.249283    -0.156861    -0.180477    0.0703291   -0.0708457     0.374254    -0.434543    0.0869274    -0.106443     0.331685    -0.372127     0.190653     0.761291    0.0250115   -0.0882855    -0.180718     0.568435    -0.206967     0.501181    -0.565736     0.459238    0.0630745    -0.304044    -0.108871    -0.596276    -0.243525     0.186163     0.257914     0.311685     0.457906    0.0893443
    0.436457    -0.162738   -0.0319345     0.266806    -0.385156     0.841472   0.00936535    0.0699428     0.279991     0.111876     0.174388    -0.282907   -0.0705767    -0.148561    0.0120484     0.353076      0.40649    -0.857365    -0.291228     0.238857    -0.162773   -0.0913146   -0.0116162     0.494226    -0.431709    -0.600109   -0.0378667    -0.799615    -0.533171    -0.483096     0.678539    -0.285287
   -0.718224     0.115052     0.210132      0.45245   -0.0297043    -0.230436      0.12514     0.313728    0.0594159     0.272351    -0.634753    -0.277732     0.687914     0.228018     0.622053     0.360862   -0.0212166     0.265227     -0.15219     0.245083     0.112504   -0.0519701     0.363129   -0.0663826    -0.681609     0.324039     0.250209    -0.220891     0.339707     0.246075     0.163971    0.0338532
    0.225791     0.240707   0.00799146    -0.682292     -0.19466      1.03034     0.291289      1.04657     0.206994     0.409196    -0.187681     -0.20417      0.24094     0.341113    -0.331389     0.083197     0.119424    -0.462252    -0.362491    0.0124892    -0.735509    -0.545236     0.517074    0.0884436     0.166696     0.390369    -0.603861    -0.759037    -0.331612    0.0203779     0.232581   -0.0133446
     0.38331     -0.32014     0.367309    -0.192045    -0.513283     -0.39299     0.442618    0.0849321     0.178248     0.436849    0.0499863     0.265724    -0.146335    -0.305896    0.0332891   -0.0351744     0.189969     0.342461   -0.0324528     0.185994    -0.457329    -0.208016    -0.427832     0.168087    -0.590437     0.019653    -0.171117     0.475498    -0.312642    -0.445142     -0.17834     0.248141
    0.188998    0.0114273     0.191302     0.183663     0.311623    -0.483461    -0.150187     0.232481    0.0451552    0.0155661     0.275161    -0.203129   -0.0581621   0.00954699    0.0283487     0.223874    -0.115094   -0.0182544     0.186975    -0.155272    0.0843599    0.0248383     0.106867     -0.15371    -0.494954     0.104142     0.443478    -0.545654     0.418931     0.220678    -0.159175    -0.384356
   -0.365379    -0.233186     0.186097     0.102845     0.181583     0.134903     0.566988     0.226066     0.192001    -0.100539    -0.478361    -0.188742    -0.413212    -0.588481     0.575456    -0.423414     0.242682    -0.251657     0.105257     0.250618    -0.115152    -0.105305     0.273045     0.588703    -0.289458     0.142354     0.425907    -0.146955   -0.0202663    -0.926804     0.362978     0.819382
    -0.34658    -0.624703    -0.406825      0.64486    -0.445648     0.501237     0.806085     0.192071    -0.122963     0.437019    -0.576016     0.656047    0.0697172   -0.0882365    0.0686875     0.102403    -0.481628    -0.161591    -0.683492     0.345655    -0.280503    0.0626609     0.337267    -0.274936    -0.411427      0.39464    -0.585765     0.316175    -0.560021    -0.205478    -0.145976     0.429533
   -0.206586    0.0561992     0.248843     0.157076    -0.340208    -0.469041    -0.375192     0.506309     0.272365    -0.293214     0.436176  -0.00507003    -0.396216     0.310211     0.154895   -0.0286268     0.288308   -0.0583632     0.178343     0.261695     0.411527     0.221412    -0.134536      0.47315    0.0441467    -0.641539   -0.0508802    -0.187565    -0.152835 -0.000438404    -0.324283    -0.161994
    0.392146   -0.0439174     0.310166    -0.136583    -0.112579     -0.14368    -0.244119     0.173081    -0.472935    -0.400492      0.10639     0.667005    -0.782977    -0.144126     0.341906     0.697332    -0.756861     0.380857    -0.778187    -0.309972    -0.226073    -0.306413   -0.0321911     0.290558     0.276767    0.0642057    -0.618459   -0.0606159    -0.457164    -0.395926    -0.731437   -0.0976954
    -1.01068    -0.024711   -0.0890192     0.458288     0.502369     0.281888    0.0179394    -0.593271     0.488341      0.20163     0.287894     0.465708     0.355942    -0.319311   -0.0912873   -0.0906463     0.591784     0.538486     0.459201    -0.498706     0.103305    -0.245005   -0.0707831    -0.310922   -0.0144886    -0.487724     0.191918    -0.077827    -0.317075     0.443275     0.786886    -0.317861
    0.133198     0.275269    -0.484853     0.172285    -0.745474     0.308531    -0.293319    -0.692721     0.191244    -0.322363     0.210338   -0.0459793   -0.0493828    -0.356404     0.114238      0.53588    -0.650742      0.14526     0.507175  -0.00876302  -0.00834819     0.609281    -0.115614    -0.902652    -0.584323    -0.268079     0.629554     0.351221    -0.175423    -0.376792     0.606432    -0.349557
 -0.00490169    -0.495097    -0.787306       0.2097     0.688098     0.453946  -0.00557758     0.136964     0.157506      0.16286     0.876479   -0.0735905    0.0149993     0.750416   -0.0820354      1.29211    -0.181339    0.0370501    -0.197585    -0.077071     0.396472    -0.438353     0.131003     0.226296    -0.287525    -0.126468   0.00253279    -0.409041     0.870109     0.093122    -0.579699     -0.30418
     0.82982    -0.559991    -0.697917      1.27799     0.119447      1.73819     0.311796    -0.258882     0.751157     0.581813      1.07799     0.212693     0.567561   -0.0663154     0.524133    -0.359701   -0.0711091    -0.236561     0.012101     0.158918   -0.0981672    -0.482979   0.00480581     0.240601     0.610955     0.118671    -0.527298     0.417444    -0.791666     0.237238    -0.290067   -0.0083531
     0.20346     0.555383     0.152266    -0.132218    -0.412772     -0.24894     0.431002     0.447378     0.492419     0.152631    -0.345019    -0.445977    -0.393268     0.154574     0.527571     0.132776      -0.2666    0.0228394     0.418291    -0.339021     0.234139    0.0751916     0.439664   -0.0802806     -0.12997     0.501779   -0.0653153    -0.538255     0.735515     0.206049     0.644779    -0.249637
   -0.618483     0.167626    -0.063013    -0.169987    -0.304077     0.226611     0.189597    -0.493686      0.34524     0.106649    -0.390785    -0.242715     0.487216     0.503907     0.293158     0.112168    -0.133767     0.310077     0.149202    -0.120572    -0.153434    -0.605411     0.478083     0.218449     0.181599    -0.127424     0.170333    -0.790703     0.630781    -0.170545     0.143253     0.142567
    0.112952     0.638813    -0.136308    -0.406166    -0.440529     0.427959    -0.240575    -0.919186    -0.226438    -0.219996     0.317058    -0.218076     0.150954   -0.0500142    -0.171988    -0.163389     0.492311     0.170932    0.0566394   -0.0551956    -0.499251      0.27431    0.0650567     0.269679    0.0125178     -0.30774     0.225461      0.41983      0.44553    -0.551523    -0.145013    -0.431996
   -0.355386     0.184122     0.151299     0.270969    -0.121645     0.711377     0.146506    -0.821396    0.0813652    -0.487889     0.111261     0.292295     0.682462    -0.107117   -0.0874346  -0.00566355    0.0222932     0.417854    -0.042168    -0.597348     0.157111     0.114314   -0.0158393      0.22955    0.0757967   -0.0228192   -0.0536096      0.49625     0.453736    -0.348964     0.671468      0.27247
    0.102182     0.316384    -0.489485     0.479568    -0.182192     0.202067    -0.217145    0.0435946     0.279621    0.0219655    0.0294198     0.267776    -0.374023    -0.497633     0.212366   -0.0718818     0.198165      0.11233     0.407892    -0.113914    -0.160606      1.03618    -0.322195    -0.821334    -0.235071     0.132808     0.327255      0.40789    -0.139921    -0.168972     0.575048    -0.531636
   -0.617411   -0.0353679     -0.23062     0.644485    -0.232797     0.479074    0.0865673     0.018993     0.182125     0.516664    -0.178145      0.53863    -0.593537    -0.139656  -0.00847941    -0.427205    -0.125641    -0.218164      0.22394     0.437734    -0.284747     0.127066     0.156682    -0.231584    -0.748456    -0.159222     0.363496     0.742839    -0.311275    -0.451697      0.45542    0.0150681
   -0.151988    -0.340593     0.148496     0.479984     0.167052    -0.432484  -0.00158829    -0.749091     0.357233     0.202319    -0.213294     0.510729    -0.360909     0.475016    -0.373023    -0.342096    0.0547556       0.2219     0.346801      0.32447     0.357784     0.213145    -0.450673    -0.536751   -0.0655399     0.438159     0.342238       1.4124    -0.525432     0.700776    -0.187775     0.512731
   -0.259753     0.337173     0.407309    -0.232019    -0.321109    -0.240654     0.635084      0.40528     0.221775     0.187903    -0.349076    -0.359952    -0.236456     0.259537     -0.35424    -0.382486     0.670454    -0.637681     0.281075    0.0199699    -0.149007     0.581161    0.0817476   -0.0992305    -0.206564     0.327674    0.0136155    0.0800649     0.315457    -0.675521    -0.079274     0.531791
   -0.211501     0.180996    -0.046564   -0.0989997     0.232012   -0.0327437    -0.361843     0.352695    0.0853445    -0.271573    -0.361307    -0.574241     -1.06512      0.27568    -0.712072    -0.235624   -0.0363599    -0.437389    -0.225891     0.115225   -0.0214704     0.198629    -0.507243    -0.140985    -0.174462    -0.272321    -0.453107    0.0355962    -0.612693     0.353656    0.0315477    0.0591696
    0.191366      0.50877    0.0986513     0.200745    -0.211569    0.0953372   -0.0340908   -0.0344328     0.387105     0.235598     0.079641 -0.000401688    -0.160268    -0.129598     -0.26149      0.24044    -0.139994    -0.346164    0.0436941    0.0358853     0.103763     0.159372     0.541104     0.306065    -0.288314   -0.0649211    -0.320361    -0.298043   -0.0254484    -0.403584    0.0889305     0.110859
    0.474158    0.0148207     0.344337    -0.858727     0.323088    -0.563417    -0.131693     0.560253    0.0587297   -0.0426896   0.00713429    -0.247958    -0.627953     0.486375    -0.278021     -0.79418     0.236987     -0.01991   -0.0216153      0.65746    -0.763913    -0.210716    -0.811169     0.272346     0.103291    -0.359939     0.127241     0.111199    -0.286558    -0.443656   -0.0102705   -0.0955755
    0.234964     0.323679    0.0924497    0.0853147     0.466956   -0.0535881     0.125115     0.408914    -0.219939    0.0874137    -0.197982   -0.0430675    -0.451752     0.211675     0.171829    -0.339294    -0.119681    -0.274464     0.866687     0.137354    -0.306338     0.180581   -0.0404651    -0.123704   -0.0250218    -0.248295      0.11573    -0.140099    -0.346285    -0.605965    -0.874474    -0.329757
   -0.410904     0.151427   -0.0646189  -0.00856013     0.189754     0.192505    -0.440308    -0.522967  -0.00258743    -0.250279   -0.0194318     -0.23739     0.300679     0.524846    0.0874339    -0.201909      0.64172     0.707463      -1.0047    -0.674686 -0.000154098    -0.431228    0.0432113     0.652992    0.0898311     0.196636     0.141653    -0.331248     0.391471    -0.336443    -0.341525    -0.271757
    0.194505    -0.141347  -0.00622139   -0.0840397    -0.104936    -0.148277    -0.293061    0.0453444    -0.155761     0.102273    0.0744871     0.231853    -0.678571   -0.0605211      0.72115    -0.313109     0.554971    -0.547868     0.670464    0.0110415     0.478833     0.240225       0.3904    -0.152741    -0.307852     -0.50847    -0.208822    -0.373734    -0.301484    -0.689322      1.18419    -0.105781
   -0.136792    -0.529549     0.110452    -0.735146     0.144659    -0.279811     0.198309    0.0303906   -0.0693851     0.708822     0.550811   -0.0327207    -0.128031     0.092778    -0.539575     0.820451     0.213097     0.277272    -0.533323     0.358192     0.102936    -0.140447    -0.202214     0.622934    -0.226063    -0.247773     0.156269    -0.544508   0.00973034   -0.0708847    -0.587583   -0.0409632
   -0.024105    -0.156785     0.298706    -0.624886     0.130098    -0.313791     0.512914     0.848765     0.386722     0.222656     0.461188     0.609698    -0.423107     0.548989   -0.0144837     0.439553    -0.292263    0.0142722     0.433497    0.0205614     0.199101    0.0165737     0.227423     0.169962   -0.0824166     0.371978    0.0907384    -0.809621     0.279285     0.445857    -0.878397    -0.230057
