  0.202159
 -0.106229
 -0.308496
 -0.257111
 0.0938716
 -0.441117
 -0.241063
 -0.250861
-0.0402921
   1.16581
 -0.219563
 -0.204363
 -0.152195
 0.0101637
 0.0801792
 0.0244981
  0.168879
  0.345155
  0.443176
 -0.036288
 -0.163689
  0.296721
    0.2135
  0.708464
  0.139503
  0.493312
   0.19781
-0.0886781
  0.471303
  0.217777
  0.141852
 0.0317597
  0.381806
  0.410846
  -0.49472
 -0.626741
   0.15732
-0.0844078
   1.01457
0.00339907
  0.229634
-0.0862441
 -0.240966
 -0.410663
 -0.222507
-0.0555169
  -0.44449
  0.122088
 -0.247817
 -0.496329
 -0.498591
  0.497995
  0.637352
  0.499067
  -0.43137
 -0.252081
-0.0942036
   0.15475
-0.0398795
 -0.266098
   0.11408
 -0.099275
-0.0152258
    0.1231
  0.472361
  0.118857
 -0.416035
 -0.106142
 -0.363534
 -0.121296
 -0.159586
  0.116506
  0.615611
 -0.186966
 -0.241738
 -0.395147
  0.264865
  0.275445
  0.394156
 -0.143281
  0.375202
  0.212017
  0.181169
  0.109895
-0.0743659
  0.033465
  -0.41337
  0.193966
 -0.338828
  0.262693
 -0.365374
-0.0196886
 -0.710224
 -0.189127
 0.0158131
 0.0466688
 -0.181852
-0.0392104
  0.536578
 0.0719997
 -0.436215
   0.42496
   0.31613
-0.0859107
  0.350021
  0.346376
 -0.156653
 -0.115431
 -0.403051
 -0.492031
  0.232449
  0.585841
  0.225774
 -0.481477
 -0.368919
 -0.496561
  0.692545
 -0.450875
 -0.517087
 -0.196493
-0.0379775
 -0.101967
 -0.187446
  0.302912
  0.314828
 0.0535947
 -0.445801
 -0.423543
