   -0.629907     0.210035    0.0831142    -0.351898     0.300175     -0.27058    -0.398549   -0.0189431     0.164412    -0.495796    -0.526236     0.670914    -0.025039      1.21233   -0.0509951      1.04255    0.0879868    0.0884332     0.237298    -0.480643   -0.0274553     0.258031     0.138684     0.914378    -0.720285     0.232488    -0.323894     0.185209    -0.820321       1.0682    0.0259646    0.0770444
   -0.729055    -0.661096     0.329765     0.129167     0.290231     0.299567     0.436621     0.669609     0.399579     0.707784   -0.0727154   -0.0565399     0.230028    -0.365198    -0.570934      0.35993     0.678776     0.360218  -0.00391054     -0.14247     0.653799      1.03351     0.146858    -0.508762  -0.00944346     0.508787    0.0670611    0.0160388     0.448449     0.461205    -0.104441     0.555661
    0.528792     0.172837     0.133151     0.308391     0.061008    -0.136253   -0.0583528     0.118893   -0.0433828     0.056069     0.709529    -0.117635   -0.0844334    -0.193624     0.611213     0.276727     0.684794     0.300337     0.508165     0.433458      0.67733      0.16509      0.52087    -0.182659    -0.290131     0.388575     0.506031      0.72323    -0.441054    -0.364238    0.0295101      -0.2722
   -0.577681    -0.286692   -0.0577832     0.401654     0.412379     0.301555     0.242282     0.910677     0.436626     0.707354    0.0764647     0.532525     0.544329    -0.632147    -0.340867     0.562269     0.448267    -0.756762    -0.682161    0.0215612     0.742895     0.594876   -0.0469125  -0.00204746     0.526951     0.730024    -0.935177     0.169632     0.101686     0.556132     0.557248     0.447962
   -0.480387     -0.60127     0.252986    -0.697166     0.691334     0.594069    -0.120892    -0.158951     0.352749    -0.141207     0.682113    -0.302495     0.788498   -0.0565706    -0.256411     0.456784    -0.395705     -0.24114    -0.327082  -0.00638963     0.518698     0.990099     0.667946     -0.32901    -0.530819   -0.0160182    -0.581633    -0.629845     0.692918      0.24232     0.821547      1.15844
    0.557955    -0.283872    -0.366457    0.0815851    -0.215608     -0.52375    -0.876274    -0.112471    -0.257119    -0.225875    -0.372652   -0.0209942     0.596536     -0.32903    -0.594867    -0.716255    -0.291539    -0.799297    0.0567197   -0.0443913   -0.0361707     0.113713    -0.505653   -0.0308758    0.0414335    -0.201059    -0.445217     0.119137      0.11276     0.257934     0.100688     0.125979
    0.108189   -0.0325072    0.0592811    -0.395038     0.148729     0.192044     0.323751  -0.00727031     0.134542     -0.23779    -0.362805    -0.267763    -0.500434     0.224893     0.029089     0.206488    -0.138093    0.0316561     0.215974     0.321983   0.00788813     0.201993     0.177577    -0.372323   -0.0575369    -0.525324   -0.0805292    0.0316169   -0.0540424    -0.180077    -0.489583    -0.238366
    0.613187     0.338089     0.430472     0.667454     -0.61076     0.536701    -0.142628    -0.313783    -0.327413    0.0215496    -0.304496      0.10085     0.152677   -0.0878803     0.191735    -0.333007    -0.351633    -0.903797    -0.340803      0.62483     0.355961    -0.545154    -0.377397     0.905468    0.0732118    0.0864194     -0.59922    0.0142012    -0.117258     0.581605    -0.220519     0.104388
   -0.487885    -0.405687      0.50162    -0.771511      1.15643    -0.614579     -0.79897     0.376576    -0.224612     -1.08022    -0.365729    0.0838219    -0.129038     0.172729      0.13865     0.557746    -0.364513   -0.0484806    -0.239427     0.120104     0.287895     0.914845     0.114026     0.322335    -0.552138     0.325903      -0.7856    -0.625215    -0.186551    0.0160285      0.78398    -0.101276
   -0.526273    -0.543254     0.455939     0.379498     0.649497    -0.087379    -0.396143     0.581204     0.163998     0.395341    -0.384818     0.357307      1.13895    -0.475569    -0.293613      0.98628     0.377866    -0.114328    -0.457192     0.151886     0.800027     0.365587     0.239781     0.226886     0.323627     0.820954    -0.349974   -0.0184121    -0.118721      1.24555     0.341423      0.63849
   0.0896248    0.0734528     0.197689   -0.0473291    0.0229536     0.305697   -0.0289508       0.2313     0.424178    -0.106303    -0.385645     0.197056    -0.028847     0.271529    0.0994088    -0.107117    0.0711953     0.169362     0.421298   -0.0668124      0.70806     0.378243    -0.249233    -0.291014     0.148981    -0.116613    0.0685293    -0.206976    0.0852416   0.00879741    -0.618405   -0.0823817
    0.212015    -0.277136     0.381307   -0.0285451     0.550527    -0.246269     0.216779    -0.101972    -0.092001    -0.765287    -0.372379     0.271723      0.49662    -0.705539    -0.113723   -0.0754739     0.284886   -0.0594887     0.308217    -0.217332     0.875984     0.439652    -0.538406    -0.864899    -0.789556     0.079541      0.13227    0.0679267      0.63813    -0.071967     0.476431    -0.197877
   -0.216329    -0.883346    0.0259321     0.465355     0.572802     0.115175     0.226068     0.540075     0.508032   -0.0976176     -0.92314    -0.129012      1.32246    -0.168995    -0.313102    -0.368866     0.214752    -0.106623    -0.651045    -0.203592     0.718487   -0.0758506     0.422799  -0.00547957    -0.136849     0.311968    -0.461121    -0.962539      1.04155     0.167253    -0.115582      1.15518
   -0.180919    -0.129617   -0.0977001    -0.343687     -0.33599    -0.618713      0.69793     0.137168     0.101774     0.523616    -0.705341     0.351672     -0.12378     0.344405    -0.329353     0.322913     0.400761    -0.604005     0.144104     0.174211     0.194239    -0.216217     -0.10807      0.59525    -0.294699     0.421251     0.324945     0.971509     -1.22122     0.311903     0.709848    -0.573918
    0.467039    -0.708608    -0.138095     0.696899    -0.785823     0.330904   0.00672788     0.163087    -0.614605   -0.0482494    -0.236595    -0.410903     0.557563     0.263061     -1.13045     0.100275    -0.640805    -0.993728    -0.419647     0.308602     0.484176     0.313014      0.63087      1.19786    0.0204475     0.952606    -0.371661    -0.185648    -0.943948      1.28448     0.706807     0.964074
   -0.270218     0.063294      0.70682    -0.311051    -0.425165     0.147313     0.640438     0.158709     0.159705    -0.229505    -0.207375      0.57532    -0.422596       1.0963    -0.256378       1.0868    -0.664034    -0.448032    -0.704014     0.511094     0.361101     0.620768     0.609773     0.784804    -0.176904    -0.107539   -0.0529382    -0.354146    -0.626474     0.417755     0.446069    0.0757393
   -0.436065     0.464128     0.202408    -0.324933   -0.0609178     0.180759    0.0179611    -0.115142     0.177069    -0.329072     0.392025     0.525323    0.0113795     0.265982    -0.419995    -0.204232    -0.141768    -0.574255    -0.104445    -0.426798  -0.00368616    0.0982454     0.237438    0.0191056    0.0984689    -0.219917    -0.364293     -0.19733     0.111127     0.041332      0.25265     0.774064
   0.0575412   -0.0444373     0.442515    -0.921676    -0.532652    -0.134131     0.679173    -0.191458     0.237646    -0.149742    -0.119791     0.276774     -0.50322     0.362277    -0.673816    -0.291745    -0.725353    -0.426037    -0.363661     0.726587    -0.111479    -0.123814    -0.227744     -0.82477     0.166998     -1.13702      0.20476      0.24781    -0.233383     0.942506      0.49279    -0.680379
   -0.621344   -0.0566897     0.322363   -0.0619863     0.072755     0.252292     -0.67843     0.157598     0.438274   0.00428422    -0.332497     0.275272   -0.0640774     0.512204     0.248989   -0.0538722    -0.130284    -0.102081     0.127475     0.650635     0.374425       1.0692     0.187588     0.531179    -0.107938  -0.00973143    -0.257629    0.0709787    -0.606086     0.687435    -0.032632    -0.648701
   -0.597535     0.554486     0.583613    -0.536815     0.120619 -0.000776139    -0.117465     0.656527     0.654847    -0.469541      1.20001     0.269376    -0.234834    -0.294499     0.495946      0.18539   -0.0218782   -0.0998794   0.00453442     0.294074     0.491119     0.866226     0.161914     0.138132      0.31313    -0.449955    -0.728609     0.027136     0.794555    -0.147671     0.673984     0.652772
   -0.044043    0.0553669    -0.102183   -0.0748409     0.214831    -0.120966    -0.377486      0.51468     0.144911    -0.746828      0.38229     -0.61079    -0.640401     0.671913     0.485775    -0.673538    -0.595857     0.396691    0.0367765       -0.314    -0.652288     0.334532    0.0800018      0.31932    -0.362848     0.345031    -0.316011    -0.467904     0.556807    -0.537286    -0.639484     0.291629
   -0.472189    0.0492504     0.470078   -0.0258999    -0.383659   -0.0476617     -0.38881    -0.249718      0.17727    -0.112383    -0.383381     0.353133    -0.203081     0.284176     0.308552     -0.42107    -0.547335    -0.133755     -0.47355     0.220841    -0.366239    -0.248924    0.0746454     0.598491     0.231824    0.0927691    -0.153499    -0.154845     0.266187     0.351145     0.101537    -0.271094
   -0.040646     0.239597     0.317978     0.168638    0.0184842   -0.0710522      1.62584     0.314627     0.880532    -0.246352    0.0411412     -0.21241    -0.720821   -0.0443525     0.043126     0.570176    -0.143675    -0.339914    -0.352383     0.360977    -0.152516    0.0226625     0.586299    -0.509964     -1.15943    -0.678219     0.306251     0.412116     0.119615     0.393733     0.650186     -1.04968
    0.132234     -0.15467    0.0995412     0.106553     0.830541     0.134564     0.624175    -0.169254     0.243601      1.08614    -0.202159    0.0294217     0.994993    -0.404921     -0.11725     0.638374      0.89393    -0.853645   -0.0824971    -0.326727     0.390316    -0.490019    -0.206297     -0.17446    -0.262878     0.238244     0.282635     0.379906    -0.157874    0.0727307      1.14047    -0.155993
   -0.438582    -0.811592    -0.256193     -0.17098     0.716391    0.0632834    0.0473125    -0.483071    0.0554728     0.574597    -0.653254     -0.93273     0.440077    0.0539313     0.262965     0.354749    -0.878561     0.965975    -0.630033     0.532718      -1.0759     0.275299     0.860585     -0.33109    -0.580571    -0.232065     0.828947     0.206308    -0.865777    0.0265876   -0.0308696     -1.26253
   -0.456274     0.644955    -0.220736     0.658845    -0.323153     0.345629     0.147176    0.0647619   -0.0623992    -0.118063      0.40802    -0.760111      0.19297  -0.00246532    0.0998464     0.269719    -0.780092     0.098243    0.0217906      0.73907     0.433022    0.0266807    0.0598852     0.824824     0.338293     0.499057   -0.0737459    -0.558534     0.202427      0.25685    -0.239248   -0.0739331
    0.372541    -0.705768    -0.136429    0.0314112     0.113784     0.180155    -0.144799    -0.360126   -0.0541928     0.145438   0.00204937      0.29122     0.357956    0.0463049    0.0298909    -0.276262     0.138855    -0.370358     0.280302    -0.291464    -0.570235    -0.576158   -0.0379505     -1.16761     -0.74595      0.10269   0.00739318     0.269906    -0.130718     0.181142    0.0294627    -0.454179
   -0.127561   0.00204535     0.011738     0.495671    -0.648479        0.784    -0.748135      0.10586     0.175968     0.325385     0.232595    0.0968362    -0.172262     -0.10546    -0.305106    0.0339738   -0.0501578    -0.961721    0.0165237    -0.150111    -0.173005    0.0128818    -0.187431     0.517978     0.930276     0.559046    -0.854994     0.139029   -0.0529229      1.02101     0.392227    0.0383542
    0.130679    -0.673641    -0.168623    -0.188676      0.26406      0.45747     -1.22701     0.526776      0.37059    -0.214238     -0.52591  -0.00587959   -0.0148042    -0.394509     0.956863     0.565025     0.144343      0.34872     0.339862    -0.519571     0.636146     0.196566    -0.547547     0.615829     0.464455      1.13567    -0.582779     0.501223     0.144341     0.871933    0.0033554    -0.187599
    0.183027    0.0679074    -0.347912     0.571758    -0.559658     0.782285     0.729931     -0.10042     0.116466   -0.0445188    0.0540132    -0.323064    -0.473618     0.285111    -0.326269   -0.0364689    -0.723585     -0.33595    -0.666369     0.227465    -0.253342    -0.381719    -0.356488     0.859983   0.00195431    -0.251896    -0.394478   -0.0440732    -0.872038     0.624238    -0.144542    -0.575657
    0.375352    -0.909774    -0.201938    -0.223383    -0.211317     0.755993    -0.844145   -0.0120873      0.69689    0.0648707    -0.448221     0.266175    -0.224806     0.578635     0.132589    -0.502928     -1.02637    -0.527608    -0.408229    -0.230568    -0.512323    -0.158018     0.484513     0.217764     0.436619     -0.12157      -1.0644    -0.777344   -0.0125036      0.26665     0.205689     0.597306
   -0.136885     0.111977     0.170613    -0.435705    -0.210982    0.0308696    -0.481221    -0.383097      0.16065   -0.0310486     -0.56993     0.669247     -0.14447    -0.107204     0.233536    0.0882345    -0.136189     0.276135     0.771056     0.574667     0.178707     0.228327    -0.341227    0.0108384     0.141415     -0.22403     0.172546      0.56672    -0.161536     0.721052   -0.0115869    -0.728333
