 -2.65517
 -1.55124
 -1.47774
 -1.75922
 -1.83284
 -1.70894
  -2.2443
 -1.25402
 -2.59387
  -1.3134
 -1.79062
 -1.65954
-0.846633
 -1.53208
 -1.20768
 -1.44115
 -1.94233
 -1.59546
 -1.31805
 -1.26302
  -2.0117
-0.875984
 -2.15726
 -1.16165
 -1.00747
 -1.97629
 -2.26772
 -4.05992
-0.835951
  -2.0796
 -1.99743
 -1.34406
 -2.15722
 -1.12907
-0.939461
 -2.93078
 -1.06037
 -2.79361
-0.569965
 -1.48224
 -1.58845
-0.351071
-0.814707
 -2.56406
 -1.12395
   -1.906
 -1.15723
 -1.40764
 -1.77713
 -2.34019
 -1.31763
 -1.68322
 -1.93589
 -2.63414
  -1.3891
 -1.79556
 -1.17126
 -1.94595
  -1.2938
 -1.11319
 -1.84725
 -1.26141
 -1.60472
 -2.25861
  -2.0889
 -1.40261
 -1.30024
 -1.26415
-0.988399
 -1.91331
-0.648885
 -2.45149
 -0.79742
 -1.29892
 -1.36601
 -1.51524
 -1.78827
 -1.31749
-0.282767
 -1.82347
 -1.73068
 -2.00495
 -1.57284
  -1.7044
 -1.28306
 -1.38075
 -1.66128
 -2.75664
 -1.36728
 -1.49403
 -1.84244
 -0.82215
 -2.68607
 -2.24539
 -1.66634
 -0.93966
 -1.99424
 -1.21571
 -1.39285
 -2.16421
 -1.97108
 -1.62192
 -1.50862
 -1.84042
-0.459666
 -1.50673
 -2.40642
 -1.36116
 -2.11186
 -1.15666
 -1.33858
 -1.69574
 -1.94208
 -1.39347
 -1.73105
 -2.63979
-0.993558
 -1.09156
 -1.42978
-0.917497
-0.926912
-0.658983
  -1.4826
 -2.73054
 -1.21387
 -1.66641
 -0.89875
 -1.51015
