  -0.0777124    -0.460001     0.654804     0.157939    -0.261826    -0.042799    -0.306668    -0.175782     0.701982    0.0771834    -0.237636    -0.335254     0.262844     0.377992     0.313831    -0.867086    0.0905093    -0.305682     0.510249    -0.162987     0.162945    -0.393134     0.181805     -0.58389    0.0481258     0.166382   -0.0948913    0.0249304    -0.135437    -0.390652     0.181796    0.0729865
    0.239513    -0.531924     0.204854    -0.394916    -0.108441    0.0745716    -0.800354     0.424165     -0.21678    -0.378657     0.175575    -0.855634    -0.117305    -0.634467     -0.20288     0.198485     0.101233     0.216633    -0.199774    -0.188384   -0.0938969   0.00551969    -0.257447     0.440054     0.247099   -0.0820174    -0.162266     -0.42972     0.578252     0.895089   -0.0298993    -0.115228
    0.549194     0.098888    0.0739033    0.0686926    -0.377973     0.182551     0.107646    -0.361527     0.305521    -0.325192    0.0833314    -0.362289     0.307998    -0.246309    0.0157199    -0.192256     0.152238    -0.287191   -0.0777072    -0.110824    -0.271415    -0.275473    0.0805854   -0.0283694    -0.373116     0.108212    -0.322516    -0.171593    -0.242976     -0.22962     0.165111    0.0438444
     0.16378    -0.508282     0.154156    -0.199917    -0.137557    -0.402644    -0.833586    -0.493019     0.475847    -0.438825    -0.965212    -0.183397    -0.065382      1.12087     0.201158   -0.0767979     0.907667     0.190061     0.453057   -0.0142454   -0.0286451    -0.753947   -0.0150061    -0.282797     0.247905    -0.199132    -0.365104     0.440623    -0.134602    -0.158723     -0.25955     0.149545
    0.165695   -0.0510339     0.452105     0.396823     0.363816     0.131694     0.539535    0.0369932    -0.517893    -0.144556     0.285616     0.339703   -0.0747701    -0.207306     0.116511     0.368955     0.331545    -0.175551    -0.515101     0.125483     0.341916    -0.330721    -0.425782     0.119417    0.0996475      0.30679     0.168619    -0.478371     0.211404   -0.0962709    0.0270915    -0.105991
    0.270726     0.383514    -0.578913    -0.156725   -0.0857979    -0.500157    -0.462426    -0.192188    -0.560687    -0.191567     0.171331     0.212171      0.18451     0.150036    -0.429225     0.641584     0.052839    -0.190834  -0.00104232    0.0586382    -0.338429    -0.509892     -0.43675    -0.483679     0.174967    0.0141679    -0.246109    -0.176119   -0.0832578      0.18853    -0.220932     0.029505
    0.231212     0.129402    -0.185172    -0.211548    -0.543193    -0.241914     0.628728    -0.121128     0.189689    0.0751499     0.343675    0.0361023   -0.0427794     0.104333     0.232434    0.0628541    -0.550465     0.408889     0.258307     0.287348    -0.176765    -0.333055     0.896793    -0.169003    -0.465997    -0.267093    -0.270233     0.364743      0.25139    -0.182733   0.00242539     0.370029
   -0.356862    -0.268533    -0.154343     0.380396    -0.822602    -0.139965    -0.724694    -0.959358     0.444198     -0.58954     -1.97936    -0.353933    -0.608898    -0.112665     0.064803      0.17109      1.16571   -0.0798719   -0.0687359    -0.794325     -0.06803    -0.329719    -0.269015    -0.242423     0.594263    -0.360261    -0.551694     0.587791     0.325457     0.405333    -0.175925     0.207152
    0.235306    -0.570551    -0.145142     0.147378     0.144447     0.323134     0.298038     0.873663    -0.483358     0.150001    0.0556021   -0.0518384    -0.254921     0.139186    -0.296712    -0.275704    -0.199699    -0.125097    -0.318915    -0.640611    -0.760025    0.0138514     0.755104    -0.157506    0.0366076    -0.633139    -0.215285    -0.500506     0.522297    -0.383999     0.506771    0.0932475
   -0.251365     0.646076     0.224342     0.511342   -0.0585853    -0.575902    -0.272632     0.283887    -0.121006     0.201296    -0.245934    -0.157677    -0.619084    -0.251088     -0.19423    -0.175332     0.652676     0.536934    0.0350573     0.553967  -0.00508289    -0.140979    -0.336383    -0.160809    -0.330948     0.308519      -0.3499    -0.130538    -0.199053    -0.172837    -0.257736    0.0665147
   -0.422854    -0.178839    -0.378388     0.189453     0.407528     0.203013    -0.296388     0.125504    -0.657529     0.291366     0.173457    -0.226109    -0.329108   -0.0946078    -0.336832     0.417542     -0.34644    0.0304723   -0.0193799     0.682299     0.636587    0.0918259    -0.366366     0.471282    -0.128823   -0.0834578    -0.128122    -0.213326     0.291857     0.143511    -0.257703     0.276579
    -0.48288   -0.0425538    0.0552452   0.00235241     -0.15645     0.241813    0.0812791     0.406107     0.038909      0.22538      0.42031    -0.130385     0.416722   -0.0852353   -0.0518421    -0.491436     0.411627     0.301769    -0.115412    -0.095476      0.44894     0.228297    -0.302896    -0.491121    -0.124193   0.00144885    0.0132069     0.387264     0.108626     0.109993     -0.34123     0.148144
  -0.0898066    -0.013643    0.0982274    0.0881582     0.120736   -0.0133845     0.429007    0.0529746    0.0177891     -0.26839     0.450206    -0.220009   -0.0627194    -0.626917      0.16045     0.181002    0.0238692    0.0174484    -0.302036     0.162318     0.146992      0.18172    -0.486175     0.153829     -0.33736  -0.00727854       0.2731   -0.0470401      0.64949   -0.0126231     0.408846     -0.42418
    0.071104    0.0589938    -0.119552    -0.302123   0.00024444    -0.204861    -0.032211    0.0908818    -0.298065    -0.398772     0.364216     0.432678    -0.409989     0.515342    -0.343714    -0.268404    -0.170415    -0.272716    0.0141352    -0.164423      0.35855    -0.117945    -0.212392    -0.300746    -0.193304   -0.0498525    -0.125321     0.449268     0.615481   -0.0202668    -0.392009    0.0832038
   -0.286459     0.203415     0.389203     0.710847    -0.123566    -0.235711    0.0295286    -0.134459    -0.167716     0.126254      0.32319     0.441925    -0.556973    -0.362622      1.05299     0.328017     0.207953     0.322281    -0.464777 -0.000501544    0.0971125     0.258438    -0.875728   -0.0464215    -0.103239     0.501584      0.77286    -0.473166      0.23203     0.511311    -0.200643   -0.0832683
   0.0084468    -0.209893    -0.442338    -0.278375     0.137516    0.0663138    0.0549481    0.0526687    -0.329503    -0.170343     0.297592  -0.00996609     0.527659     0.202086     -0.77241    0.0970132    -0.263571     -0.22922   -0.0961708     0.242505   -0.0606461    -0.147892     0.428681   -0.0168959     0.574321   -0.0587042    0.0450894    -0.295232    -0.210383     0.129893   -0.0825051     0.340901
   0.0690081    -0.293289   -0.0292976     -0.23466   -0.0789796   -0.0702948    -0.208804   -0.0166747    -0.291648    -0.356248    -0.546288   -0.0793607     0.238865   -0.0597616     0.390963    -0.154647   -0.0948687    0.0823607     0.179705     0.206122    0.0808119    -0.543408     0.117471    -0.183255    0.0113995     0.131454   -0.0696619    0.0887004       0.1097    0.0125085     0.274279    -0.128682
    0.223955    0.0717944    -0.237329   -0.0849736    0.0227077      0.51832     0.292556    -0.364887     0.295809    -0.426942      0.20905    -0.786505     -0.13146    0.0262034    0.0493272     0.350001      0.53753    -0.196109    -0.289269     0.016609    0.0358607    -0.359348    -0.139916    -0.341201     0.778027    -0.131098    -0.114129      -0.1777   -0.0614238     0.167928    -0.037634    0.0132171
  -0.0903414     0.226489     -0.40521    -0.396125     0.146145     -0.39539    -0.428756    -0.221384     0.287737      -0.3353     0.130548     0.172207     0.019252     0.317001    -0.595694     0.499888    -0.103576     0.373931    -0.269437     0.457961     -0.35448     0.183363   -0.0297837    0.0420337    -0.213799     0.297654    0.0974769      0.23171    -0.524869      0.62457      0.33226   -0.0111421
    0.255922    0.0377228    -0.686473     0.485639     -0.24307     0.845979     0.226933    -0.119991    -0.563428     0.202935      1.95941      1.10235   -0.0541349    0.0607689    -0.224503    -0.162423     -1.40874    -0.330139     0.149303     0.527418    -0.172532     0.328144     0.825353    -0.274269     -0.68261    -0.534288    -0.303505    -0.290802     0.579493     0.267029     0.502954     0.149984
     0.33886    -0.289219     0.460327     0.325039     0.232696   -0.0493696     0.277409     0.206135    -0.278412     0.418131     0.168833    -0.127147    0.0270533    -0.019401     -0.13394    -0.511679   -0.0837777    -0.520355      0.18544    -0.283701    -0.925985     0.217265      0.93571     0.203533     0.260901    -0.348041    -0.390954    0.0806754    -0.805463      0.31944     0.343097     0.294805
   0.0902323  -0.00466556     0.361108    -0.138747    -0.278828     -0.48838    -0.290743   -0.0794673     0.619304     0.129782     -0.34534     0.310526     0.153985    -0.409627    -0.371643    -0.295247     0.236946    -0.198338     0.230701    -0.349977     -0.79961    -0.208795     0.551534    -0.129024    0.0569054     0.442895    0.0224887     0.162265    -0.194191    -0.393022     0.294304     0.175409
   -0.967098     0.309253    -0.282115    -0.271937     0.600469   -0.0841857     0.324246    -0.790706    -0.154294   -0.0409921    0.0947474     0.107493    0.0289711    -0.428145   -0.0828932    0.0630359    -0.309656     0.604942     0.324389     0.287614    -0.323222    -0.406262    -0.194334   0.00894667    -0.126961   -0.0312267    -0.155903    -0.145595    -0.588491    -0.634672   -0.0264227    0.0111563
  -0.0159379    0.0822282    -0.226302    -0.289713      -0.2582    -0.449313   -0.0782006    0.0963388     0.164681    0.0601461    -0.458989    -0.155033    0.0620914   0.00359474    0.0638703    -0.363863    -0.146137    -0.401472     0.134651    0.0140787    -0.149132    -0.210906     0.202272    0.0324613       0.1391     0.102467     0.116196     -0.36682     0.223707    -0.181087    -0.300766    0.0641069
   -0.148397     0.456257     0.097567     0.338067    -0.138324     0.207551     0.322184    -0.722917     0.955298     0.164918    -0.346289     -0.28496     0.495131     0.139345     0.403043    -0.497167      1.05467   -0.0756982     0.223181     0.186147     0.191404    0.0659168   -0.0572107   -0.0645588    -0.124191   -0.0914884  -0.00313065     0.505353    -0.979073   -0.0776784    0.0596808    -0.304554
   -0.329649     0.322864    -0.184173    0.0914446    -0.218305     0.218527    0.0616125    -0.378262    -0.278707      0.43663      0.21925     0.326467     0.135128    -0.312214     0.140597     0.891896    -0.079744    -0.138055     0.377083    -0.124961     0.324401    -0.170798    -0.673284     0.120519    -0.442258    -0.178621    -0.602195   -0.0696491    -0.399627    -0.283155    -0.503536     0.151433
   -0.510787    0.0378609    0.0686279     0.301832    -0.186329    -0.320256    0.0430906     0.198424     0.479571     0.425958     -1.27211    -0.756936     0.341139     0.270677    -0.231938    -0.703105     0.696022     0.828739    -0.106088    -0.181386    -0.115324    -0.201425    -0.207773    -0.485179    -0.435151    0.0457346    -0.195435    -0.330016    -0.343232    -0.131685    -0.116961     0.105209
  -0.0663829     0.401154     0.435752     0.132123     0.550905    -0.168914   -0.0813973    -0.427654    -0.155675     0.230361     0.597884    -0.286654    -0.138653     0.335765     -0.22159    -0.179705    -0.288555   -0.0776299  -0.00514651    -0.459676     0.053407     0.267703    -0.392224    -0.449398   -0.0072779     0.350072    0.0551634     0.375024    -0.576914     0.260694    -0.423297    -0.271489
    0.202058    -0.650835    0.0822282    0.0714216    0.0721431     0.407642   -0.0380913      0.20838     0.199214    -0.493437    -0.178118    -0.780297    -0.332338    0.0287258    -0.237986    -0.488001    -0.153141     0.150129   -0.0127003     0.292073     0.366322    0.0177334   -0.0162143  -0.00207494    -0.183178     0.367247     0.131428    -0.304845     0.383058    -0.111678     0.110646      0.13697
    0.057689    -0.454498     0.089128    -0.717759    0.0629477    -0.446854    -0.025741    -0.405766     0.158572    -0.313013    -0.877041     0.758672     0.320292     0.822526    -0.249642    -0.206948      0.31202   -0.0606236      0.38883     -0.40519    -0.296309    -0.125397     0.336802     0.577018     0.814936   -0.0705472      0.19533     0.527428    0.0540573    -0.194347    -0.229894     0.253574
  -0.0369148     0.267678     -0.13971     0.441448     0.348611     -1.17686    -0.176632     0.719315    -0.375983     0.349759    0.0717093     0.471153    0.0825522     0.695924    -0.383085    -0.283506     -0.65632    -0.711013     0.823075     0.135408    -0.178201    0.0217001     0.415017     0.688955   -0.0193041     0.355607    -0.531953     0.311984    -0.071601    -0.704893     0.176426    -0.476241
   -0.501663    -0.388781    -0.109055    -0.294759    -0.271964    0.0794235    0.0812313   -0.0338883     0.116539   -0.0992201     0.329394     0.261334    -0.110824     0.325361       0.1461    -0.603544    -0.249702      0.43568     0.237024     0.387057    -0.156566     0.109801     0.303288    -0.293309    -0.022134     -0.49189     0.597454    0.0279695    -0.373068   -0.0529625     0.597573     0.116873
   0.0739934     0.310176    0.0011023     0.183389    -0.527128     0.517287     0.640557    -0.649515     0.802723    -0.242838    -0.647767    -0.612053     -1.06981     0.312548     0.314096    -0.223894      1.42915    -0.427454     0.206013    -0.169773    -0.511061    -0.443315       0.3291      -0.6757      0.55094    -0.540345    -0.126934     0.158544   -0.0698568  -0.00940409    -0.275182     0.161385
    0.027203    -0.466537     0.393394    -0.364121     0.713149     0.591362     0.195111     0.507973    -0.396868    -0.291763      1.36467    0.0245807     0.302686    -0.365094    -0.838149   -0.0222283  -0.00524241   -0.0991229     0.127149   -0.0593443      0.14526     0.584929     0.143473    0.0644435    -0.202957   -0.0218883     0.080351     0.350576   -0.0308637    -0.120666    -0.106664     0.101346
   -0.416988     0.241014    -0.133981     0.869338    -0.233353    -0.254128   -0.0241608    -0.170183    -0.368282     0.300248    0.0354955    -0.645343    -0.415527    -0.374928    -0.306148     0.623554    -0.262132   -0.0439509  -0.00761595    0.0836614    -0.495713    -0.032973     0.262843     0.381331    -0.136413    -0.250537     0.221842    -0.432898     0.167997   -0.0498378      0.14976    -0.092003
   -0.363299     0.730583    -0.213298     0.209115    -0.628494     0.159072     0.183198    -0.027221     0.833447     0.375807    -0.178325    -0.855408     0.255007     0.439534    -0.499564   -0.0634772     0.688184     -0.44529     0.017463    -0.514728    -0.033893   -0.0549148    -0.874041     -0.16508      0.29875     0.309691    -0.292789     0.723077       0.2447     0.382318    -0.871815    -0.139904
  -0.0871555     0.093719    0.0796143    0.0330974     0.155803    0.0606984      0.23481     0.190616     0.188457   -0.0984189   -0.0974498     0.143376    0.0722664     0.112283   -0.0044491     0.110627    0.0299563    0.0127183   -0.0164583    -0.150584     0.328442     0.252267    0.0048671    -0.229387     0.440292     0.307531      0.21712     0.135632    -0.133558    -0.375124    -0.635232    -0.305424
    -0.22281    -0.164737     0.266029     0.236512   -0.0939934     0.151509    -0.704335    0.0335388    -0.191076     0.499025      0.72228    -0.279179    0.0411695    -0.760095    -0.249503   0.00791266     0.342759     0.262841    -0.334336   -0.0549193     0.598145     0.957868    -0.433273     -0.27359    -0.539687   -0.0200716    -0.122888      0.34569    -0.824893    -0.334826     -0.86928    -0.472621
    0.153774     0.108523   -0.0817907    -0.104387     0.381749    -0.239775  0.000836263    0.0208174     0.424199    -0.195462    0.0805057    0.0592658     0.208073     0.526606     0.302371   -0.0367819     0.181543    -0.566803    -0.381202    -0.496863     0.536057    -0.109874    0.0488537     0.137198       0.7078     0.545247     0.413877   -0.0973348    0.0565999    -0.580296     0.195438     0.227566
     0.82575    -0.404034    -0.356976    -0.199954   -0.0819594      1.43891  0.000692869  -0.00684187    -0.782974    -0.173663      1.80024     0.172465    -0.261037    -0.320262      1.42395     -0.10199    -0.377908    -0.403808    -0.377957     0.319451     0.381223    -0.286321   -0.0662746   -0.0129263   -0.0168068    -0.752859     0.973561     -0.62643    -0.449069     0.573464    -0.150031   -0.0172834
  -0.0157762    -0.075548    0.0799498    0.0524674   -0.0977274     0.319591    -0.211671    -0.408605    -0.089314     0.142651     -0.30654    -0.320588     -0.36701     0.499354    -0.249192     0.203308     0.809997    -0.168491    -0.529941    0.0968122    -0.564668     0.285545    -0.152315     0.063321     0.350888   -0.0525747    -0.162037     0.159683     0.158204   -0.0994742     0.450524    -0.312816
   -0.187641   -0.0610786      0.37369     0.221456    0.0887928    -0.288618   -0.0366484     0.064581   -0.0629748     0.372316     0.181161     0.130176    -0.263267    -0.766821   0.00901721     0.650204   -0.0563593    -0.445957    0.0815812    -0.123678     0.162464     0.222318     -0.47039   -0.0407616     0.763091    -0.227143   -0.0269105     0.186998    -0.188789    -0.241394     0.182727   -0.0191571
    0.341919     0.111131     0.544913    -0.521689    -0.348681    -0.811354   -0.0263068    -0.042261    -0.609849     0.131884     0.461975     0.661826     0.440494     0.859113      0.75756     0.155961    0.0122474    -0.398586    -0.214428     0.801838    -0.123578     0.458333     -0.17744    0.0217485    -0.163839     0.400905    -0.405723      1.12921     0.344704    -0.248425    -0.446461     0.266981
    0.263756     0.346214     -0.31154    0.0765277      0.26921    -0.181302     0.282734    -0.126012    -0.123498    -0.294528   -0.0322622    -0.626076    -0.429627   -0.0715973    -0.889351    0.0330371    -0.290527     0.158081   -0.0325337    -0.933627    -0.206002     0.167628      0.60295    -0.242509      0.22397    -0.510148     0.330386    -0.496147     0.508731    -0.292914   -0.0384164     0.457833
    0.742062   -0.0524469      0.67284     -1.04612    -0.121178     0.204253    -0.251508     0.812795     0.834873     -0.83065     -0.23788    0.0878374    -0.185864     0.348214     0.343753    -0.978454    0.0988277    0.0754901     0.157771    -0.117118    -0.252305     0.211801     0.749666    -0.208791 -0.000426317    -0.442029     0.304125     0.231371    -0.611231     0.538356       0.9163    -0.172416
    0.231205    -0.443527   -0.0258031      0.36268     0.523611    -0.501511     0.455833     0.748892    -0.384924   -0.0322812    -0.061695    -0.649756   -0.0732072     -0.14195     0.180639     0.664826     -0.79023    -0.315237      -0.2097     0.197109    0.0169868     0.300737    -0.427574     0.423832   -0.0169611     0.241843     0.618004    -0.752053      0.67243     -0.10462     0.162016    -0.105591
    0.373235    -0.176434     -0.86123    0.0690965    -0.674179   -0.0994434     -0.57581     0.252006    -0.364393    -0.326704    0.0025263    0.0664333      0.06354    -0.119114     0.390485   -0.0760299    -0.426911     0.141424     0.197847     0.173269    -0.281248    0.0222632     0.252025     -0.22778     0.231815    -0.303256    -0.545408     -0.37664     -0.63584     0.162521     0.173605     0.187613
    0.858377   -0.0300017    -0.144626    0.0467123    -0.178769     0.353169    -0.342909    -0.118915     0.259043    -0.179946     0.497939     -0.14988     0.145328     0.397606     0.235901    -0.141364    -0.130531    -0.308986       0.2367    -0.141181    -0.278553   -0.0612308     0.833323    0.0477366     0.761287    -0.590309     0.185271   -0.0199009     0.141958    0.0397172    -0.139787   -0.0881831
    0.261914    0.0559307    -0.165065     0.464116    -0.317026    -0.153511     0.299292    -0.173628    -0.300444     0.511479     -0.49155   -0.0537418     0.111038    -0.463159    -0.416909     -0.82436     0.660011     0.059307      0.58323    0.0121652    -0.459196    0.0134334      -0.1869    -0.195831     0.289726      0.44767    0.0806256    -0.113254     -0.60913    -0.639599    -0.447281    -0.270026
   -0.179886     0.503139   -0.0966581      0.47622     0.181702   -0.0875767   -0.0137311      0.17209   -0.0129437     0.120569     0.267408    -0.180834     0.633631    -0.487928    -0.445841      0.69079   -0.0393215   -0.0640634    -0.172029     0.283741     0.151517     0.162672    -0.498345    0.0405514    -0.215824     0.168298     0.242957     0.175986     0.413172    -0.118683    -0.253061    0.0867895
    0.128712   -0.0530487   -0.0310923    -0.649758   -0.0757899     0.161473   -0.0148384    -0.594379  -0.00519678   -0.0541808   -0.0355351    -0.161273    0.0088464     -0.12856     0.138558    -0.104672     0.010549    0.0545431    -0.240889     0.267507    -0.154593    -0.561896     0.314872    -0.435861     0.576607     -0.39955    -0.594557    -0.482206     0.113892     0.214995    -0.327261   -0.0318125
    0.244796     -0.53492     0.142719     0.639255     0.631961     -0.18316    0.0949135    0.0907604    -0.178044    -0.242423    -0.549055    -0.269102    0.0846578    -0.401449    -0.132993    -0.523959     0.443307    -0.027442    -0.316599    -0.290669    -0.150689     0.138657     0.402389     0.422244     0.106541    -0.140781    -0.176467     0.239602     0.195182    -0.318507     0.350241    0.0625518
   -0.160573    -0.253088     0.436081     0.354906     0.814906      0.41225      0.11101     0.322248     0.107448     0.616125    -0.599098  -0.00785698   -0.0174444   -0.0113992    0.0147111      0.12957    -0.335259     0.251682     0.205875    0.0288552     0.149979     -0.32869    -0.422859     0.879018     0.279015     0.594886     0.266386  -0.00292193      0.40306    -0.123594    0.0817842    -0.272235
   -0.531935     0.176971    -0.539179    -0.124538   -0.0459493     0.324926      1.13021    -0.578991     -0.27917   -0.0505272     0.256455   -0.0940753    -0.049261    -0.825873     0.356494     0.858438    -0.475536     0.301101    -0.915437     0.262549    0.0929799      0.45152    0.0686213   -0.0936681    -0.371883 -0.000196498     0.838407     -1.30454     0.566844   -0.0737287     -0.30805     0.222181
    0.169416     0.174264   -0.0803486     0.241268    -0.155776     -0.13256    -0.250692     0.027383    0.0882057      -0.1553   -0.0177911    -0.757286    -0.302764    -0.285226    0.0106257   -0.0677241    -0.128772    -0.313691    -0.173902     0.151555     0.150959    -0.554187      0.10477    -0.571368     0.238799     0.225539     0.171268    -0.147974    0.0101524     0.259647     0.207082    0.0303691
   0.0948298    -0.341225    -0.242716    -0.276253     0.213434    -0.133002    -0.450674    -0.338938     0.155689    -0.129133   -0.0466947     0.322578    -0.202443     0.107009     0.502368   -0.0762263     0.273356     0.211179    -0.250031    -0.176224    -0.722986     0.316815    -0.153531   -0.0196769     0.112434    -0.139944     0.232469   -0.0835183    -0.231951     0.354597     0.497922     0.315932
    0.016558    -0.278536    -0.601321     0.554876    -0.376286    0.0438549     0.134373     0.284338    -0.543868   -0.0868896     0.557531     0.436774      0.42309    -0.661889     0.880174     0.285576    -0.125952     0.167084     0.458575    -0.192721    -0.537067     0.300507    -0.644952     0.127934    -0.537359     0.291388    0.0538786    -0.411383    -0.143249     0.554419    0.0846639    -0.372225
   -0.911075      0.42719      -1.1042      1.03564    0.0431354    -0.156119     0.628145    -0.217611    -0.381829     0.708769    -0.218783    -0.555411     0.356093    -0.424817    -0.640273     0.400848   -0.0437505     0.120145     0.337869     0.542359     0.589094     0.355691    -0.746466    -0.367836    -0.227496    -0.110904    -0.648249    -0.368999      0.19407    0.0251872    -0.606098     -0.25311
    0.593403     0.245244    -0.300061    0.0891689     -0.41418    -0.513136   -0.0786277    -0.091026    -0.311275    -0.347407    -0.188173     0.283636     0.271406     0.347967       0.4839    0.0244436    -0.100657     -1.08241    -0.136918    -0.284159     -0.27044    -0.724227     0.385622     0.281626   -0.0610944    -0.191544    -0.389221    -0.245207     0.248904   -0.0995699    -0.309742     -0.17028
  -0.0376306   -0.0246794   -0.0230438    0.0653372    0.0369748     0.198561    -0.329411    -0.306647     0.004831    0.0525048    0.0319071    0.0979774    -0.175357    -0.196191     -0.17233    0.0145103      -0.1359   -0.0959934    -0.521493     0.187001     0.111896    -0.314186    -0.127962    -0.548839    -0.404969    0.0798129    -0.185739    -0.446875     0.197093     0.337604    -0.144587     0.088572
   -0.627626    -0.115671    0.0431128     0.309976    0.0372219     0.567151     0.761127    0.0906992    0.0683498   -0.0102984    -0.464555    -0.216667     0.703682    -0.445928     0.150836     0.222464     0.584987     0.202047     0.187641     0.500205    -0.366482     0.483925   -0.0620783     0.109283     0.345501    -0.231878    -0.271125    -0.138565    -0.201445    -0.223713    -0.581473       -0.426
   -0.447679     0.176191     -0.21141    -0.142077    -0.174891    -0.128023    -0.329924    -0.065982     0.221504    -0.147779    -0.119216   -0.0603794     -0.14131     0.474078     0.148942    0.0107239     0.880922    0.0217363     0.181453    -0.396809      0.25286   -0.0388103   -0.0696218    -0.577407     0.186349    -0.217356    0.0388357  -0.00197415     0.580985    -0.178332    -0.105218    -0.148818
   -0.617416   -0.0543256    0.0139698    -0.584133      0.18578     0.132806     0.597465       -1.122     0.171397     -0.19614     0.668458      1.06758     0.773347    -0.156444     0.309672    -0.277247    -0.524794     0.506234     0.275181     0.315212     0.161871    -0.156499    -0.315879    -0.234271   -0.0534373    -0.019522     -0.41861    -0.590533     -1.16279    -0.212469     0.182932     0.552411
   -0.428312    -0.300854    -0.354865    -0.246991    0.0928072     0.140142     0.274207     -0.40403    -0.477477     0.276067    0.0160704    -0.297961     0.276937    -0.116913    0.0122067     0.316885    -0.480051    -0.172832    -0.221573     0.216009     0.337077    -0.067119    -0.278156     0.144379    -0.100739    -0.148942    -0.192667    -0.460184    0.0289695   -0.0259958      -0.3389    -0.521755
   -0.534151     -0.21147    0.0185029    -0.655373     0.164511     0.407193     0.350725     0.417401     0.274682   0.00451302    -0.282611    -0.322392    0.0420449     0.560877    0.0275077    -0.082011    0.0325605    -0.247221   -0.0295497     0.174409      0.17703   -0.0368593     0.398153    -0.155024     0.275421      0.22174   -0.0143075     0.253941     0.361194     0.094726   -0.0599106   -0.0953664
   -0.310561    -0.275615    -0.492069     0.643079    -0.313992     0.292361     0.171286   0.00996865    -0.203069     0.467233    -0.317776    -0.253135    0.0929606    -0.609406     0.160069     0.406055    -0.248245     0.137977    0.0806346     0.119512    -0.724183     0.336971     -0.14325    -0.110121    -0.160438     -0.39355    -0.533222    -0.272549    -0.408345     0.152656     0.105803    -0.468824
   -0.208781     -0.27557      0.31839    -0.121605    -0.393091     0.998068    -0.370228   0.00471064    0.0343188     0.551816      1.21997    -0.330922     0.674427     0.179494    -0.123729   -0.0413559      1.08531    -0.230852     0.524022    -0.218478     0.602695    -0.312548     0.245797   -0.0765405    -0.274156     0.201934    -0.801544     0.962526    -0.332366    -0.525775     0.155719     0.285695
    0.253028     0.109735     0.288284    -0.748302  -0.00754164     0.140525    -0.183254    -0.852254  -0.00897063    -0.532299     0.110258    0.0860863     0.319887    -0.245253     0.480079     0.287862    -0.354244     0.400906    -0.650855    -0.356461     0.271678     0.761868     -0.52253    -0.335436    -0.263821    -0.478758     0.303254     0.116154    -0.172832    0.0974224     0.452932    -0.271676
    0.506882    -0.304819     0.376629    -0.491785    -0.180041   -0.0145314    -0.330573    -0.473799     0.450196    -0.699163    -0.252169     0.202008     0.248874    -0.199521     0.209966     0.554859     0.275688    -0.352874    0.0680609     0.317977     0.416215     0.294734     0.590738     0.212404    -0.216775    -0.514683     0.751619     0.663226     0.447454     0.290025     0.166816    -0.508658
   0.0914635  -0.00549637     0.250631     0.235438     0.264903    -0.267475    -0.112124     0.522837    -0.168896     0.194008    -0.393883    -0.282846    -0.357014    -0.566409     0.388775     0.152599   -0.0171384     0.241128   -0.0552302     0.222099     0.394839    -0.736323    -0.237283     0.298897     0.162095    -0.191027    0.0820697    0.0338622     0.194638    0.0163838     0.460646   -0.0663338
  -0.0676296   -0.0165926   -0.0166913    -0.251068    -0.632338    -0.550828    -0.534403      0.35634     0.504616    -0.403606     -0.72257    0.0774625   -0.0700882     0.603834    -0.527743    -0.550746    -0.207689    -0.216498     0.362501    -0.237914      0.59575    -0.112033      0.46867    -0.553327    0.0385079    -0.110428    -0.630637     0.326232     0.478192   -0.0237861    -0.538877     0.256335
   -0.058494     0.207122     0.273567     0.381463    0.0153077   0.00855598     0.109135     0.267317    -0.548455   -0.0353498    0.0849636     0.212734     0.347099     0.175204     -0.53808    -0.470779    -0.780802     0.708708   -0.0754355    -0.103485     0.247256     0.270774    -0.357112    -0.545774   -0.0510886     0.120205     0.254384     0.327977    -0.404775    -0.145867    -0.398022     0.178123
   0.0143349     0.125812     0.473777     -0.54406   -0.0766381    0.0823026   -0.0341888   -0.0650857      0.50669    0.0338939    -0.777541    -0.308096     0.510787      1.16137     0.134963    -0.293112     0.367259    -0.344127     0.637007      0.39016      0.39621    -0.368312   0.00661484    -0.251674    -0.032335    -0.011016    -0.154756     0.871057   -0.0743783     -0.31328    -0.335336    0.0647807
  -0.0814368    0.0737991     -0.37247     0.352226   0.00310636     0.316448    -0.400476    -0.171951     0.282682    0.0235707    0.0361357     0.925137     0.561291     0.652872     0.253092    0.0980769    -0.139314     0.492395     0.237793    -0.197499   0.00790769    -0.316999     0.236267    -0.453106    -0.800065    0.0800148    -0.154154     0.444858    -0.453084    0.0657835   -0.0466512    0.0253124
   -0.458984     0.298404    -0.401472    0.0945284     -0.09862     0.247782      0.67648     0.115063    -0.122159    -0.508526     0.436037     0.230139     0.487499    -0.200677   -0.0311146   -0.0517113    0.0416521     0.181948   -0.0882119     0.233261     0.113393     0.220368     0.183079     0.347521   -0.0357861     0.708697     0.164877    -0.645007    -0.162448    0.0572458     0.182297     0.174014
   -0.143038      0.10307     0.121689    -0.582714     0.188858   -0.0545869    -0.260559     -1.66688     0.582526     0.412539    -0.803686     0.370367   -0.0529093    0.0485654     0.151917      0.23856     0.769376    -0.415909     0.388575     0.283424     0.478279    -0.570497    -0.236822    -0.531991     0.919993    -0.665797    0.0507533     0.776541    -0.249589     0.785575    -0.640646   -0.0589115
   -0.422657   -0.0471392    -0.334466   -0.0773674     0.017002    -0.618725    -0.284828     -0.28194     0.157991     0.170534     -0.40686     0.105595    0.0942584    -0.356192     0.585408   -0.0996044    -0.251988     0.351113    -0.214084      0.45666     0.370881     0.257945    -0.283437     -0.21606    -0.168306     0.275888    -0.274298    -0.113158    -0.549353     -0.13914    -0.787847     0.089328
    0.321664    -0.186433    -0.197385   -0.0537328     0.193904    -0.571985     0.128479    0.0378837      0.28852     -0.12947   -0.0211953     0.458707    -0.629729    0.0290452     0.444934    -0.465853     0.375947     0.278086    0.0076116     0.461267     0.140288    -0.203833    0.0067284     0.300529    -0.532511     0.144813     0.211655    -0.168774    -0.232949    -0.567897    -0.224431     0.122778
   -0.509771     0.973284    -0.449471     0.659797   -0.0853548   -0.0220743   -0.0501465    -0.021101     -0.70462      0.63965     0.652827    -0.235864    -0.267892    -0.230901     -1.02762    -0.173538    -0.858148      0.22081    -0.307968    -0.444339    -0.236153    -0.625112    -0.328612    -0.552928    -0.337395    -0.272043   -0.0464048    -0.233868    -0.234428     0.246422    -0.243693     0.534831
    0.148502     0.188952    -0.282969     0.198578     0.571818    0.0810868    -0.325012      0.69518    -0.344175     0.449352    -0.286144     -0.12806    0.0274962    0.0109376    -0.140274     0.518926     0.536463     0.993982    -0.320607     0.485542     0.382761    -0.195797     -1.08518  -0.00412378    -0.267797     0.177059   -0.0262524    0.0573935    0.0677437   -0.0423066   -0.0630435    -0.527732
    -0.10817   -0.0830508    0.0507487    -0.187872     0.256631    -0.164525    -0.647747    0.0101167    -0.143551   -0.0304853      -0.5544    -0.703472    -0.658971    -0.174883    -0.594334    -0.066203     0.312953   -0.0515395     0.429985    -0.161679    -0.583801     0.241228    -0.498188     0.101825     0.248165     0.279894     0.510166   0.00224525     0.483968    -0.071483    -0.439381     0.216229
    -0.18566      0.27043     -0.68237    -0.183762   -0.0665797     0.700175    0.0991522    -0.970622    -0.972698     0.115411      1.10649     0.595111     0.338947    -0.538994    -0.524824    -0.118529     -1.01905     0.418101     0.176904     0.753037    -0.513786     0.652431     0.516775      0.37001     0.017758    -0.858938   -0.0859992  -0.00586298    -0.176154     0.340812     0.550919     0.412161
   -0.328631  -0.00102518     0.991066     0.409016   0.00722878    -0.153194     0.360269      0.45624    0.0453997   -0.0772529     0.477877    -0.360351   -0.0811451      -0.2847    -0.157063    -0.130158     0.543501     0.200066    -0.446733     0.158243     0.745405     0.284489     0.213009    -0.604789    -0.211587     0.657257     0.267705     0.792458   -0.0778917     0.168559     0.154232    -0.263472
   0.0590055   -0.0860261    0.0832784      0.54164     0.349399     0.322399      0.85019     0.617898     0.334596     0.317257    -0.324309    -0.641436    -0.375896    -0.182662    -0.136262     0.541779   -0.0106143   -0.0391417    -0.227911    -0.597928     0.327927    -0.815328     -0.45393     0.437307  -0.00959371     0.341519    0.0118848    -0.755952     0.414881   -0.0828333     0.237108     0.397737
   -0.507316     0.401517    -0.481753    -0.158718     0.141818    -0.333605     0.342474     -0.56162    -0.758738    -0.147235    0.0360635     0.257945     0.456981     -0.33674    -0.325539    -0.174021    -0.199606    -0.261009     0.285252      0.19385     0.277751    -0.181936    -0.168125    -0.291982    -0.159147      0.44898     -0.11567    -0.232568    -0.481479   -0.0855507    -0.453633    0.0721874
   -0.264674     0.369737     0.307387     0.352325     -0.28459     0.021206     0.342301     0.460419    -0.245151    -0.446599    -0.271642    -0.732062    0.0406704    -0.253794      0.34156    -0.166531     0.126153     0.211984    -0.339292    -0.321165     -0.71061     0.379826    -0.452945     0.116903     0.318458     -0.15546      0.23135     0.128861     0.405958    -0.122323     -0.43532     0.413351
   0.0683904    -0.173872    -0.328685     0.341192    -0.178219    -0.190254     -0.55577    0.0303405     0.278673     -0.10872    -0.505324    -0.271838    -0.525808     0.223124    0.0194212    -0.300491      0.17467    -0.496405    -0.159542     0.249751     -0.40139    -0.185314   -0.0127586     0.340449    0.0295423     0.341809   -0.0743656    -0.212219     0.142071     0.170697     0.174392    -0.220014
   -0.159507    -0.362611    -0.909883   -0.0499183    0.0211899   -0.0820181   -0.0230712    -0.722295    -0.207925     0.113212    -0.688009      0.28878     -0.10354    -0.196316      0.62777     0.400502    -0.186511 -0.000937161   -0.0288061    0.0372159     0.559814      0.23219    -0.318725     -0.30036    -0.165039     -0.56698    -0.592264    -0.197449     0.496333      0.83045     0.128739   -0.0891998
    0.522446     0.126057      -0.1113     0.141101    -0.475503    0.0548203    -0.188608     0.480218   -0.0848595    -0.524169    -0.122532     0.271137     0.101087    -0.654188     0.570294    -0.321319     0.880275     0.407502     -0.13431    -0.216378  -0.00265407      0.16762    -0.048227    -0.536295     0.322171    0.0629436  -0.00306364    -0.182907    -0.893134     0.449074    -0.205067   -0.0426026
   -0.511025    0.0284125    -0.740366   -0.0751462    -0.106363     0.211916     0.373114    -0.438637   -0.0939396     -0.25004     0.335976     0.115567     0.492738    -0.652808    0.0886074   -0.0597325    -0.296368     0.659839     0.127908     0.162362    -0.154936     0.371029    -0.343718   0.00603652    -0.397228   -0.0632477    -0.285011    -0.354947    -0.905148    0.0966041     -0.14403   -0.0215072
    -0.13351     0.213323  -0.00506608    -0.349243    0.0797241    -0.124808    -0.283961     0.278194    -0.457559     0.106582     0.338296   -0.0881373    0.0274544     0.480131    -0.401931     0.242733     0.122129    -0.551186    -0.133341    -0.103653     0.399869     -0.32945    -0.423808    -0.121852    -0.118873    0.0972789    -0.181473     0.576342     0.528015    -0.473854    -0.477341    -0.254804
    0.191252     0.258016     0.272825    0.0120703     0.304543     0.158251    0.0927956     0.468618     0.160272    0.0336117    -0.274834    -0.483127    -0.160528      0.45744    -0.270311     0.132099      0.50781    -0.694727    -0.603121    -0.434632     0.542571    -0.281653     0.161402    -0.535993    -0.143663     0.443761     0.139799    -0.183324     0.940658     0.143933     0.302614   -0.0279691
   -0.236249     0.206963    -0.657904    -0.282629      0.26397     0.538624     0.378522     0.132768    -0.541382     0.228637        0.205   -0.0519964   -0.0666571     0.485032    -0.361007     0.123401    -0.469109     0.319301    -0.101021     0.159299    -0.196904      -0.1514     0.130546    -0.164053     0.362889    -0.147091    -0.357604     0.149595    0.0493111    -0.221724    -0.201607     0.510788
   -0.554835     0.183126     0.107017  -0.00599292    -0.362891    -0.437259     0.518258    -0.687365    0.0592063     0.661915   -0.0737421    0.0408381    -0.210569     0.201244     0.207958    -0.185661     0.182281    -0.396557      0.33717   -0.0674587     0.627988   -0.0480174    0.0168978    -0.461888     0.462313     0.150768   -0.0300884     0.194896    -0.152596    -0.111094     0.197413    0.0538687
    0.567028    -0.501729    0.0428611    -0.687461     0.273256    -0.346457     0.248101    -0.522605      -0.2875     0.143856     0.062612     0.406849    -0.549913     0.218389    0.0492612     0.249308   0.00451703    -0.262054    -0.385625     0.210314    -0.273201    -0.327861     0.378785   -0.0559367   -0.0277079   -0.0226826     0.133818    0.0884458     0.357622    -0.296952     0.387541     0.348594
    -0.21947    -0.323968    -0.005336     0.188475    -0.169988      0.26726     0.280519    0.0213401     0.130918     0.154325     0.163923    0.0354809    -0.069775     0.147325     0.332958     0.285011   -0.0296657     0.529731    -0.358463    -0.392518      0.22556     0.326338     0.453195    -0.332712    -0.112278     0.192515    -0.194123   -0.0382711     0.208125    -0.325336     0.366376    -0.257962
   -0.535427     0.474917    -0.121041    -0.346244    -0.154456    -0.488738     0.110262    -0.453316    -0.020283    0.0962042     0.143763    -0.259692    -0.412312     0.461275   -0.0854711    -0.249455     0.119432    -0.179111     0.403364     0.229493    0.0920253     -0.60871     -0.51593     0.284666     0.313599    0.0169878    -0.465069    0.0471675   -0.0972811    -0.597687    -0.145921     0.188354
  -0.0537327     0.253985   -0.0216937     0.410175    -0.110897      0.11214    0.0579472    -0.277365    -0.261366   0.00370314    0.0495192    0.0668961     0.184906    -0.168514    0.0175772    0.0908045    0.0217838    -0.302351     0.074811    -0.200726    -0.155106       -0.169      0.38086    0.0831779      0.19301    0.0437211   -0.0915578      0.34583     0.192821    -0.111992    0.0835943     0.096049
   -0.135131    -0.317041    -0.119724    -0.398743    -0.151164    0.0611447   0.00725663    0.0812431     0.255009    -0.389628     -1.27731    -0.277599    -0.131766   -0.0114375   -0.0337471    0.0444778     0.402469     0.329917    -0.366794    -0.483774    -0.649973     0.117934     0.141789    -0.337803   -0.0387479     -0.16808    -0.216095    -0.366986   -0.0693906     0.264461    -0.309551     0.218508
    0.010366     0.133193     0.316246     0.453756   -0.0682864     0.458082    0.0186963     0.225828     0.231028     0.403802     0.383696    0.0249412   0.00436724    -0.214602    -0.456874   -0.0151766    -0.848118     0.329711     0.315204     0.220582     0.193715     0.173776    -0.121015     0.384746    -0.358482     0.135445     0.129351    -0.355054     -0.16073     0.146956   -0.0385067    -0.436974
   -0.639401     0.358392    -0.118597     0.549322   0.00127479    -0.154249    -0.184744    -0.725181    -0.535791    -0.407537     0.338151    -0.187986    0.0072841    -0.225622    -0.130688    -0.395748   -0.0125064     0.226072   -0.0253688     0.106728     0.348123    -0.127187     0.432872    -0.285002     0.178948    -0.313982    -0.171858     0.182706     -0.01848    -0.165257    -0.245399     0.485872
    0.183363    -0.327078    -0.670823     0.586928     0.481553     0.101139   -0.0860681     0.651527    -0.401347     0.748216     0.259184     0.581848     -0.63891    -0.709924    -0.535952     0.598157    -0.501331     0.213653    -0.101162   -0.0729749       0.0411     0.333098    -0.573999     0.651736    -0.235267     0.164752     0.192778    -0.840445    0.0831612    -0.107022   -0.0511062    -0.196507
    0.197586    -0.290657      0.87408    -0.323352    -0.197575      0.86253   -0.0287478    -0.291021     0.526832   -0.0668147    -0.388529     -1.18369    -0.144787     0.623454    -0.100303     -0.47467      1.26641    0.0460946     0.028716    -0.825302     0.938563    -0.718441     0.671257    -0.428783    0.0311792    -0.344185    -0.118205     0.421224     0.233934    -0.118043     0.554832    0.0888054
  -0.0434716     0.411312   -0.0220981     0.805186     -0.15608     0.308303    -0.174872    0.0309761    -0.537171    0.0517495    0.0796098    -0.439964    -0.262046     0.119771    0.0856007     0.198644     0.152124   -0.0923401    0.0459116     -0.86366   -0.0126862     0.139199     -0.66807   -0.0707256    -0.106123    -0.139094   -0.0858211     0.500042     0.364175     0.124138    -0.169263    -0.128656
     0.11133    -0.811589    -0.233052     0.304948     0.112825     -0.23343     0.339443    0.0742982     0.118751    -0.223202     0.398219     0.784729     0.643071    0.0642019     0.327716     0.746447    -0.427475    -0.493874    -0.207715     -0.22921    -0.164139    -0.171913  -0.00391686   -0.0509219    -0.449166    -0.428421    -0.408106    -0.543974    -0.459257     0.582928     -0.19844    -0.143713
   -0.298682   -0.0563554   -0.0760413     0.482688    0.0410028    -0.146305     0.457688    -0.476153   -0.0719334     0.295784     -0.10329     0.377436     0.501771    0.0419541     0.231605     0.255161     0.321809    -0.101759    -0.326245    -0.325692    0.0364358    0.0555969    -0.541145   -0.0446855    -0.275753    0.0730479    -0.368899     0.078985    -0.335792    0.0090445    -0.138245   -0.0660102
   -0.192334    0.0354489   -0.0736446    0.0210286     0.528591    -0.537161    0.0502538    -0.131127     0.182651     -0.27121    -0.454385   -0.0575715   -0.0250795    -0.357284     -0.16494    0.0762846    0.0366738    0.0822206    -0.283664      0.35084   -0.0827888    -0.186514    -0.154828   -0.0317445     0.211713    0.0628446   -0.0729242    -0.274431   -0.0416568     0.176567     0.451888     0.297845
   -0.106608    -0.150865    -0.286871     0.195177    0.0842577    -0.244324     0.336272    -0.583188    -0.658721     0.216715     0.207482     0.604747    0.0358825    0.0166775    -0.333342     0.440198    -0.255783    0.0934095    -0.157023    -0.295762    -0.340813     0.474673     0.274245    -0.488902    -0.172983     0.065482   -0.0552788    0.0416318    -0.457442    0.0779917    0.0305219    -0.124044
    0.187591    0.0104823   -0.0447817    -0.550046     0.356698   -0.0215207    0.0490041    0.0698843    -0.309795     0.187135    -0.432215    -0.386881    -0.257057     0.250867    0.0528458     0.126979   -0.0456695    -0.366787    -0.106974    -0.431804    -0.173674    -0.170493    -0.307525     0.195556     0.349481    -0.310803    -0.713994     0.339192     0.337782     0.241591     -0.69897     0.126732
   -0.327275    -0.314175    -0.180563     0.175566    -0.107036    0.0153153     0.013054    -0.073695   -0.0632807    -0.155763    0.0469459     0.181966     0.203383     0.283388     0.201726   -0.0940835     0.180887    -0.231944      0.51091    -0.298259    -0.226465    -0.137778     0.358129     0.151179     -0.17209    -0.225835    -0.445966     0.861473    -0.180323    0.0362848    -0.105405     0.246833
    0.124492    -0.102503     0.769171    -0.438489    0.0116736     0.274678    -0.592893    0.0212971     0.717317    0.0716205     0.111823    -0.435931    -0.211466    -0.143319    -0.310279    -0.402656      1.03127    -0.245014   -0.0886795     0.178434     0.051925    -0.297059       0.2402     0.185626     0.370564   -0.0838198    -0.105921     0.294648    0.0729054     0.345046     0.275224    -0.161274
    0.570132     -0.42056   -0.0876472     0.169436    -0.271517    -0.308574   -0.0359985     0.631246    -0.310248    -0.199204    -0.371008   -0.0312544     0.335979    -0.219963  -0.00464075     -0.33296    -0.037556 -0.000938802     0.246303   -0.0120359     0.285351    -0.513039    0.0505203     0.334856    -0.170788     0.275286    -0.631225      0.16079     0.497286     0.305398     0.235144   -0.0479999
   -0.367776     0.331166      0.27931     -1.31801    0.0814036   -0.0731496    -0.403158    -0.226636     0.118752     0.252845     0.317413      0.60577     0.421729    0.0356357    0.0767333    -0.958176     0.525759    0.0994326    -0.102696     0.501517     0.366299     0.680238       0.1879    -0.560091     0.445856      0.46493     0.244043      0.29203    -0.420707    -0.193887     -0.58775     0.195756
   -0.734978     0.716412    -0.583609   -0.0334064    -0.437211    -0.349002   -0.0494989    -0.548714     0.467097     0.506045    -0.392177    -0.183193    -0.344311     0.452802     -0.39248     0.415234     0.123556    -0.468622    -0.581639     0.758419   -0.0319428    -0.155939     -1.06774     0.112498     0.348326      0.17467    -0.104928    -0.336762    -0.018721     0.373807    -0.864453    -0.521747
   -0.270718    0.0459955    -0.245041     0.533345    -0.770483     0.323272     0.395865     0.272158    -0.167382      0.13075      1.35932     0.148045    -0.202593   0.00700013     0.450542     0.168631   -0.0152458    0.0636646     0.129273    -0.199072     0.384513    0.0185668     0.693815     0.320314    0.0336233    -0.310801    -0.313549     0.411015    -0.836034    0.0297919      0.29456   -0.0855704
   -0.476472     -0.25086    0.0290874    -0.328709 -0.000715427     0.273967    -0.318802    -0.564553     0.180448     0.110702    -0.337446     0.344708     0.627321      0.42173    -0.195944   -0.0819127    -0.393267     -0.25025     0.419108     0.461879    -0.134174     0.231487     0.380809    -0.426615    -0.235271    -0.389753    -0.477431    -0.138164    -0.286991   -0.0855595     -0.12614     0.283224
   -0.144923    0.0367107     0.294623   0.00505926     0.213473    -0.427766  -0.00855486    -0.637827   -0.0366862    0.0790844     0.507964     0.422652   -0.0460123     0.437836    -0.479243     -0.10008    -0.263045    -0.336828    -0.247044    -0.218242     0.552184    -0.317367  -0.00910735   -0.0301837     0.195999     0.290284    0.0109991     -0.37515     0.219832    -0.278219     0.135034    -0.240088
    0.573867     -0.19107  0.000993011     -0.23886    0.0196791    -0.333133    -0.327585     0.234203     0.622206    0.0216613    0.0499906   -0.0239353    -0.155234     0.702807    -0.426133    -0.190404    0.0885737     0.368922    0.0433293    0.0976049    -0.459743     0.228215     0.349876     -0.13449    -0.299442     -0.66966     0.177904    -0.201986     0.110416    -0.206576    -0.375034    -0.128042
    0.116995     0.219819    -0.280653     0.774126    0.0198592    -0.272939     0.258952     -0.73392     0.345622     0.280223     0.304004     0.614387     0.338364   -0.0324007   -0.0819591   -0.0321011     0.127535    -0.135917    0.0255356    -0.222734    -0.494684     0.790369    0.0933414     0.138596    -0.543728    -0.328003    0.0860699   -0.0332974     0.273769    -0.355964    -0.100874    -0.282995
    0.769267     0.605295     -0.37827    -0.314837    -0.399399     -0.73033    -0.499762    -0.727363   -0.0458145    -0.459469     -0.85126     0.619704   -0.0181346    0.0054708     0.369716     -0.17267     0.311334    0.0731895    0.0291246    -0.165582    -0.263625    -0.285752   -0.0382834    -0.591576      0.72218    -0.617922    -0.420216      0.22172    -0.106391    -0.445938    -0.383597    -0.360424
    0.264097     0.159514     0.194117      0.37554    -0.254493    -0.188456    -0.259604     0.177107    -0.217357    -0.683196   -0.0573428     0.491083      0.42916     0.132834    -0.115632    -0.187188     0.486969     0.568542    -0.250548     0.193799    -0.347097     0.302976    -0.343437    -0.741245     0.863466    -0.278528     0.208031    -0.501125    0.0202902    -0.263601     0.180071    -0.231458
    0.145158     0.283069    0.0586661    -0.228051     0.211646     0.299372     0.260423    -0.162209     0.154554    -0.795202    -0.519797    -0.622532     -0.50754     0.360095  -0.00542144    -0.167674    -0.188371     0.432739    -0.237061    0.0919592    -0.490974    0.0144737    -0.372204     0.254507    0.0927726    -0.588137     0.806555    -0.708056     0.767384     0.463403     0.235223     0.379482
   0.0915862     0.195219     -1.01175     0.142973     -1.20477    -0.194505   -0.0367267     0.161047     0.120039     0.579301     0.308134     0.212689    -0.395549    -0.706255     0.228428    -0.107324     0.178684   -0.0750832    -0.183101     0.199166    -0.169821    -0.455871     0.595548    -0.359306    -0.136986    -0.642577    0.0870257    -0.346131    -0.704354     0.135852    -0.601567     0.701482
   -0.178158     0.675597    -0.372502     0.367443   -0.0630152    -0.112708     0.307181    -0.333985    0.0308245     0.351944     0.411741     0.220083      1.02642    -0.231958    -0.157652     0.266756    -0.265481    -0.188222    -0.215907     0.179883    -0.614988     0.108711    -0.766804     0.011245   -0.0879619      0.32375     0.165384    -0.172098    -0.155653    -0.093561    -0.526411    -0.540416
    -0.42082    -0.297776   -0.0402703    -0.791361    0.0783466    -0.306098    -0.194537    -0.250306   -0.0638882     0.207537     0.352217     0.738384     0.173286    -0.113285   -0.0333954    -0.213322    -0.469656     0.872017    0.0448185     0.426513      0.25951    0.0588442    -0.549971    -0.273628    -0.282524     -0.27512    0.0343695    -0.358877    -0.343705     0.284336     -1.33614    0.0164791
  -0.0847077   -0.0607597     0.129721    -0.265974    -0.423255    -0.141867    -0.173415    -0.370157   -0.0594323     0.202349     0.260543   -0.0682721    0.0297047    -0.357739     -0.03226    -0.517194    0.0929694     0.625217    -0.121283      0.16322     0.591343    -0.461661     0.112377    0.0603931     0.448419     0.147718    -0.017651     0.567637    -0.382284   -0.0173598      0.39325    0.0755904
    0.155651     0.382354   -0.0917956   -0.0805567     0.325942     0.262921    -0.308704      0.51135     0.597686     0.386357    -0.187939    -0.559992     0.299632    -0.256221    -0.245807    -0.194009    -0.293101    -0.224711     0.101135    -0.653368    -0.459231    -0.400538    0.0718669    -0.149461     0.278901    0.0130079   -0.0544051     0.118748     -0.10133     0.109681     -0.06433    0.0763507
    0.290077    -0.200792     0.126581      0.30564    -0.139729    -0.446282    -0.159604     -0.28741     0.554235    -0.166259     0.488818    -0.169246   -0.0392611     0.619744    -0.155903    -0.104866     0.850458   -0.0362101    0.0443032    0.0337296    -0.271254     0.439708    0.0724829    -0.455527  0.000435864    -0.558997   -0.0645611     0.423321     -0.12872   -0.0121843    -0.527988   -0.0994211
