    0.403086    -0.240526     0.525215     0.800411    -0.407519   -0.0610614     -1.40933     -0.31424     0.253599    -0.713879     0.143862    -0.856327     0.343636     0.725862      0.75497    -0.360465     0.242057     -0.69742    -0.684967     0.660105     0.761508     0.113226     0.518639      0.48358    -0.277191    -0.544955     0.408323    -0.383907      1.08768    -0.748239     0.488729    -0.379183
    0.364991    -0.311675   -0.0838712    -0.422295    -0.347462    0.0888654    0.0219637   -0.0991304    -0.516031     0.143595     0.409186      0.23097    -0.398192    -0.055266     0.410254    -0.182555    -0.220351     0.455626     -0.75825    -0.100668      0.21708    0.0294607    -0.217042      0.27057      -0.4084     0.117353   -0.0168194    -0.313021    -0.261848     0.364044       0.2131    -0.277695
  0.00750999     0.712526    -0.071664     0.191119     0.343568     0.747189     0.164243      0.30721     0.948097     0.158037    0.0626429    -0.228648     -0.42132     0.849583    -0.403852     0.295027     0.219331    -0.887659    -0.654243     0.551758      0.77424    -0.322148      0.24717     0.747269     0.565166    -0.519106      1.03856     -1.40072     0.433934     0.253524     0.752399    -0.378508
   -0.155392    0.0177713    -0.196164     0.741478    -0.570617    -0.591765     0.606235       1.9461     0.947607    -0.581674      1.22655    -0.359607    0.0577936      0.54132    -0.469851    0.0119715     -0.43539   -0.0936713    -0.553497      1.36833    -0.154244    -0.530915    -0.172649     0.291632     0.374582    -0.344321    -0.167968    -0.655903    -0.249849       0.5188    -0.568786     -0.79106
    0.153191    -0.400197    -0.701699    0.0529216    -0.655304    -0.110387    -0.498572     0.751883     0.405728    -0.273288    -0.802124     0.819947     0.119249     0.354325    -0.124319      0.36708     -0.25179    -0.319894     0.795786     -1.50054    -0.615935    -0.452038    -0.491738    -0.416423    -0.190231    -0.527134    0.0658771    -0.298396   -0.0106853   -0.0593795    0.0706717    -0.555911
    0.604469    -0.124182   -0.0409791     0.694764     0.179348    -0.208737     -0.90017   -0.0667983     -0.38051      -1.0184     0.269884     0.158562     0.173868    -0.129285     0.612749      0.34967    0.0137426     0.141755     0.120271    -0.346029   -0.0103888     0.564347    0.0028156    -0.715195      0.48896     0.313355   -0.0131642    -0.365587     0.170425     0.160233     0.249933     0.295624
   -0.166203     0.108825      1.03969   -0.0394402     -0.23041    -0.104478     0.902952     0.606592    -0.122253     0.180869    -0.556318    -0.982924   -0.0837763    -0.256818    -0.234117      0.47458     0.496149      0.41118     -1.72794     0.636966     0.649472      1.19257     -0.72372     0.318516    0.0261601     0.413237     0.183656     0.978088    -0.381154    -0.182705    -0.363443    -0.687013
  -0.0620022     -0.31941     -1.29392   -0.0354831     0.175027     0.559424     0.352203      1.25163    -0.347391    -0.420245     0.609654     0.271756    0.0217402     -0.26689     0.401727     0.215506     0.114564   -0.0209162     0.689774     0.438356   -0.0510544    -0.650874    -0.638317    -0.344494    0.0378867     0.760478     -0.13893    -0.348384     -0.32817     0.587803      0.33437    -0.292955
    -0.63462    -0.322274    0.0446623   -0.0623136     0.135875     0.514602    -0.151325    -0.853233    -0.182901    0.0852726    -0.231483    -0.699024     0.553209     0.408136    -0.137588   -0.0953319    0.0815975     0.225098    -0.492811    -0.100968    0.0483106      0.32751    0.0086416    0.0157057    -0.545956     0.430085   -0.0498814     0.267869   -0.0759511    0.0480684     0.685378    -0.462748
   -0.217788      1.15924  -0.00284328    -0.330665   -0.0331309    0.0700561     0.427698    -0.104453     0.321566     0.880967   -0.0699209    0.0447866     0.381254    -0.544426    -0.519948     0.249356     -0.08403     0.199073     -0.10616     0.415651     -1.33615     0.610141     0.304945     0.639239     0.550034      1.01896   -0.0313675     0.297371   -0.0615698     0.472451    0.0407721    -0.634696
    -0.13967     0.331767     -0.14113    -0.235489     0.238955     0.359735    -0.665273      0.42884    -0.293657    -0.173989   -0.0753516     0.519362    -0.606453     0.331673    0.0637759   -0.0607193    -0.337626    0.0462795     0.191029     0.269242   -0.0181357    -0.164582    -0.531628    -0.470205    -0.224247     0.494696     0.854781   -0.0170487     0.416633     0.252259     0.437329    -0.511635
   -0.358096    -0.211421     0.012704    -0.138649    -0.628992    -0.173655    -0.455912     0.598194     0.634511   -0.0440343    -0.248964     -0.10752    -0.457317     0.040498    -0.186843    -0.259083  -0.00320075    -0.185129     0.675171      1.06256   0.00189075    -0.165383     0.245891      -0.5322     0.551035    -0.405396    -0.316288     0.471368      0.19407    -0.174683       0.3857    0.0438796
    0.872377      0.68976    -0.674123     0.281097     0.306774     0.557776     0.146893     0.391179    -0.169456    -0.552665    -0.013286    -0.134511     0.019199     0.159259     0.168739     0.273862     0.916542    -0.205201    -0.281641     0.415003    -0.545607    -0.667689     0.508813      1.04543     0.115275     0.151559   -0.0020755     0.564896     0.448608    -0.861393    -0.717121    -0.264425
    0.440962     0.231599      0.29001     0.101644    -0.690781     0.167544    0.0327785      1.19686     0.706221     0.526215    -0.457611      0.10129    0.0703294     0.140573    -0.298559     0.580284     0.201557    -0.735289    -0.489026    -0.685765    0.0394758     0.273016    -0.447649     0.195489     -1.07568      0.10286     0.347507     0.179217    0.0607534     0.402603     0.686151    -0.711819
     0.38839     0.352125   -0.0209394     0.989719     0.280561    -0.283337     0.100299   -0.0847067    -0.611403     0.360701     0.100344    0.0947545    0.0642554     0.725011    -0.369067     0.132569     0.412975     0.517638     0.107372    -0.545329    -0.340212    -0.353237    -0.831871     -0.42419     0.157545     0.127115     0.199865    -0.216308    0.0218112     0.245416     0.341277    -0.113708
     0.84678    -0.121541     0.201861     0.264147    -0.591018       0.8833     0.473886    -0.222762     0.171505    -0.405926     0.617441     0.598113     -0.13685     0.188772     0.008723    -0.826465    0.0258011   -0.0342839     -2.37028     0.234549     0.755084     0.108894     0.229772     0.274525    -0.227065    -0.431675     0.780131    -0.302001     0.867482     0.971947     0.997447   -0.0876675
   -0.106654    -0.387654    -0.396741    -0.275587     0.508751    0.0971359     0.762201    0.0396424   -0.0181521     0.258502    -0.148574     0.579169    -0.689299     0.440644      -1.1812     0.474703    -0.594489    -0.200409     0.476311    -0.481933     0.407301    -0.216067     0.522849     0.862946    -0.452414     -0.82374    -0.372778    -0.588294  -0.00761663    0.0108599     0.532146    -0.166471
    0.421413     0.417918    -0.997418     0.765421    -0.438298      1.24444    -0.299114     0.379274     0.163504     -0.26795     -0.13258     0.257678    -0.635833    -0.818497    -0.195243    -0.246873     0.136329    -0.454991    -0.375914     0.621079    -0.545506    -0.129981     0.178378    0.0278318     0.228879   -0.0538495     0.353816    -0.215904    0.0916703    -0.574917   -0.0452671    -0.285106
    0.232852     0.187338     0.589046     0.691905    -0.263414     0.386332    0.0876304   -0.0159076    -0.455819      0.16771    0.0272452     0.649244    -0.437773    0.0471218   -0.0822775    -0.422492   -0.0241144      0.40236     0.470877    -0.396447     0.245656    0.0629249    -0.566105    -0.122124     0.330143     -0.26852     0.718187     0.378605     0.237118     0.408321     0.333707    0.0550397
    0.656958    -0.054931    -0.714935    -0.168373    0.0116911     0.383891      1.02154      1.24857    -0.400825     0.196338     0.774741    -0.195355      0.26199     0.917527   -0.0263322     0.246149      0.17305    0.0424064     0.733293   -0.0902623    -0.510459    -0.505303    0.0652374      1.11885    -0.143534     0.441543     0.244344   -0.0655502   -0.0308415   -0.0722702   -0.0284851     -0.03559
   -0.110442   -0.0275612    -0.485709     0.289099     -0.34284     0.361743     0.752095     0.365934   -0.0573404     0.336899    -0.608006     0.466651     0.167228    -0.231026     0.262554     0.503939    -0.150034     0.417432     0.357696     0.235682    -0.131613     0.160776     0.298837    -0.165663    0.0743067    0.0239941     0.109355    -0.892652    -0.217641    0.0250803    -0.212373    -0.135707
    0.558796    -0.166795    -0.724213     0.129069    -0.973451     0.554433     0.296718      0.22423    0.0921131     0.208959   -0.0680036      1.16217    -0.556872      0.63851     0.494211     -0.90006     0.578472    -0.522466   -0.0603833      0.14135     0.686125     0.269173    -0.252373    -0.725614     -1.17595    -0.339618    -0.438594      0.18938    -0.351693    -0.588626      0.46748    -0.404779
  -0.0908921     0.119109     0.217512    -0.030064   -0.0869711    -0.304997   -0.0464878     0.454407    -0.106235    -0.140057     0.448631     0.822666    -0.137095    -0.340979    -0.522503     0.259367    0.0608378    0.0638207    0.0908699    -0.250413    -0.187358     0.369631     0.086801    0.0987199    0.0508345    -0.369178     0.256547     0.493325     0.660377    -0.442315     0.101665    -0.308575
     0.42078    -0.103256    -0.192335     0.849805    -0.404661     0.769711     -1.26743     0.417297     0.231768     -0.24339     0.483308    -0.335978   0.00771135       0.9171    -0.258119    -0.133962      0.24842    -0.665676     -1.32119    -0.558187      0.79657     0.649178     0.424374       0.5021    -0.570855    -0.594031     0.853771    -0.673155     0.268883     0.752106     0.523805     -1.41159
   -0.362101     0.027634    -0.148078    0.0802248    -0.602603       -0.231     0.300333    -0.308659     0.351045    -0.316196     0.209866    -0.448653  -0.00883262     0.265975   -0.0874358    0.0209375    -0.237659    -0.321124     0.216407   -0.0560793    0.0703669    -0.645728     0.410182     0.226436    0.0818828   0.00843769     0.510027    -0.530973     0.569628     -0.14842     0.104318    -0.209685
    0.353761    -0.364634     0.478752    0.0696656  -0.00174825     0.367397     0.674321     0.390711    -0.156017    -0.227516      0.59882   0.00411565      0.26183     0.303025      0.51085     0.624657      0.46939    -0.494352     -0.19358    -0.729351     0.160467     0.638523     0.419532     0.365896  -0.00363211    -0.134315    0.0927145    -0.104383    0.0808186    -0.861833    -0.487123     0.350791
   0.0317676    0.0687057     0.253277    0.0548615    -0.726352     0.581813      0.34228     0.139784    -0.230673   -0.0591107    0.0866886    -0.403923     0.414515     0.510042    -0.555411     -0.55973    -0.419312     0.190957    -0.973249     -1.15865    -0.302421    0.0455057    -0.207734   -0.0513977    0.0698098     0.205361     0.318112    -0.832266     0.383344     0.406599      -0.1964    -0.339322
  -0.0326896     0.188737   -0.0393056     0.660307    -0.313888    -0.473331     0.201414       1.1491     0.732485     0.867838     0.674546     0.290271      0.60364      1.03025     0.729072    -0.294129     -1.35472    -0.385557    -0.763861    -0.583484     0.213795    -0.966003    -0.783825     0.930564    -0.373879      -0.1041      -0.4107  -0.00880934     -1.25809     0.914127      0.40866     -1.08058
   -0.104093     0.139753       0.4336     0.222528     -0.87971     0.388483     0.730314     0.247896     0.684711    -0.118238    -0.575528     0.592306     0.209752    0.0792211     0.154464    -0.424562     -0.37625      -0.8269     0.347814    -0.329431    0.0870615    -0.064572     0.169948     0.312209    0.0821928    -0.106119    -0.551241      0.24394     -0.15984    -0.549286    0.0235383     0.198272
    0.982301     0.273084    -0.118255     0.382616    -0.744654     0.628558    -0.642689     0.800616    0.0558782  -0.00689379    -0.308269     0.317926    -0.667596     0.290426     0.046786     0.587815     -1.18493     0.519491    -0.649211   -0.0948633     -1.00037      0.47203     0.590512     0.109655     0.305472    -0.658917    -0.361645    -0.373159    0.0617851     0.290257     0.963169    -0.801588
   -0.354392    -0.120439     0.379774     0.389584     -0.22819    -0.792334     0.990632    -0.032819    -0.540544      0.47261      0.36811     0.387874     0.100694      1.37708     0.410386    -0.798513    -0.086679   -0.0483371     0.332648     0.325639     -0.27581    -0.480121    -0.244292    -0.386588    0.0833584    -0.134525     0.722929    -0.385431    -0.306581    -0.289391    -0.440532    -0.492984
    0.141629     0.474846     -0.21921     0.296579    -0.219327     0.418946     -1.12483    0.0552027     0.658035    -0.128766    -0.109049    0.0839534    -0.191089  -0.00121149    -0.155821     0.527325   -0.0323491    -0.585423     0.352805    -0.182033     0.105162    -0.326522   -0.0458274   -0.0670202     0.194211    -0.362832     0.240402    -0.173309      0.17646   -0.0324586     0.449598    -0.331401
   0.0451309     -0.50984    -0.497037     0.109642    0.0301477    -0.374378    0.0770887      1.02171     0.119599    -0.464246     0.658311  -0.00418399     0.292278     0.204302    -0.306241     0.494871     0.166653     0.541929    0.0503134    -0.333961    -0.744435    -0.469902     0.499785     0.309201    0.0599605    -0.399748    -0.368114   0.00764397   -0.0962326     0.406146    -0.388099    -0.119121
    0.255549    -0.482734     -0.35485     0.327809     0.315662     -0.52525     0.383516     0.467551     0.328813    -0.194429     0.565245      1.05637     0.439852    -0.312961      0.36438     0.294015     0.708732     0.298765    -0.626288     0.381182      -0.1579    -0.509165     0.391164     0.317391     0.670607     0.500354     0.469047    -0.116807    -0.106113     0.105006     0.877311     0.165134
   -0.337802     0.322147     0.284593    -0.207873     0.243767     -0.91835    -0.893989     0.387499   -0.0951241     0.632641      1.87936      0.18425    -0.196388   -0.0892286      1.08301     -0.27444    -0.937563    -0.570294     0.532045      0.53094    -0.231172    -0.722582     0.475222    -0.592926     0.280925      0.34956    -0.167772    -0.177674    -0.939248     0.367277     0.020224     0.178785
    0.676416     0.435587     0.115553      1.20066     -0.66939      1.10288     0.759544     0.886947     0.683515    -0.688479     0.406484    -0.638664     0.131266     0.453085    -0.647769     0.973479    -0.106957    0.0872083     -1.09607   -0.0216267       0.6527    -0.975881     0.468595      0.09231    -0.603011    -0.102179    -0.465586     0.567578     0.509862     0.414002   -0.0809728     0.208862
    0.174145     0.533595    -0.293224     0.658689     -1.03211     0.494245    -0.717288   -0.0794275     0.592976    -0.563592    -0.242959     0.136184    -0.156891     0.702284     0.237257     0.562293    -0.807675    -0.307476     -1.83001     0.413193       0.5236    -0.204161     0.333626     0.185294    -0.414491      0.10348    0.0517152     -0.20759     0.885207     0.949418      1.21197     0.478907
   -0.277293    -0.802206    -0.761158    -0.125416    -0.361026    -0.551954    -0.227935    -0.290923    0.0222545    -0.862334     0.216504    -0.418117   -0.0429281    -0.181803     0.670573    -0.571296    -0.525171     0.277991    -0.294633    -0.228087    0.0705264     0.693166    -0.482374      0.79491    -0.550218    -0.880866    -0.872339    -0.360862     0.277676     0.120807     0.136671      0.54476
    0.526667    -0.657532   -0.0912504     0.155965    -0.797713    -0.396319    -0.111628     -0.24237     0.482027     -1.25378     0.826059     0.446436     0.295783     0.453069    -0.314087     -0.05648     0.550619     0.704151       -0.755    0.0442466     0.689591    -0.635716      1.10795     0.804775    -0.467805     -0.93849     0.785778    0.0100452      -0.8286   -0.0827698     0.188629    -0.275048
    0.484864    -0.885047   -0.0824229     0.451764    -0.070936    -0.959083     0.914021      1.51709     0.501399    -0.118385     0.641743     0.430816    0.0753531    -0.803252    -0.085546     0.619359    -0.320603     0.723768    -0.144844    -0.256749    -0.327761     0.349719     0.329936    -0.169412    0.0966484    -0.778128     0.470928    -0.441968    -0.406204    -0.183939   -0.0941644    -0.595165
   -0.457984    0.0791438      0.73662     0.611849    -0.751244     -1.03059    -0.831132     0.511874     0.428982     0.189542     0.846184    -0.331688     -0.82479     0.936694    -0.250826    0.0861494    -0.836822    0.0652544    -0.354102     0.391009    0.0232024     0.207025    0.0491689   -0.0422346    -0.400584     0.401622    -0.283775    -0.686458     0.141754    -0.440285     0.749638     -0.28771
    0.543608    0.0845205   -0.0963075    -0.114522    -0.937368     -0.33471   -0.0742956     -0.15898    0.0437816     0.126373     0.901393     0.784315    0.0706355    -0.234948   -0.0088568   -0.0206897    -0.314697      1.08002     0.166841     0.224829     0.133529    -0.786421    -0.643103    -0.532421   -0.0646079     0.408154    -0.333005    -0.571534    -0.309788     0.521392   -0.0414872    0.0484402
   -0.309207    -0.453452     0.482795    -0.188126      0.18352     0.614457    -0.026768    0.0132269    0.0627407     0.390778     0.228584    -0.516038    0.0265455    0.0272908     0.041136    -0.805021    -0.592552    -0.377257    -0.755263     0.555492   -0.0437396     0.170076    -0.600458    -0.137853     0.599737    -0.102373    -0.562343      1.24648    0.0577149    -0.285714     0.681871      0.28739
   -0.460482    -0.444971     0.112886     0.128191     -1.12263  -0.00331006     0.357969     0.517339     0.229434    0.0507797     0.636466     0.510717     0.131157     0.358682     0.136006    0.0758053   -0.0981864     0.319474     -1.10957     0.627579    -0.310398     0.945394      1.06049   0.00981576    -0.300751     0.445624    -0.725818    -0.864003    -0.493374    -0.292249     0.297072     0.304636
    0.901297    -0.239207     0.200166     0.707597    0.0135382     0.607368    -0.737152    -0.742524    -0.206306     0.462424    -0.400564    -0.198614    0.0962982    -0.156755    -0.388982 -0.000438705     0.494798    -0.366975     -1.23204    -0.911134     0.475264    0.0555545    -0.619067     0.088909    0.0764352    -0.626517     0.279156     0.192529     0.404289     -0.31038      0.14664    -0.593671
   -0.151277     -0.47064      1.01396    -0.148708    -0.680848    -0.363818  -0.00678657     0.738768      0.45689      0.16998    -0.269322    -0.415984     0.127888     0.288067     0.194608      -1.0733    -0.939561    -0.393236     0.410312    -0.199459     0.110726     0.248464    -0.410695    -0.417362    -0.378916   -0.0398406     -0.19782     0.107064     0.297247    -0.201936     0.578469    -0.331785
   -0.129691    -0.443963    -0.281346    -0.322525    -0.410092     -1.72394     0.780333      0.24799      0.20974    -0.679662     0.371752     0.142957    -0.322314    -0.103162     0.293116    -0.522065    -0.474157     0.858921     0.699477     0.365005   -0.0524261      1.05788    -0.632122     0.736784     -0.24863      1.14911    -0.549489    -0.849347    -0.449073    -0.249388     0.102895      0.48045
    0.365738     0.205439     0.573554    -0.124085   -0.0293521      1.04231     -0.62605    -0.301293    -0.661634      1.04439    -0.496026    -0.696769     0.253257    -0.133264    -0.384116    -0.196625     0.112358    -0.640347    -0.277053     0.268651    -0.295827    0.0970519    -0.647342    -0.471736       0.2477    0.0373048    -0.766197     0.481457     0.750903   -0.0194642     0.681953   -0.0646933
     0.76682     0.394468    -0.219524    -0.217724    -0.758831   -0.0717941      0.35253    -0.216873    -0.996358      -1.0237     -0.17906    -0.649408    -0.334782    -0.740866     0.659095    -0.343775    0.0421818    -0.188671    -0.683066       0.5988     0.480525     0.114841     0.343875     0.588002   -0.0463146     0.147976    -0.450973    -0.427352    -0.188453     0.689946    -0.707717     0.276877
    0.511854     0.708439     0.095855    -0.255389     -0.65726    -0.792432     0.659324    -0.136548      1.60997     0.280853    -0.289551   -0.0899022    -0.385751     0.584705     0.835824    -0.674414    -0.179837     0.178351      -2.7657     0.875761      1.62742     -0.29269     0.380265      1.54832    -0.811168     0.140286    -0.653805     0.362836     0.878071     0.461176    -0.496903     0.291925
   0.0740183     0.434616    0.0198136    -0.455573  -0.00221905      0.45536     -0.39914     0.146993    0.0381578     0.231111     0.804416    -0.596643    -0.471335   -0.0831659    -0.918859     0.137139     0.301857     0.141996     0.227719   -0.0270277    -0.660208    -0.112384      1.03891     0.122671   -0.0630378    -0.636994    -0.215504    -0.189656    -0.121213    -0.440304     0.196994    -0.394073
   -0.310816     0.444442   -0.0716475    -0.782072   -0.0176629    -0.963119     -0.28293    -0.179351    -0.325302    -0.203268    -0.138274     0.145733    -0.115338   0.00409309     0.243316    -0.204421    -0.232852     0.731819    -0.265861    -0.309817     0.493127      1.04087    0.0187028      0.45517    -0.584225    -0.283817      0.22843    -0.571449    -0.202811    0.0544501    -0.170323   -0.0877236
   -0.109477     0.300252    -0.336295    0.0737894    -0.318595    -0.308999     0.798128   -0.0439871    0.0763882     0.563277    0.0576415    -0.555793     0.140611     0.326905     0.257877     0.461185    0.0841768    -0.533359   -0.0258386     0.357975     -1.28166   -0.0755839    0.0529244     0.119775    0.0675883     0.715853     0.220918    -0.231033    0.0606824    -0.545699   -0.0887451    -0.358869
    0.213796    0.0738897      1.05941     0.180538    -0.166358    -0.416589     0.137641     0.173683    -0.389127     0.209387      1.12406     0.109429    -0.381589     0.277371    -0.860457    0.0184088    -0.112042    -0.139473     0.800178    -0.489755    -0.865251    -0.613146   -0.0129206     0.781694    -0.266424     0.379262     0.127508     0.196307    -0.621735    -0.148595      0.16253   -0.0158255
    0.303035     0.277258     -0.85757     0.600984    -0.413018     0.462665     0.452033    -0.568379     0.469131    -0.611189     0.271003    -0.197315     0.256053     0.193006    -0.917915    -0.268288    -0.670358   -0.0128586     0.488691     0.478349    -0.666626    -0.419879     0.230504      1.25777     0.175955    -0.101195     -1.06973     0.399592   -0.0660486     0.255704     0.241597     0.637344
    -0.13416    0.0558399    -0.169154    -0.138003    -0.173353     0.161723    -0.677976     0.181115    -0.415061     -1.01957     0.330661      0.28725    -0.805075    -0.169653   -0.0844299     0.127171     0.205579      0.65876     -1.03694   -0.0733614     0.016281     -0.14546      -0.3275     -0.11679     -0.83816    -0.555995     0.389271     -0.31238     0.477169   -0.0624125     0.335742     -0.23958
    0.311435     0.452552    -0.308952     0.334085   -0.0396932      0.34311   -0.0379491    0.0319939    -0.214726     0.307181   -0.0768458    -0.750969     0.354001    -0.636167   -0.0217946     0.228503     0.660005   -0.0311396     -1.10066    0.0825476     0.353848     -0.31082    -0.375374    -0.251891   -0.0496143     0.104331   -0.0496231    -0.110346     0.108976    -0.036661   -0.0227483     0.359577
     1.24735     -1.26316    -0.465524    -0.266769     -1.35378     0.247823    -0.362222    -0.177202      1.09878    -0.011941    -0.186441     -0.25775    -0.703603    0.0602419     0.424349   -0.0284823    -0.195908     0.144205    -0.549504     0.200465    -0.457185     0.613311      0.38385     0.777112    -0.176496    -0.838734     0.672972    -0.019056     0.777938     0.606628     0.750884     0.145577
   0.0570453     0.242264    -0.186651    -0.119401     -1.03236    -0.139245    -0.471695     0.412412   -0.0258299    0.0981584    -0.164053 -0.000754584    -0.156186    0.0626967       -0.257    -0.188548    -0.194247    -0.259902    -0.710288   -0.0173351    -0.437296   -0.0528937     0.212841   -0.0362315     0.113626     0.170968     0.125907    -0.310415    -0.227685     0.332031      0.62294     -0.94791
    0.823343     0.304351   -0.0680181    0.0172985    -0.380243     0.228729   -0.0806553      0.37571    -0.331426    -0.113262     0.170849    0.0535684  -0.00181751    -0.213072    -0.377766    0.0674733     0.162714      0.39034    -0.685559     0.181454   -0.0949907    -0.761723    -0.201794     0.567974    0.0965849    -0.335568     0.150436     0.753502     0.626496    -0.246053    0.0371532    -0.173299
   -0.032821    -0.436575     0.208244    -0.264993    -0.168405    0.0117833     0.306315    -0.586125     0.393682   -0.0423097     0.651327    0.0637344     -0.47729    -0.420794     0.411865     0.228932    -0.100371    -0.493269    0.0871218     0.398073    -0.501283     0.303357     0.831195     0.444473      0.20691     0.129501   -0.0982199   -0.0933174    -0.414487     0.861978      0.30496      0.17516
    0.202169     0.575729      0.94858    -0.349684    -0.524465     0.372304    0.0200206    0.0133323     0.889606   -0.0700372    -0.120307    0.0155892    -0.141307     0.519602     0.135716   -0.0151965     -0.71621    -0.160546    -0.159113   -0.0266424    -0.307227    -0.300498    -0.122762      0.16904    -0.381963    -0.182106     0.415692     0.135583    -0.473727     0.734456    -0.115536     0.771762
    0.460844    0.0308973    0.0353104      1.23151     0.850108    -0.127312    -0.650173      1.26965    -0.487756    -0.107509     0.821464     0.550995    -0.446137    -0.200588     0.271421     0.515671    -0.106208     -0.75574      1.09579    -0.714949    -0.690109     0.462912     -0.73105     0.765279     0.900562    -0.950102     0.246119    0.0522616     0.701042    -0.110872     0.968931    -0.376922
    0.545505     -1.02182     0.507918    -0.343006     0.134617     -0.20092    0.0071905     0.127798    -0.843769     0.187378    -0.504359    -0.175342    -0.704795    -0.112156    -0.291999    -0.135807     0.239233      1.07602    -0.590538   -0.0310937     0.444758     0.147261    -0.022534      0.04189    -0.247389     0.219239  -0.00232915    -0.246602    0.0342957     0.322511   -0.0177962    -0.525015
   -0.153896     0.539108    -0.890662    -0.475405     0.440263     0.473309     0.689287     0.331512     0.565485     0.723803      0.94134     0.402506    -0.579398     0.645657    -0.104935    -0.121678    0.0670287    -0.571557    -0.698429    -0.176497     -1.05995     0.274169    -0.300168       0.2981     0.222803    -0.639027    -0.986818   -0.0608887     -0.14593    -0.175994     0.197972     0.221962
   -0.101621    -0.043347    -0.828123     0.582589     0.306283    0.0454008     0.471329     0.398515     0.274235    -0.457393    -0.313391     0.374903    0.0466365    -0.288867    -0.578001   -0.0646738     0.238218   -0.0849974    -0.240347    -0.337876    -0.145424   -0.0596677    -0.315171     0.682493     -0.16361    -0.154987     0.660157    -0.524274     0.515184    -0.099742   -0.0789211     0.319559
  -0.0362261    0.0305122     0.440994      0.27199    -0.979679     -1.04463   -0.0631516      1.28166  -0.00446193    -0.146237    -0.451412    0.0285244     0.242763     0.414753      0.58844      0.17001     0.448317     0.253522     0.177462     0.266602     -1.06521     0.157443     0.114323     0.491255    -0.171829     0.304642     0.237653     -0.48915     0.171938     0.484348    -0.767885     -0.70044
    0.524996    -0.615831    -0.247218    -0.415012     -0.17727    -0.631981     0.478482    -0.109836     0.035564    -0.375995     0.197823     0.530663    -0.185696    -0.331685    0.0413844   -0.0924497     0.041767      1.04672     -0.21653    -0.509646     0.252057   -0.0986455   -0.0534335     0.794191     -0.18658    -0.164574     -0.48459     0.150101     0.187092     0.203113     0.399842   -0.0549295
   0.0866554    -0.961026     0.753655    -0.919801    -0.974549     0.310368    -0.216554    -0.373784    -0.396152   -0.0306931   -0.0632505    -0.322264    -0.613976      0.17117     0.250656    -0.838011   -0.0663233     0.283364    -0.996803     0.248784     0.550038     0.818006    0.0784198    0.0722144    -0.302522    -0.195911     0.270034    -0.273431    0.0405482    -0.665455     0.796941    -0.594137
    0.199218   -0.0634985    -0.295222    0.0522633    -0.558892    -0.183396     0.277726     0.462054     0.142241     -0.13689    -0.101553    -0.251196     0.204032     0.184957    -0.570937     0.156278     0.103383    -0.353667    -0.406795     0.130575     0.013599     0.398021     0.129626     0.188406    -0.153605   0.00806532   -0.0748899    -0.216812     0.218133    -0.646724     0.333807   -0.0728401
      0.4176    -0.403089    0.0831474     0.984526    -0.379034     0.319838     0.991575      2.07995      1.65268     -0.25799      0.34107     0.601494    -0.225076     0.819041    -0.407947    -0.343829    -0.291169    -0.213586    -0.627386      -0.3883     0.766883    -0.237098     0.262798     0.243583    -0.744306    -0.390799   -0.0457381    -0.587199     0.307001     0.852164     0.204498    -0.700988
    0.377149     0.430919    -0.518793    -0.224402    -0.167709     0.077332     0.250668   -0.0230884      1.25857     0.220661      0.18626    -0.348833    0.0721253     0.888495    -0.139709    -0.648772    -0.133589    -0.261003    -0.157009      0.21106     -0.80948    0.0647067    0.0775102     0.393715    -0.213282     -0.16625    0.0332437     0.606472   -0.0419653     0.389178    0.0246421    -0.536177
    0.534313     0.563102    -0.789975     0.635757     -0.25666   -0.0774188    -0.450619      0.14902    -0.168056    -0.741157     0.758753     0.595033     0.274297     0.644474    -0.314103    0.0104551     0.645397    -0.627755    -0.915544    -0.226546     0.323615   -0.0618828   -0.0340353     0.376471      0.17171    -0.355146    -0.117828     -1.04626     0.457566     0.883276     0.407352     0.161509
   -0.749238    0.0677753      1.16424     0.363054    -0.656706    -0.131519    -0.123732    0.0920587    0.0459421    0.0729348     0.222614      -0.1307    -0.224916    -0.178517     0.219965     0.508956    -0.225537     0.713697    -0.424746    -0.116135    -0.659556    -0.573789    0.0514121    -0.254347     0.659279     0.191574    -0.385114     0.233754    0.0581884     0.530098    -0.177156     0.162084
   -0.555739     0.593698   -0.0494185     0.139159     0.679639      0.52109       1.5948      1.27379     0.092059     0.117229     0.287708     0.370422   -0.0289717      1.63917     0.543585     0.276387   -0.0395399     0.724947   -0.0794452   -0.0269377    -0.414753     -1.06761     0.206151    -0.211393    -0.417006   -0.0839226     0.462678     0.506298    -0.597909     0.293255   -0.0981228    -0.370411
   -0.354233    -0.607938      1.03039     0.170745    -0.159689     -1.38576    -0.194674    -0.564663     0.848792     -1.26048      0.41838    -0.308502   -0.0474926     0.524923    -0.410222    -0.374255    -0.772184     0.605934   -0.0671243    -0.584883   -0.0921555     -0.56952     0.728687      1.20703    -0.025909    0.0611453    -0.454364     0.355863     0.153042    -0.140077  -0.00854249      1.24872
    0.643239     0.513859     0.548608     0.145134    -0.550586    -0.141061      -0.2751     0.407394     0.671576     0.527166   -0.0668937     0.389009    -0.273398    -0.146013     0.378061   -0.0707235     0.539057     0.257908     0.497024     0.663348    0.0955105    0.0072626   -0.0587505  -0.00282269     0.206808   -0.0568122    -0.143657    -0.230466    -0.123238    -0.533822     0.130545     0.201523
    0.694771    -0.473826    -0.138585     0.162795    0.0410168     0.107448   -0.0853679    0.0787689    0.0180236    -0.198009    -0.245802     0.280199    -0.537409    -0.523224    -0.193181     0.130095    -0.202449    -0.291184    -0.341249    -0.152631     0.137926    0.0751137      0.21293    0.0591364    0.0692673     0.508738    0.0279744    0.0501876    0.0681125     0.233595     -0.43786    0.0207525
    -0.16143     0.487373     0.999112    -0.245743     -1.14087    0.0312066      0.27378    -0.362958    -0.647068    -0.697582      0.48813     0.672605    0.0197275     0.215018     0.668039     0.368203    -0.349627     0.109817     -0.11394     -1.11033     -1.14466    -0.481255     0.366482     0.146431     0.144574    -0.271379     -0.47872    -0.315551    -0.495814    -0.053064     0.740925     0.318984
     1.18708      0.46862     0.378129     0.238433    -0.893665      0.41148   -0.0535376     -1.24584   -0.0784804    -0.277857    -0.212863     0.463695     0.385872     0.163729     0.341471    -0.522726    -0.376826     0.471203     -1.26489   -0.0312447     0.320267     0.189794     0.636674      1.58771      0.24732    -0.886566   0.00294636     -0.62005    0.0718776     0.194374    -0.033445     -1.24545
   -0.528402     0.289566     0.189197     0.252446     -1.38883    -0.498266     0.880315     0.279004     0.830294    0.0754767    -0.256687    -0.772771     0.435635     0.850708     0.668491    -0.272387     0.113056    -0.193772   -0.0743096      1.05184     0.140675    -0.711033      0.73416     0.416447    -0.299002     0.943045      0.67997     0.114592    -0.556868    -0.100745     -1.27867     0.470865
   -0.216732     0.518542     0.646057     0.424671    -0.290067     -0.54361     0.631329     0.150648    -0.230704    -0.603647     0.866547        1.012     -0.21329    -0.184064     0.325605    -0.981745     0.116476     0.313809     0.291195     0.187275     -0.39092    0.0845588     0.435315     0.156555    -0.123308    0.0822681    0.0124472    -0.446003     0.239687     0.308933     0.708426     0.611482
   -0.243623     -1.17609     -1.01538    -0.434091    -0.910405      -1.0074     0.200534      1.46079      1.55942     0.262836      0.13725     0.617944     0.320829     -1.09918      2.04927    -0.278295    0.0582517    -0.552968    -0.570113      1.26908    -0.969825      1.01855    -0.388952     0.528713    -0.703523      1.00487      1.19296    -0.235993    -0.244329     0.413755      -0.3964    -0.854367
   -0.464793     0.120607     0.617635     0.942456    -0.893314    -0.158583     0.210588    -0.950912     0.860374     0.351431     0.191649    0.0754936    0.0332579   -0.0688607   -0.0854061     -0.81871    -0.165464    -0.350667     0.439792    0.0865238    -0.385654   -0.0906125    -0.147103    0.0370483     0.410033     0.103116     0.123165    -0.218595     -0.59611    -0.921506     0.441307      0.15592
    0.235898    -0.112733    0.0353248     0.285505    0.0206907    -0.269257    -0.126679     0.117685    -0.297726     0.270066     0.690255     0.186724    -0.271791   -0.0259724    -0.493216     0.603186    -0.766051    -0.186908     0.377878      -0.7754     -0.16246    0.0656596    -0.693043    -0.192592     0.247799     0.252888     0.258049    -0.140106     0.421637    -0.337156    0.0564671    -0.172963
   -0.683453    -0.106347    -0.207825  0.000853472    -0.321314    -0.375893     0.438945     0.852752     0.353714    -0.508339    -0.501577    -0.443474     0.414738      0.38433     0.734191     0.209644      0.19615    -0.288656   -0.0210052    -0.445589    -0.455025    -0.338784     -1.07865     0.216422    -0.297128     -0.21318     -0.21639     0.893498    -0.546808    -0.260052    -0.246266     0.436125
   -0.417606     0.122414     0.360608     0.302491    -0.309126    -0.215784    -0.654543     0.439871      0.69455    -0.230363    -0.280766     0.556305     0.555571    -0.187546    -0.101396     0.105814     0.573596    -0.758739     0.275616    0.0559301    -0.489479   -0.0329797    0.0524157     0.259405     0.167439    -0.336444     0.906571    -0.654538    -0.382387    -0.612079    0.0189002     -1.01559
   -0.263775    -0.168889    -0.499356     0.755735     0.994449     -0.57825     0.666745     0.933013     0.649961     0.614659     0.763622     0.148126     -0.43065    -0.208873    -0.267454     0.871123      0.29238    -0.305078     0.752744    -0.123739    -0.963754     0.134433   -0.0228185     0.769019     0.184061     0.315855     0.349825   0.00988814    -0.367543     0.262417     0.377762     0.232707
    0.398172     0.222638     0.244556   -0.0200074    -0.346415     0.352204     0.388189     0.809511   0.00102281     0.141207    -0.336416     0.331887  -0.00447945    -0.431281     0.168282     0.445842     0.292086  -0.00379628    -0.511094     0.274178    -0.421484    -0.180009    -0.160301     0.768878    -0.028417     0.330162    -0.195577     0.178835    -0.225482    -0.379344     0.188233     -0.26127
    0.271803   -0.0600417    -0.199181     0.124584    0.0326202     0.195048   -0.0951494     0.220235    0.0521637     0.167045     0.422725     0.485352     0.344018    -0.259668     0.268279     0.394564    -0.303605     0.100684   -0.0369811   -0.0533362    -0.049024      0.30772    -0.512913     0.473293    0.0573549    -0.458243     0.174967   -0.0398605   0.00978873    -0.177774   0.00837373    0.0281891
    0.759903    -0.586576     0.198954    -0.094536    -0.243423     0.249058    -0.267031      0.26719    0.0985417    -0.171796     0.680248   -0.0104102    -0.307553     0.392773    0.0409339    -0.236344     0.273328    -0.187554     0.495842     0.525809    -0.435808     0.453336     0.189914    0.0326369    -0.441681     0.257824     0.644685     0.444702     0.232039     0.140991   -0.0805424   -0.0961638
   -0.253739     -0.32157     0.108672    0.0381304     0.500719     0.407259    0.0151734    -0.163992     0.117687    -0.268614    -0.330948    -0.207479   -0.0868066     -0.33482     -0.21667   -0.0753824     -0.25011     0.875531    -0.365117     0.411206    -0.124787    -0.155832    -0.411928     0.409183    0.0126971    -0.157735      0.52526     0.460813   -0.0542954    -0.512443     0.206246    0.0505224
   -0.625178    -0.087627     0.224858     0.114417     0.497925    -0.703066    0.0628362     0.169519     0.637925    -0.413224    0.0288576     0.678145   -0.0806504    0.0906051    -0.292408     0.948008    -0.286507    0.0414194   -0.0474754     -0.32131    -0.670256     0.197685     0.431403    -0.389033     0.902605     0.321255     0.332485    -0.172829    -0.454499     0.650884    0.0267019   -0.0750441
     0.25095     0.300283     0.496911     0.193419    -0.494482   -0.0440105     0.205717     0.581829     -0.59444   -0.0520692     0.666939     0.289886    -0.747794     0.072202    0.0705429     0.665451     0.184673      0.38288    -0.653635    -0.125235     -1.08137    -0.248156     0.400407   -0.0490668     0.106309   -0.0499673    0.0600778    -0.305426    -0.138544    -0.101489     0.367067    -0.631236
    0.433972      0.30448       0.3348   -0.0942043     0.257873     0.994863    0.0323924     0.289613    -0.554755     0.311003     0.311104   -0.0138246    -0.587007    -0.780826    -0.120106     0.231747    -0.335839    -0.113068      -1.3312    -0.184784    -0.340066     0.501202     0.962681    -0.476434    -0.261576    0.0482183     -0.27716     0.169065     0.294724     0.793122     0.142929   -0.0141092
   -0.252448    -0.627718    0.0631611     0.506507    -0.112148    -0.692994    -0.202981     0.590039     0.240667    0.0256502     0.209118    -0.273792    -0.379523    0.0925621     0.173786     0.453083    -0.430959     0.713327     0.614109     0.600529    -0.604381    0.0277849    -0.200553    0.0337528     0.151761    -0.183733    0.0288336     0.183141     0.466058     -0.32368     0.601251     0.111108
    0.236963    -0.414994     0.254358    -0.153969    -0.029864     0.261355  -0.00226356       1.1748     0.578123    -0.826137     0.145579    -0.114449    -0.489758     0.475217   -0.0957221     -1.02441    -0.763176    0.0844734    -0.601903      0.39053     0.567369    -0.472864    0.0768125     0.262442   -0.0886546    -0.391371   -0.0434809    -0.197001    -0.055101     0.240061     0.638616   0.00189845
  -0.0788726   -0.0462666     0.307407    -0.139241   -0.0149263   -0.0884266    -0.730777    -0.531977   -0.0579828     0.160235   -0.0218982   -0.0827212    -0.527139     0.481387    -0.330515    -0.871773    -0.734753    -0.222652 -1.27208e-05    -0.130757     0.356556      0.55999    -0.576968    -0.142381   -0.0542146     0.267863    -0.456684   -0.0444841    -0.552261     0.528723     0.282525    -0.561778
    0.420452    0.0234878     0.456721    0.0580507    -0.584771     0.175766   0.00179247     0.153541    -0.344655    -0.282067   -0.0864464     0.581043    -0.452123    -0.104375     0.146261    -0.843559    -0.180418    -0.271626     0.272745 -0.000354506      0.66369     0.813562    -0.382431     0.559518    0.0483759     0.252758    -0.434478    -0.094311      0.95848   -0.0131752    -0.424663     0.357361
    0.182638     0.517092    0.0521234    -0.615638     -0.23097    0.0368276     0.599963     0.217476  -0.00704761     0.168077    0.0680686     0.886422     0.411103    0.0508564   -0.0962752  -0.00635306    -0.298662    0.0892879     0.423176   -0.0240145     0.137017     -0.03833    -0.523209    -0.296229    -0.704653     0.517494     -1.08168     0.103645    -0.347139     0.348719    -0.151303     0.037501
     0.28617     -0.18221     0.227957     0.495432    -0.404054     -0.55344     0.488323     0.538848    0.0881434     0.272556     0.450628    -0.377604    -0.356563   -0.0220229    -0.722749     0.415895   -0.0845015     0.217476    -0.389509     0.322361    -0.594038     0.204713     0.468686   -0.0114347    -0.189025    0.0428116   -0.0457288    -0.378395     0.351186    -0.453719     0.450787    -0.452124
   -0.462468    -0.152367    -0.300954     0.571965    -0.125605     0.231189     0.451614    -0.212002      1.02712     0.748009     0.570489    -0.114443     0.185203     0.218428    -0.023151     -0.40324    -0.162904    -0.826651    -0.811535     0.662765    -0.869194    -0.477358    0.0742247     0.431468    -0.073165      0.69158     0.972493      0.41676    -0.922158     0.248808    -0.559808    -0.416134
    0.023814    0.0868688    0.0225129     0.865587    -0.384871      1.05774   -0.0614322    -0.462106      1.12451        0.209    0.0497732    -0.569264    -0.188805     0.165097    -0.095226    -0.935864    -0.535855    -0.546903    -0.790482     0.504024     0.123881    -0.274703     0.492422    -0.107454     0.726253    0.0889629      0.22551     0.343253     0.485326      0.81712     0.849421    -0.109761
    0.322634    -0.723157     0.386815    -0.282671    -0.277064     0.286148  -0.00542975    -0.418604    -0.305535    -0.148389     0.123468     0.454633    -0.272481   -0.0786464      0.49572     0.281843    -0.444406     0.574415    -0.440494    -0.306984     0.144427     0.083451    -0.249952      -0.1515     0.108824   -0.0905415     0.485221     0.604205   -0.0505427     0.436584     0.660757      -0.3339
    0.039251     0.126817    -0.376554     0.158069    -0.399949   0.00140324     0.257516    -0.116116     0.464336    -0.152612    -0.310222  -0.00681744    -0.468171     0.218291      0.29471    0.0758403    -0.172542     0.163715    0.0318672     0.433374    -0.092063    -0.622753    -0.058554      0.44905    -0.321624     0.292079     0.267643    -0.649153    -0.554763    -0.140697     0.175223    -0.415663
   -0.133931      0.62649   -0.0505802         0.13     0.085108    -0.648652      1.00578      1.08208        1.155    -0.023829     -0.33406     0.677683    -0.182768     0.135728    -0.154342    -0.466938  -0.00773847    -0.228242    -0.643438   -0.0918115    -0.171997    -0.815506    -0.369144     0.153051    -0.399703     0.561551    -0.804613    -0.359683    -0.271702     0.370449     0.320267     0.485628
    0.400642    0.0529056      1.21139     0.794997     0.128362     0.413157    -0.350876     -0.30164     -1.85721    -0.521497      1.62814    -0.528917    -0.852856   -0.0197721    -0.124243       -1.068     0.785978   -0.0879983      -1.7475     0.844451     0.360506     0.106663     0.871026     0.325045    -0.300774     0.231251   -0.0288457     -1.05695    -0.121302     0.905762    -0.898667    -0.866304
   -0.593878    0.0117833     0.156907    -0.445964    -0.627594    -0.183518     0.224879      0.24711    -0.104246    -0.558038     0.512637     0.225643      0.64383     -0.45311    -0.473773     0.514223    0.0823671     -0.15917    -0.389686     0.281622    -0.575996     0.215736    -0.126366     0.754363     0.990017     0.398518    -0.262619     0.202506     0.496396    0.0652888    -0.227421      1.21044
   -0.704471    0.0758907    0.0966542    0.0623279    -0.192948      0.21363     0.163846     0.128681      0.53651     0.336602     0.171332    -0.115984    -0.316883      0.32955     0.431607    -0.300699    -0.587161   -0.0215611    -0.057943    -0.142377    0.0326185    -0.762878     0.297945       0.1203  -0.00936909     0.220295   -0.0619159     -0.77032     0.249799     0.218987      0.50122   -0.0577704
    -1.00398    -0.345677   -0.0705861     0.700519    0.0177889     -1.10754     0.245997      1.23577      1.27396    -0.541745    -0.115384      1.15974     0.397629     0.469791     0.189654     -0.45582     -0.86358    -0.264555     0.839604       1.0056     -0.41502    -0.032886     -0.55772     0.885146    -0.888945      1.16092    0.0772743    -0.379545     0.381783     0.504281   -0.0431402    -0.396294
     1.03562     0.429218     0.950884     0.286484    -0.533004   -0.0947771    0.0722853     0.429946    -0.500355    -0.628244    0.0655759    -0.619875    -0.739901     0.165211    -0.660121     0.661314    -0.550641    -0.219651    -0.121864     0.190533     0.494069    -0.113784     0.532357     -0.69974      0.18731     0.230468      1.01438    -0.144339    -0.294983    -0.600154     0.793447     0.540091
   -0.200435     0.609071     0.145562     0.233611     0.213802    -0.736639      -0.2768    -0.151221   -0.0209531    -0.483887     0.204371    -0.361661   -0.0538984   -0.0312073    -0.231572   -0.0272853     0.530469   -0.0921967     0.109034    -0.356947    0.0364594    -0.204075     0.326807     0.610634   -0.0700254     -0.23059     0.291198    -0.152894     0.833142    0.0599465    -0.103793    -0.330973
   -0.882502     0.301755    0.0759831      1.03207    -0.237385     -0.62124   -0.0963063     0.182464     0.874973    -0.121844      0.41803     0.233215    -0.113607       1.1049     0.513431    -0.342889     0.251509    -0.121218    -0.296753      0.30506     0.134736     -0.25506     0.192721     0.548543     -0.79807     0.178686   0.00761876      0.33271    -0.120811     0.339306    -0.262855      0.13062
   -0.045335     0.119714     0.175899      1.46561    -0.732695      0.21882      1.06793     0.270835    -0.122104      0.64936      0.63385    -0.416309    -0.044982   -0.0145554       1.1609    -0.422737     0.846057    -0.427567     0.942011    -0.203331   -0.0170201    -0.817826    -0.374271     0.699607     0.542311     -0.36552      1.09051    -0.657311     0.078072     0.442096     0.923704    -0.236784
   -0.157494    -0.257286    -0.550474   -0.0664523     0.164549     -0.19804     0.127553     0.256746     0.735914     0.366685   -0.0467816     0.596741    -0.506552    -0.160145  -0.00544431    -0.273744     0.601918     0.355838    -0.843383    -0.165381    -0.662394    -0.867556    -0.323791     0.200073    -0.108619     0.443503      0.14471    -0.965278    -0.182548    -0.170875    -0.962175     -1.00903
    0.511092     0.167574      0.26749     0.109436    -0.449926    -0.390408    -0.165013      1.48584     0.516043     0.433933     0.153585    -0.595543    -0.521775     0.803172    -0.610128     0.234741     0.308452    -0.336115     -1.18361    -0.068124   -0.0226174    -0.494925     0.701991    0.0612696    -0.331682   -0.0832145  -0.00768283     0.733814     0.420376     0.827984     0.338366     0.267466
   -0.295605      0.02023   -0.0951785    -0.418123     -1.21434    -0.276775    -0.810831      1.12318     0.705379     0.701916    -0.453884    -0.252147     0.229479    -0.604702    -0.064421    -0.688167     0.473929   -0.0870452    -0.394142     0.589084    -0.398825    -0.211314    -0.611783     0.343954     -1.20317    -0.563674       1.2774     -1.46793    -0.114423     -0.63125    -0.484513     -1.00622
    0.125259     0.175614    -0.317312     0.164056    -0.465396     0.230615     0.674947   -0.0299778    -0.265153    -0.284567     0.417445     0.281471   -0.0122974    -0.192906    -0.173308    -0.214123    -0.092716    -0.266216    -0.356742     0.431934    0.0298988    -0.964424    -0.028984    0.0764713      0.62541     0.730428     0.063216    -0.196328    0.0682168   -0.0121696    -0.212448     -0.18509
     1.14229    -0.518132   -0.0378168      0.16688    -0.163509    -0.881914     0.887792     0.769268     0.796077     0.604402      0.42804    -0.393958     0.407013   0.00716472     0.678661     0.843534    0.0321753     0.584576      1.18055      1.20387     0.225846     0.124188     -1.39857      1.41293    -0.357651    -0.485732     0.874778     -1.21844     0.401015     -0.30394     0.320265     0.409273
    0.275164    0.0449146    -0.409982     0.478491    -0.268009    -0.174822     0.148735     0.108451    -0.316659     0.380519     0.368007   -0.0343355     0.600027     0.522845   -0.0630614       0.3149     0.746512     0.132782     -0.45555        1.066     0.248128    -0.142723    -0.380733     0.105487    0.0705246     0.810942    -0.177192    -0.392959     0.237186    -0.142664    -0.810205    -0.139522
   -0.686448    -0.301941    -0.412619     0.990594      0.41303     -1.13369     -0.18809    -0.270065    -0.355047     0.357652     0.943499     -0.49428    -0.668632    -0.674449      1.77586    -0.836021    -0.158182      1.38467    -0.555446     0.542594    -0.317889    -0.144305     0.566094      0.92885     0.476904     0.410478     -0.37812    -0.474685    -0.662766     0.834142    -0.072243     0.136294
    0.293319    -0.042795      0.41389    0.0912676    -0.554949    -0.421117   -0.0914917     0.618829    -0.295558    -0.346342     0.247956     0.227462     0.540095      0.74109    -0.491905    -0.171271     -0.19316    -0.115237     0.249853     0.181722    -0.516737    -0.116045    -0.239632    0.0942593    -0.489336     0.130066   0.00695413    -0.109378    -0.255342   -0.0703994      0.32397    -0.301004
   -0.261039   -0.0359405    0.0217361     0.276464    -0.319806    -0.720445    0.0654164    -0.458279     0.602525    -0.346902    -0.209448     0.401009     0.457535     0.341239    -0.126772    -0.156262    0.0535978     0.197168     0.130589    -0.550064    -0.879377    -0.150309  0.000299063     0.406549     0.293882     0.242613     0.884276    -0.350903    -0.487055     0.254838    -0.357341     0.187172
    0.177562     0.231732     0.423987     0.552602    -0.806138     0.293812     0.153391     0.925167    -0.428897    -0.239295     0.350456    -0.732873     0.225715     0.176592     0.681022    -0.157837    0.0317591     0.819151     -1.27965     0.161922     0.209254      0.16764     0.399465     0.707756    0.0251898     0.124527    0.0787738    -0.308265     0.749386    -0.626148     0.459289     0.857324
     0.44559    -0.155319     0.690073    -0.155576     -0.25676    -0.231075     0.350634     0.504222    0.0705625    0.0866474     0.673681     0.226601    0.0916914    -0.239251     0.173249  -0.00778153    -0.169819    -0.179972    -0.219486    -0.206809     -0.23287    -0.534959    -0.700814     0.280114    -0.115243    -0.397601    -0.539498    -0.307242     0.313398     0.685544     0.454036     -0.12018
    0.134514    0.0972594      0.10258    -0.975631    -0.284403    0.0807964     0.095686       0.1534  -0.00729046    -0.259511     0.163064    -0.854925    -0.294756     0.479668     0.335514   -0.0835045     0.520587     0.301034    -0.997672     0.584915     0.222223     0.335853     0.158963     -0.20168    -0.223415     0.101655   -0.0332573     0.274576     0.259627    -0.104352    -0.106682    -0.196991
    0.141686     0.438626     0.592184    -0.367466     0.281616     0.112731   -0.0757304     0.322538    -0.239239   -0.0162925   -0.0354529    -0.449952   -0.0212286   -0.0148237     0.306731      0.16383     -0.44788     0.155172    -0.706139     0.558422      1.50407     0.256222    0.0695405    -0.302445     0.190321     0.352857    -0.347846    0.0656279     0.919633    -0.301704   -0.0354023     0.256131
   -0.830153     -0.23234    -0.287935     0.775407    -0.227225     0.745965     0.566612     0.594372     0.467607       0.7481   -0.0877522     0.744802   -0.0941288     0.391501     0.261693     0.256181    -0.481522     0.126001    -0.246061    -0.277912     -1.29147     -0.51307     0.290739    -0.130248     0.112327    -0.187129     0.100047     0.158469    -0.349826    -0.189359     0.306229    -0.195858
