   -0.195601     0.554395    -0.166695     0.396271     0.155742    -0.399921    -0.212298     0.110825    -0.152806     0.448816   -0.0731935    -0.484606     0.166092    0.0459842     0.261639   -0.0274313     0.045251    0.0309314    0.0519232     0.602572     0.430068     0.416192    -0.646217     0.685815    -0.616574    -0.040495       0.2666    -0.171738    -0.274116    -0.483876     -1.06603    -0.105923
   0.0809678    -0.775557     -1.32701    0.0323204   -0.0737668    -0.296808     0.179937     0.863692  -0.00782227    -0.649979    -0.342319     0.752888    -0.535938   -0.0369801    -0.643138    -0.524968     0.349916   -0.0839815    -0.561628     0.565658     0.588722   -0.0478563    -0.387583    0.0438618     0.307485    -0.237649     0.197861    -0.571454    -0.238635    0.0524096    -0.351192     0.189417
   -0.199887     0.165026    -0.119026      -1.1474     0.252689      0.26072    -0.388654     0.614992    -0.137765  -0.00560065    -0.447075     0.898866    -0.641235    -0.354757   -0.0672206    -0.562044    -0.356825      1.19981      0.67352    0.0113108    -0.154558     -1.04827     0.558899     0.221218   -0.0237351     0.436416     0.584098     0.468323    0.0880823     0.425589    0.0680694     0.791532
   -0.161664    0.0990924    -0.554891   -0.0569447     0.468664     0.403737      0.41575       0.1262    -0.255589    -0.441425    -0.753225   -0.0524264     -1.07214    -0.106794    0.0767388    -0.210234     0.505275    -0.323714     0.505893     0.985955     0.646958     0.534076     0.292854       -0.166     0.970393     0.186597     0.148433     0.797643    -0.853993     0.284069    0.0975906    -0.544961
   -0.192539     0.446396     0.254443     -0.31477   -0.0426723     0.254114  -0.00505332      0.18784   -0.0697656     0.105356     0.243861   -0.0790442     0.952355     0.202429     0.180875     0.161948    -0.124603    -0.112616     0.112965    -0.266363     0.116243    -0.641787     0.364888     0.025879    -0.200324   0.00724297    -0.412308    -0.133145     0.258285    -0.274323     0.173133     0.286436
    0.927303     0.148096    0.0680465     0.241706    -0.155377    -0.544418     0.255621     0.564569     0.130861     -0.57848    -0.253217    -0.366434  -0.00149498    -0.559747    -0.259395    -0.362216    0.0793865    -0.787771    -0.123809     -1.28966      -1.3325   0.00696066     0.504443    -0.539891     0.177394    -0.211718    0.0851165     0.422725    0.0386392  -0.00727306      1.30739    -0.513222
   0.0195842    -0.761063    -0.018005   -0.0539603    -0.580632    -0.325657   0.00985052     0.173999    -0.438803    -0.281315     0.133961   -0.0609064      0.16184     0.163714    -0.285855    -0.315765     0.534924      0.28526    -0.764298    -0.656071    -0.400295    -0.795066    -0.262329    -0.537746    -0.374044     0.472531    0.0286834     0.153036     0.456564    0.0533151    -0.196958     0.229267
    0.529725    -0.350732       0.3862     0.426808    -0.171229    0.0581396      0.82499     0.153314     0.228549    -0.106452   -0.0391294    -0.138323     0.274896    -0.111565    0.0718904     0.489501     0.346863    -0.179898     0.140163     0.496244     -0.75766     0.351708     0.111828     0.200079    -0.348877   -0.0359711     -0.14931   -0.0439963     0.247514   -0.0330682    -0.324128    -0.119905
    0.305608    -0.512887    -0.163147     0.613327    -0.166809    0.0638686     0.278676    -0.417922    -0.155856    -0.340814     0.216648     0.434038      0.27875   -0.0497957    -0.042153     0.507847    -0.712714     0.408163     0.233957    -0.357664     0.711818     0.629757      0.45114    0.0139133  -0.00476528    -0.125678    -0.143401    -0.229047     0.353868      -0.2677     0.119141   -0.0259338
  -0.0801744      1.27624     0.745479    -0.578545     0.394769    -0.899017     0.306545   -0.0934596   -0.0264861     0.019013     0.195671    -0.190176     0.753668     0.689565     0.620224     0.505721     0.638186    0.0538126     0.213717    -0.756092    -0.609052     0.498569   -0.0503665     0.477372     -0.11086     0.225544    -0.487932     0.271243    -0.187327    -0.363576    -0.615893     0.397569
      1.4242    -0.508589     -0.99057     0.350346    -0.153947    -0.234913    -0.645529     0.415222   -0.0103264    -0.539159   -0.0828124    -0.292791    -0.130677     -0.28424     0.125128    -0.550729   -0.0889252    0.0534275       0.3401     0.406145   -0.0418416    -0.141039    0.0274766    -0.225732    -0.302387    -0.751316     0.977669    -0.221993     0.453952     0.198852    0.0327309      0.66298
    0.281125    -0.514958  -0.00995968      0.37176    -0.246451    -0.554163      1.05128    -0.447319     -0.66694    -0.132953     0.169479      0.52982     -0.68279   -0.0825792   -0.0564319    -0.433018    -0.481909     -0.10793    -0.105021    0.0716252     0.374516     0.166414     0.439579     0.205297     0.292623     0.184896     -0.82683     0.298943     0.804585   -0.0351894    -0.232389    -0.237361
    0.542693      0.15321     0.236347    -0.288513    -0.184958       -0.186   0.00952355   -0.0616813   -0.0423563     0.235359    -0.271066     0.070637     0.145402     0.170509    0.0981034     0.372595      0.24837    -0.484476        0.264    -0.336303    -0.120451    0.0482378    0.0715431     0.312183     0.232926     0.120563    -0.598053      0.36794    -0.294755    -0.213534   -0.0314564   -0.0915789
    -1.01343     0.610841   0.00022587    -0.453046     -0.25365    -0.132936    -0.136534    -0.522007     0.808637     0.440694     0.164623    -0.583595    -0.388044    -0.375233     0.224299      1.57266     0.062285    -0.516762  -0.00522441     0.512023    -0.216841      1.30868    -0.480467     0.432116    0.0385366   -0.0282459    -0.326992     -0.33878    0.0912009      0.33322    -0.286889    -0.774891
   -0.901621   0.00829239     0.225596    0.0370546    -0.249429    0.0666812     0.357328     -0.22825    -0.223518    -0.445564   -0.0654139    0.0638486     0.501946     0.255979     0.211813     0.244613    -0.202728     0.210778     0.242035    0.0851214     0.573727    -0.208147     0.619662   -0.0496738    0.0887187    -0.444186    0.0733716    -0.654646       0.2312    -0.581768    -0.577742    -0.243339
     0.16002     0.642085     0.208887     0.274992    -0.174591      0.43424   -0.0206824     0.497075    -0.282436    -0.168487      1.07514    -0.429696      0.06202   -0.0579503    -0.241053      1.12963    -0.292947    -0.232751    -0.163836     0.148103    -0.880534     0.395821    0.0360741     0.112812    -0.379226     -0.46747    -0.299361   -0.0500417    -0.174564    -0.859729    -0.331292    0.0149587
   -0.740304    0.0603037     0.230081    -0.101605    -0.019754    -0.180152    0.0979493    -0.680387     0.410604      0.18569     0.202299    -0.176945     0.288583   -0.0927152    -0.107615     0.320233     0.110308    0.0855612    -0.113424     0.294948   -0.0191018     0.256966    -0.652982    -0.232324     0.153541    -0.272338     0.169057    -0.140501     0.055563     0.245379     0.166184  -0.00710922
   -0.917502     0.342586     0.629387     0.235379    -0.077394    -0.199244     0.120642    -0.439049     -0.53563    -0.022915     0.168325     -1.76653    -0.617988     0.574618     0.338356     0.571815     0.815664    -0.790214     0.777956     0.358004       1.2194      1.35232     0.113965    -0.160257     0.346603     0.600575     0.212637     0.544997     0.278329    -0.587613    -0.592027     -1.01623
   -0.202233     0.251885     0.462421   -0.0195744     0.587303     0.167613   -0.0275681    -0.200264     0.538354    -0.644887     0.174693    0.0782206     0.793509     0.224532     0.163554    -0.370347     0.216292    -0.282689   -0.0867551     0.617225     0.451723     0.184903    0.0181566    0.0859407    -0.121041     0.249997     0.298769    -0.154502    -0.443029    -0.217146    -0.590813    -0.176658
   0.0337636    -0.689302     0.012402      0.38101    0.0834081     0.664242    -0.241591    -0.015304    -0.244742    -0.191768    0.0383543    -0.693056     0.816539      0.19581    0.0118792     0.344646    -0.673861    -0.573252    0.0185716    0.0295934     0.376948     0.481448      0.70893   -0.0221416    -0.419205    -0.108573    -0.124646    -0.362435   -0.0895051    -0.367947     0.458202    -0.383349
   -0.116847    -0.101017     0.108888   0.00749959     0.224282    -0.325121   -0.0795662    -0.166609    -0.115015    -0.134406       0.1466    -0.247596     0.195952    -0.125476    0.0307648     0.203986    -0.171904     0.498598    0.0633995    -0.105114      0.45444    0.0637949     0.359535   -0.0215984    0.0310787      -0.1277    0.0504807     0.342035   -0.0825779    -0.185703    0.0425385    0.0996863
    0.310166    0.0674426      1.17356    0.0314897     0.515113     -1.15861     0.602778    -0.425071     0.225922     0.251218    -0.606439    0.0212631      1.08706     0.517068     0.678793     -0.13111    0.0828838    -0.269484     0.203628    -0.728781    -0.108487     0.433504       1.1588     0.351606    -0.259465   -0.0506825    -0.286055     0.659957    -0.782313    -0.312883     0.562626     0.462247
     1.10983    -0.137334     0.176838     0.520115    -0.476315     0.328304     0.535198     0.547884     0.229331     -1.09438     0.594992     0.855754     0.351877    -0.399681     -1.00466     0.379541    -0.871093     0.353828    -0.842195     -1.94828    -0.219394    -0.389464     0.544831   -0.0907089    -0.269545     0.324474    -0.178537    -0.697976      1.40819     0.392437      1.18167     0.339698
    0.257628     0.149373    -0.353095     0.341716    -0.766771     0.146925  -0.00553304   -0.0201512     -0.69444     0.125834     0.429068    -0.393018    -0.676029    -0.636783    0.0035506   -0.0660673     0.146078     0.382766     0.213756   0.00744845     0.373147    -0.904057   -0.0779717    -0.158556     0.692106     0.163756     0.246227    -0.168891     0.207467     -0.57136    -0.049968    -0.226709
    0.428933     0.499488     0.974042     -1.09578     0.460132     0.699824   -0.0994155    -0.300884    -0.421231    -0.746851    -0.243856   -0.0421574    -0.116716      1.15092     0.130415     0.876381      0.34312    -0.574659     0.661113     0.040941      1.51932    -0.515461     0.580782     0.600307    -0.425744     0.468327     0.131534     0.767326      -1.1787     0.570971       1.2958    -0.474765
   0.0575053    -0.518265   -0.0634126     0.352038     0.281239   -0.0763717    0.0625841     0.362707    0.0154346    -0.228206   -0.0798698     0.188906    -0.151072     0.222401     0.194234     -0.18673    -0.187912    0.0479223    -0.436732    -0.110037    -0.105508    -0.271798     0.156008  -0.00648303    -0.107578    -0.112945     0.161421    -0.356728     0.445125    0.0660747     0.564971    -0.023607
   -0.451683     0.326139    -0.143695    -0.701133     0.413469     0.319607     0.512203    -0.164149    0.0519056      1.10016     -1.05743    -0.451828     -2.67192     0.411517     0.401306     0.282435     0.695361    -0.594916      1.12693    -0.158229      1.27642    0.0985094    -0.330409     0.215338      1.13619     0.218486    -0.757541      1.86296     -0.78445      1.27735   -0.0627795    -0.849969
   0.0515782     -0.30152    0.0153872     0.641532    0.0258892     0.423229    -0.269379    -0.200586    0.0985305     0.127041     0.356852    0.0524845     0.627634     0.127753    -0.226231    -0.545443   -0.0277535      0.33671    0.0245824    -0.274119     0.176152    -0.195527     0.196115    -0.194181    -0.783977     0.172814     0.184155    -0.404824    0.0794722    -0.503481   -0.0157491    -0.544772
    0.941649     -0.17844    -0.528882     0.111713     0.146363     0.120138     0.205457    -0.081185    0.0040811    -0.696283     0.475194    -0.289603     0.376682    -0.493618    -0.451132     0.261614    0.0327814   0.00232969    -0.727979    0.0916522     -0.58787     0.379264    -0.561671     0.351088    -0.558545     0.285148    0.0492648   -0.0992402     0.354219    0.0974842    -0.432455     0.129208
   -0.702384     0.266807   -0.0229793    -0.177017   -0.0416692     -1.05242     0.649715   -0.0723423  -0.00682249      0.63579     0.525041     0.707375       3.5982    -0.350813     0.257533     0.394801    -0.161262      1.40037     0.434896     0.215063     0.411525     -1.09485    0.0740261    0.0084032     -1.20329     -1.15697     0.291724     -2.09892    -0.350057     -1.06849     -0.80924       1.3974
  -0.0644864    -0.123303     0.236392     0.685561     -1.01051    -0.302557     0.594646      0.41099    -0.113438    -0.589102     0.329678    0.0246609     0.822859   -0.0589968    -0.656679     0.333004    -0.452033     0.470897    -0.948546    -0.439357     0.397609    -0.503308    -0.144824    -0.529136    -0.397977     0.481792     0.444493     -0.17761      0.48451    -0.198861       -0.179     0.371803
    0.352335    -0.140083    -0.577768    -0.666262     0.183466    -0.295343     0.551755    -0.157155     0.401177     0.633722    -0.445855     0.102662      0.04449    0.0404756   -0.0095779    -0.581896     0.327987   -0.0502679     0.206511 -0.000821228    -0.354104   0.00862437    -0.305541   -0.0315406     0.268072     0.538898     0.167174      1.05949     -0.60123     0.377154     0.764869     0.450694
    -0.55744     0.620384     0.621041    -0.524458     0.413764    -0.191502    -0.716792   -0.0614366    -0.114908     0.917063     0.105124     0.125051    -0.561753     0.380389     0.515984    -0.208578     0.157256    -0.252872    0.0349959      0.19073     0.237593      0.18399    -0.201779    -0.249671     0.238047    -0.579873     0.312553    -0.291799     0.476784    -0.597295    -0.712938     0.545767
   -0.187003     0.205737     0.112858    -0.407306     0.231647      0.52763     0.583485   0.00409225     0.369539    -0.361009    0.0915271    -0.543622      0.15182   -0.0154116     0.223222    0.0296527   -0.0294586     0.099611    -0.472262    -0.122726    0.0598916     0.678393    -0.105817     0.403397    -0.235453     0.369909    -0.183123     0.131716    -0.532839    -0.112879     0.669852    -0.324411
    0.291038    -0.280582    -0.217658    -0.272146    -0.445583    -0.305908     -0.44508    0.0329055    -0.378564    -0.387348    -0.125547      0.57864    -0.247616   -0.0964977    -0.104765    -0.177967    -0.357703     0.660622     0.182827    -0.333982     0.282425    -0.743384     0.573805    -0.471808     0.284503    -0.584587    -0.113376    -0.237761    -0.581742    -0.333156      0.19572     0.805391
     0.43859    -0.665979    -0.151722    -0.308304     0.315131    0.0688573    -0.603319    -0.070487     0.187731    -0.352419      1.23688     0.643895      2.40535    -0.285606    0.0116936     -0.10224    -0.821468     0.588556    -0.150855    0.0682237     0.262216    0.0202775    -0.481362       0.8643     -1.58248    0.0897785     0.820306     -1.75718    -0.065947     -1.23303     -0.44659      1.24129
    0.253452   -0.0571243    -0.350017    0.0266313    -0.716498     0.229636    -0.346898  -0.00195733    0.0296619    -0.579532      1.16848     0.618398      2.69227   -0.0251871    -0.420883     0.700993    -0.172664     0.882504    -0.262053     -1.21834     0.159146    -0.352469     0.156367     0.195637    -0.945341    -0.204484     0.325325    -0.914557     0.151827     -1.74937    0.0572665     0.770146
    0.421638     0.868089     0.760199    -0.182722     0.141479     0.904493     0.252189     -0.84066    -0.738857    -0.110986      0.52426    -0.982874      1.56161     0.154673   -0.0459743     0.725995     -0.57359     0.340029    -0.332911     0.777205      1.46132    -0.221645      1.25108     0.120746     0.134709    -0.321565     0.627077     0.503216    -0.292735     -1.01944    -0.403924     0.416994
    0.429461     0.523817     0.202394    -0.352027     0.612671    0.0604326     0.163636    -0.320346    -0.217038    0.0537842    -0.502111    -0.785255     -0.45566      0.16066     0.635517    -0.398168      0.65707    -0.555306      0.61517     0.222843      1.07232     0.249328     0.620721    -0.237935     0.162016     0.521591   -0.0695961      1.02449     0.140172    0.0540831      0.50579    -0.284013
    0.950785    -0.170756      0.48776     0.562222   -0.0139981    -0.852361     0.245318      0.48567     -0.07541   -0.0827114     0.162509     -0.88923     0.261958     0.674061    -0.653067    -0.191096     0.632845    -0.383516     -0.22032    -0.619677     -2.05095     0.261144    -0.718716    -0.225912     0.895782   -0.0119428     0.467902   -0.0515297   -0.0931874    0.0074517   -0.0969095   -0.0759532
   -0.284063    -0.126831     0.146311   -0.0642711    -0.164417    -0.169551    -0.664897   0.00234816     0.538851    -0.228376      0.34867     0.369644    0.0261907     -0.22822    0.0692101    -0.470465     0.177352     0.547882     0.311737     0.730323    0.0384356    -0.160817    0.0558417    0.0913601    -0.113702    -0.222378     0.391919    -0.390557   -0.0796195     0.101802     0.186338    0.0119193
    0.197593    0.0359009    -0.173107    -0.142576    -0.610119      1.07056     0.325356    -0.321886    -0.455748    -0.135916     0.725068    -0.263765   -0.0529743    -0.416556    -0.303916     0.636607    -0.349627    -0.431561   -0.0412504   -0.0157494    -0.237575     -0.32264      -0.4289     0.248974    0.0764612   -0.0143337    -0.118274     0.111112    -0.386742    -0.487757     0.736938    -0.309473
    0.275823    -0.575106   -0.0520221   -0.0122605     0.126734    -0.261712    -0.026571    0.0824074    0.0381301     0.268441     0.151173     0.156766     0.220358    -0.137319   -0.0419464    -0.356851    0.0655747    0.0938922    -0.398453    -0.373863    -0.136249    -0.385444     0.135483   -0.0826219    -0.197339     0.266741      0.17517     -0.21336     0.149737    0.0276521    -0.121216     0.274012
     1.17855    -0.649308     0.595789     0.371006    -0.174896      0.30556     0.560798    0.0174415    -0.404387     -1.18205      0.20296     0.759684     0.202441    -0.617696    -0.298223    -0.249152      0.13097   -0.0215798    -0.951531    -0.452887     0.591786    -0.457256     0.384037      1.34705    0.0849767   -0.0458164    -0.616309    -0.275825     0.725734    0.0746052    -0.502343     0.366603
   -0.362231    0.0770987       -1.044     0.400939    -0.148745   -0.0820242    -0.514309    -0.150986    0.0461919    -0.223714    0.0722547    -0.105939    -0.261116    -0.407756    -0.589508      0.14833     0.144712    -0.346658    -0.012668     0.527527     0.571707    0.0942131     0.193507     -0.46889     0.181883   -0.0324531      0.53968    0.0525954      0.07142     0.192932    0.0696181    -0.299394
    0.107253    0.0438706    -0.175763      -0.1794    0.0412651     0.110592     0.193055    -0.150292    -0.342048    0.0453832     0.160508    -0.236159    -0.334152    -0.111609     0.144772   -0.0230598   -0.0800304   -0.0250263   -0.0901462     0.165523     0.837591   -0.0853133    -0.324388    0.0252174     0.579193     0.288474      0.15558   -0.0710063    -0.273903    -0.561487     0.012823   0.00391238
   -0.186632   -0.0712912    -0.232989    -0.491977   -0.0672907   -0.0557038     0.492357    -0.155074     0.272566   -0.0301229    0.0832166    0.0731622    -0.159309   0.00978753   -0.0642889   -0.0641574     0.110347     0.219551    -0.160013   -0.0140447     0.194543     0.037313    0.0464074    -0.592064   -0.0491142    -0.415608    -0.426335    -0.372594     0.453603    -0.373667    -0.305449     0.273663
  -0.0937678     0.425193    0.0580721    -0.284888  -0.00197973     0.214573     0.466791     0.198272     0.613439     0.247968    -0.572006     0.487062    0.0722693     0.274157      0.26856    -0.704443     0.196657    -0.397852     0.274318    -0.138796     -0.48606     -0.11149     0.234069     0.391926     0.431735     0.411516    -0.410457     0.726854     0.080388     0.250725     0.340065    0.0202651
    0.641816     0.211314    -0.294801      0.12349      0.11273   -0.0146067    -0.159481     0.141814     0.194156   0.00860837     0.322829    -0.394023   -0.0252543    -0.375321    0.0710546     0.115768    -0.257485    -0.254042    -0.201728    -0.256682    -0.661874     0.436065    -0.242067    -0.115727    -0.102597     0.452794    -0.296531    -0.549673     0.665463   -0.0550735     0.260822    -0.236609
    0.104174     0.292878   -0.0716365    -0.197702    0.0944654   -0.0233269     0.459529    -0.179356    -0.636577    -0.233808     0.393295     0.126541     0.012566     0.466184     0.322526     0.544133    -0.458159     0.503233     0.259258      -0.2729     0.560041   -0.0210911      0.10695     0.251755     0.240086    0.0113668     0.223115   -0.0765962    0.0449996    -0.227343    -0.145951     0.533405
    -0.29957    -0.167163    -0.535807    -0.125978   0.00365152   -0.0156541      0.13102    0.0364649     0.263282    -0.468968     0.107199    -0.412287    -0.247428      0.31038     -0.22745    -0.131991    -0.611444    -0.218779   -0.0600875    -0.182638    -0.745859     0.380809     -0.34262     0.214571    -0.367415    0.0676885     0.268889    -0.733231    -0.152941     0.440121      0.34953     -0.30787
   0.0870643    -0.466067     0.324327   -0.0152279   -0.0134183    -0.152276     0.232259    0.0407377   -0.0733772     0.122461   -0.0323254    -0.100089     0.605491     -0.10097     0.102755    0.0160308      0.24669    0.0532501     -0.30621    -0.145013    -0.611251     0.664498     0.694066    -0.400894    0.0446363    -0.125467    -0.443112      0.77048    -0.388318     0.226779    0.0111649     0.060837
    -1.03332     0.533182   -0.0406799     0.328284    -0.630286     0.132589    -0.254315    -0.337581   -0.0279962     0.385336     0.966859     0.588461      1.80109     0.162063     0.282942   -0.0213679   -0.0870162   0.00828388    -0.116188     0.169075     0.568173   -0.0777839    -0.205568     0.234311    -0.428899    -0.600085     0.555321     -1.43561    0.0183107     -1.44275    -0.683049     0.376876
    -1.22069     0.350217     0.401347   -0.0545552   -0.0507559    -0.157745     0.193177    -0.677035    -0.382374     0.753639    -0.138288    -0.766592      1.08379    0.0269564      0.11486     0.623829     0.338411     0.519852     0.508037   -0.0413697     0.712862    -0.102226     0.363837    -0.833086      -0.1309    -0.324136    -0.274803    -0.387346    -0.764206    -0.685461     -1.11467     0.579945
    0.302369    -0.575318      1.22765      0.46467     0.403336    -0.255387      1.38973    -0.270265      1.00597    0.0114529    -0.531187     0.323235    0.0527002      1.34521     0.128127     0.785468    -0.134114    -0.352328     0.244882    -0.665618    0.0879443     0.301577     0.132623     0.317803    -0.575342    -0.310778    0.0994456     0.468758      0.30985    -0.272199     0.757305    -0.358301
   0.0983185    -0.621115    -0.656826   -0.0345205     0.483927    -0.188799     0.530575     0.294342    -0.744331    -0.690543      0.37172     0.671045   -0.0530397   -0.0572351     0.230652    -0.277323     0.504945     0.365784   0.00418205   -0.0311561     0.981685     -1.11847   -0.0812497   -0.0139222    -0.900408    -0.493312      0.37758     -1.07499      1.10078     0.211348     -0.22026     0.700905
    0.339259      0.40477     0.563484     0.591927    -0.122756     0.301008    0.0716079    -0.105947    -0.581326   -0.0467399     0.191308   -0.0318844     0.642526    -0.724005     0.216045     0.283344    -0.221219     0.115147    -0.161109    0.0978339     0.462299    -0.130639    0.0352549     0.761443     0.396246     0.398067     -0.14701      0.61624  -0.00664765   -0.0665965     0.257154       0.2193
   -0.222429   -0.0749917    0.0626753   -0.0682435    -0.487007     0.745254   -0.0509097    -0.171757     0.511279     0.411693    -0.271124     -0.38431    -0.962814     0.439764    0.0945623    -0.261125     0.335322    -0.100182     0.187468    -0.446481     0.226697    0.0981525     0.049848    -0.329234     0.177308    -0.201752    -0.140352     0.578716    0.0441603     0.894076    -0.379366    -0.457247
   -0.239472     0.319368   -0.0529884    -0.193288    -0.131637     0.286444   0.00419443    -0.245064   -0.0580392     0.178734     0.235655   -0.0683206      -0.1181   0.00586812    -0.107649    -0.199314     0.359585   0.00441387   -0.0871607    -0.164926   0.00884067     0.121348     0.374593    0.0762374     0.113002    -0.130298    -0.016234    0.0327773   -0.0161208   -0.0625192     0.388602     0.106609
   -0.382808     0.384231      0.60709    -0.627375     0.213401     0.297332     0.398944    -0.750539     0.904413     0.298055    -0.232268    0.0164459     -1.09094   -0.0271069     0.170699     0.181424   -0.0179828    0.0754682     0.556878    -0.412187    -0.887419        0.397   -0.0656522     0.337293     0.534574     0.310069    -0.398659      1.47975    -0.621053      1.09241     0.755434    -0.835783
    0.170205      0.34385  -0.00804899    -0.615102    -0.184702    -0.227665    -0.284081     0.330127    -0.180741  -0.00745885    0.0701352    -0.112259    -0.349115   -0.0864426    -0.011216    -0.103459     0.100312     0.186197      0.31712    -0.101523    -0.445741   -0.0309184    -0.259274     0.400783    0.0914901    -0.230812     0.375453     0.524021    -0.528827     0.380584     0.913206     0.474168
    0.674267     0.260434    -0.215101    -0.767931     -1.20576     0.419953    -0.593896     0.246113     0.266044    -0.940343     0.818802      1.11104      1.60622     0.227887     -1.31728    -0.386282    -0.186788      1.26137     0.193644     -1.15083     0.485637    -0.936724    -0.257153    -0.749735     -1.09234    -0.123667     0.413924     -1.37519    0.0512575    -0.530432    0.0766107       0.6414
    -1.54858     0.709446      0.45425     -1.21232     0.849308    0.0764002    -0.432024     -0.53249    0.0594759     0.799488    -0.165007      0.62905     0.739226     0.381234     0.389555    -0.375268     0.230521     0.611028     0.163234     0.852518     0.975967    0.0906668      1.01617     0.243007     -1.19748    -0.321177    0.0488582     0.617628    -0.877656     0.220471    -0.324993     0.379778
   0.0515448    -0.427557    -0.218081    -0.609457     0.139913     0.420769      0.41206     0.406394    -0.415787    -0.219361    -0.338702     -0.50294    -0.692126    -0.043139    -0.055871     0.293818     0.243541      -0.3538     0.123784    -0.423906    0.0702238     0.410999    -0.417649    -0.587786     0.069882     0.148218    -0.380149     0.779031    -0.210076     0.703283     0.403258    -0.111354
    0.256787     0.288293    -0.119091     0.244463     0.265025     0.681102    -0.279062 -0.000908489  -0.00126139     -0.33886     0.400347    -0.867259     0.138668     0.217002   -0.0737124    -0.107291    -0.409237    0.0200704   0.00274017     0.356392    -0.460836     0.723092    -0.127213    -0.107279     0.103747   -0.0198923     0.213077     0.161782    -0.215189    -0.214845    -0.161433    -0.442755
   0.0348257    -0.317694     0.189114    0.0719051    0.0300756  -0.00107689   -0.0482564     0.211836    -0.197499     0.168425    -0.007244     0.417965    -0.660428   -0.0808554    0.0568186    -0.888263     0.377024    0.0669826    -0.150166     0.300366     0.185267   -0.0172651    -0.552476   -0.0731353     0.162886   -0.0403053   -0.0379382    -0.630752     0.263037    -0.317755     -0.97565    -0.012889
    0.443354       0.1971     0.407515     0.894854     -0.23598     0.471681   -0.0764989  -0.00182493   -0.0822431    0.0926294     0.587153     -1.03491     0.214163      0.28548    0.0377676    -0.192517     0.486614    -0.864261     -1.01441    -0.257758    -0.490436      1.34108    -0.324893  -0.00830995    -0.462611    -0.617163     0.486513    -0.480743     0.373116     0.584127    -0.872971     -1.04996
   -0.403639     0.482311    -0.308761    -0.200486    -0.196893    -0.402038    -0.225593     0.142445    0.0417401    -0.133502    -0.623113    -0.636506     -0.45849     0.147807    -0.887726     0.343221    0.0699845     0.538096    -0.112023      -0.1722    0.0657155     0.415489    -0.707944    0.0029267     0.391422     0.550023    -0.414093     0.703318     0.816693      0.33977     0.629076     0.336577
    0.181655    -0.438934     0.143019     0.817902   -0.0808263    -0.399935     0.675232    -0.432387    -0.217241     0.413885     0.578236     0.660222      1.35523   -0.0589473   -0.0748659    -0.305462     -0.64565     0.582509    -0.388415    0.0814062    -0.137775   -0.0647271   -0.0706524    -0.179291     -1.03244    -0.333223   -0.0273697    -0.580451      1.03352     -0.41067    -0.376066     0.235351
    0.892213     -1.52037    -0.356358     0.464572     -1.31316    -0.951175     0.292194    -0.269742    -0.906975     0.767887     0.891404     0.392365      1.50268      -1.1258   -0.0916593     -0.80109    -0.804501      1.07231    -0.526776    -0.451973     0.785253     -0.57572    0.0113892    -0.684881     0.139401     -1.10223    0.0718778    -0.887206     0.645479     -1.11739    -0.376676      1.55814
   -0.285401    -0.428576     0.647442   0.00566358     0.166036     0.207544     0.248126    -0.467019    0.0566497     0.149823    0.0450206   -0.0680972     -0.14908     0.100873     0.210129   -0.0872453     0.151098     0.380813     0.168195     0.130368     0.651047    0.0360058   0.00428456   0.00572378    -0.281913   -0.0554307     0.160615     0.147913    -0.100588   -0.0471959    0.0722832     0.179407
   -0.579661    0.0218536    0.0947514    -0.148007   -0.0468405     0.332197     0.151997   -0.0331628     0.419126    -0.112641   -0.0928018    -0.114267      1.49632     0.369209     0.350282     0.202085    -0.218882     0.269999     -0.45208   -0.0878818   -0.0870686     0.280671     0.317668     0.071926    -0.788665      0.22025    0.0707955    0.0766769    -0.131844    -0.183564     0.359143    0.0405814
  -0.0793873    -0.427084     0.151767    0.0312944     0.625038     0.102439     0.324125     0.108729    -0.156794   -0.0116999    -0.401632     0.325853     0.409381    -0.192641     0.182306    -0.395792    -0.412272   -0.0665767    0.0973479   -0.0357498    -0.801541    0.0191885    -0.203457      0.17967     -0.95344     0.196894      0.21226     0.585264    0.0962865    -0.100668     0.341263    -0.270475
    0.449765       0.1955    -0.128287    -0.174756    -0.234015    -0.392077     0.617433     0.180247    -0.064848    -0.584118     0.176663     0.328194     0.244829    -0.117053    0.0636476   -0.0330533    -0.297692    -0.468965     0.342263     0.163741     0.225502     0.554912     0.364204    0.0816988   -0.0615854    0.0970213     -1.04614     0.375119      0.14316    -0.370602     0.220569    0.0826188
    0.484631    -0.594508     0.496734     0.755408      -1.2264    0.0536453     0.901793   -0.0492031    -0.367342    -0.295617     0.281862    -0.187367      0.28515    -0.376482    -0.625475    0.0979558   -0.0574581     0.210593    -0.614927    -0.580518    -0.577467   0.00709224     0.445715   -0.0706925    -0.507166    0.0292938  -0.00880025    0.0843981      1.07902      0.32042     0.183011     0.454579
    0.194868    -0.549887     0.306353     0.190017     0.605273     0.626845     0.546541     0.179859     0.176173     0.206986    -0.571114    -0.462436    -0.027151     -0.46772     0.227233    -0.404184     -0.21684   -0.0519309    0.0898579     0.834641   -0.0688845     0.050878    -0.363287   -0.0747677    -0.549366    -0.120762    -0.230076     0.351259    0.0267715    -0.011168    0.0403501    -0.212815
    0.236595   -0.0458481    0.0835272     0.551332     0.380634    -0.562934     -1.00757    -0.407984     0.667589      1.22787      1.10206     0.247911       1.3035    -0.170149    -0.242228     0.451568   -0.0505335     0.584425    -0.491292    -0.356927    -0.668637     0.104809    -0.233517     -0.12551    -0.276622    -0.254549   -0.0221713     -1.59847    -0.198872     -1.14836    -0.647697     0.166138
   -0.262141    0.0322981    -0.165423   -0.0697397     0.241516     0.392127     0.163064     -0.23461     0.452992     0.333651    -0.148657     0.239882   -0.0555478   -0.0121689     0.169584    0.0360349    0.0917629    -0.219703     0.359946    -0.195465    -0.191965     -0.20558     0.095611     0.327075     0.154613    0.0847944    -0.163843     0.453504    -0.149921     0.054553     0.178681     -0.23634
   -0.112885     0.297252     0.342235    -0.250235      0.38713     0.323536    -0.276844    -0.112976     0.373587     0.145873   -0.0993269    -0.188625     -0.16457     0.529855     0.237606   0.00366196    -0.229683    -0.170984     0.168009     0.205196   -0.0686422     0.152848     0.291498     0.191635    0.0327158    -0.142754    -0.041912     0.288382     -0.40846      0.11773    -0.335219    0.0433238
   0.0774298     0.344753     0.657651    -0.427429     0.544644     0.633064     0.253936     0.496892     0.627694     -0.49388     0.272991   -0.0931169     -1.04837      0.26187    0.0150259     0.340176     0.544052    -0.943521     0.034891    -0.192099     0.543696     0.796844     0.156091    -0.652284    -0.161652    0.0397911     0.276952     0.461548     0.490094      0.54599     0.200683    0.0479548
   -0.517712    -0.727299    -0.367709     0.171789     0.812751      0.29735      0.84839    -0.116834     0.120512     -1.09108     0.477983     0.045268    -0.530413    -0.373274     0.130572    -0.572138    -0.322404     0.386819    -0.198475     0.449626    -0.139464     0.446524    -0.126799     -0.02671    0.0094538     -1.25165    0.0512164    -0.539263    -0.217663     0.473224     0.780574    -0.517801
    0.154953     0.666865    -0.134081     0.128346     0.298165    -0.716902    -0.778614     0.211542      0.84133    -0.211146    -0.432058    -0.525582    -0.055036    -0.052463     0.179833    0.0590805    -0.205968    -0.363945     0.271272   -0.0908941    -0.750254     0.678787    -0.211569     0.334031     0.189757     0.499453    0.0497528     0.300617    -0.399397   -0.0999694     0.309094  -0.00859483
   -0.230388    -0.381051   -0.0988105     0.404357     0.131289     0.369512    -0.433199     0.728294     0.084645     0.430678      1.28301    -0.347178     0.295818  -0.00814217    -0.278159   -0.0227695     0.338288    0.0988491    0.0627335    -0.331284    -0.780939     0.957054    -0.435506    -0.753472    -0.498111    -0.571119    0.0968391     -1.68337    -0.432969     0.227859   -0.0779146    -0.680728
    0.738167    -0.155117    -0.215855   -0.0224301    0.0509614    -0.226184    0.0658969     0.386604    -0.698772    -0.317303    -0.137788    -0.553351     0.649652    -0.249206     0.118486     0.488892    -0.304548    0.0745115    -0.396903    -0.391306    -0.374218     -0.12689    0.0051944    -0.271634    -0.574931    -0.124554     0.724754    -0.567305    -0.605918    -0.641384    -0.438659     0.553028
    0.203437     0.696913      1.04925    -0.253976     -0.78364    -0.225563    -0.120457    -0.200185    -0.562006     0.349011     0.179483    -0.747215    -0.762298     0.060278    -0.375417     0.196194     0.524585    -0.648669    -0.244664     -0.58394     0.372168    -0.277055     0.688265    -0.167483     0.549013    0.0496274    -0.175881     0.582061    0.0568794    -0.182667       -0.472    -0.590467
    0.481166      0.42711    -0.230179    -0.613772     0.116802     0.206679     0.451568     0.248286   -0.0964199    -0.375345    -0.720918    -0.435685     -1.94826     0.253659   -0.0182283     -0.49325     0.333268    -0.573804     0.624405     0.101653     0.568218    -0.490799    -0.191748     0.883881      1.19934     0.895648    -0.104329      1.58237    -0.510574     0.893353     0.771323     -0.97288
   -0.124888    -0.338521      1.19588       0.4235     0.521719    -0.412917     0.768739    -0.744035     0.163968     0.454532     0.342979     -0.56213       1.0776      1.28361     0.569936    0.0259203    0.0977141      0.44456    -0.012098     0.562873   0.00419355     0.729305      0.75086     0.640076   -0.0678128    -0.051513   0.00758629    -0.701141    -0.276572    -0.381918    -0.521032   -0.0164651
     -0.3131     0.246035     0.842817     0.108154    -0.166009    -0.410362     -0.22985     0.256594    -0.386125     0.109773     0.293429    -0.172635     0.786075     0.744692      0.44686     0.124444     0.235312    -0.467327     0.325692     0.310475     0.537212     0.169417     0.245513     0.205399    -0.428041   -0.0684502    -0.864315    -0.318461    -0.351372    -0.546019    -0.687589    0.0745402
   -0.129205    -0.209796    -0.260146     0.415849    -0.233918    -0.107015   -0.0427459    0.0756908     -0.42313   -0.0261093     0.406455    -0.104817   -0.0833431   -0.0728953    -0.315538    -0.219837    0.0104218    0.0304449    -0.494667     0.215001    -0.107486     0.335249    -0.273003      0.05935    -0.256906    -0.860412    0.0410556    0.0412935     0.142779    -0.187874   -0.0550213     0.441912
    0.270798     0.081817    -0.299684    -0.366447    -0.312832     0.212223    -0.083368     0.113181     0.117942      0.19729    0.0287418     0.197155   -0.0541792   -0.0419507    -0.240219   0.00417399    -0.296177     0.204306     0.220754     -0.60018     0.426807     0.131234     0.219532 -0.000149367    -0.447656    0.0704122    -0.438979     0.162577     0.162925    -0.149126     0.187056   -0.0266582
    -0.67652    -0.157215     0.504262    -0.349798     0.605956     0.588041     -0.32541     -0.53705   -0.0227437       1.0628    -0.866939   -0.0121615     -1.06471    -0.110329     0.108658     0.317801     0.655014    -0.180539     0.865978     0.438485     0.133102     0.718533     0.398424     0.749358     -0.15203     -0.10756    -0.415008     0.897842    -0.273829      0.66682     -1.21276    -0.483489
    0.695764     0.139217    0.0816881    -0.163028    -0.112652    -0.477897    -0.298518   -0.0421319    0.0622356     0.262742     0.273661     0.230288     0.967378   -0.0583574   -0.0967187     0.291962     -0.26924    -0.197972   -0.0438025    -0.139588    -0.224481    -0.160528     0.457948    0.0370247    0.0859691    -0.338133   -0.0504594    -0.339123    0.0671803     -0.49257    -0.239997    0.0835875
    0.769812    -0.244913    -0.159401   -0.0767708     0.863411     0.617321     0.681527     0.345251    0.0385653    -0.542069    -0.448631    -0.394466    -0.688436      0.26075     0.156181     0.613709     0.480069    -0.344685     0.614787     0.424543      1.61092   -0.0693084      0.43181    0.0945167      0.31215     0.125779    -0.161739     0.798606     -0.63214    0.0330143     0.753102    -0.553045
    0.765554    -0.541541    -0.536409     0.828192    -0.318142    -0.478477     0.534579     0.475036   -0.0231047    0.0193685     0.447341     0.422541     0.211659    -0.372578     -0.51021    -0.816447    -0.600232     0.172823     0.186568    -0.604894    -0.771877    -0.424025    0.0453093    -0.184087    -0.990571     0.228518    -0.372937    -0.608518     0.702772    -0.546158    -0.207457     0.820167
   -0.541685   -0.0885894    -0.498773    -0.133938     0.119299     0.409098     0.444148    -0.690964     0.102297    -0.269546    -0.528045     0.225038    -0.575072     0.805644     0.631117       0.4869     0.154774    -0.611398     0.289238   -0.0194009      1.31604    0.0935927     0.267697     0.259122   -0.0504698     0.433878    -0.172666     0.997334     0.294159 -0.000554432     0.429127    -0.408954
    0.507762    -0.834559     0.317557     0.554605    -0.614501    0.0148843    -0.211997   -0.0168904     0.226443     0.280424     0.863198     0.257503      1.52623     -0.46921    -0.719922     0.362789    -0.516047     0.996376    -0.813422    -0.651488      -1.3097    -0.238128    -0.126464     0.319145    -0.808959    -0.248782     0.322944     -1.36564     0.289396    -0.534279  -0.00857624     0.776917
   -0.977594     0.250244     0.118821    -0.443935       0.4228    0.0539513     -1.17532     0.131088     0.274679     0.048313    -0.569245    -0.365451     0.121108     0.604694     0.341286     -0.15497    -0.143094      0.10237     0.943645    -0.446832     -1.07392     0.037209     0.449314     0.843035    -0.427702    -0.480004    -0.008594     0.689452    -0.405293    -0.297318     0.304376     0.664664
    0.094624    -0.122149     0.489373    0.0652118    -0.541434     0.540995    0.0121042    -0.124887    0.0268121   -0.0361153    -0.360372    0.0015398    -0.637967     0.325456    -0.572992      0.30865     0.324468   -0.0763819    -0.294472     -0.21591    -0.269158    -0.138204     0.465722     -0.38768    -0.110254    -0.264844    -0.593128     0.326662     0.331908     0.581893    -0.736028    -0.796966
   -0.125588     -0.05146     0.174693     0.175924    -0.293444     0.152194    0.0652295    -0.599748     0.161602     0.132318     0.119484    0.0511215     0.474377    0.0108738     0.116063    -0.582123    -0.148359     0.563992    -0.207462     0.448598     0.261036    0.0550135   -0.0370411     0.176233     -0.12165    0.0377613     0.262962    0.0313885   -0.0425091      0.20242     0.216703    0.0840429
  -0.0435835     0.119606    0.0548596    0.0438512    0.0613436    0.0311719    0.0894914   -0.0956663   -0.0382652    0.0389086   -0.0522376    -0.153503    -0.252774     0.124263     0.231224    0.0834889    -0.234251    -0.271971    -0.140637    -0.329297     -0.62272     0.225837    0.0444543   -0.0509149     0.161806      0.39755  -0.00708873  -0.00395552    -0.302467    0.0118022     0.221804    -0.237807
   -0.484522     0.296932    -0.231093    -0.454184    0.0971291    -0.272948    0.0579599     0.310015    -0.146621     0.406607     -1.03586     0.121102     -1.54371     0.380264    -0.126307    0.0639298     0.882085     0.285485     0.114257      1.14475     -0.12926    -0.611709    -0.910174      0.87383     0.403222     0.309665     -0.56216     0.476384    0.0155469     0.237936    -0.406383    0.0643114
    0.179856     0.601717     0.577848     0.111477   0.00247919      0.56919    0.0877819     0.351232    -0.366144   -0.0260352     -0.22027   -0.0340374      -1.1492     0.109406     0.189292     0.675438     0.859278     -1.45027     0.108673  -0.00287949   0.00466676     0.952265    -0.503014     0.322487     0.474104    0.0870421    -0.291357     0.149347     0.097371    -0.314375     -1.20514     -1.68206
    0.595387     -0.23278    -0.214002    0.0772591    -0.158116    -0.194441     0.910136    -0.198003    -0.552745     0.605217    -0.426619    -0.422875    -0.974656   -0.0742083     0.300396     0.295919      0.16821    -0.135158     0.698785    -0.101711     0.265653    -0.193182     0.387179     -1.16045     0.943061    -0.583652    -0.411721     0.924199     0.508022     0.332254    0.0458224    -0.832884
    0.532519     -0.24709     0.654739     0.816349    -0.102685     0.567976     0.511395    -0.584926     -0.17619    -0.312242    -0.770618    -0.302765    -0.738802     0.529596    0.0773716      1.02156     0.460938    -0.641409    -0.554332     0.026333      1.53055    -0.702596    0.0901947     0.403842     0.512654     0.414339    -0.728779      1.48047     0.256519    -0.349896    -0.631356   -0.0404162
   -0.238885     0.535917   -0.0741943    -0.065717    0.0645456      0.22662      0.66446      0.55824    0.0268237    -0.454149   0.00563793     0.432358    -0.487311     0.118215    0.0795193   -0.0729741    -0.131105     0.266652   -0.0321947    -0.227077     0.689437    -0.360684  -0.00705685     0.161594    -0.584614     0.564172   -0.0409294    -0.261604    0.0883423     0.436273      0.39066    0.0396264
  -0.0108251      0.29177    -0.554401    -0.541437    -0.255496    -0.416429    -0.371438     0.164937     -0.49118     0.152261     0.347164     0.914179      1.08682    -0.426729   -0.0934944    0.0156688   -0.0320566      1.24928    -0.217662    -0.573662     -1.42287    -0.725236    -0.805603    -0.390916   -0.0733161     0.171889     0.665524    -0.833927    -0.526014    -0.357379     0.485987     0.970973
   -0.931938     0.121496     0.742149     0.109745     0.101403     0.628984     0.239097    -0.395147     0.165294     0.526955     0.259285    -0.274159      1.25867     0.396445    -0.263179    -0.195811    -0.192962     0.438444   -0.0633993     0.186678    -0.318979     0.384293     0.768932     0.714139    -0.515896    -0.155708      0.63076    -0.113447    -0.332007    -0.603398     0.228611     0.710822
   -0.092257     0.474125     0.225938    -0.362969    -0.114884   -0.0881197    0.0708741     0.115875   -0.0541261     0.436294    -0.498999     0.561069     0.229884    -0.170449   -0.0822105    -0.354445     -0.31738     0.788291     0.187244   -0.0676803    -0.665901     -1.27317    0.0477713     0.371691     0.188519      0.61083     0.139324     0.620674   -0.0298698    -0.251961     0.328959       1.0683
   -0.170853    0.0583968     0.221245    -0.258771      0.14329     0.603767     0.399307    -0.707647    -0.139048   -0.0597215     0.141494    0.0361621     0.487227     0.474142     0.246239    -0.366671     -0.22088     0.502853     -0.31776    0.0325604   -0.0947245     0.437539    0.0452399     0.563377    -0.324794    -0.033611     0.258288    -0.312439    -0.143125    -0.251114      0.35187   -0.0988857
    0.546634    -0.638059   -0.0760234     0.191677    -0.677071     0.107013     0.571618     0.500756   -0.0750255    -0.510955     0.433699     0.228961    -0.332414    -0.456992    -0.279868    -0.319227    0.0633007     0.132235    -0.288143    -0.321361      1.18865    -0.040604    -0.300746     0.259964    -0.267509     0.568384     0.429998    -0.322337     0.270008    -0.531973     0.241108     0.210169
   0.0800616    -0.754414     0.721959     0.621223   -0.0110782    0.0488657   -0.0892187    -0.636924     0.018317     0.104023     0.568608     0.626954      2.22399    -0.528606    -0.175607     0.124689    0.0462458     0.651839    -0.238825     0.561311     0.156189    -0.574566    0.0610751     0.427441    -0.742515     0.136117     0.897909     -1.40024     0.508035     -1.32452      0.59376     0.678585
   -0.592728     0.696898   -0.0248078    -0.332497       1.2267      0.25554    -0.291715     -0.04001   0.00683054     -0.57386    -0.646559    -0.432024     -1.80094  -0.00316684     0.212402    -0.418281     0.505851    -0.521559      0.85403   -0.0375191     0.500841     -0.43914    -0.305336    -0.245769     0.783855    0.0813015    -0.188164      1.08713    -0.229465     0.905431     0.648787    -0.702697
    0.788807    -0.104376     0.281913    -0.091601     0.474902     0.264993    -0.203425     0.587228     -0.39939    -0.465972     -0.24239    -0.141663    -0.171967    -0.427121    -0.236287    0.0854506    -0.261453     0.069755    -0.309672    0.0980174     -0.61194    -0.115583     0.497449    -0.846623   -0.0187139     0.291475   -0.0146678     0.338802    0.0306209    -0.565213     0.140159     0.416737
  -0.0766755     0.604935   -0.0963149    -0.698801     0.729237     0.959531     -0.43816     0.607943      1.06262    -0.983422    -0.981937     -0.34349    0.0913579     0.302236     0.361941     0.444411    -0.134318    -0.635737     0.191811     0.289132    -0.859438     0.418127     -0.53311     0.112829    -0.184755      0.88484     0.765848     0.462319    -0.685378     0.634556       1.5447    -0.238846
   -0.957742    -0.695388     -0.31488      0.35558    -0.367767     -1.72472     0.238351     0.088161      0.58687     0.990153    -0.747113     0.530303    -0.392474    -0.874991     0.193157    -0.560091    -0.229817     0.543324    -0.715823     0.261962   -0.0802612   0.00105047    -0.167031    -0.463929     0.430508     0.688486     0.336492     0.744822    -0.504443     0.148065     0.645929    0.0984518
    0.228781    0.0238314     0.352429      0.32693     0.354657     0.121903      0.22631    -0.216351     0.213302    -0.623411   -0.0722953     0.161289     0.404793     0.156359    -0.228402   -0.0654299    -0.332331    0.0588368    -0.338723     0.302819   0.00598806    0.0176358     0.308797     0.800858     0.363284     0.054772    0.0387235    -0.107885     0.356435     0.499816     0.266167   -0.0579622
  -0.0321731    -0.469655    -0.370604    0.0641047     0.332427    -0.351009    0.0971803    -0.308722      0.14496    -0.746496     0.474555   -0.0402775     0.299313      0.63211    -0.138488     0.780274     0.108389     0.271799       0.2041   -0.0576582     0.582224     0.148976     0.347838    -0.305462     0.304811    -0.482475    0.0281649     -1.00783    -0.377118    -0.710807    -0.532213     0.316566
   -0.321154  -0.00670638     0.568506     0.539402    -0.633855    -0.196459     0.594319     0.207297    -0.172646     0.338466   -0.0276142     0.117225    -0.367473    0.0260097    0.0107533     0.190591     0.539446     0.774185     0.435457    -0.197072    0.0324226    -0.559477     0.470092   -0.0288284    -0.212142     -0.44787    -0.381103    -0.234308    -0.217982    -0.415483     -1.28444     0.961229
    0.060522    0.0600857     0.441934   0.00474649     0.046665    0.0728264     0.233798    0.0026742    0.0136994     0.170788     -0.10636    0.0278126    -0.370976    0.0897288     0.188652    -0.130856    -0.199271     -0.29889   -0.0681422     0.290203     0.365176    -0.212384    0.0672944   -0.0711395     0.251192    -0.180071   -0.0301594     0.473313   -0.0617845     0.308818    -0.139111    -0.199249
     0.23943     0.164558     0.388165      0.34757     0.087572     -1.03868     0.990524    -0.142859      0.11555      1.16799     0.436098     0.632762    -0.752912    0.0239191   -0.0434214     0.293636     0.690698    -0.118657    -0.112425     0.209295     0.426716    -0.481515    -0.457022    -0.184316     0.766714     0.186072    -0.317406     0.445851    0.0869782    -0.178653    -0.686936    -0.344378
    0.338311    -0.444726    0.0897203   -0.0721205     0.616276     0.146715     0.226658    -0.736273    -0.211203    0.0621382   -0.0724132     -1.36825    -0.997039    -0.321775     0.278394     0.272719    0.0776835    -0.526302     0.106233     0.253461     0.164514      1.41299     0.309367     0.119211     0.634759    -0.632223    -0.014013     0.505592     0.533599     0.718728    -0.144346     -0.28313
    0.414306    -0.415366    -0.655848    -0.403288     -0.17222    -0.127551     0.206225     0.205097     -0.32562    -0.377058    -0.349813     0.142978    -0.627201    -0.188866    -0.260005   -0.0041477    -0.283832    -0.159197     0.434836   -0.0308197     0.644653    -0.237332     0.229121     0.287516    -0.106707     0.767372    0.0523476       0.4124     0.813018     0.193845     0.955118     0.418834
   -0.206193     0.221025     0.151231     0.119967     0.246823     0.600681       0.1273    -0.223048   -0.0282087    -0.487715    -0.575871    -0.522672     -0.11905   -0.0850961      0.33725    -0.208624     0.378575    -0.231868    0.0951766     -0.32477   -0.0197843     0.375715   -0.0474264    0.0206358     0.426106     0.371836   -0.0752911     0.958706     -1.10051     0.492874     0.882752     0.601113
   -0.568471     0.509628     0.231349     0.206919     0.208995     0.234538    -0.127154    -0.246867    -0.494375     0.367564      1.12765    -0.332995      1.38069   -0.0468293   -0.0676404     0.189911     0.205098     0.372306     0.315297     0.264067     0.482342    -0.473328    -0.499539     0.259231    -0.132272    0.0641604 -0.000669745    -0.615455    -0.758584     -1.18477     -1.09624      0.59406
  -0.0918035    0.0537905    -0.220594    0.0383073    -0.526597     0.128778    -0.156878     0.397749     0.186149   -0.0898409   -0.0487828     0.502711    -0.461059    -0.740655    -0.715737    -0.362395     0.200273     0.273719     -0.57067     0.266667    -0.539609    -0.781008    -0.532063    -0.488608     0.385358     0.308467    -0.106655     -0.40515    0.0263242    -0.233171     0.697417     0.393689
    0.124911     0.868688     0.881449    -0.741849     0.669664     0.128185    -0.637707    -0.435951     0.311948    0.0538517    -0.417738     0.218335    -0.304139      0.90879    -0.186905     0.067267    -0.312869     0.438774    -0.299871     0.431534     0.246564     -1.33959   -0.0270032     0.237435     0.352594      0.30482     0.426679      0.62155    -0.200175    -0.255653     0.526902   -0.0365731
 -0.00184735    0.0702199     0.349485      0.10947   -0.0665271      0.15985   0.00214939    -0.146913    -0.319128     0.434204    -0.128636    -0.266125     -1.38677     0.536233    -0.288162     0.168096      0.55433     -0.94891     0.035072   -0.0391113  -0.00529188      0.37258     0.945401      0.24089      1.06165     0.347793    -0.663356     0.555534     0.043477     0.617556     0.409391    -0.949269
     1.65133     -1.56007     -1.84895     0.493264     0.350193     0.326099    -0.366524     0.646246     0.139133    -0.425906      -0.1555    -0.715323     -1.16421    -0.130616    0.0315457   -0.0880063     0.579858    -0.211156     0.261334    -0.226211    -0.418815     0.746495     0.272458    -0.540107    0.0520425     0.823755    -0.244455     0.942968    -0.646082      1.17608       1.1083    -0.877527
