   -0.631731     0.787003      1.80481     0.711475   -0.0308841     0.853859    -0.452352     0.278241      2.01025    0.0167865     0.484873     0.373076     -0.15009      1.82123     0.256407   -0.0161512    -0.331373     0.711447     -1.81755     0.881831     0.472206    -0.602873     0.730838     0.886119     0.666166     0.167864     0.257587    -0.036358      0.55213      1.50506      0.81365     0.302784
   -0.323249    -0.470042    -0.688739    -0.369163     0.211934   -0.0202732     0.382328     0.737805   0.00784191     0.670108     0.816298    -0.783229    -0.184105     0.854613     0.227744     0.395824    -0.269223     -1.13857     0.532223     0.679282   -0.0645729   0.00361535    -0.154385    -0.363166    -0.533515      0.38586    0.0931202    -0.745022   -0.0885197    -0.273648     0.303473   -0.0458638
   -0.635814      0.53745     0.204166     0.565652    -0.210773      1.20056    -0.428545     0.121934     0.463707     0.248202      1.07004    -0.810252     0.633801     0.295808     0.479085    -0.246275    -0.310025    -0.387941     -0.42786     0.403611     0.212684    -0.358759     0.811278    -0.409989    -0.429128    -0.145757    -0.496228     0.566217     0.506549     -1.08478    -0.616896     0.054127
    0.165016   -0.0209416    -0.309557    -0.394274    -0.430971      1.43784     0.318412     0.960979    0.0270439     0.190627     0.113925    -0.820334    0.0751093     0.516042     0.838872   -0.0100069    -0.150602    0.0204892    -0.704245   -0.0725488      2.03292    -0.249834    -0.365965    -0.135817     0.258752     0.121389      1.10356    -0.245057     0.422185      -0.1254     0.640483    -0.403462
    0.919626    -0.134494    -0.323928   -0.0867181    -0.693339    -0.112033     0.404554    0.0868333      0.33459     0.186673    -0.611717    -0.377732    -0.980508      0.55932    -0.154065   -0.0396967    -0.442245     0.494881    -0.302286     0.113543    -0.212608     0.305929    -0.131313     0.452632     -1.36015    -0.646254    -0.137555     -0.26622    -0.537717     0.263894    0.0264242    -0.926731
  -0.0703334     0.401471     0.270032   -0.0673941     0.314547    -0.194683   -0.0533532     0.914049     0.707041    -0.142961      1.10666    -0.289022     0.460973     0.129539     0.704561     0.254078     0.527496     0.076707     0.674262      0.30139    -0.270108      0.36391   0.00607366    0.0962142     0.345638    -0.307887     0.477157    -0.317041       -0.687     0.511569    -0.006076     0.202993
    -0.33801     0.185824     0.099406   -0.0248651    0.0396669     0.537298     0.202357     0.101641    0.0466733     0.218912   -0.0991829    -0.287526     0.648645   -0.0830457     -0.21603    0.0487788    -0.531259    -0.386445    -0.238694     0.426031    0.0479685    -0.302333   -0.0905643     -0.20456    -0.440312    -0.538453    -0.288645     0.377701     0.257179     0.268394    -0.253673   -0.0780257
   0.0729028    -0.289772    -0.489554     0.287213    0.0360228     0.203672    -0.208555    0.0423118      1.22775    -0.391901    -0.270741     0.483538    -0.233036    -0.400824     -0.40119     0.090016    -0.294216    -0.226719     0.772286    0.0293002    -0.584108    -0.476941     0.327063      0.66515     0.685853     0.611376   -0.0432882    -0.039862    -0.718084      1.06712      1.12206     0.196272
   -0.309383     0.108627    -0.283098     0.434323    -0.266697    -0.159327     0.228818     0.156767    0.0654569   -0.0868617    -0.337406    -0.262417   -0.0221983   -0.0698086    -0.225557     0.257512    -0.275265    0.0752619    0.0508625    -0.419159    -0.294376     0.226817     0.369363    -0.548073     0.231042    -0.461199    -0.382957    -0.765683     0.040188    0.0684154    -0.052634    -0.706545
     0.20374     0.168632     0.196014     0.480579    -0.134432     0.332204    -0.273991     0.600692   -0.0875771    0.0581065    -0.364511     0.103205   -0.0643861    0.0498649    -0.430058    -0.408641   -0.0395463    -0.486834     0.287819    -0.459303   -0.0420668    -0.470533   0.00108543     0.206959   -0.0158098   -0.0590404     -0.30131    0.0513204   -0.0283435   -0.0768542     0.310989    -0.341315
  0.00457928    -0.463243      0.45696     0.552801     0.657337      0.22799     0.300396     0.450401    -0.567155    -0.327546    -0.168531     0.257057    -0.771475    0.0494243     0.657766     0.115299      -0.1677     0.787824    -0.501615   -0.0470369    -0.377068    -0.409006    -0.734728    -0.140901   0.00546869    -0.243359   -0.0842254    0.0556435     0.409524     0.431572     0.423328    -0.350371
    0.163918    -0.107478     0.114756    -0.117335    -0.570931     0.268507    -0.680163   -0.0155412     0.153784     0.179085    -0.131297     0.712562     0.015538    -0.414995     -0.64623    -0.370207    -0.188351    -0.735454   -0.0694095     0.467944     -0.48551     0.661718    -0.214549    -0.334851   -0.0466826     0.268352    -0.225275     0.241573    -0.271333     0.721833     0.427488     0.554352
    0.194556     0.377432    -0.799034     0.356986    -0.142534     -0.18833     0.215634     0.665123     0.208913   0.00546073    -0.276718    -0.395535    -0.608729    0.0768222    -0.297726    -0.389711     0.399178      0.38419     0.611529     0.110223     0.495244    0.0712866    -0.167199     0.144938   -0.0681864    -0.136498      0.10159     0.330368     0.434931    -0.169045    -0.141814     0.574508
   -0.142209    -0.209195    -0.140642    0.0334341     0.463838    -0.848023    -0.222541    -0.191311    -0.284961     0.331775     0.101113     0.243116     0.516989    -0.651445    -0.513475     0.599535    -0.281251    0.0295906     0.520057      0.12002    0.0519444    -0.132723    0.0810428    0.0480372   -0.0271102   -0.0231221     0.732881     0.266743   -0.0896484     0.136544     0.402901    0.0472366
 -0.00497899   -0.0233544     0.205863      0.47819     0.204453      1.02661     0.531832    0.0706108     0.178042    -0.775018    -0.483023     0.300123    -0.294447    -0.123449    -0.249802     0.420969    -0.182171     0.358847     0.415532    -0.174783     0.738361    0.0314096     0.200337     -0.12863       0.8146     0.261748     0.669132     0.415566      -0.1398     0.225949    0.0685963    -0.162708
    0.733064       0.1475     0.158956    -0.351433    -0.548433    -0.517163    -0.321943    0.0854685     0.114645    -0.695127     0.938209     0.397539     0.209818    -0.433342     0.271487    0.0754305    0.0635358     0.344714     0.332901   -0.0735284     0.184568    -0.454478    -0.370342     0.346125    -0.239172    -0.441207    -0.209464    -0.127871   -0.0986534     0.898775     0.037086    -0.164324
    0.500245    -0.190171     0.651569    0.0969208    0.0915933    -0.595163     0.550687     0.308005    0.0161862   -0.0167618     0.559252    -0.118699    0.0119668    0.0561978    -0.240118    0.0477535    -0.651425   -0.0538389     0.923174     0.582427    0.0828278     0.273635     0.132739     -0.40172   -0.0684094    0.0721429    -0.542052    0.0560666     0.206341     0.823897      0.64676    -0.234049
   -0.582164     0.107787     0.062684     0.161851     0.240814     0.258796    -0.349375     0.145644     0.381603   -0.0837579   -0.0493163      -0.2555   -0.0725593     0.297678    -0.282549     0.225087   -0.0902172     0.205479     0.323169  -0.00914509    0.0260105    -0.450136    -0.215442    -0.484367    0.0273323    -0.309209    -0.568377    0.0144498   -0.0700231      0.51622     0.190854    -0.934836
    0.164548      0.27446    0.0306614     0.352933     0.134538    0.0861945     0.186174     0.442467     0.247859     0.270331    -0.153055    -0.351889    -0.250494     0.129952    -0.380251    -0.102104    -0.475599    0.0087672     0.773512    -0.248292     0.191668    0.0476271     0.571652     0.241163      0.15193    -0.287637     0.614987    0.0236424     0.526771     0.267044   -0.0185185    0.0588167
   -0.191856    -0.235806    -0.331649     0.246146    -0.124219     0.919487     -1.23437    -0.147709    0.0668311     0.139457      0.90872    -0.373696   -0.0806776    -0.378962    -0.166508     0.807965   -0.0482509     -0.90547    -0.470888    -0.143986    -0.381822    -0.124701    -0.759868    -0.191055    -0.318236    -0.246607     0.255243     0.606563     0.714377     0.532362   -0.0999259    -0.119809
    0.624927    -0.167047    -0.656556     0.987425      0.22286    -0.148601    -0.372903      1.48876       1.4309     0.711903    -0.165481    -0.245923    -0.726972     0.261502     -1.00508    0.0826736    -0.373393     0.145762    -0.141834     0.234841     0.303749     -0.14057      1.20416     0.106193    -0.461542    -0.618735    0.0569177    -0.475072    -0.779011     0.720241   -0.0795475    -0.633068
   -0.206466    -0.201101     0.104233     0.292459     0.539703     0.199712    -0.459628     0.664849   0.00174053    0.0462825    -0.672023    0.0330692    -0.534969    -0.203954     0.132267     0.323832    -0.512005     0.321986     0.243474     0.082558   -0.0973429     0.372277    -0.366346    -0.521548      -0.1971    -0.337823     0.467227    -0.375219   -0.0772453    -0.557278     0.463326    -0.856188
   0.0801496   -0.0857272     -0.18252      0.19869    -0.361634    0.0232503    -0.025637    -0.541831    -0.906908     0.449886    0.0988741    -0.598703    -0.234688    -0.134329    0.0571856     0.404724   -0.0495388      0.32294    0.0495737    0.0415566     0.250486    -0.141147      0.17416     0.218748      0.15024    -0.424448    0.0184008    -0.304525     -0.16673    -0.638284    -0.825469    -0.152342
     0.33053     0.770771     0.289397     0.720587    -0.838032    -0.700229    0.0828461     0.133128     0.130281    -0.684707     0.195607    0.0666876    -0.131279     0.324939      0.10403    -0.686149    -0.631747    -0.472336     0.324138    0.0418178   -0.0761432    -0.420729    -0.546332    -0.125606    -0.498031    -0.424967    -0.325487     0.304972     0.650593     0.582384    -0.327043    -0.290237
   -0.587594      0.85376    -0.599379    0.0602299     0.209072    -0.464206     0.775873    -0.781388    -0.406664    -0.148117     0.563377    -0.275533   -0.0436389     0.166285    0.0555259    -0.861407     0.433028    -0.101764     0.262828     0.512977     0.826556     0.303233    -0.119368     0.612816      0.57129    -0.113287     0.208851    0.0975709     0.203957     0.484104    -0.486151     0.401489
    0.544116     0.101452    0.0561139      0.75263    -0.576732     0.889557    -0.285011      1.05504     0.604758     0.467451     0.112695   -0.0162398   -0.0034864    -0.125139    -0.488435    -0.271144    -0.368551    -0.193855     -1.43014     0.301167     0.240545     0.220915     0.942545    -0.575696    -0.302179     0.686951     0.208058     -1.01557     0.890722     0.424899     0.520735     -1.35719
   -0.271084    0.0527128    -0.296992   -0.0498252    -0.473456    -0.589191      1.32771     0.807269     0.547687     0.250163     -1.15557      1.51502     0.261566      0.58861     0.675017     -1.44235     -1.48132    -0.337765     0.127578       0.7544     0.551707     0.196262     -1.48486    -0.615454    0.0857503      0.07414     -1.00158    -0.766177    -0.857611     0.833948      1.14679     0.184031
   -0.221159    -0.458675    -0.785819      0.11239    -0.910436        0.398    -0.249403    -0.153972     0.527081     0.463727    -0.360064     0.366938   -0.0846461     0.322005    0.0849741    -0.165517    -0.371372    -0.245293    -0.214008    -0.175807    -0.719356    -0.234121     0.249192    0.0102309    -0.344577    -0.170434    -0.195288    -0.276037    -0.429771       0.7894     0.144119    -0.685394
    0.454906    -0.230445     0.132164    0.0509373     -0.08283      0.47938    -0.166544     -0.45519    -0.216045    -0.154902    -0.351988   -0.0757656   -0.0682324    -0.533281       0.6335    -0.240862   -0.0843969     0.757187    -0.738954    -0.422157     0.246245   0.00899012     0.256498     0.832319     0.319726    -0.317555     0.779183   -0.0609261     0.140665    -0.138393     0.236433    -0.705551
   -0.857073     0.848154    -0.351068   -0.0761086     0.681148    -0.482785     0.129965     -1.23536    -0.818368     0.517647      1.01932      0.11465     0.759457     0.340526     0.116836     -0.10824      0.59361   -0.0478555     0.392035      1.56028    0.0300473   -0.0451848    -0.291578     0.515563     0.167914     0.134956    0.0800745     -0.41458   -0.0897339     0.787254     -1.52941      0.86462
     0.25153    0.0430372     0.122319   -0.0817651   -0.0376293     0.256568    -0.438008     -0.23273   -0.0825967    -0.205298     0.275386    -0.128143   -0.0946319    0.0299823     0.137219    -0.645324    -0.717559   -0.0403092    0.0210631    -0.420478    0.0301689    -0.495144     0.169563    -0.259935     0.416066    -0.161363     0.597147     -0.15881    -0.352322    0.0102252   -0.0453011    -0.290191
    0.907997    0.0149709     0.445877     0.685167     -0.17637    -0.683491    -0.357318   -0.0480684    -0.324887    -0.760495    -0.991431     0.361837     0.249297    0.0333916     -0.82202    -0.863528    -0.118993     0.029367    -0.113226    -0.244962   -0.0771538     0.216144    -0.307825     0.377333     0.136099     -0.19996     0.139948    -0.345645    -0.347955     0.666923     0.452066   -0.0427025
   -0.110593    0.0167918     0.341975    0.0690823    -0.792191     0.488044     0.176408    -0.696884     -0.33044    -0.178338        -0.31    0.0205277     0.251511    -0.919545     0.184275    -0.419558    -0.276354     -1.16237    -0.100925      0.32285    -0.178486      0.41611    -0.383905     -1.02598     -0.70938   -0.0303386     0.334795     0.400288     0.262418   -0.0162011    -0.185251   -0.0198091
   -0.335849    -0.395379    -0.153582   -0.0626262    -0.301074    -0.863987   -0.0785119  -0.00551212     0.181412    -0.456195     0.740747    -0.126156    -0.443541     -0.26635     0.408077    -0.306476    -0.943884   -0.0258649   -0.0784283      1.26092    0.0174422   -0.0470686   -0.0281432    -0.753491    -0.544339     0.834966    0.0151925    -0.309725     -1.00816     0.128438    -0.269795    -0.447299
     0.26924    -0.413399     0.107692    -0.239487     0.309493     0.600032     0.110473    0.0604045    -0.171237    -0.351693    -0.317432    -0.390904   -0.0961843     -0.37251     0.524505    -0.592052    0.0830686   0.00272683     -0.74317     0.231484     0.575142     0.140204    0.0379081    0.0339684    -0.319018     0.592447     0.162799    -0.115312     0.437132     -0.16217    -0.194492    -0.314999
   -0.739815   -0.0149773     0.165037     0.555694    -0.363369     0.355604     0.349061    -0.413058   -0.0192453    -0.159286    -0.646731  -0.00389989     0.909551   -0.0822292    -0.369254     0.382249     0.228855    -0.432761     -0.52631     0.169966    -0.680743    -0.640335     0.523466    -0.202814    0.0246235    -0.108813     0.576756    -0.551316    -0.621173      0.74031   -0.0644137     0.313148
   -0.274524    -0.229292    -0.862605    -0.709077     -0.56009     0.305206    -0.922847    -0.807931    -0.574331    -0.731311     -1.36522    -0.486216      0.30333  -0.00538243    0.0422827     0.524308    -0.808845     -0.95484    -0.268441     0.890797      1.46491     0.724693    -0.189775    -0.235256    -0.120771      0.96765     0.665048    -0.400538     0.828701     0.850365    -0.129303      -1.4353
   -0.472472    -0.379479   -0.0596558     0.276139    0.0358699     0.107292    -0.395141   -0.0511097      0.64807     0.115028     0.325344    -0.156609     0.083378    -0.138805    -0.307042     0.598287     -0.40787     0.475637    -0.213158     0.572851    -0.612958   -0.0745525     0.554299     0.616462    -0.610754    -0.469269     -0.78991    -0.292974    -0.971485     0.743675    -0.277011    -0.363543
    0.290163   0.00390247   -0.0256345      1.09844    0.0718877    0.0844511     0.111604     0.547692    -0.264215    -0.193983    -0.948523     0.171575    -0.359538    -0.318239   -0.0761178    -0.821309    0.0730639     0.149348     0.332246     0.509728    -0.190778     0.556665    -0.221957     -0.56388    -0.239958    0.0276643   -0.0434334     0.388952      0.11627    -0.345891     0.228511    -0.458971
    0.384831     0.380189     0.557228     0.495676     0.841282     0.638742    -0.179816    0.0758057    -0.478782     0.706065    0.0441529    -0.130902    -0.310687     0.424388    0.0510027    -0.278359    -0.248158     -0.13608    -0.900806     0.479067    0.0939974    -0.572878    -0.294823     0.176896     0.417794   -0.0609011     0.492649     0.424717     0.347472    -0.567802     0.434749     0.400388
    0.636616     0.193009    -0.404936   -0.0578534    -0.588271     0.355209    -0.380384    -0.119661    -0.143948     0.358367   -0.0601373    -0.161554    -0.367497     0.198675    -0.510653     0.330163    -0.171151     0.056698     0.134018    -0.389991    -0.807084     0.267411     0.299518    0.0601485    -0.292681   0.00106212    -0.616206    -0.242945     0.112775     0.918179     -0.24188    -0.530692
    0.261474    0.0982176     0.595032    -0.128847    -0.199334     0.467156   -0.0401737    -0.212185     0.282154     0.215721     0.560793    -0.174383  -0.00840147     0.229987     0.155087    -0.262483   -0.0871072    -0.220461   -0.0691781    -0.264284   -0.0482944    0.0323194    -0.688979     0.445344     0.445843    0.0822896   -0.0711468     0.102605    -0.351503     0.393174     0.444079    -0.387913
   -0.222248    -0.156063      0.19218     0.110196   -0.0280561    -0.251503   -0.0041843     0.925873     0.771879     0.160215    -0.227222     0.457385     0.753435   -0.0711093    -0.333186    -0.282749     -1.48289    -0.282499   -0.0364069     0.642139     -0.20146    -0.245433    -0.290192     0.255436    0.0230636     0.657403    0.0749685    -0.497183   -0.0765994     0.478185     0.326454     0.309429
    -0.37299    0.0335197    -0.401963     0.335933    -0.445759    -0.185031     0.373594     0.613726      1.12115   -0.0416049     0.250087    -0.430764   -0.0687829     0.396472     0.119476    -0.142941    -0.482842   -0.0824197     0.499305     0.535051    -0.420405    0.0637939   -0.0400419    -0.171371    -0.135655     0.595601   0.00354135      0.46962    -0.343638   -0.0921075   -0.0184082    0.0992079
    0.708849    -0.285752     0.205467      0.65406      1.00334     0.199429    -0.835924      1.11724    -0.286694    0.0998042    -0.275761    -0.262852     0.284993    -0.270053  -0.00449394    -0.151734    -0.345163    -0.598559    0.0469998    -0.337451     0.401423     0.221608    -0.231287     0.002137    -0.386781    -0.280785    -0.444169   -0.0108238     0.912345    -0.174315       0.5102    -0.463002
    0.589632     0.240045     0.350178      0.72134    -0.662114     0.080754     0.103752     0.172625     0.330265     0.470559    -0.490653    0.0222415     0.127725    -0.519759    0.0311938    -0.120146    -0.201664    -0.684858    -0.782968     0.191686     0.201294    0.0445976     0.809562     0.117638     0.259014    -0.149622    -0.482746     0.323738    -0.206957     0.793476     0.742159    0.0785046
    0.492315   -0.0662312   -0.0641868     0.418433   -0.0933891    -0.300854    0.0329829    -0.151014    -0.150984     0.211416    -0.144157     0.296025    0.0124133    0.0834964    -0.510725    -0.759502    0.0338165    0.0652147     0.440027     0.359236    -0.101319     0.426692    -0.660777    -0.270892    -0.378634    -0.181067    -0.570658     0.690597    -0.517929      0.51266     0.180065     0.297547
    0.496677    -0.278422     0.657403      1.08186    -0.742316    -0.021289    -0.276309      0.50671     0.580089    -0.859424     -1.09384    -0.224664    -0.168564    -0.763114   -0.0653722       0.1832     -1.05333   -0.0239416    -0.303488    -0.984164     0.213905     0.426213    -0.432366    -0.312365     -0.26043    -0.697077     0.118596     -0.16079     -0.10559     -0.40619     0.662163     0.289835
    0.266645    0.0206801   0.00711478    -0.582384     0.294286      1.02087    -0.150444    -0.327357    0.0753748    0.0445552     0.179081     0.111139  -0.00617922     -1.05356    -0.507124    0.0192395     0.120754    -0.287079    -0.194929     0.273648     0.472896     0.324102     -0.24524    0.0462695     0.482153     -0.64632    -0.175667     0.430362   -0.0882375    -0.403029     0.328538   -0.0605959
    0.217325    -0.786207    -0.197398     0.415738    -0.508414     -0.48387    -0.252191    -0.130312   -0.0857307     0.177333      0.37233     0.516917    -0.149237    -0.867513   -0.0406886    -0.351911     -0.75858    -0.295406   -0.0043563    -0.213894     0.826789       0.1731     0.297747    -0.773511     0.253443    -0.368674     0.311866    -0.223478   -0.0386062     0.369753     0.739961     0.440754
    0.783877    -0.123721    0.0538226     0.060357     0.429347     0.336576       0.2396   -0.0734415     -0.18454    -0.531047      0.83196    -0.231483    -0.147967     -0.15899     0.413383    0.0864779     0.273791      1.03998      0.23218     0.277475     0.914196     0.128735     0.306105    -0.214566   -0.0598544  -0.00750105      0.36444     0.324374     -0.12457     0.292238     0.224132     0.513688
    0.297104    -0.263714     0.401848      1.05307    -0.492931   -0.0678528    -0.752128      1.07763   -0.0528791     0.152792     0.742247      0.37527      -1.0507    0.0491908     0.378559     0.123458     0.273588    -0.128615      1.14318    -0.249593     -1.02493      0.43495     -0.16982    -0.141615    -0.721731    -0.263349   -0.0264121    -0.748768     0.370924     -0.27939     0.178797    -0.160867
   -0.662072    -0.837085    -0.073513     0.612839    -0.719753    -0.152009     0.298919     0.505536     0.301944    0.0739351    0.0725791     0.431162      0.34075    -0.468981    -0.168179     -0.35073     -0.73266     0.174801     0.346822    0.0980331    -0.427559    -0.406556     -0.85474     0.392187     0.375958   -0.0168094      0.85964    -0.751046    -0.241354     0.541953     0.276452   -0.0634931
    0.430062    -0.425342    0.0381592     0.830408    -0.109473    0.0392936     0.609179     0.309991     0.630228     0.277567     0.318199     0.871006      0.77506     0.089441     0.194562    -0.167221     0.332783    0.0568257     0.147647    -0.444172     0.266448    -0.368257    -0.519376    -0.443552   0.00416278     0.137151    0.0956821    -0.494801     0.090148   -0.0213371     0.678189    -0.778273
    0.330928   -0.0909333     0.542907    -0.120759     -0.60904    0.0704676    -0.407126     0.309175     0.736961    -0.193827   -0.0188336    -0.146843    0.0194619     0.133795     -0.19815     0.119757     0.297829    -0.423239    -0.643751     0.627736    0.0377942    -0.345956    -0.527705    0.0429101     0.415452   -0.0193369    -0.493491    -0.257575    -0.166354    -0.256244     0.251216       0.2058
  -0.0900106    -0.378824     0.316702      0.25415    -0.290777  -0.00753209    -0.239871    -0.454164    -0.542337    -0.538074    -0.353173    -0.489839     0.113832    -0.930965    0.0362296    -0.819992   -0.0558541     0.372394    -0.222927     0.346584     -0.26178     0.527631    -0.355066    -0.593559      0.14128   -0.0501051    -0.684687    -0.288392     0.129148     0.434372    0.0748317    -0.336487
    0.227668     -1.18674    0.0479261     0.659459    -0.290353     0.117743     0.986561     0.427871    0.0430053   0.00657116    -0.473116    -0.396086    0.0939144     0.896585     -0.83059     0.846628    -0.549466    -0.812121     -0.12961     0.371246   -0.0429572    -0.510955      0.40081     0.811161    -0.709891     0.107864     0.571201    -0.629257    -0.149573     0.314842     0.443717     0.391392
    0.392102    -0.705247      0.37212     0.227548     0.413666   -0.0564596    0.0218768     0.360882     0.309674      -0.4284      1.21331    -0.654332       0.2384     0.609075    -0.764704    -0.838388    -0.230479    0.0749228     0.191992     0.228519   -0.0620795   0.00457165    -0.482774     0.243812    -0.394188     0.161158     0.673026     0.632396     0.525939     0.337003   -0.0347843     0.653136
   -0.274609    -0.348111    -0.372908     0.684587    -0.647585     0.370476    -0.149795     0.891728     0.746706    -0.421041     0.649048   -0.0855293     0.765668    0.0871263     0.364746    -0.934231    -0.373018    -0.577552     0.208106    -0.068013    -0.387254    -0.191654    -0.265297    -0.283872    -0.499646    -0.583713    -0.206834    -0.329517     0.215007      1.15907    -0.519833    -0.553153
   -0.824949    -0.345811   -0.0470024   -0.0836608     0.307295    -0.840877     0.738239     0.439276     0.237483      0.30864     0.675677     0.923709     0.776962     0.383964     0.361871     -1.08491    -0.689281     0.148123     0.862704      0.15955    -0.415903     0.138592    0.0818046    0.0951285     0.379236     0.331836    -0.164059    -0.633984   -0.0399174   0.00650499     0.288002    -0.201114
   -0.196598    -0.389957    -0.516456   -0.0611754   0.00492277     0.644295    -0.429716     0.373384    0.0849134    0.0485214     0.202823     0.325887    -0.461754    -0.368125     0.286603    0.0360877    -0.363906   -0.0315201    -0.166771    -0.197273    0.0641951    -0.292595     0.631141     0.376187    -0.594513     0.240507    0.0788653    -0.680913     0.523935     0.255836     0.898589     -1.72336
   -0.720813   -0.0674861    0.0461238     0.302554    -0.656587    -0.218215    -0.607014     0.242898    -0.200153    -0.130011     0.365746     0.773526     0.432453   -0.0774227    0.0706196    -0.427928    -0.609321     0.317398    -0.233276     0.832436    -0.346276     -1.11838   -0.0135925    -0.144673     0.693598    -0.274291     -0.88672    0.0912249      1.32137     0.186818    -0.413405     0.698828
  -0.0887005     0.171959    -0.140942   0.00941097    -0.479895     0.588484    -0.130481     0.780253     0.476053    -0.217337      0.55724   0.00953651     0.294095     0.338642    -0.587757    -0.636012    -0.762432     0.444139    -0.532323    -0.457018    -0.284194     0.174928     0.335006    -0.454491    -0.104378    -0.230092    -0.449601     0.187065    -0.589562    -0.195376     0.310742   -0.0122979
    0.450368     0.148628     0.296036    -0.404165   -0.0597952     0.167177    -0.693111    -0.496263    -0.390375     0.423012   -0.0363974    -0.134336    -0.428525     0.212478     0.332968     0.124646    0.0182666      0.66855    -0.546852    -0.130667     0.280067     0.157662    0.0910818    -0.597737   -0.0516786    -0.448433    -0.168708    -0.677549     0.115994    -0.356107    -0.117194    -0.081369
    0.334196    -0.272691     0.277054     0.683125     0.309069    -0.369572     0.202163   -0.0302095  -0.00300723   -0.0874203     0.290501     0.721901     0.574844    -0.265634    0.0562122    -0.320099     -0.33858   -0.0812495     0.390113   -0.0315637    -0.159856     -1.16381   -0.0671335     0.249624    0.0417934    -0.108799    -0.541843    -0.249022    -0.528324     0.587506     0.710603    -0.630427
   -0.320979    0.0298694    -0.244973     0.609419    -0.515077     -0.40676     0.329216     0.909938     0.594482    -0.560487   0.00948515    -0.116153     0.195174    -0.165961   -0.0758739   -0.0645191    -0.232884    -0.697105     0.592137    -0.194374     0.230367    -0.315881    0.0585984    -0.344078    -0.201124     0.275992        -0.46      -0.3621     0.365846     0.725811     0.189429     0.219353
    0.486697     -0.18745     0.130859     0.563229    -0.848295     -0.17317     -0.30336      0.78297    -0.278064    -0.385749    0.0768742    -0.255516     0.591096     0.296585     0.255998    -0.612475    -0.123322    -0.566842     0.462729    -0.305697     0.210715   -0.0603224      -0.1348    -0.373855     -0.41335    0.0755883     0.385175    -0.493923     0.676434     0.546676   -0.0403708    -0.216359
   -0.470617    -0.132472     0.344718    0.0451352    -0.360365   0.00223019    -0.535338     0.369173     0.133703    -0.159912     0.159072     0.194291     0.361076    0.0625396      0.21726    -0.221959     0.103549    -0.276642     0.461248    -0.509816     0.228206    0.0133307    -0.526436    -0.497524    -0.342935    0.0108128     -0.56434   -0.0790817     0.389074    -0.162259     0.368839     -1.01917
    -0.25912   -0.0210092     0.118475    -0.381493     -0.53982   -0.0456061    -0.206992    -0.284441    -0.233994    -0.196629    -0.196566     -1.04648    -0.279656     0.117253    -0.198123   -0.0547173     -1.05049     0.559705     0.191589     0.593127     0.213606     0.338891     0.285458     0.543695     0.126009     0.780769    -0.730078     0.120005     0.338416     0.613353    -0.259973   -0.0201498
    0.207082     0.136068    -0.325905     0.302598       0.3262    -0.751265     0.514086     0.615137    -0.029227     0.250736     0.580315      0.25604    -0.365493     0.529448     0.492278      0.23978    -0.922278    -0.602127     0.786501     0.479803    -0.415347    -0.416088    -0.349403    0.0223191     0.648566     0.575808     0.124313      -1.0573    -0.432084      1.33894     0.402153    -0.630908
  -0.0858984    -0.284886    -0.101269     0.258019     0.660816     0.414599     0.387651    -0.476145     0.708093     0.476793     0.234763     0.862575    0.0221759    0.0445443    -0.369663    -0.347264    -0.253509    -0.152425     0.464628      1.00204     0.627882     0.116735     -0.23618     0.418876     0.269138    -0.339118    -0.391611     0.163334    -0.218911     0.601126    0.0226478     0.249907
   -0.121194    -0.710827     0.397193     0.380284    -0.218102    -0.361387     0.326056     0.942936     0.490006     0.324206    -0.496867    0.0402219     0.231193    -0.244442    0.0414617    -0.410879   -0.0344758     0.160709    -0.353165     0.248747    -0.508063   -0.0421737       -0.531   -0.0584213     -0.18453    -0.162898     -0.35204     0.257547    -0.807094     0.178158   -0.0791272   -0.0791605
   0.0812135    -0.457278    -0.136318    0.0197198     0.507909    -0.360219    -0.126572     0.357543    0.0942868    -0.196467     0.248463       0.2235    -0.114162     0.232133   -0.0185946      0.36749     0.051284     0.264476     0.236663      0.02571     0.046639    -0.622727    -0.755023     0.363419  -0.00194907   -0.0613792     0.287147     0.506892     0.561025   -0.0187063    -0.174492     0.199061
   -0.499383    -0.988951      1.04496    -0.289514    0.0797829     0.526786     -1.11516      0.34128     0.843914     0.651163     0.839459    -0.267854    -0.409454     -0.23993     0.198113    -0.393069    -0.278722    -0.601661     -1.52401     0.925351     0.720285     0.292988    -0.381213    -0.364098    -0.769646     0.757338     0.611756     0.623333     -1.01236     0.959509     0.245512     -1.15002
   0.0734826     0.683011     0.109604   -0.0832745     -0.74284     -0.28717    0.0671703    -0.385393     0.137458    -0.176093    0.0873765    0.0547986    -0.586501     0.227696    0.0958176     0.139195    0.0701032     0.271387    -0.263295    -0.161014    0.0230628     -0.54319 -0.000233775     0.343693     0.390955     0.283636     0.220293    -0.532786   -0.0427742     0.483178    -0.495349    -0.525543
    -0.22998    -0.199872    -0.207418    -0.309727    -0.348621    -0.327436    -0.295695    -0.620647   -0.0226507    -0.541367    -0.316221    -0.120105    -0.198305    -0.349355    -0.533233    -0.483029    -0.595202    -0.206282    -0.247213    -0.180239     0.782134   -0.0144656    -0.206466    -0.145076     0.366465     0.240609    -0.162094    -0.489691     0.361026     0.494543     0.475416    -0.162871
   -0.028208     0.723025     0.135063     0.669761    -0.231932    0.0826783    -0.645806     -1.30646     0.130619    -0.496028     0.582585    -0.657226     0.266917     0.404405     0.158251     0.280781      0.32041   -0.0825314    -0.240091     0.300901      0.10442     -0.94096    -0.364387    -0.158313    -0.336334  -0.00939147     0.227471     0.110888     0.160569    -0.100093     0.376302    0.0360224
     1.00864    -0.308201     0.389203     0.122204     0.221466      0.29193   -0.0252426    -0.195767     0.148722    -0.490026     0.475759     0.531247     -0.58529    -0.588232   -0.0502256    -0.248925     0.573946    0.0153869     0.196747     0.239383     0.146339    -0.399315     0.678263     0.706671    -0.363202     0.211486     0.418945     0.659682      0.28514     0.348471    -0.405517     0.232428
    0.234115     0.326207     0.565243    0.0967438     -0.11627      0.23631     0.951713      1.02376     0.631843    0.0850658     0.566437     0.439477     0.122031     0.380612    -0.332658     0.283196   -0.0786197    0.0996068     0.213703     0.322446    -0.783534    -0.337247    -0.111439    -0.109172    -0.119232     0.560144     0.334399     0.277169     0.152197     0.739283       0.2463    -0.593464
   -0.273116     0.148339     0.214529    0.0601713    -0.342669      0.61157     0.412878   -0.0941362    0.0407589     0.368701   -0.0491711   -0.0359789    -0.848535     -0.86637    -0.141683     0.768706      0.26275     0.386324    -0.820583   -0.0241923     0.147164    -0.907004     0.469915     0.930777     0.205434     0.237867   -0.0165897    -0.669327    -0.485828    -0.203408      0.69711      0.26595
   -0.174808     0.294859      0.28065      0.54003     0.706812     0.401866     0.201176     0.329597    -0.276046    -0.197159     0.529388    -0.463268    -0.453049     0.029374    -0.265792   -0.0777138    -0.244242   -0.0529033     0.347187    0.0553894     0.578292    -0.371263    -0.186526    -0.725915    0.0818293   -0.0324249    -0.600032     0.302942     0.278918     0.487149     0.546139     0.207685
    0.721514     0.577098    -0.433732     0.164341    -0.430277     0.237681     0.110043     0.928617     0.220743    -0.445011     0.136078     0.144391    -0.649108     0.466873    -0.122132    -0.795957    -0.470031   -0.0903549       -0.267     0.083996   -0.0403864     0.108605    0.0868295    -0.335042    -0.223503      0.39733    -0.198069     0.037704    0.0076725     0.421174     0.106273     -1.01109
   -0.250596    -0.352501    -0.195808     0.334106     0.537166     0.450776    -0.411587   -0.0521096     0.913785     0.427896    -0.274679      0.25894    -0.432638    0.0361467     0.501688      0.71342    -0.706952  -0.00266364     0.237447     0.326117     0.351135    -0.831906    -0.232489     0.130156   -0.0657887    -0.101759    -0.106186    -0.243009    -0.516977      -0.2968     0.361691    -0.062771
   -0.058611    -0.661331    -0.373912    -0.147255     -0.85247    -0.784601     0.112272     0.271907     0.280595     0.124955     0.569487     0.859644       0.2313    -0.431307     0.210418    -0.612362    -0.512643    -0.517785     0.322861     0.125453   -0.0434613    -0.615792    0.0419457    -0.461357    0.0708673     0.891009    -0.399694    -0.102379    -0.635033     0.124866    -0.448055     0.275041
   0.0715313    -0.104149    -0.252975     0.380574    -0.399339    -0.533891    -0.262039   -0.0939611     0.527275     0.518999    -0.164095   -0.0648675     0.218125      -0.3838     0.804202     0.236824  -0.00515362    -0.448944    -0.363924     0.488054     0.252613     0.149279     0.596177    -0.254483     -0.14578     0.485985     0.292248    -0.312484     0.217731    -0.236816    -0.429088    -0.224059
   -0.145931    -0.279135     0.235268     0.777116    -0.387044     0.262213       0.6512   -0.0258766     0.165555    -0.777003    -0.861909    -0.133751    -0.175415     -0.12215     0.409361    -0.202815     0.264029      0.02588     0.237755     0.430549     0.631729    -0.534982    0.0656102    0.0667744     0.226198     0.139054     0.837887     -1.03136     0.154998    -0.117943     0.282302    -0.519673
   0.0191053    -0.522767    0.0385195    -0.362172   -0.0459701    -0.682858   -0.0160611    -0.537411   -0.0685567     0.322813      0.12376     0.921143    -0.760148   -0.0989356     0.395378    -0.448593    -0.746858    -0.347594   -0.0345473     0.605182      0.03809    0.0804332    -0.111515    -0.202534     0.445061     0.519363     -0.47143     0.431325     0.134272    -0.231547     0.121416    -0.346122
    0.662418    -0.366646    -0.514329    -0.100579    -0.991746    -0.580958    -0.406058     0.441346    0.0441144     0.277476    -0.251295    -0.114904    0.0430122    -0.448662   -0.0827943     0.123287     0.215324     -0.54888     0.773787    -0.860882      -0.5329     0.282779    0.0245137    -0.267948    -0.224775    -0.196899     0.612429   -0.0896148    -0.667151    0.0732153     0.274543    -0.738607
    0.740554       0.0808    -0.717785    -0.518588    0.0609013    -0.645862    -0.125729    -0.151022      1.21271    -0.157707    -0.640107    0.0292259    -0.125604    0.0392663     -0.36774    -0.497663    -0.487314     0.486449     0.124338    0.0426822    -0.946832    -0.848209    -0.828101     0.225089     0.390678     -1.01918     -1.00069    -0.575004     0.147413     0.345247     0.452038     0.906014
    0.702725    -0.967423     0.237003     0.436879   -0.0427783     0.129329     -0.65129   -0.0642942     0.672988    -0.189596    -0.535743    -0.516219    -0.572167    -0.549238     0.257506    -0.118989    -0.170103     0.113321    -0.762098    0.0450346    -0.364842     -0.56829       0.1343    -0.202382     0.239006    -0.807604     0.683929     0.110903    0.0570004    -0.220307      0.16549    -0.745323
  -0.0839876     0.146297     0.433559     0.329066    -0.281554    -0.945154     0.387296    -0.559796     0.610517    -0.278481      0.33372     0.234327     0.184706   -0.0986225   -0.0974948    0.0586473    -0.424812   -0.0205048   -0.0837772     0.202194  -0.00675178    0.0722745    -0.146913      0.32758     0.426192    -0.397606    -0.155752     0.276962    0.0599367     0.216571     0.506679    -0.367468
    0.736103    -0.137771     0.408271     0.142141    -0.430288      0.43692       1.2544     0.907951      0.36985     0.341406     0.223112    -0.931423    -0.235109     0.715192    -0.787518    -0.347465    -0.336467    -0.341414    -0.332573     0.830999     -1.49536    -0.539326    -0.888088     0.169586    -0.370382     0.400982    -0.148391    -0.151265    -0.204696     0.549558    -0.652988     0.880367
   -0.246627    -0.477629    0.0507986    -0.132116     -0.39509    -0.345172     0.686167    -0.438393    0.0902253    -0.471124    0.0425703     -0.50574    -0.237003     0.546327     0.341609     -1.12525     -0.25358     0.213478    -0.157517      1.93571     0.274153    -0.298526    0.0942577      0.50519     0.645478     0.120365     0.187436    -0.167187     0.700345     0.893336     0.383243     0.356631
    0.336133    0.0476389     0.404358    -0.254831    -0.426242    -0.360645     0.410951    -0.239485    0.0309213    -0.111422     0.429317     -0.44814   -0.0859652     0.813078     0.122888      0.47152    -0.414977     0.466955    -0.560869     0.987502     0.188732     0.311553     0.615377     0.705745    -0.351691    0.0850447   -0.0443786     0.382595    -0.376977     0.191696      0.14573    -0.357163
  -0.0599635     0.425012     0.586167     0.545728    -0.820261    -0.985921     0.119607     0.361133     0.347874     0.375802   -0.0175508    -0.293346     0.485812    -0.332858     -0.23459    -0.610108    -0.440262    -0.219064    -0.637868     0.142333    -0.191844     -1.60746    -0.686298   -0.0275175     0.398725     0.445077     0.353356     0.323494   -0.0334968      1.21479    -0.740335     0.251943
    0.166315     0.603081   0.00199876    -0.191933     0.254636    0.0238396     -0.44522   -0.0809139    -0.162064    -0.169985     0.147098     -0.32179    -0.181271     0.510643    -0.159034     0.866611    -0.559689    -0.157191    0.0442579    -0.198069     0.498162     0.145051     0.203733     -0.33576     0.462046    -0.197354      0.10181    -0.431381     0.246025    -0.282005     0.164516   -0.0506568
     0.21928     0.762154    -0.177546     0.683704     0.112756     0.222365    -0.597641    -0.170874     0.360788    -0.537899     0.352633    0.0980243     -0.18184   -0.0951829    -0.282773     0.117247    0.0790596    -0.279829     0.582715    0.0853466     0.392965   -0.0469461   0.00944715     0.493843     0.617295    -0.237609     0.538653    -0.507517     0.721388     0.754989     0.458604   -0.0280272
   -0.499622     0.333489    -0.150282     0.240321    -0.289055     0.467353      0.37696    -0.490996    -0.248849   -0.0842176    -0.444449    -0.519157     0.197387     0.174926     0.970129    -0.341705     0.725691  -0.00938713    -0.404717     0.526188     0.165785     0.555519     0.334893   0.00917438    -0.411168     0.531047    -0.418057    -0.642788     0.402991      0.74743     0.407915     0.151151
   -0.545063   -0.0197293     0.292151     0.728366   -0.0724839    -0.462623      0.48047      0.85708     0.772096     0.270756     0.117138    -0.122468    -0.392093     0.681673    -0.535313     0.352743    -0.920566   -0.0844899    -0.162144     0.650515     0.014403    -0.241935     0.439285     0.612043     -1.22541     0.326874    0.0312434     0.115949     -1.19779    0.0832412    -0.233378     -0.15157
    0.165618    -0.316893     0.641207    -0.162193    -0.903482     0.542516    -0.274809     0.559724    -0.106184    0.0584052     0.158967    -0.198336    -0.159506    -0.186738    -0.730241    -0.147941     -0.42457     0.240259     0.166572    -0.412354     -0.81196    -0.402649    -0.480457     0.552799     0.118802  -0.00973947    -0.621568    0.0143329      0.24065    0.0636525     0.350767   -0.0813102
    -1.04833     0.595361     0.782132     0.363971     0.179066    -0.415589     0.672633     0.475031    0.0410681    -0.480082     0.784884    -0.587263    -0.236992    -0.243048     0.326249    -0.896438    -0.270793    -0.868411    -0.328086     0.487874    -0.238757     0.155191    -0.669402     0.403868    -0.239358     0.514775    -0.868912    -0.422957    -0.167978     0.536429     0.167129    -0.599737
    0.377591   -0.0966506     0.433771     0.409326     0.396205      1.13824    -0.460053   -0.0375245    0.0090467    -0.567564     0.135418    -0.663313   -0.0996399     0.259326    -0.335164     0.865882     0.344816    -0.827802    -0.694413    -0.210988       1.7916    -0.134797     0.860654    -0.417627     0.844526     -0.29808     0.375254      1.13337      1.36228    -0.122149     0.303561    -0.288319
   -0.750415     0.499185    0.0705912     0.686028     0.451653    -0.199902      0.67645    -0.272561     0.647472     0.241978      1.14024    -0.211375    -0.278952      0.74321     0.171306     -0.73587    -0.226601    0.0541004    0.0131755      1.42247     0.183165    -0.437995   -0.0132732    -0.010929     0.252514     0.254459      -0.1719     0.369805    0.0918149     0.843327     0.185619      0.27977
   -0.158168    -0.198568    -0.308981     0.978658     0.409094     -0.22568     0.910475     0.046735    -0.275156    0.0120555     0.549289    -0.784404     0.321482    0.0678134     0.017989    -0.569469    0.0945894    0.0840267     0.316262     0.755538     0.110086    -0.554489    -0.356759    -0.412726     0.441003     0.353179     0.493892    -0.168382    -0.745089     0.340237      -1.1918    -0.632284
    0.101949    -0.738682  -0.00606773    -0.114795    0.0170664     0.226548    -0.386781     0.438607     0.527319     0.202345     0.406735    -0.142801    -0.398302     0.878453    -0.860009    -0.922877      -0.1437     -1.00781    -0.287792    -0.347569      0.80528    -0.841635    -0.648093      0.90361    -0.130048    -0.614703    -0.250915    -0.699592       0.1567     0.803906    -0.251269    -0.259019
   -0.914953  -0.00648344      0.53298    -0.191746     -1.02407     -2.31522     0.951849     0.784006     0.670028     0.554153     0.386841     0.662678    0.0340053    -0.467475    -0.508829     0.326563     -1.29104   0.00129815    -0.104857     0.223505    -0.121562    -0.100778    -0.909065    0.0159231      0.33878     0.165353     0.762179     0.304807    -0.639997     0.839941     -1.21684     0.455904
     0.26616    -0.556416    -0.669807   -0.0130083    -0.216441   -0.0829732     0.205946     0.465501   -0.0700571   -0.0343904    -0.153353    -0.789771    -0.105077     0.429771   -0.0566017     -0.38613    -0.358293     0.283922     0.762125     0.254285   -0.0768965    0.0402171    -0.381993      1.30401   -0.0138783    -0.206179    -0.367241     0.294886   -0.0688786     0.320849     0.515076     0.106646
    0.072966    -0.157413    0.0265756      0.31587     0.143599     0.774373     -0.24572   -0.0170094      0.63826     -0.19204     0.939197    -0.201994    -0.467357    -0.741542   -0.0459525     0.400985     0.210922     0.235752    -0.833737      1.01677     0.279095    -0.495626   -0.0203791     0.502749      1.33021    -0.268455     0.339621     0.350475     0.777591     0.333953     0.545128     0.103899
   -0.133608     0.215756    -0.136895    0.0489584     0.128047     0.238243   -0.0165348     0.064012     0.137799    -0.145956     0.210608   -0.0512661    -0.144217    -0.347571    0.0407979     0.140948     0.150816      -0.3274    -0.885481     0.543092    -0.161575     0.746388     0.547992     0.837152   -0.0824834    0.0926777      0.49255    -0.212408     0.188189    -0.285832     0.175931    -0.716244
    0.118201    -0.368182      0.57934     0.366446    -0.363929    0.0184225     0.229267   -0.0289715    -0.387184     0.940363    0.0518869     0.130219     0.108822    -0.139113    -0.248198      0.39958     0.134763      0.30855    -0.011203    -0.224586    -0.396066     0.138622     0.952813     0.321672    -0.571091     -0.11837    -0.874943    -0.328137    0.0503976   -0.0272005    0.0132696    -0.524013
   -0.419593      0.14011     0.623578    0.0329459    -0.211148    -0.560176    0.0726378    0.0337952      0.58253      1.07453   -0.0641567     0.703158     0.177325    0.0641598    -0.430102    -0.305036     -1.01269     0.253667     0.124747     0.350725    -0.182894    -0.451045    -0.187359     0.800596     0.346676     0.405305    -0.657468    -0.874499    -0.614536    -0.225499     -0.10172   -0.0404863
   -0.111786     0.206897     0.421224      0.53897    -0.232306    -0.518418     0.132395    -0.549798     0.274304     0.621991      1.17963     0.586515      0.15655    -0.442806     -0.73266     0.506287     0.239613    -0.440065    -0.556464    -0.296598    -0.210038    -0.134156     0.400598    -0.398165     0.161981     0.665871    -0.708977     0.790495    -0.189358     0.220389    -0.236348     0.101259
   -0.408574    -0.655206     0.423258    -0.734384     0.335355    -0.315986     0.528869    -0.112268    -0.423164     0.234147     0.122264    0.0709888    -0.734984    -0.486958    0.0807705    -0.280133    -0.429469    0.0436732   -0.0145553     0.440658    0.0865318    -0.157355    -0.351021     0.177897     0.531326     0.472143    -0.230038     0.240453   -0.0334854    0.0940832     0.273253      0.34832
   -0.186714    -0.343023      0.25152    -0.171176     0.144799     0.418296    -0.256253   -0.0376024     0.469969     0.077603    -0.055905     0.160519    0.0845555     0.234972    -0.256818     0.307514    0.0380907    -0.153939    0.0445899    -0.351847    -0.663208     0.306742    -0.531873    0.0463169    -0.280075     0.295034     0.221502     0.182918     0.775652     0.584535     0.239418     0.169235
   -0.325932     0.323804    -0.532233    -0.264603    -0.291037     -0.46376     0.306057    -0.801476     -0.31765    -0.114893     0.574171     -0.29779    0.0591921     0.669447   -0.0744847        0.425    -0.607763     0.544273     0.481773     0.707445    -0.764084    -0.473498    -0.971306    -0.109953      1.10678     0.388393    -0.744123     0.611739     0.258531      0.24684      1.01398   -0.0471527
    0.244215    -0.143825    -0.716117      1.10962   0.00798762    0.0773237    0.0551417    0.0541347    0.0328275     0.672176   0.00777426    -0.693816   -0.0149701   -0.0752511      0.36047     0.087153    -0.178186     0.516384    0.0640288      1.33448    0.0331572    -0.233508      0.29255     0.852644   -0.0161439     0.627086     -1.03402     0.151607     0.299223    -0.567355     0.175925  -0.00748747
    0.757126    -0.243498    0.0981566    -0.461271    -0.306297     0.217552    -0.440445     0.802786    -0.218131   -0.0586709     -0.22995    -0.252229     0.208317    -0.237063     0.692645    -0.350152    -0.426054     0.122725    -0.178143    -0.361246     0.237914    0.0157504     -0.20038     0.049782     0.148053     -0.26479     0.711837    -0.539188       0.3481     0.140431   -0.0161614    0.0488982
   -0.216924      0.19938     0.228478    -0.149471     0.415462    -0.275797    -0.254761     0.328608    -0.120473    -0.546341       0.3502    -0.962065     0.280802    0.0914362    -0.270565     0.200501    -0.123288    -0.722185     0.131823     0.395802    -0.346429    -0.403874     0.574557    -0.112998     0.516008     0.689538    0.0702041     0.327965     0.361662    -0.363581    -0.244335     0.480598
   -0.536964     0.325254     0.714948     0.694808    -0.387657    -0.520843     0.506002     0.797453      0.80122   0.00451518     0.187864      0.16828     0.105096    -0.199005     0.218129    -0.414551    -0.114304    -0.394897    -0.500173    -0.085414     0.152975    0.0513672     -0.21062   -0.0857444    -0.568635     0.122871     0.417903     0.357112    -0.703502     -0.14068     0.248631     0.270967
   -0.317746     0.284217    -0.187546     0.168913    0.0547493    -0.309398     0.263597       0.4379     0.845965      0.38211     0.029604    -0.585436   -0.0710315     0.252979    -0.243761     0.231789    -0.412658    0.0775439     0.673872     0.359639    -0.606706     0.205535     0.501135     0.307058   -0.0420053     0.744409    -0.455417     0.322141    -0.120652     0.256354   0.00148476   -0.0468582
   -0.712857     0.259069     -0.57453     0.703209     -0.13668      -1.0246     0.294598    -0.379718      1.02402    0.0970705    0.0272794      0.37233     0.232477     -0.58699    0.0310217     -0.77607    -0.614954    -0.314704    -0.777367    0.0648928     0.939042   -0.0594167     0.727281     0.465571    -0.910189      -0.3245    -0.396426     0.341381     0.592949   -0.0584888     0.529307    -0.798996
  -0.0495353    -0.385007    0.0806365    -0.824409      0.55772     0.541359    0.0258078      0.30632    -0.159137    0.0510065     0.259578     0.272091     0.143453     0.587845     0.614559     0.030035    -0.552156    -0.651465    -0.431859     0.782759    -0.108028    0.0831304    -0.252141   -0.0522008     0.329917    -0.226601   -0.0726743    -0.236571     0.402373     0.655971     0.568854    -0.486034
   0.0602983    0.0603796     0.469076     0.852461    -0.337383    -0.310525    -0.323335    -0.277331     0.691537    -0.659222    -0.871113    -0.448968   -0.0732621    -0.221282     0.143065    0.0233806     0.035312    -0.365384     0.374368    -0.421807    -0.377647     0.107222   -0.0599704     0.326663   -0.0291093     0.512251    -0.084234    -0.535261     0.118697    -0.202093     0.532888    -0.558545
   -0.841793     0.105193    -0.902162      0.46285      1.13956    -0.833024     -0.48339    -0.389021     0.675309      0.25203      1.48042      1.04877    -0.589823     -0.28757      0.22245     0.996498     0.448384   -0.0135422    -0.039892     0.245777    -0.145861    0.0357501      1.16599    -0.118373      0.37265    0.0311632     0.570916    -0.654886    -0.729662     0.656195     0.714661     -0.30992
   -0.397019     0.498623    -0.228638    -0.322189      0.58996     0.127875     0.681295    0.0582968    -0.063262    0.0353473    0.0974227     0.133007     0.215037    -0.290105    -0.326912     0.162846    -0.928334    -0.260019     0.265382    0.0511715     -0.23432    -0.261473    -0.874992    -0.475369     0.205394     0.655808     -0.25866    -0.169687     -0.93346     -0.15686    -0.154952     0.373888
    -0.44374   -0.0423022     0.598586    -0.107749    -0.619047      0.69772    -0.230803      1.15021    0.0605699     0.542186     0.284948      0.28378   -0.0387052    -0.382441    -0.732233    0.0286582    -0.417853    -0.543547     0.371066   -0.0186502    -0.520541   -0.0193541   -0.0220596     0.143565   -0.0307134     0.853262    -0.283688    -0.245475     0.328169     0.483657     0.831708   -0.0356056
   -0.102418    -0.213812    -0.438293     0.284944     0.538451    -0.429777   -0.0318589     0.241387    -0.414156   -0.0469276     0.591427  -0.00163442    0.0263325     0.286569    -0.314446   -0.0913302   -0.0617999     0.559301     0.203856      0.25762    -0.327838    0.0657273     0.293086    -0.172479     0.404376     0.287092   -0.0134619    -0.291836     0.577865   -0.0189804     0.234138    0.0270359
   -0.584282      0.65383    -0.135125     0.607834     0.210697   -0.0137455  -0.00319237    -0.528804    -0.335351     0.330266     0.920428     -0.84978     0.147267     0.764953   -0.0119335    0.0947928    -0.826183    -0.483788     0.250803     0.902976   -0.0344482    -0.206862    0.0621645     0.165379     0.350285     -0.07786       0.1815   -0.0533671    0.0823174    -0.273795    -0.714754     0.378069
