  -0.347539
  -0.486726
  -0.396082
  0.0324781
  -0.762434
  -0.358113
   -1.03677
   -0.72729
  -0.424563
  -0.444196
  -0.318515
  -0.354216
  -0.256805
  -0.458732
  -0.219588
  -0.220484
 -0.0722789
  -0.274622
 -0.0679647
  -0.243641
  -0.501464
  -0.102545
-0.00970058
  -0.332737
  -0.259407
  -0.214264
 0.00876845
  -0.498309
 -0.0768414
  -0.663252
  -0.703128
   -0.49295
  -0.294767
  -0.298527
  0.0279692
   0.192215
   -0.26548
 -0.0634923
  -0.431186
  -0.755194
  -0.140269
   -0.14447
  -0.363585
 -0.0231315
  -0.218685
  -0.505327
  -0.414178
 -0.0132474
   0.310987
   0.195888
  0.0832896
  -0.174147
  -0.508221
  -0.459381
  0.0693422
  -0.432329
   -1.09341
   0.030813
  -0.283848
  0.0447619
  -0.265918
  -0.158895
  -0.119815
   0.001194
  -0.178397
  -0.333113
  -0.394138
  -0.169338
  -0.459886
  -0.268963
  -0.352677
   -0.48263
  -0.329634
   -0.16797
  -0.494992
    -1.1181
   -0.70122
  -0.820584
  -0.349285
   -0.41251
  -0.133845
  0.0344195
  -0.244622
 -0.0563377
    0.28426
  -0.335087
   0.168602
  -0.362041
 -0.0351961
  -0.543159
  -0.446141
  -0.822287
   0.488387
  -0.972634
   0.260192
  -0.316822
   0.110079
  -0.191376
  -0.804801
  -0.682773
  -0.423194
  -0.200376
  -0.869043
  -0.478225
  -0.381526
  -0.361685
  0.0826527
  -0.365455
  -0.426419
  -0.706839
  -0.593544
  -0.194538
  -0.281956
   0.943002
  -0.694781
  -0.309613
    0.24903
  0.0559341
 -0.0338169
   0.109384
   0.230355
  -0.067069
    -0.4648
   -1.02743
  -0.438878
   -1.11694
  -0.397976
  -0.365812
