    0.376254     0.225744    -0.895954     0.795095    -0.898467    -0.100161    -0.528584    -0.399952   -0.0314993    -0.361779     0.361095     0.815644     0.408349   -0.0559422     0.395357    0.0885705     0.229157    -0.154856     0.104456    -0.216214    0.0800567    -0.170967     0.109245    -0.102449    -0.376079     0.624575     0.380202   -0.0877716    -0.692213    -0.589453    -0.386469     0.356475
    0.182809    0.0995245    -0.378306    0.0246005     0.155457    -0.449148     0.209049    -0.583343    -0.589794     0.404618     0.594909     0.297874   -0.0468518     0.321775     0.668859     0.884347     0.306499    -0.150517    -0.394432     0.444814    -0.172471     0.365488    -0.282355    -0.455879    -0.225487    -0.404354     0.779323    -0.246632     0.334146    -0.167511    -0.217297     0.376898
   0.0167842     0.645951    0.0633846    -0.217942     0.335172    0.0370513    0.0801539     0.425157     0.108354    0.0183764    -0.665402    -0.156282     0.140757    -0.483512    -0.321313     0.180755    0.0780683     0.131651    0.0764085    -0.593255   -0.0297061    -0.558422    0.0659819     0.173088    0.0249926    -0.209371     -0.11223    0.0479535    -0.117283    -0.331714     0.340153    -0.606786
   -0.262814    -0.051278    -0.231096    -0.438288     0.279673   -0.0592189    -0.102242    -0.277091    0.0872221     0.247711     0.119505    -0.232364    -0.459419    -0.149663     0.301817    -0.200414   -0.0826113    -0.151229     0.267318    0.0409581     0.426855   -0.0983027    -0.362715    0.0780885      0.34594    -0.228978     0.246526     0.173839    -0.186425    -0.222269   -0.0558626     0.351973
    0.537548    -0.356408     0.065342    -0.510237     0.180166    -0.311958     0.428655    -0.192401     0.288745    -0.507836    -0.531118     0.486129     0.427078   -0.0862173     0.151118     0.074712     0.419759    -0.207223     -0.31587      1.43473   -0.0755812     0.845059    -0.841763     0.137377    -0.249835     0.118733      0.10726     0.476191     0.264004     0.110948     0.157081     0.070509
    0.101213     0.467477   -0.0428879    -0.147402    0.0553082    0.0765082   -0.0436199    -0.374893    -0.214308    0.0865738   -0.0848196     0.242363    -0.209057    0.0416521     0.301711    0.0328448    -0.500748     0.171238    -0.344273     0.136352      -0.1665    -0.439654    0.0762568     0.111347      0.19614    -0.423334    -0.383963     0.146167   -0.0455984    0.0947728    -0.323024    -0.186999
    0.157115   -0.0747603     0.144166     0.265515    -0.129709     -0.18225     0.310997     0.398826   -0.0741367    -0.252807    -0.108203    -0.220223     0.280053   -0.0878029    -0.491508    -0.089326    -0.185413   0.00186239   -0.0970814     0.233605     0.326515    -0.365443     -0.28538  -0.00679056     0.300561     0.301852   -0.0367765    0.0186595     0.187154     0.493205  -0.00113919     -0.52689
   -0.279388   -0.0876415    -0.327136     0.223642     0.152148     0.413879    -0.101411    -0.121794    -0.173239      0.15834    0.0521286    -0.164076   -0.0968235    0.0974828     0.668211    -0.371057    -0.236612   -0.0704287    0.0903139    -0.017804     0.186802     -0.11488     0.293749     -0.09492    0.0521033    -0.223035  -0.00193408   0.00530934    -0.250704    -0.457708    0.0375798     0.213084
    0.302405    0.0761161   -0.0070151     0.219171     0.369889    0.0431585   -0.0744717    -0.135247    -0.322382   -0.0914791   -0.0934945     0.177126    0.0935817    -0.243062    -0.268514    -0.232839     0.126588    0.0355854     -0.02735      0.25256     -0.17756     0.263969     0.109518    0.0512039     0.330538      0.45473     0.367622   -0.0967863     0.312283    -0.323954    0.0761341      0.38715
   -0.223227    -0.082801    0.0621799    -0.220252    -0.168519     0.665572     0.228225      0.26203   -0.0809601    -0.470257    0.0120154     0.352632    0.0252432   -0.0397448     0.133466    -0.382672     0.123904     0.093389    -0.523285  -0.00342149    -0.256794     -0.12802   -0.0123202    -0.259314     0.348104   -0.0350423    -0.230221    0.0483991    -0.203206     0.126744    -0.204908    -0.286757
    0.283683     -1.01727    -0.380475   -0.0551823      0.20999     -0.51677     0.226047    -0.232005     0.297764    0.0740662    -0.582239    -0.355652     0.102717     0.544681   -0.0189378    0.0347392   -0.0940244     0.133909    -0.684065     0.600541     0.204777    -0.186344    -0.359917     0.405272     0.103734    -0.474923    -0.197451     0.648461     0.297686    -0.317465     0.101247    -0.509231
   -0.461414    -0.522302    -0.401302    -0.421036    -0.139863    0.0937434    -0.706013     0.214783     0.594833    -0.206598    -0.133053    -0.199253     0.217069    -0.211653     0.182946    -0.567828     0.130975     0.381741    0.0926618    0.0480115     0.343518    -0.124308     0.379744   -0.0421862    -0.100052    -0.202348   -0.0918418    -0.169015    -0.636346    -0.205408    -0.311183    -0.586512
    0.113231    -0.144766    -0.336575     0.406318    -0.561474     0.149658    -0.480548   -0.0198365     0.451738   -0.0165917    -0.180177   0.00258442     0.100474    0.0193319     0.179526    0.0630672     -0.26765    -0.189111     0.447896     0.149451     0.329841     0.272654      0.52644    -0.151693    -0.104952    0.0827511   -0.0157631    -0.367902      -0.2774    -0.404337     0.151073     0.598467
    0.365716    -0.513074    -0.166674    -0.432237     -0.43097     0.257934    -0.617481   -0.0602157     0.757367    -0.360143    -0.279245     0.615317     0.302752     0.351489    -0.349769    0.0412291     0.042157    -0.342874    0.0325331     0.907701   -0.0862501    0.0152667    -0.205286     0.645789  0.000858774     0.634977    -0.377091    -0.301272     0.251637    0.0986941   -0.0313091    -0.538454
   -0.344378     0.307502     0.279758     0.466313     -0.21501     0.139652    -0.362697     0.109333     0.104386    0.0131549      0.22559      0.08789    0.0133782     0.172812    -0.386539    -0.505973     0.150659     0.522523   -0.0639555    -0.204307    -0.893731    0.0690667    -0.341409    -0.904541   -0.0097117     0.180143      0.19823   -0.0149957     0.557996     0.273525    -0.120477    0.0741149
   -0.164196     0.200448    -0.118489      0.17175    -0.206555    -0.387295    -0.234269    -0.858169    -0.679663     0.235608   -0.0773916     0.346847   -0.0371078    -0.433665     0.187924    -0.284602     -0.55364    -0.120052     0.299064    0.0122221     -0.42217    -0.193751    -0.191139     0.408048     0.190337     0.410551   -0.0129171    -0.149542     0.243403    -0.320985   -0.0474214    -0.598536
    0.325926    -0.357892    0.0235665    -0.192825   -0.0478931    0.0609834     0.382674    0.0211463     0.557012   -0.0398993     0.340238   -0.0425394     0.178565     0.019969     0.252869    -0.181699   -0.0838336     0.360811    -0.735264   -0.0110121   -0.0900035    -0.450735     0.352191    -0.303731    -0.202643   -0.0763791    0.0146752   -0.0554775     0.169282   -0.0892441   -0.0100912     0.121846
   -0.553546     0.198932    -0.428542     -0.24061     -0.19573    0.0108975     0.131202   -0.0881869   -0.0439208      0.32229     0.273079    -0.646249    -0.460117    -0.390475     0.469638     0.553749    -0.559026    -0.460605     0.182749    -0.315253     0.291409    -0.565082     0.526497    -0.539334    -0.236469    0.0195823    -0.255408     0.414428   -0.0186082      0.37653    -0.190164     0.652912
    0.299559     0.347805     0.173592     0.120881     0.441394     0.351612     0.155816      0.40513   -0.0458839    -0.100679    -0.372375    -0.134898     0.379549     0.334276    -0.551273    -0.017346    -0.354627    -0.121756    -0.279437      0.47459     0.406234     0.162893     0.307155   -0.0839412   -0.0635666    0.0615831    -0.377534      0.38221   -0.0234396    -0.311432    -0.147465    -0.243564
   0.0506816   -0.0547513     0.119257    -0.627273     0.208142     0.454858    0.0840932     0.158847   0.00746804    -0.177432    0.0557055    0.0982198     0.386004     -0.23394    -0.335928     0.368697     0.377982    -0.195369     0.144978    -0.211734     0.425831     0.248897   -0.0630016    -0.421849     0.282157    -0.119027    0.0434159    0.0434378    -0.272013   0.00946604    -0.250922    -0.153707
  -0.0774252     0.363672      0.43568      0.15629    -0.429702     0.501448    0.0754202    -0.218357    -0.303123    -0.123955    -0.508156     0.162296    -0.074318    -0.245522    -0.278276   0.00235007   -0.0125474    -0.269575     0.565892    -0.244334   -0.0532018   -0.0208326     0.352076     0.454834     0.247895    0.0640443    -0.432686   -0.0865684     0.125836     0.641054   -0.0476442     0.198832
   0.0378118     0.103121     0.537883    -0.242138    0.0688181    -0.179382   -0.0741207    -0.324068   -0.0687649      0.18784    -0.330479      0.13343    -0.257701    -0.051151    -0.550989     0.100744      0.08409       0.5061    0.0170676     0.474533     0.170529    0.0516022     0.103339    -0.182038    0.0136674     -0.32847    0.0844679     0.092651    0.0757514      0.58442     0.487262    -0.466833
    0.331273     0.191743    -0.657545     0.316204      0.24034     -0.87646    -0.267376    -0.515951     0.149432     0.216255    0.0491341     0.496482     -0.69491    0.0723792     0.554364    -0.530769     0.445237     0.107496    -0.398121   -0.0366532    0.0707263     0.465816    -0.549151     0.255535    -0.294215    -0.235079     0.289763     0.438677    0.0680927     0.286448     0.264073    -0.420192
  -0.0469771    -0.352435     0.253965     -0.13145     0.631622    -0.101509     0.257587     0.287136    -0.562766    -0.288087    -0.627463    -0.187161     0.298475   0.00110498    -0.533132    0.0555806     0.352872     0.451678    -0.133374     0.496263     0.330269    0.0833475    -0.142655    0.0745487     0.221007    -0.235967    -0.188752   -0.0280788     0.360036     0.133054    0.0886801     0.335713
   0.0996966    -0.177215     0.342032     0.225265     0.141887    -0.290595     0.329409   -0.0375594    -0.328821     0.176574    -0.183644    -0.428835    0.0131195    -0.130285    -0.161847     0.170716    -0.272435     0.524132    0.0718629     -0.10843    -0.050298    -0.302067    -0.084069    -0.435434     0.527646     0.099043     -0.18397    -0.121599     0.222436   -0.0691054     0.278267    -0.193393
   -0.505634    0.0841831    -0.215333     0.233144   -0.0315894    -0.108361    -0.273155    0.0245657    -0.249381      0.55917     0.608265     -0.40674     0.151004    -0.332019     0.607267     0.180398    -0.457457    -0.206866     0.805485    -0.215767     0.134077    -0.180237     0.592782   -0.0143299     0.184486     0.229249    -0.134006    -0.312231    -0.704484    -0.565996    0.0594697     0.126693
  -0.0407255     -0.10508     -0.47418    -0.176712    -0.312631    -0.145235     0.239255    -0.558135    -0.418802     -0.48859   -0.0886552    -0.444575    0.0246372   -0.0344621     0.559971     0.612815   -0.0561989   -0.0318228    -0.117665   -0.0580982     0.781099    -0.439456      0.16795     0.304011    -0.726231   -0.0244759    0.0171614      0.34427    -0.171207    -0.905375    -0.188783     0.263178
    0.455333     -0.22388    -0.686417     0.116574    -0.209384    -0.140665    -0.215776    -0.468205     0.572721     0.559033     0.287615     0.122665   -0.0619344     0.264345     0.339021    -0.513671     0.155852    0.0840234     0.460378     0.825941    -0.169482     0.018956      0.04275    -0.354239    -0.233798    -0.156917    -0.281182    -0.120302     -0.11402     0.156798    -0.173623    -0.100675
   -0.398931     -0.10614    -0.500367     0.331606   -0.0100484    -0.337103     -0.21083    -0.413353     0.116408    -0.354369    0.0360913    -0.654944    0.0454477     -0.15416     0.404446      0.13478      0.00703    0.0557743   -0.0793977    -0.813188     0.209695    -0.121628    -0.216564    -0.047826     0.337532    0.0887038     0.292819     0.087264     0.201341    -0.394813    -0.455984     0.658649
    0.301317    -0.409646    -0.252247     0.151118    -0.636858    -0.304466    -0.193548    0.0607286     0.496759     0.622447    -0.122652    -0.204201    -0.517693     0.270318    0.0339003     -0.60689     0.183801    -0.262319    -0.302146      1.03375    -0.448838    -0.501182   -0.0231948     0.167383    -0.443765    -0.315683    -0.140494     0.105297     0.181641      0.32908     -0.22782    0.0575566
   -0.125811    -0.340503    -0.523975    -0.130247    -0.229896    -0.363082    0.0186748     -0.39836     0.474556     0.365737     0.272042     0.265175    -0.122906     0.326199     0.279534    -0.458606    -0.339101    -0.690983     0.178742     0.189274      0.16784     0.196275    -0.215148   -0.0751455    -0.246545   -0.0460037     0.227843    -0.380051     0.124276     0.229654    -0.644413    -0.160262
    0.317358     0.169398    0.0254145    -0.355183      0.14091    -0.326303     0.128686     -0.29604     0.235937    0.0883723   -0.0825046   -0.0398579    -0.304899   -0.0997371     0.489063      -0.6209    -0.325495     0.218197   -0.0714953     0.727429   -0.0441546      0.21069    -0.481791    -0.354839    -0.348582    -0.196406    0.0268008     0.116237    -0.276738     0.101719     0.376971     0.208854
  -0.0342628    -0.147813    -0.265685     -0.34473    -0.214653    -0.335712     0.160987    0.0450594     0.226681    -0.808699    -0.313615     0.301878     0.104695     0.228014    0.0604397    -0.201824     0.415983     0.278985    0.0118299      0.12327     -0.20802     0.167332    -0.164488     0.218513     0.139494    -0.391917    -0.084349     0.256748     0.124295     0.616556  -0.00392926    -0.629681
     0.50739     0.110938   -0.0703321     0.171702     0.222785   -0.0123988    0.0924774   -0.0388478    -0.116465    -0.027384    -0.157237     -0.41517    -0.269324   -0.0360754     0.615261     0.142924     0.209603      0.39984    -0.457991     0.352415     0.303034    0.0328386     -0.28911     0.368209     0.201205    -0.412144   -0.0790594     0.256073    -0.355767    0.0464042    -0.392684     0.109599
  -0.0185299    -0.105332     0.166288    -0.337536      0.50996     0.132609    -0.141815     0.315908    -0.219351     0.282779    -0.236014     0.142417   -0.0679329     -0.28539   -0.0404033     -0.34205    -0.326114    -0.206411    -0.100426     0.107015     0.124649     0.384687     0.271059    -0.255126     0.193271     0.110138    -0.206942   -0.0514148     0.220286    0.0806163     0.041843     0.117912
     0.54192    -0.183322     0.866334     -0.14885     -0.14585     0.329719     -0.19507     0.684498       0.3376    -0.149507    0.0233306    -0.165262    0.0717548    0.0154911    -0.728683     0.416933    -0.380927   -0.0363444    -0.286816     0.539115   0.00241724     0.114273    0.0715653     0.123433      0.11285     0.267373   -0.0170035     0.211466     -0.28522     0.266596     0.262894     -0.27305
   -0.504797   0.00246364    -0.628445     0.493278    -0.301101     0.128412    -0.289987    -0.658308    -0.549814    -0.309045     0.292375    -0.442211    -0.156057     0.136576      1.09497    0.0729608     0.167556    -0.290434     0.618088     0.103649     0.355626    0.0181725     0.124016     0.379667    -0.125304    0.0378397     0.149372     -0.34647  -0.00084872    -0.228659    -0.455102     0.703132
    0.335941    0.0416924     0.225301    -0.165368     0.477333     0.186756     0.393406     0.383979     -0.18366    -0.381191   -0.0641694    -0.368298   -0.0836586     0.100474    -0.204368     0.325729      0.53438     0.204254    -0.111895      0.22158     0.093421   9.4817e-05    -0.463898     0.343055     0.124971    -0.496634    -0.466424     0.536209     0.188311  -0.00413354     0.241157     -0.34384
    0.146604     0.040791     0.375632    -0.149209     0.121678     0.376575     0.209713     0.442894    -0.205236    -0.242445     -0.11963    -0.149754    0.0577139     0.143639    -0.978684    0.0151937      0.39443    -0.592463    0.0723203     0.165549     0.160703     -0.27936   0.00559701     0.116963     0.347116    -0.271538     -0.26169    0.0105863     0.554946     0.459047     0.298791      0.63272
   0.0090131   -0.0685038      0.40497     0.368015     -0.40781     0.220241    -0.319743     0.765675    0.0907498    -0.457877    0.0101871    -0.312381     0.155253    -0.582133      0.24793     0.207909    -0.222673    -0.291532   -0.0281612    -0.354437    0.0122781     -0.15602     0.472931     0.115125   -0.0304896      0.55758   -0.0795115    -0.172976    -0.167519    -0.462241    -0.359287     0.120757
   -0.377049     0.336326    0.0647995      0.23087    -0.103594     0.467143    -0.207618     0.556996     0.251917    -0.298016     0.433373   -0.0624068   -0.0921837    0.0628084    0.0436794    -0.236324    -0.326303     0.547983    -0.167892    -0.348229    -0.309337   -0.0610386     0.263295    -0.143168  -0.00844288     0.343235    -0.623312    -0.356875    0.0333473     0.133001    -0.112389    -0.650839
   -0.371445    -0.453024    -0.100133     0.137404     0.204047    -0.124505     0.178146     0.467288    0.0909865      0.69676    -0.374516    -0.337863     0.314413     0.146819    0.0585774       0.2559    -0.201606   -0.0896438     0.187925    -0.202431     0.373787    -0.347625   -0.0457178   -0.0802047    -0.220567    -0.132511     0.255537    0.0810469    -0.193917    -0.564504    -0.518399     0.300664
   0.0578832    -0.770376    -0.598674    -0.534074    0.0324058    -0.621007     0.079242    -0.750005     0.204577     0.232138    -0.158699    -0.131504    -0.479941     0.133212     0.854721     -0.50059      0.39373     0.146487     0.143852     0.264556     0.178607     0.028223    -0.014046     0.310164     0.233983    -0.548729    -0.358854     0.122263     0.331654     0.404326    -0.240228    0.0349061
  -0.0720436    -0.279194     -0.23669     0.339718    -0.110525   -0.0246993     0.230574   -0.0334936    -0.477523     0.133063    0.0985824     0.248665    0.0888218    -0.179412        1.062     0.113882   -0.0463119    -0.166565   -0.0586403    -0.183024     0.170814   0.00436565     -0.31527   -0.0887815    -0.306424   -0.0844263    0.0295772     0.193679    -0.365944     -0.36492    -0.306962     0.464924
   -0.312927      0.40737   -0.0763873     0.678056    -0.529135    -0.454051    -0.272906    0.0777813    -0.107158     0.368528     0.340444      0.11442      0.18232    -0.504264    0.0701382    -0.324227    -0.619955     0.120535     0.197018    -0.120143     0.170402    -0.419664     0.189821    -0.673556    -0.078099     0.518277    -0.392435    -0.204743   -0.0374667        0.176    -0.372766   -0.0888395
    0.211604    -0.388801    -0.422465    0.0250388    -0.255534     0.279375    -0.255521    -0.324835     0.179684    -0.462665    -0.073149     0.121247    0.0387353     0.293094     0.536549     0.414449    -0.215989   -0.0320049     0.171826     0.123395    -0.184841     0.336009    -0.221925     0.159137    -0.187318     0.556146    0.0673091     0.248464    0.0838887    -0.253982    -0.243666     0.132082
    0.280822    -0.269366     0.490143    -0.209037     0.366318     0.244102     0.152503     0.934914     0.343265   -0.0358386    0.0342005   -0.0663528     0.108546     0.175753     -1.47843     0.199262   -0.0228421   -0.0705028    -0.379156     0.260021    -0.084814   -0.0150367     0.421902     -0.33245    -0.377339    -0.106114   -0.0521475     0.249933      0.11671     0.150378     0.144368    -0.251688
   -0.060363   -0.0885433    -0.130706     0.642292    -0.257264     0.454638    -0.686505     0.177704    -0.419858     0.262264    -0.126695    -0.186622    -0.251084    -0.139141   -0.0575957    -0.165079   -0.0411627     0.288879     0.495881    -0.293667   -0.0752102    -0.462019     0.207572    -0.143884     0.417621    -0.146935     0.187864    -0.806094    -0.566661     0.246597    -0.238107    -0.100896
    0.522552     0.441875     0.280903   -0.0755117    -0.330261     0.591441  -0.00511892     0.814272     0.777066    -0.908751   -0.0120355     0.467461     0.338837     0.214546    -0.892502     0.653826     0.201222   -0.0406045    -0.386672     0.522696    -0.393243 -0.000900003    -0.130143  -0.00416123    -0.337571     0.349852    -0.272805      0.27316   -0.0331885     0.122669  -0.00924109    -0.577942
    0.474267    -0.311113     0.581182    -0.486035     0.195811     0.166804     0.193167     0.979832     0.653025   -0.0938855   -0.0919355     0.194497     0.268447     0.115138    -0.816132  -0.00293306   -0.0674281     0.267812    -0.483261     0.302603    -0.536247     0.188544    -0.130433     0.423137     0.399684    0.0567667   -0.0628171     0.240706     0.496722     0.202817     0.061646    0.0917713
    0.111949    -0.436294      0.43265   -0.0987175    -0.585435     0.131503    0.0192016      0.28219    -0.228227   -0.0197803   -0.0540035    -0.406576     0.566237    -0.131839    -0.959306     -0.67417     0.052423    -0.510474     0.499885     0.224815       0.6473     0.281335    0.0302689    -0.307929    0.0935681      0.29661      -0.3633     0.232139      0.65116     0.791457    -0.282452    -0.324438
    0.384794    -0.438832     0.448473    -0.199617    0.0200719    -0.194867       0.6353     0.649633      1.03751    -0.745599    -0.514872     0.094666    0.0433903     0.315471    -0.961929    -0.288122     0.586546    -0.104635    -0.689607     0.216499    -0.259358     0.412088    -0.139022     0.152668    -0.597615     -0.35028    -0.109952      0.60209     0.466416     0.142977    -0.159955     0.118937
   0.0268615    -0.421417     0.306023   -0.0683783    -0.117987    0.0410897   0.00307301     0.635477    -0.370933     0.431097     0.185824   0.00685441      0.14304    -0.138531    -0.781076     0.261793   -0.0944082     0.156882    0.0153119   -0.0190514     -0.37125    -0.281846   -0.0507518    0.0704186      0.10759   -0.0423148    0.0458483    -0.179752    -0.173509    -0.488823   -0.0153017     -0.17583
    0.772425     0.345635    -0.187414    -0.203525    -0.209177    -0.242737    0.0624271     0.343032     0.156502     0.107876     0.173427     0.103903   -0.0920419    0.0865518     0.116414    0.0751023   -0.0225638  -0.00624467     0.112886     0.651838    -0.377424     0.368428   -0.0518743     0.201449   -0.0210436   -0.0379541    -0.517525   -0.0683953     0.203763    0.0733565     0.154934    -0.722486
   -0.255021     0.277859   0.00640435    -0.169104    -0.188001     0.506734     0.110648   0.00394902    -0.605232   -0.0445995    -0.446971   -0.0910783    -0.118566    -0.158958    -0.514934     0.235729     0.209671     0.259967     0.404153    -0.141836    -0.102421     0.511825    -0.424557     0.263384   -0.0243508    -0.765182    -0.150836    0.0854235     0.379214     0.423713    0.0580055     0.314473
    0.528906    -0.688229    -0.167144    -0.159229     0.191881    -0.341097    0.0951892    -0.029946     0.920592     0.143698    -0.165356      0.12068     0.257911     0.519016     0.404056    -0.184998     0.305568   -0.0540639    -0.615341     0.498135    -0.228157     0.450842    -0.888289  -0.00473682    -0.321663     0.314395   -0.0424597     0.472186     0.233571    -0.163263    0.0100631     0.423121
 -0.00299472    0.0123168    -0.240431     0.336982    0.0441318     0.243978    -0.320225   -0.0218474     0.268871    -0.392971      0.19414    0.0186404     0.106293      0.10483   -0.0495261     -0.28153    -0.470707     0.133245    0.0774286     0.117221    -0.164735    0.0815917    0.0846949     0.113146    0.0827884     0.101027     0.274685    -0.259221   -0.0558782     -0.34911     0.189089     0.308157
    0.255155  -0.00177071     -0.24563    -0.310707   -0.0236156    -0.376973     0.501036     -0.11586     0.244318    -0.131798     0.402592    -0.311687   -0.0438532    -0.264488     0.448664      0.14407    -0.111591   -0.0688581    -0.606869     0.418395    -0.304364     0.243778     0.162446   0.00484261    -0.217756    -0.271648     0.106107     0.286675    -0.227364    0.0361283   -0.0754605    -0.234062
    0.400883    -0.354129     0.102341    -0.240996    0.0775204   -0.0205814    -0.312001    -0.198856     0.165654     0.801316     0.234422     0.232744    -0.384573       0.3583    -0.107084    -0.238299     0.074256   -0.0469499   -0.0774586     0.426408    -0.451445   -0.0497556    -0.135226     0.329753    -0.142119    -0.471465    0.0577376     -0.32438   -0.0405556     0.270517    0.0975821    -0.227683
    0.250983    -0.553873       0.0839    -0.372442   -0.0747422    -0.460849    -0.450547    0.0337374     0.576018     0.257286    -0.112727      1.23454   -0.0983445     0.477466     0.785915    -0.102293     0.115347    -0.371958    -0.430917     0.714612    -0.815655     0.367024    0.0398204     0.237504    -0.245078    -0.269365    -0.234125    -0.013704     0.797951     0.728404     0.195049     0.154344
     0.40299     0.273649     0.556707     -0.64129     0.279657    0.0329593     0.680482     0.913016     0.299065   -0.0391908    -0.312364    -0.562544   -0.0946879    -0.133964    -0.882124     0.255003     0.141753   -0.0166398     0.147918     0.382406     0.292606    -0.109741    -0.627088     0.162385   -0.0615131    -0.458543    0.0174297     0.234521      0.39814     0.110784     0.448276    0.0735639
    0.171435    0.0856273     0.358317    0.0848315  -0.00320267     0.112905   -0.0956161     0.701742    -0.550613     0.415903      0.49901    -0.394003     0.125057    -0.133091    -0.566393   -0.0175265   -0.0642909     0.394043    -0.160823    -0.626751     0.303196    -0.287469     0.117909    -0.327669     0.355034    -0.450629     0.151235    -0.073744   -0.0867086     0.073338    -0.323223       -0.138
    0.310677    -0.253617     0.405626    -0.198703     0.316579     0.112834   -0.0935634   -0.0627038     0.324795   -0.0946452    -0.161568     0.180584    -0.500193     0.118907     -0.51697     0.375121    -0.334371     0.389945    -0.536392     0.387819    -0.342894     0.500371    0.0590857      0.32826    0.0627517     0.113338    -0.657744    0.0233437    -0.115344     0.137142    -0.105893    -0.166965
    0.191585    -0.500648     0.136235    -0.175555    -0.156929    -0.172293    -0.337457   -0.0180438     0.208198     0.130209    -0.185567    0.0373675    0.0584915   -0.0262231     0.516831    -0.350549    -0.153314     0.642132    -0.797946     0.434722    -0.193065    -0.221469     0.184483     0.118695      0.60309   -0.0768214     0.405942    -0.119424     0.190773     0.151798    -0.271067    -0.128664
   -0.183882     0.283065    -0.363404    0.0131746   -0.0786399    -0.265965    -0.495839    -0.439783     0.111364   -0.0346623    -0.137528    -0.421233     0.146388    -0.266587      0.68464   -0.0703182    -0.245629    -0.195011     0.225717    0.0791391     0.697294     0.251226     0.533005   0.00605208    -0.180436     0.141566     0.053845    -0.189003    -0.168753    -0.377271     0.137705     0.142569
   0.0624121    -0.108077     0.160305   -0.0703311    0.0971835   -0.0079246     0.281413    -0.348776     -0.66211    -0.589498    -0.505736     0.256612    0.0998067     0.428584     0.236433   -0.0850351     0.269157     0.816715    -0.147335    -0.121264     -0.58077    -0.178975    -0.695699     0.130472     0.145186    0.0133446   -0.0817231   -0.0438463     0.691101   -0.0763202    -0.046923     -0.19944
    -0.27659     0.342207      0.61575    -0.386999     0.312183     0.365571     0.249099     0.662107     0.151271    -0.438133     -0.79769    -0.198091     0.251661    -0.253981     -1.37318   -0.0750469    -0.369053     0.196614     0.455811    -0.105468     0.627692    -0.213887    0.0701092     0.176743     0.398095    0.0905652    -0.318355     0.121207    -0.201983     0.172901     0.817096       -0.193
   0.0539086     -1.22128    -0.242397     -0.54326    -0.375768   -0.0272184    -0.719525    -0.582511     0.263582     0.198778     0.127008     0.473124     0.283122     0.336523     0.723133    -0.315302    -0.615399     0.515332   -0.0535281     0.598642     -0.92228   -0.0215347    0.0442923     0.541954    -0.020759     0.642324    -0.396414    -0.275554     0.342528   -0.0238828     -0.15227     -0.91701
   -0.244312    -0.417567    -0.737724     -0.27674    -0.220761    -0.306718    -0.141878     -1.18023   -0.0532875     0.501543     0.790619      0.13749    -0.182887      0.28059     0.975801    -0.225907    0.0883711    -0.544914     0.241946   -0.0227897     0.440867    -0.253844     0.260853     0.390636    0.0320602    0.0952734    -0.295065    -0.356397     0.176451    -0.327066    -0.593465     0.528604
    0.082869     0.041651    -0.373446    0.0468879    0.0783024    -0.544206    0.0902587    -0.606151    -0.290453     0.311581      0.18847    -0.283863     -0.37529      0.11963     0.123065     0.201014     0.127894       0.2574 -0.000534042     0.519766    -0.176724     0.350618    -0.360839     0.178778   -0.0590028  -0.00100415     0.234548     0.419258    -0.106537   -0.0920814    0.0779887    -0.229605
   -0.773613     0.248366     0.275669    -0.375792    0.0461696     0.103088    -0.502262     0.134666    -0.107579   0.00195243   -0.0940253    -0.439993   -0.0134337    -0.022152     -0.17026    -0.314836    -0.283104     0.241645     -0.11106    0.0424007     0.353932    -0.321444   -0.0207532   -0.0733986    0.0976682     0.224657    -0.103243    -0.414417    0.0397162    -0.174562     0.128706     -0.24474
   -0.365511     -0.50149    -0.251857    0.0486882    0.0902129    -0.230637    0.0205644     -0.58831     0.268295     0.260235    -0.189985     0.137521     0.515324     0.226561     0.147775    -0.397244   -0.0454485    0.0595666    -0.659293     0.808392    -0.105945    0.0931046     0.117748     -0.27925     0.156108   -0.0212009    0.0352861     0.412129     0.698636   -0.0373975    -0.170788     0.186039
     0.26647    -0.100389    0.0694123    -0.165855    -0.327607     0.318501    -0.251555     0.193232     0.273326    -0.474993     -0.33465    -0.047372    -0.101603     0.187206    -0.301584   -0.0491279    -0.167297    -0.291903    -0.025433   -0.0934623    -0.433484    -0.131902   -0.0258186     0.175232   -0.0898744    -0.172457    -0.168202   -0.0770096      0.17445    0.0500459    0.0519697   -0.0569709
    0.256112    -0.522737    -0.699187    -0.298408    -0.344898    -0.371537     0.244234    -0.469312    -0.128673        0.393     0.131013    -0.404684      -0.2843     0.164548      0.49046   -0.0252813    -0.204049     0.442006    -0.283519     0.365861    -0.374896     0.251143   -0.0435732    0.0694387    0.0196756   -0.0082961   -0.0270368     0.659828     0.282625    0.0569068    -0.058738    -0.431134
   -0.501373    -0.151623     0.146871    -0.290923    -0.222196   -0.0278316    -0.203626     0.394717     0.137514    -0.605933    -0.535488    0.0479838     0.182395    -0.237327    -0.557774      0.26281    -0.006172     -0.40437    0.0870837   -0.0404698    -0.121771   -0.0426917    0.0316623     0.211647   0.00322283     0.162209     0.209525     0.236821    -0.151529     0.106505    0.0901068   -0.0127601
   -0.360319    -0.225223     0.827359    -0.728211   -0.0261477     0.331338     0.462521   -0.0245946     0.454442    -0.561146    -0.884701     0.534113     0.225497    0.0172722    -0.266321     0.557152     0.127208     0.756015       -1.293     0.491816     0.304825   -0.0705503    -0.284616     0.157472      0.34011    0.0126761    -0.429463     0.638991     0.271996   -0.0871176     0.184411    -0.144402
   0.0575548   -0.0978655    -0.350885    -0.207594    -0.128505    -0.213954     0.224856    -0.263102  -0.00528349   -0.0546797    0.0767328    -0.499251    -0.295288     0.220095     0.521636     0.040195     0.422405     0.400335    -0.144721    -0.149979     0.268953   0.00430889    0.0724647     0.177269    -0.271001   -0.0599375     0.294736    -0.257529    -0.358919    -0.204667   -0.0507062     0.435483
   -0.235027     0.538636     0.384603   -0.0423209     0.104301    -0.227427    -0.112256      0.23009    -0.450254     0.246785   -0.0484094    -0.209454    -0.171593     0.166714    -0.302771     0.501013     0.101869   -0.0767918   -0.0134134   -0.0953759     0.466307    -0.080346    0.0337007      0.23542   -0.0494943     0.298106    0.0400823      0.46298      0.44065     0.179604     0.190013     0.632306
    0.100062    -0.239293    0.0341589    -0.202454    -0.429369    -0.956466  -0.00795798    -0.631624     0.123322     0.387605      0.11412     0.799213    -0.382597     0.227325     0.974008    -0.240152     0.213757    0.0931411    -0.290914    -0.119149    0.0116328   -0.0496653     0.260265     0.268817     0.157418    -0.278455     0.320329    -0.044482     0.226503    -0.268242     0.434709    -0.059154
    0.264542     0.137068     0.076917    0.0645113    0.0535796   -0.0287695     -0.17969    0.0781037     0.137394    -0.253282     0.231942     0.290769     0.242408     0.026871    0.0381505    -0.567927    -0.143166    0.0161327    -0.103475     0.049331    -0.712369     0.510436     0.619887    -0.152169    0.0235688   0.00955196    -0.249514   -0.0425231    -0.118443     0.420993    -0.268676    0.0900157
   0.0351055    -0.231402     0.424069    -0.199787     -0.26581   -0.0730869   -0.0584135     0.381524    0.0713013   -0.0645585     0.394219   -0.0977562   -0.0963877    0.0362329    -0.852601   -0.0946974   -0.0655008     0.679688    -0.214984    -0.368844     0.003208     -0.24746   -0.0395132      -0.2549    -0.404427      0.05437     0.131528    -0.236059     0.433559     0.126258     0.430592    -0.332972
    0.342487      0.56539    0.0750756    -0.273701     0.117073  -0.00562756    -0.172589   -0.0468568     0.146302   -0.0302128    -0.775831     0.338692     -0.18722     0.467669    -0.448631    -0.481042     0.602635    -0.316795    -0.207781     0.799653     -0.25818     0.732333    -0.230981     0.242452     0.140992    -0.347333    0.0511209    -0.101192     0.420413     0.675992     0.363086    -0.441552
   -0.137719     -0.25491    -0.461418    -0.323118    -0.026796    0.0506059    -0.307468     0.167555     0.207212     0.323575  -0.00932007    -0.383158    -0.259696    0.0436884     0.655797    -0.381206    -0.305884     0.330319     0.371425   -0.0218612     0.408964    -0.405195    0.0993363    -0.431726    0.0891317   -0.0311291     0.182985   -0.0344876     0.114515    -0.187652    -0.239566    -0.361261
   -0.137911     0.377907    -0.231321     0.522696    -0.411048     0.392602    -0.334526     0.379344    -0.419063     0.250242     -0.41767   -0.0030757     0.236122     0.177499     0.068492    0.0863384     0.254358    0.0883765    -0.171777     -0.73077     0.267478     0.451029    -0.276958     0.612827    0.0801674     0.303861    -0.242195     0.170675     0.149676    -0.237835    -0.373204     0.490431
   -0.331274    -0.272628     -0.52124    -0.591459    -0.262779    0.0590768    -0.197788    0.0858792     0.533042     0.307332    0.0431935    -0.416942    0.0509371    -0.249641     0.774882     0.428285    -0.400518     0.334578      -0.3091    -0.211477    0.0168125    -0.494269   -0.0776313      0.67085    -0.152577     0.199427     0.179434     0.456341    -0.145705     -0.60278   -0.0397062    0.0462712
    0.188331    -0.303091    0.0630608   -0.0941252      -0.2112    -0.129475      0.13765    -0.194067     0.148247    -0.119534    -0.330061     0.281241    0.0136243     0.279562     0.827517    -0.299135     0.199394     0.338842    -0.935886     0.290296    -0.117964     0.810668    -0.406315    0.0400578     0.135771    -0.154486     0.268597     0.135592    0.0812458    -0.246328    -0.565218     0.299314
   -0.303274   -0.0316093   -0.0140823    0.0895076    -0.265518    -0.357016    0.0306275    -0.118974   -0.0045938    0.0590481      -0.3149     0.223497    -0.485128     0.398183    0.0992372    0.0148836     -0.10476    -0.256498    0.0269052   -0.0119678    -0.210227    -0.129439    -0.465264    -0.355236    -0.161425   -0.0849843     0.128626   -0.0326655    -0.181114   -0.0917043   -0.0839674     0.414836
     0.30745    -0.536293     0.497101    -0.197962     0.418776    -0.103694    0.0833287     0.574307      0.66948    0.0550964    0.0461364    -0.154783     0.189968    -0.141907    -0.817187     0.338547     0.320472     0.443119    -0.460854      0.72197    -0.228265     0.167798    -0.255162    -0.449001    -0.138767    -0.120789     -0.44826    0.0690376     0.102229    -0.186054     0.426168    -0.341385
   -0.278675    0.0733702    0.0281068     0.436209    -0.544644     0.250245     -0.38029   -0.0357464    -0.367947     0.167681     0.403057    0.0999851    -0.239434    -0.712199      0.45495      0.22843    -0.246263    -0.932468     0.911155    -0.567878     0.501311    -0.287249     0.826871    -0.707962    0.0126702   -0.0366879    -0.174525    -0.636131     -0.41313   0.00361567    -0.450937     0.278474
   -0.650417   -0.0837939     0.318388   -0.0439835    0.0503808    -0.233514     0.182054    -0.155762     0.137672    -0.243713     0.272844    -0.173432    -0.330311    -0.173349    -0.196411    -0.184996    -0.305939    -0.130459     0.584734    -0.289416    -0.219271    -0.141713     0.439984     -0.14233    -0.260181    -0.231166    -0.357135     0.111562      0.21644    -0.152513     0.187952     0.896854
   0.0609338    -0.199262    0.0191666      0.19284   -0.0749151    -0.287197   -0.0178816      0.28918    -0.471248    -0.324796    -0.200485    -0.371431    0.0914249     0.306264     0.223838     0.141337     0.355356     0.202856    -0.105505     0.166147     0.319366      0.18655   -0.0108239     0.191153    -0.106116    0.0996861    -0.447157   -0.0880942    -0.142255    -0.517172    -0.109817    0.0281854
     0.16037     0.256771    0.0318226    0.0664006     0.173723    -0.305845     0.113879   -0.0790426    -0.673708     0.465232    -0.199683    0.0662994   -0.0205049    -0.260321     0.252896    -0.194417    -0.265087     0.124611    -0.053922     0.315763   -0.0675413   -0.0128196    -0.137031    0.0982853    -0.157354   -0.0771767     0.308024   0.00755481     0.139367    -0.266438    0.0522845   0.00484163
   -0.150908   -0.0562692   -0.0787351     0.248739     0.159972    0.0157437     0.123125   -0.0751309     0.448586      0.14083   -0.0615629    -0.846507    -0.155907    0.0406709    -0.151756   -0.0847223   -0.0906164     0.322408    -0.229544     0.419978    -0.282297     0.241889     0.123734     0.265744     0.185364    -0.106232    -0.284786     0.222372    -0.269828    -0.483901    0.0354009     0.595169
    0.031368    -0.302825     0.202169    -0.337003     0.526603    -0.234101     0.402872   -0.0464124    -0.316956    -0.617778    -0.335114    -0.189841    -0.644609    0.0465088    -0.213448     -0.06216     0.463044   -0.0217454    -0.261485    0.0134762      0.24955     0.116421    -0.315081     0.108689    -0.065263    0.0433085     0.275478    -0.214671    0.0921844   0.00241149    0.0963723     0.613391
    0.116996    -0.402559    -0.226238     0.136802     0.208196   -0.0684579    -0.363501    -0.213512    0.0650815     0.256174    -0.256445    -0.259498     0.463634    -0.234484      0.33104     0.237244     0.178894   -0.0868858     0.122599     0.154812    -0.452428     0.300904     -0.18149      0.50367   -0.0339691    -0.697957    -0.201597     0.284294    0.0657047    -0.119665    0.0142556     -0.34377
   -0.152853      0.11993    -0.112647    -0.154352    -0.400316    -0.153983    -0.343549     0.168134    0.0360471    0.0916766    0.0134666    -0.307719     0.294088     0.779759    -0.325972   -0.0586962    0.0212958    0.0583019    -0.234676      0.70227     0.727263    -0.029378     0.499659     0.146669     0.360785    -0.417582    -0.132163    -0.180016     0.715592   -0.0280134    -0.309991   -0.0924185
    0.394001    -0.219756     0.434288    -0.210038   -0.0799899     0.510309    0.0439221     0.835119    -0.235572    -0.301264    -0.356638     0.324131  -0.00880617    -0.207373      -1.5256    -0.179936   -0.0430663      0.42303    0.0392574      0.11961    -0.444082    -0.387455     0.106725    -0.134998     0.572945    0.0585904   -0.0614929    -0.146278     0.336903     0.225435      0.58163    -0.309523
   -0.102254    -0.479271    -0.235694    -0.370975    0.0212699   -0.0930429    -0.669187     0.825884     0.292545     -0.94855    -0.100152     0.208003     0.572715     0.235003    -0.118386    -0.047777    0.0970925    -0.309041     0.294437     0.182388    -0.501055    -0.238763   -0.0142848    -0.107328   0.00887812     0.196732   -0.0833579    -0.528397     0.308831     0.161755    -0.304705     0.346581
   -0.165316      -0.6821   0.00212081    -0.154439     0.172401   -0.0569627    -0.182884     -0.49813    -0.075857    0.0351915    -0.460991   0.00999772    0.0333465     0.175327    0.0520458     -0.16383     -0.18624     0.235991    -0.357582    -0.226364    -0.155877    -0.050997    0.0195209    -0.284304    -0.166645    0.0600913     0.194202   -0.0602383     0.302447    -0.268078   -0.0599996     0.395638
   0.0858301     0.514728     0.645855    -0.235246    -0.103426    -0.209931     0.900295    0.0811508    -0.356055    -0.651449     0.592676    0.0889864   -0.0541522    -0.244746    -0.944027     0.723881   -0.0834206    0.0701593     0.181974    0.0978665     0.625401     0.186879     0.112762     0.162502     0.129749   -0.0735815    -0.364563    -0.230422    -0.333502   -0.0746665    0.0613822     0.177588
    0.298445     -0.24288     0.310523     0.316922    -0.413494    0.0662961    -0.206457     0.561643    -0.110742     -0.20303    -0.354874    -0.321973     0.341948    0.0348662    -0.604129   -0.0552912    -0.170955      0.54908    -0.753906     0.732073    -0.234594     0.226492     0.568863   -0.0495656    -0.172804     0.113106   -0.0471358    -0.219765    -0.431454     -0.30503     0.110645    -0.432953
  -0.0323735     0.673287     0.278229    -0.231352    -0.257098     0.121192    -0.139047     0.525081    -0.537334    0.0311764     -0.66885    -0.393203   -0.0939631     0.528845    -0.109887     0.272529   -0.0512006    -0.297973     0.129769    -0.532636     0.839729    -0.496786     0.405377      0.17222    -0.424788   -0.0295018   -0.0863677    0.0370589    -0.529649    0.0120257    -0.226995     0.318006
  -0.0235764   -0.0960102    -0.629671     0.342047    -0.165638       0.1529    -0.210714    -0.683748     -0.13736     0.532023    -0.123151    0.0948691     -0.26576    -0.314594     0.521151     0.299476   -0.0383079    -0.224414    -0.197877     -0.20347     0.251692   -0.0539834     0.243761    -0.632845    -0.422414     0.399923     0.222757    -0.388498    -0.957186    -0.120506    -0.514039    -0.480937
    0.261821    -0.973274     0.165273    -0.286543     0.190004   -0.0175423    -0.521492   -0.0235052     0.281929    -0.526088      -0.4812     0.679618     0.119729    -0.174655    -0.168152   -0.0450912    -0.305304  -0.00900836    -0.590422    -0.338636    -0.557838    -0.494626     0.966696    -0.321915    -0.653264     0.192932    -0.299891   -0.0878628     0.653799 -0.000261487    -0.410497     0.107441
  0.00250711    -0.337936     0.996634    -0.306347     0.528005     0.117656     0.143896     0.419065     0.314881    -0.299641    -0.600079     0.415544    0.0696549   -0.0900587     -1.93976    0.0599279    0.0891926     0.334877    -0.442702     0.300568    -0.448325     0.186237   -0.0286924    -0.313704     0.100021    -0.380965     0.531643   -0.0228682      0.33633     0.553751     0.508349    -0.642521
    0.196698    -0.559253    -0.113403    0.0878137     -0.17635     -0.13616    -0.228932    -0.348279     0.681557     0.219107    0.0438859   -0.0556176     0.225958    -0.413418  -0.00493982   -0.0837937     0.296657     0.151821    -0.398652   0.00243422    -0.747992  -0.00605481    0.0600342    -0.139694    0.0590645   0.00955362    -0.267334    -0.271831      0.30042    0.0151938    -0.156393    -0.198301
   -0.336805     0.101159    0.0265145     0.273793    -0.302781    -0.200942    -0.155291    -0.427967     0.250884      0.43297     0.182091     0.331105    -0.169723   -0.0611489     0.577765    -0.230507     0.176309     -0.31929     0.389385    -0.249529     0.194037    -0.107756    0.0355061     0.434349    -0.131213    0.0828731   -0.0637002    -0.412658   -0.0181981     0.346662    0.0488872   -0.0473196
   -0.615774    0.0614028    0.0240276    -0.214595     0.447343     0.204329     0.105171    -0.229832    -0.165447     0.424724    -0.227635    -0.453473    -0.251498     0.114153     0.237528    -0.216267      0.06747     0.202471      0.32442    -0.214388   -0.0308029    -0.406356    -0.305385    -0.339726    0.0488213    -0.395135     0.278248     0.172328    -0.171409     0.184257     0.182039   -0.0441637
    0.344397    -0.551792     0.732982     0.284644     0.361931     0.131246     0.561939     0.844975     0.132012    -0.998511    -0.116231   -0.0713723    0.0135702   -0.0621787    -0.729382    0.0228008    -0.191963     0.369532    -0.295551      0.02918      0.15062     -0.54292     0.270074    -0.356729    -0.437917    -0.500381    -0.170707     0.390879    -0.116328     0.396884    -0.274001   -0.0843723
   0.0838712    -0.411778    -0.139209    0.0225535     0.141812   -0.0768352     0.240016      0.14532     0.270477   -0.0965015   -0.0905392   0.00461727     0.169889      0.10273     0.120154    -0.722022   -0.0920659     0.124095    -0.206788     0.274503    -0.493936    0.0255799     0.221945    -0.545762     0.155924    -0.119235      0.33092    -0.184251    -0.275833   0.00514162    -0.213134     -0.15964
    -0.18171     0.381892     0.853168    -0.134059    0.0683441     0.732467    -0.142722      1.13104     0.383552    -0.228937    -0.111979    -0.466684    0.0694563    -0.108409     -1.38533   -0.0307251    -0.365255    -0.145391    0.0464022     0.102806    -0.229645    -0.536163       0.3795    0.0534642    -0.091452    -0.155155    -0.375147     0.159293    -0.379497     0.102289     0.299552    -0.331952
    0.292702     -0.68854   -0.0561683    -0.622951    -0.156712     0.582216    0.0175649    0.0816525     0.694284    0.0893534    0.0546888    -0.167669     0.468587     0.144899    -0.540187    0.0210943    -0.289596     0.207509    -0.425676     0.697251    -0.163238    -0.529414     0.745315    -0.365771   -0.0947782    -0.301839     0.190937    -0.157433    -0.176863    -0.141363    -0.554473    -0.210698
   -0.652297     0.487885    -0.676129     0.344964    -0.523928    -0.134337    -0.412826    -0.309619     0.117327     0.326766     0.119265     0.510897     -0.37602    -0.279959      1.32416   -0.0714699    -0.267331    -0.856725     0.641779  -0.00949229    -0.370965    -0.881742     0.124922     0.199805   -0.0117958     0.115858     0.452961    -0.609605   -0.0350327     0.184689    -0.111435     0.456656
   0.0482588    -0.468753    -0.129018   -0.0724811    0.0360467    -0.109049    -0.243906     0.271831     0.176732       0.2763      0.36628     -0.13244    0.0108615    -0.369069    0.0589114     0.253975   -0.0982536     0.592446     0.143356     0.368692    -0.639062    -0.101057     0.058215    -0.346517     0.169763    0.0424352     0.351435    -0.310383    -0.122915    0.0852322    0.0449624    -0.467164
     1.02531    0.0613651    -0.319082    -0.868229    -0.705694     -1.21425    -0.455219     -1.08293    -0.183596      0.59024     0.444479      1.58838    -0.294046    -0.107828      1.32058    -0.184843     0.142442    -0.751853      0.52532   -0.0920227     0.241929     0.681392    -0.398253     0.219558   -0.0189687    -0.677531   -0.0891596    -0.246348     0.704741    -0.708525     0.588242   -0.0482691
    0.597512    -0.533056    -0.291465    -0.202379    0.0627247   -0.0340406     0.441074    0.0190341     0.399513    -0.546274   -0.0250558    -0.024905     0.099481    0.0754243    0.0661508    -0.190862     0.277996     0.314825    -0.458463     0.142751     0.288881      0.42229    -0.482743    0.0953722     0.189823    -0.477494   0.00935427    0.0668518    0.0996885   0.00177675    0.0466065    -0.332538
    0.318153    -0.253323    0.0026944    -0.335468    0.0667692     -0.33026     0.123725    -0.025011     0.420028    -0.452016    -0.538758     0.253334     0.134686    -0.253404    0.0316158    -0.247318      0.71256     0.174644   -0.0202645     0.318804    0.0547342     0.515846    -0.466924     0.100733   -0.0108212    -0.287043    0.0768516    -0.148969     0.427847     0.337046     0.485648   -0.0618988
   -0.922665    -0.152297    -0.924222    -0.423527    -0.124814    -0.140372     0.055395    -0.567685     0.104279    -0.101618    0.0566608    0.0393208    0.0792467    -0.108079      1.06863    -0.269665    -0.346161    0.0138895     -0.24665     -0.25705     0.125768   -0.0585489     0.270104    -0.270855     0.123504    -0.405835      0.67506     0.138545    -0.785693   0.00761482    -0.374675   -0.0771341
   -0.294194    0.0960117    -0.773863    -0.362754    -0.327951    -0.198267    0.0733713    -0.998161    -0.158993    -0.816114    -0.382047   -0.0427568    -0.126357     0.127812      1.07578     0.037414     0.302176    -0.138921      0.48204     0.554262     0.436647     0.140848    0.0433965     -0.17046   -0.0685286    -0.505939   -0.0460176    0.0440744    0.0689482     0.200753    -0.403076     0.168537
    0.588153    -0.259797     0.906625    -0.720587    0.0779948     0.465434     0.649947      1.04171   0.00715488    -0.829263     -1.03651    -0.115648     0.382154     0.200968      -2.0422    -0.365276     0.573597     0.822421   -0.0843098    -0.239259    -0.329673     0.293929    -0.875236     0.239627    -0.296088    -0.621882    -0.338414      0.88663     0.329374    -0.064101     0.610743    -0.769055
    0.852822   -0.0896979    -0.191538     0.119121  5.80318e-05    -0.149416     0.175325      1.06589     0.541179    -0.237737    -0.284173   0.00224209     0.560377      0.37994    -0.347571     0.192067     0.252217    -0.635493    -0.615324     0.272422    -0.703524     0.320446    -0.537198     0.653193    -0.193445     0.434579   0.00551246     0.199199    -0.569927    -0.203899    -0.483005     -1.37909
    0.197844     0.303014    -0.112905   -0.0902598     0.218299    -0.124245     0.357014    -0.205407     -0.31177    0.0242408     -0.25179    0.0224813    -0.113714    -0.224269    -0.143901     0.346982    -0.022144     0.250193     0.142545     0.574799     0.111857    0.0721377    -0.351753     -0.33752    -0.265106     0.227179      0.12074    0.0958989    -0.202041     0.132409     0.221344   -0.0785065
     0.20285     0.385012    -0.433108    0.0970964    -0.597824     0.172375  -0.00832861     0.188985    -0.116945    -0.145654   -0.0396716   -0.0838104      0.41466      0.16261       0.3708      0.13355   -0.0218631   -0.0620402     0.325543    -0.949781    -0.155223    -0.423207     0.534137     0.287196    -0.016784     0.045608     -0.26901     -0.44493    -0.391667    -0.192548    -0.211959    -0.204174
    0.129678   -0.0863974    0.0861262   0.00115901    -0.104997    0.0668366    -0.141788   -0.0861677    -0.156652   -0.0181614    -0.275605   -0.0861237      0.16317   0.00907535     0.844827    0.0308863    0.0713094     0.174709    -0.442403     0.107701    -0.173312    0.0123847    -0.406604    -0.111568    -0.181797   -0.0950425      0.24184    0.0159446   -0.0146116    -0.497139    0.0219849    -0.192427
    0.761806    0.0118291   -0.0779474     0.143216      0.45879    -0.251564    0.0349711     0.128741      0.46039    0.0751728     0.273537     0.374165    0.0986993     0.242241    0.0693501     0.221181     -0.20687     0.309161    -0.991066    0.0349603    -0.755638     0.021921    -0.253441    -0.199823    0.0816088    -0.171644     0.554909    -0.175088    -0.103424    0.0457267    -0.169475   -0.0357077
     0.39782     -0.18614    0.0741161    -0.168247     0.329373     -0.11164     0.693218    0.0394237    -0.129978    -0.120477    -0.568424    -0.290687     0.190233     0.235838    -0.155328     0.412455     0.126794    0.0517922   -0.0513846     0.288823   -0.0342508   -0.0135478    -0.386438    -0.150894   -0.0766682    -0.446443    -0.318828     0.343371    0.0380509     0.260784   -0.0241082    0.0380488
   0.0241027    -0.308394     0.334042    0.0336134     0.144452  -0.00901797     0.196555    0.0762962    -0.643522      0.45126    -0.127025    -0.404137    0.0486876  -0.00981765    -0.248919     0.141759   -0.0106019    0.0151888      -0.1802     0.168048     0.378685     0.393706     0.190675    -0.198233    -0.173464    -0.428833    0.0387033   -0.0054496    0.0072341    0.0388789    0.0952922    0.0620689
    0.166845   -0.0749129     0.349697     0.239498   -0.0550627    0.0117893     0.292533    0.0634741  -0.00987827    -0.112226   -0.0978302     0.226879     0.350907     -0.14638     -1.37635     0.297259     0.414697     0.312384    -0.359131    -0.162059   -0.0842861   -0.0936001    -0.113264    -0.329491   -0.0518966   -0.0548048    -0.319415  -0.00645447     0.247166   -0.0295259     0.333308     0.239828
