  -0.224955
   0.626525
   0.577087
   0.105731
  -0.210589
  0.0153808
  -0.139779
  -0.278982
  0.0322208
   0.487885
  0.0642989
   0.257164
  -0.987622
   0.315267
  0.0732077
   -0.52738
    -0.1903
   -0.61403
   0.296126
     0.2961
  -0.358204
    -0.8981
   0.528041
   0.156961
   0.141144
  -0.325574
    0.68839
  -0.295878
  -0.292996
   -0.53403
   0.331804
   0.867163
  0.0674347
   0.445151
  -0.527562
  -0.258503
 -0.0897524
   0.145105
  0.0391625
  -0.294216
   0.238971
-0.00612589
 -0.0982989
   0.236216
  0.0287547
  -0.269043
  -0.574667
   0.471267
   0.570153
   -0.60389
   0.602449
  0.0402221
   0.149546
  -0.266206
  -0.351708
  -0.413879
   -0.50914
  -0.333712
    0.49196
  -0.509893
    0.17911
  -0.184987
   -0.38595
  -0.996322
  -0.469579
  -0.226851
  -0.855172
  -0.278316
   -1.38681
   0.289336
  -0.438524
   0.169471
   0.354994
  -0.424414
  -0.093677
   0.120656
  -0.543345
    1.03775
  -0.638504
   0.131099
    1.09947
   -0.19278
   -1.07388
  -0.657731
  0.0783058
    1.04527
     0.4559
   0.206957
  -0.275393
  -0.559791
  -0.147593
 -0.0511451
 -0.0820578
  -0.220262
  -0.753693
   0.661941
   0.141119
  -0.302857
  -0.203672
  -0.628596
   0.780396
   0.324665
   0.850651
   -0.57893
    1.08343
  0.0942535
  -0.243445
   0.611681
    1.73012
   0.162214
  -0.133986
   0.506273
   0.941263
  0.0293496
  -0.151251
   0.198364
  -0.216719
   -1.24484
   0.478251
    0.49073
  -0.289826
   0.234409
  0.0895748
  -0.616042
   0.563444
  0.0751611
  -0.360133
  -0.254563
