    0.351669    -0.433592     0.106151     0.439638     0.392839     0.171709    -0.442872     0.132634    -0.109989     0.278253    -0.103248    -0.101906     0.158795   -0.0081134      -0.2015   -0.0655769     0.156379     0.484566     0.122063     -0.15233    -0.189093    -0.218989    -0.179796    -0.176498    -0.542894     -0.09913     0.418449    0.0252401     0.252411    0.0889662     0.197646  -0.00530718
    -0.13744   -0.0660279     0.107578    -0.260351     0.605284     0.367599    -0.278648     0.284092      0.21812   -0.0670133    0.0698451   -0.0354995    -0.037083    -0.427004    -0.197056    -0.534473   -0.0204488     0.306852      -0.2365    0.0691347      0.43718    -0.291055    -0.956552    0.0834857      0.19895     0.267565    -0.453054    -0.127182    -0.344945     -0.39997    -0.378344    0.0755526
    0.265273     0.087689    -0.397889    0.0525137    -0.197261    0.0319814    -0.142787     0.261353    -0.141811   -0.0068318    -0.265295     0.253358     0.155739    -0.299958     0.317131     0.109911    -0.321944   -0.0253332     0.135729    0.0598467   -0.0599558   -0.0315843     -0.12634     0.146289    -0.229722    -0.319597     0.094328    0.0869061    -0.100422     0.110678   -0.0832195     0.038471
   0.0306342     0.162354     0.131164     0.116548    -0.128078    0.0158753    -0.282629   -0.0495418     0.064785    -0.336569     0.144922     0.157335     0.288807    -0.213213     0.147653     0.306501    0.0971341     0.250102     0.283481     0.380774      0.16738    -0.156965    -0.595679    0.0549175    -0.210604    -0.281533    -0.157095    -0.188233   -0.0330149     0.125626    0.0276682   -0.0287794
  -0.0860566    -0.172311     0.180439    0.0663177     0.161719    -0.134964     0.199831   -0.0639072    -0.392399    -0.374497    -0.125089     0.212562   0.00835821    -0.221503     0.187414     -0.13659  -0.00909024    -0.119307     0.242998    0.0499806    0.0939798    -0.230896    0.0505975     0.195984     -0.14557    -0.337646    0.0645798    0.0852466   -0.0175121    -0.252964  -0.00276922     0.273927
  -0.0516201     0.228566   -0.0857017     0.202785    -0.188725   -0.0886044     0.144843    0.0533997     0.131252   -0.0270475    -0.412929     0.365985    -0.151991    0.0741956   -0.0189367   -0.0942418    0.0928538   -0.0352304    0.0528889    -0.072844    -0.149145     0.150241     0.276903    0.0257091   -0.0129494    -0.254005     0.371388     -0.29454    -0.198738    -0.272141    0.0910089  -0.00344312
   -0.115089     0.169254    -0.109254      0.16452     0.213449    -0.289803    -0.258532    -0.276723    -0.242515   -0.0808984   -0.0630966   -0.0470604   -0.0803383    0.0959772    0.0354606     0.149571     0.155894     0.266022    0.0625201    0.0350974      -0.1623     0.166479    0.0990602    0.0646758     -0.34192  -0.00022002     0.011957    0.0720036    -0.136832    -0.280992    -0.302504    0.0388485
   -0.492303     0.185912    0.0936985     0.257902    -0.415001   -0.0790794   -0.0611327     0.110225    -0.146158     0.113937     0.180976    -0.291511    -0.173632     0.225953   -0.0105763    -0.178174     0.373871     0.162693   0.00889724     0.260653     0.436315    -0.101033    -0.226887     0.206093    -0.129597    -0.178117    -0.182526    0.0819565     0.245526    -0.142092    0.0786745    -0.140658
   0.0146944  -0.00816381     0.231229    0.0472057  0.000952251   -0.0568936    -0.219307    -0.124502     0.251941      0.15966     -0.12008    -0.151708    0.0155359    -0.291537    -0.339594  -0.00736959   -0.0250582   -0.0817339    0.0231377     0.157257  -0.00942353   -0.0773317    -0.318149    -0.256995    -0.277352    -0.126846     0.149139     0.644997     0.218452   -0.0047016  -0.00492903    -0.142243
   -0.188825    -0.521058     0.100402    -0.208144     0.500215   -0.0280398     -0.06838   -0.0262005     -0.30132     0.367404     0.250089     0.545085    -0.682828    0.0929086    -0.188284    -0.180985    -0.438842     0.269242   -0.0571039     0.115917     0.268778    0.0737567    -0.177591   -0.0772431    -0.146516     0.498592    -0.530977     0.156597    -0.137272     0.117629     0.355051     0.184361
   -0.263966    -0.496091     0.180473   -0.0390926     0.153615    -0.165513      0.21653   -0.0283731    -0.068294   -0.0313433    -0.240264    -0.720538     0.420713    0.0324424     -0.17487     0.232558    0.0233035     0.444809      -0.5162    -0.124187     0.128803    -0.294076    -0.529507   -0.0516407     0.271089     0.138783    -0.211763    -0.187845     0.190207    -0.240171     0.102259    0.0496565
    0.400222    -0.574011    -0.260033    -0.115936     0.771651      0.74574    -0.137356    -0.176755   -0.0583444    0.0952886     0.403393    -0.275089     0.103853    -0.569114    -0.289623    -0.251007    -0.409753     0.369816    0.0510526     0.539875    -0.203242    -0.520505    -0.191712    -0.118013     0.202139    0.0100363    -0.164597   -0.0585634    -0.244421    -0.418013   -0.0530078     0.706214
   -0.285337    -0.158541     0.456642    -0.318888    0.0858248   -0.0933892     -0.25886     -0.42167    -0.271586    0.0403603    -0.196434    -0.158712   -0.0646407     0.292601    -0.313581    -0.222779     0.117839     0.101041     0.127414     0.157581   -0.0980826     0.320684     -0.41914    -0.484196   -0.0361515     0.163975     0.233207    -0.201762     0.064591   -0.0597733    -0.201045     0.190867
    0.180884    -0.543193    -0.401713      0.41519     0.257829     0.287585    -0.413015    -0.379482   -0.0292146     0.268451    -0.115276     -0.27404     0.112214    -0.186335   -0.0469232    -0.166597   -0.0758781     0.134034    0.0752188   -0.0583819    -0.204972 -0.000670604     0.222424    -0.111655   -0.0165623     0.038583     0.430453     0.465106     0.409752   -0.0335139   0.00422219      0.40131
   0.0538752     0.066501      -0.4745    0.0205946   -0.0500397     0.143992   -0.0827893    0.0795329    -0.173496   -0.0935051     0.106001    -0.234441    0.0991298    0.0418491     0.224505    -0.140654     0.156874  -0.00902981     0.126063     0.259131   -0.0409589    -0.257093     0.190999     0.280617    -0.297054      0.18508    0.0257379     0.361454   -0.0906333   -0.0909507   -0.0155096   -0.0376903
   -0.372345   -0.0966571   -0.0783917     0.121183      0.30032     0.101599     0.137533    0.0385836    -0.328313     0.401629     0.340695     0.250783   -0.0561415    -0.124156    0.0851655    0.0194812    0.0742857     0.236538     0.129978     0.190029    -0.285703  -0.00304307    -0.312052    0.0374882    -0.135314    0.0580884     0.247044    0.0832832   -0.0248448    -0.230204    0.0424245    0.0381371
   -0.460975    -0.373637    -0.258827   -0.0841116    -0.164274     0.112301    -0.373745   -0.0235867     0.052566    0.0200176     0.208929    -0.279908    -0.198937    -0.753817     0.236523    -0.434052    -0.142573     0.384052    -0.210817    0.0183472     0.264125    -0.225921    -0.313508    0.0491164    0.0861154    0.0101121    -0.244163     0.381299   -0.0993104    0.0908163    -0.247161    -0.346069
    0.501192   -0.0471284    -0.521565   -0.0255688     0.167458     0.181416    -0.272528    -0.348895     0.180618     0.144506   -0.0552845    -0.478592      0.54261    -0.411197   0.00928839    -0.189947    -0.194686     0.591252      0.32125    0.0743374     0.228026 -0.000952208    0.0121996    0.0749797   0.00310351   -0.0676711    -0.354974    0.0107294    -0.180899    -0.148197     0.188076     0.206674
   0.0127457    -0.244714    0.0940845    0.0329066     0.199222      0.36685     0.191859    -0.103023    -0.265776     0.138915     0.282039     0.116722     0.271303    -0.313142    -0.142643    -0.204509    0.0364997     0.241273    -0.194442    -0.108708    0.0942302    -0.302947     0.157922     0.238173    -0.235722      0.47061    -0.106189   -0.0888728  -0.00256939    -0.169801     0.152979    0.0965193
    0.198356   -0.0183972    -0.202206    0.0382692    -0.247851    0.0852615     0.128585    -0.165016    0.0580121  0.000550149     0.342048   -0.0889435    0.0512441     0.120956   -0.0454928     0.128665     0.159282    0.0124931     0.348429    -0.169677     0.115824     0.164771      0.36301    0.0295057    0.0392176    -0.115191    0.0251362  -0.00289437    -0.282853    -0.275722    -0.115612   -0.0451374
  -0.0333909    -0.180059     0.179416    -0.421326     0.146472     0.141616     0.318844    -0.418919     0.470447     0.251039     0.789378    -0.276642    -0.371494     0.016285    -0.185383    -0.259191    -0.277278     0.388985     0.139837    0.0456686     0.104257     0.214757     0.293028    -0.131658    -0.278876    -0.208431    0.0820457    0.0947986    -0.120218   0.00439246     0.188174   -0.0596148
   -0.190413    -0.158788     0.288119     0.587153    -0.175483   -0.0144488    0.0516516    0.0544103   -0.0586367     0.215795    -0.020132     0.126582     0.458279     0.301119     -0.33832    -0.174391     0.142246   -0.0636321    -0.596431    -0.241879     0.330121   -0.0828241   -0.0548732     0.530188    -0.189833     0.173461     0.409522    -0.230755   -0.0149494     0.559005     0.123489     0.016031
   0.0231722     0.222837      0.31761     0.655867     0.314733    -0.195666    -0.322167     -0.51096     0.385944     0.199291   -0.0857717    -0.241793     -0.24776    -0.158982    -0.286203     0.397893    0.0417492   -0.0534168    0.0156972    -0.184492    -0.104856     0.269664     0.164111    -0.163094     0.183397     0.233758   -0.0222176    -0.280409     0.163072     0.109008    0.0950489     0.129087
   0.0915404    0.0301581    0.0245721    -0.149945     0.172173     0.153536     0.271491    -0.140197     0.325303      0.36404   0.00832966    -0.212106   -0.0757422    0.0673833    -0.189917    -0.126352     0.147838    0.0560226   -0.0674191    -0.385426   -0.0634436        0.263      0.60242     0.478927   0.00420831     0.413602     0.261895     0.278267     0.302953     0.194765     0.161695     0.197216
   0.0159837   -0.0963456     0.409688    -0.464076      0.19368    -0.203712    -0.451494    0.0719207     0.171098     -0.30532    0.0168172    -0.386683     0.572357    -0.142104     0.342441    -0.133319     0.386461   0.00691188      0.16591    0.0789161    -0.035138    -0.349146     0.138536     0.336153     0.355441   -0.0864194    -0.191771    0.0170587     0.256299    -0.122168    -0.180155    -0.420844
   -0.115548    -0.390885     0.199483     -0.13747   -0.0995129     0.994428    -0.516854  -0.00915148    -0.269851    -0.304681    0.0458292    0.0102819    -0.445739    -0.323839    0.0054146    -0.630847     0.255502     0.275275   -0.0147354     0.471133     0.145351     0.136798    0.0307978   -0.0832249     0.085529    -0.386049   -0.0425801     0.299828     0.363421     0.147127    -0.155854  0.000489982
    0.146941    -0.359415    -0.284429     0.421049     0.331371    0.0522302    0.0519303    -0.126922     -0.15126      0.17236     -0.20377    0.0298698    0.0128353     0.136016    -0.466977  -0.00462759    -0.078892     0.242922    0.0391288     0.121439    0.0488727    -0.347898     -0.48913     0.103611    0.0592199    0.0905454   -0.0965213    0.0106191    0.0463744    -0.594314   -0.0547087     -0.27207
  -0.0305363    -0.333192    -0.152734    0.0746011     0.379748      0.26974    -0.307948     0.313025    -0.239713    0.0879344     0.176765     0.322374    0.0558766    -0.287758    -0.156663     -0.28373    0.0148887     0.187168    -0.145114    0.0662207     0.183757    -0.145975    -0.494357     0.384852    -0.118668   -0.0192997  -0.00970366     0.108889    -0.143468    -0.307089    -0.385676     0.195554
   -0.107918     0.103131   -0.0133169    0.0485074   -0.0261734    -0.409149   -0.0978364    -0.141434    -0.186426      0.33629    -0.127538    -0.410408    0.0771771     -0.45051     0.143948     0.212157   -0.0931244     0.295402   -0.0191478     0.192781   -0.0781661    -0.156181    -0.181025    0.0082275    -0.299733     0.195433    -0.316216     0.214099   -0.0965433    -0.128039   0.00423467    -0.224673
    0.403643    -0.433582    -0.713496     0.241129     0.227193    -0.177632      0.14673    -0.180824    -0.075053    -0.126028   -0.0335712    0.0278324     0.154488    -0.181253     0.159667    -0.039875   -0.0123949    -0.342708   -0.0717215      0.20324     0.257648    -0.419249     0.160656    -0.362665     0.595202     0.186408    -0.503563     0.255268     0.133371     0.250428    -0.202941   -0.0645093
   -0.175798    -0.269108       0.1417    -0.207084   -0.0572469   0.00219897    -0.692055   -0.0739456    -0.401891    -0.100271    -0.262316    -0.446973   -0.0645338    -0.338865     0.399399    -0.243091     0.475619     0.632718    -0.140135    0.0371786    -0.105759     0.424935   -0.0716685     -0.32365     0.150678     0.472574   -0.0521836    0.0199097     0.306606    -0.300472   -0.0258378     0.248109
   -0.316085   -0.0125959     0.473503   -0.0162455    -0.400799    0.0599367    -0.537712    -0.198545    -0.183736    0.0855822    0.0586661    -0.178793   -0.0765002    0.0652656   0.00486346    -0.166749     0.173628     0.384403    -0.258787     0.273408     0.523239     0.291836   -0.0835688     0.325312    -0.364456   -0.0188237   0.00346577    0.0770142   -0.0288063    -0.476363    -0.152959    -0.316876
   0.0979454    -0.255057     0.546136    0.0472591     -0.24704     0.325472    0.0213002    0.0120171     0.133539   -0.0949316    -0.226811     -0.07504    -0.409614    0.0459531   0.00538961    -0.102242    -0.123399   -0.0389019    -0.386718     0.326116   -0.0611571     0.437023    -0.327735    -0.163213   -0.0675968     0.177775    0.0270422    -0.124095     0.073754    -0.159439     0.158266    0.0266454
    0.144686    -0.115565     0.125682     -0.45121    0.0736146    -0.290086    -0.381449    -0.195125   -0.0733621    -0.563077     0.098826    -0.480635   -0.0529134   -0.0880961     0.235553    -0.504226     0.103597    0.0254554    0.0735216     0.494278     0.370528     0.288691    -0.224836     0.168491     0.103116   -0.0471633     0.273426     0.175471   0.00109885   -0.0868039     0.301359    -0.122223
    0.192478    -0.135262    -0.528917    -0.409566    0.0249645     0.576699    -0.168096    -0.209631   -0.0580948      0.51106     0.296935   -0.0112085    0.0593259    -0.608453     0.403026     -0.49638     0.230098     0.188976    -0.123136     0.417219     0.205878   -0.0241836     0.184254     0.592871    -0.298166     0.239743    -0.188052     0.429268   -0.0837068   -0.0996237     0.172621    -0.319984
   -0.210813    -0.546722    -0.226155     0.133257     0.190443     0.209127    -0.170058    -0.123931    -0.399069    -0.286097    -0.240028    -0.133932   -0.0458866    -0.240089   0.00562564    -0.220109    -0.259557     0.311153    -0.229236    -0.410195   -0.0385894    -0.197529      0.39118    -0.103875     0.111579     0.355021    0.0269546     0.138288    -0.258727    -0.118001    -0.162039    -0.340876
    0.549521    -0.146984    -0.643727    -0.083716     0.301448     0.862539     0.352302    -0.123351    -0.551333     0.012666      0.67455    -0.393221    -0.446489    -0.384062     0.223099    -0.207667    -0.388202     0.290997    -0.389146     0.155535     0.252407    -0.445729    -0.220791    -0.233775    -0.104351  -0.00154543    -0.466063    0.0915854  -0.00109461    0.0308949     -0.43372     0.334377
    0.236658     0.137417  -0.00506773      -0.2868     0.110748     0.111436     0.292769    -0.222122     0.147809    0.0740937    -0.017941  -0.00671525     0.252917     0.252555     0.176937   -0.0259023    -0.393664    0.0180098     0.113165    -0.205774     0.208041     0.218575     0.776983    -0.217133 -0.000757056    -0.212619     0.177485     0.138188    -0.274514    0.0448039   -0.0503025     0.137299
   0.0750175     0.104374     0.279777    -0.416484     0.363507   -0.0517759    -0.248643    -0.339807    -0.233255    0.0641022    0.0405632    -0.397597     0.296493  -0.00923956     0.151289      0.14234    -0.346023     0.156754  -0.00166922   -0.0898403    -0.295997    -0.311234    -0.216799    0.0570596    -0.167954    0.0576912    -0.325167     0.284856    -0.182895   -0.0796497   0.00504939  -0.00453442
  -0.0544312    0.0952294    -0.348552     0.113814   -0.0505409   -0.0489189   -0.0236158    -0.040563    -0.601659 -0.000790433    -0.164491    -0.385839   0.00406589     0.255063     0.025842   -0.0470744     0.013897     -0.12896    -0.124177     0.131889    -0.222698    -0.119989     0.112463    0.0550036     0.263728     -0.17039     0.234279     0.424274     -0.13922    -0.416937    -0.393373     0.337852
 -0.00439667    -0.127081     0.319832    -0.268281    -0.145077   -0.0741606    0.0899998    -0.179759      0.23429    -0.188815    0.0454304    -0.381124       0.1975   -0.0340089     -0.09771   -0.0894502     0.026056    -0.153579    -0.125647     0.272067     0.295993   -0.0899463     -0.21123    -0.218473     0.279573   -0.0733112    0.0250499     0.116485    0.0434155     0.197722   -0.0372238    -0.357132
    0.300749   -0.0948564   -0.0812909    -0.237784   -0.0738024    -0.119602    -0.371998    -0.336688      -0.1842    -0.188026     0.122206    0.0411392      0.13033    -0.149971     0.346554    -0.136139    -0.323256     0.117297    -0.269181     0.266095    -0.180535      0.13819     0.521533     0.150266    -0.196796   -0.0187896     0.175504   -0.0746868    -0.388452    0.0996631    0.0313789    0.0272575
   0.0683682    0.0996646    -0.138461   -0.0612841    -0.128234   0.00106709    -0.140104     0.117916     0.203911     0.230389     0.131122    -0.219942    -0.218367      0.02408    -0.318046    -0.343189     0.355088   -0.0297079   -0.0386979   -0.0904306     0.432027    0.0743411    -0.239095    -0.182871    0.0560007    0.0676063    -0.122656     0.021714    -0.449249    -0.120022    -0.010692     0.268521
   -0.396773    -0.198357     0.284304   -0.0656843   -0.0906365    -0.225257   -0.0398793    0.0710733    0.0212081    -0.407367     0.281281    -0.481512   -0.0900243    -0.151749     0.328915    0.0405603     0.199805    -0.165605     0.133121   -0.0242582     0.285109   -0.0669357   -0.0646232    -0.118195    -0.276985    0.0559592    -0.231882  -0.00795403    0.0508234    0.0417219   -0.0645059    -0.049322
   -0.165484    -0.284564    -0.773314    -0.219821     0.619654     0.284259    0.0783542     0.131584    -0.174926    0.0580056     0.279627    -0.278543     0.156794     0.119974    -0.182213     -0.58122    -0.450693    0.0595586    -0.451223   -0.0247749     -0.12956    -0.386401    0.0262202    -0.103119    0.0989555   0.00526104    -0.375338    0.0337373    -0.231091     0.113598   -0.0989958   -0.0477216
   -0.222958     0.124862     0.445403   -0.0861291    0.0357519    0.0509887    0.0230829   -0.0718008    -0.243675    -0.076753    -0.205271    -0.237799     0.162203    -0.112097     0.181952    -0.285654     0.224025     0.462108    -0.224388     0.186656    0.0743588   -0.0697958    -0.221715    0.0558626    -0.186357    0.0604988    -0.116854    -0.227165   -0.0407127    0.0816662    -0.163261    -0.298869
    0.392868    -0.257709     -0.45005     -0.10737     0.409063    0.0233501    -0.331333    -0.213031   -0.0350392    -0.276581    -0.252836     0.505716  8.74373e-05     -0.18141     0.307581   -0.0680365    -0.152043     0.477134    0.0876437     0.585861    -0.158459    -0.767863     -0.33473     0.297816     0.475432    -0.378049    -0.331185    0.0140749    -0.291468    -0.447625    -0.087273    -0.135884
    0.216509    -0.290059    -0.231801     0.092613      0.86542     0.399991     0.567861    -0.487388   -0.0345255     -0.19146     0.153659     0.341647     0.206896    -0.572264    -0.212493    -0.348387   -0.0769386    -0.357133    -0.592423     0.281178    0.0244045    -0.257921    0.0487307     -0.17334   -0.0528742     0.253118    0.0982295     0.179336    -0.594225      0.31343     0.409921     0.506324
  -0.0417787     0.370953    -0.109871     0.132043    0.0559706    -0.128569   -0.0881279   -0.0130466     0.189689    0.0266173   -0.0464226    0.0135138     0.232896   -0.0916211      0.12862     0.389688    0.0482193     0.147611     0.202932    0.0282097     0.149536    -0.176257     0.260429     0.119866   -0.0741443    -0.249491     0.164097     0.245247    0.0762292     0.107969     0.184608     0.258408
   -0.318882     0.300115   -0.0262021   -0.0179584     0.119452    -0.202136    -0.463632     0.156104    -0.269889     -0.10503    0.0110547     0.370729    -0.199404    -0.158121    0.0310748    -0.137944    -0.107617     0.218577    -0.135076     0.174669     0.282421     -0.14207   -0.0982832    -0.417358    -0.088235    0.0402083   -0.0320875      0.13596    -0.079913     0.403947   -0.0437869     0.509306
   -0.449885    -0.302367   -0.0169891     0.520071     0.102234     0.497603    0.0819101   -0.0740032    -0.301092    0.0860379    0.0168415    -0.564513     0.382771    -0.263795     0.335757    0.0928279      0.14985     0.377497     0.134128    -0.262686    0.0919221    -0.541678    -0.488545    -0.022836    -0.239177     0.251785  -0.00520841     0.567049     -0.32972    0.0176992     0.125999    -0.176175
  -0.0309961    -0.221489     0.197843     0.341365    -0.277807     0.243072    -0.250598    0.0543411    -0.432621    -0.112429     0.137348     0.174135    0.0169801    -0.490801   -0.0976859    -0.524898  -0.00813912     0.124798    0.0674886     0.224894     0.292115    0.0651534    -0.141629     0.314933    -0.393496     0.469923     -0.46266     0.184866    -0.373932      -0.3761    -0.090136    0.0251063
   -0.136584   -0.0480785    -0.392789    -0.231171     0.434255   -0.0564478     0.243382     -0.18255     0.159994     0.123031     0.113492    -0.182655    -0.492263    -0.266638     0.209471     0.160164     0.122994    -0.134007    -0.127203     0.241396   -0.0752991    -0.159823     0.142649     0.221322     0.199146     0.202505    -0.219313    0.0308467     0.163457     0.407151    0.0163531     0.574338
   -0.458218    -0.351348    -0.118508     0.272641     0.196644    -0.081121   -0.0419335     0.252606     0.181039    -0.192967    -0.156297    0.0340389     -0.50388     0.478514  -0.00340046    -0.222375     0.387668   -0.0196848    -0.407642     0.106248     0.151251    -0.039994    -0.393111     0.322262    -0.214222    -0.294088    -0.254258    -0.201233     0.319037    -0.331797    0.0944685     0.325637
   -0.102782    -0.112335    -0.170294     0.337518    0.0200213     0.115217     0.369716     0.105686   -0.0159838      0.26948     0.316665    -0.426866     0.248734    -0.127049    -0.102254    -0.257703    -0.147945     0.254087   -0.0361894     0.154602    0.0288135    -0.109107     0.165489     0.457638    -0.457007    -0.178568    -0.238869      0.18637    -0.418932     0.137601     0.579192  -0.00788953
    0.124286     0.101156      0.19774     0.152343    0.0460109     0.107171     0.163818    0.0397178    -0.252798   -0.0432972     -0.12463      0.21241     0.380133    -0.274792    -0.322371     0.171794   -0.0930895    -0.105767    0.0136856     0.207269    -0.360634      0.31425      0.12362     0.120213   -0.0408284    -0.290184     0.248729     0.164158   -0.0862689    -0.220094     0.345092    -0.302242
   0.0449537  -0.00321689     0.133339    -0.168038   -0.0320889    0.0303374    -0.204458    -0.568799     0.156926  -0.00546617     0.292555     0.278406    -0.284099   0.00898392    -0.387132    -0.135529     0.289939   -0.0999311     0.431524    -0.121517     0.524854    0.0254404    -0.362053    -0.400159   -0.0526006    -0.288799    0.0139313   -0.0687562    -0.469074    -0.296934    -0.407915    -0.363603
   -0.240707     0.127605     0.277974   -0.0196034     0.270227    -0.587344     0.130496     0.289972     0.340295    0.0183822     0.100561    0.0645138   -0.0275051      0.16178    -0.125063      0.25252    -0.293308     0.012806    -0.114413   0.00215337    0.0554133    -0.279316    0.0189455    -0.169902     0.149369     0.126675    -0.429519    -0.327022    -0.273427   -0.0378385    0.0197661    -0.331725
   0.0171222   -0.0994051    -0.351487     0.273155     0.233605    0.0612238  -0.00586819    -0.206678    -0.113163    0.0746862   -0.0197791    -0.553602    0.0118035   -0.0513154   -0.0336698    -0.330786    0.0275534     0.278492    -0.175715    -0.159271   -0.0571976     0.309515     0.386842    0.0705185   -0.0206363     0.171032   -0.0730411     0.209936    -0.404413   -0.0702467   -0.0528061     0.120852
   -0.207616     0.186472     0.100902    -0.168691     0.294511     0.115684     0.492147     0.141886   -0.0397429    0.0259368     0.362104    0.0411352    -0.203193      0.28515      0.11933    -0.377821    0.0621682    -0.187543    -0.159805     0.148904    0.0493358     0.261131   -0.0509705     0.315255   -0.0450351     0.133725    -0.177417    -0.050902     0.216955    -0.372952     0.265333    -0.124289
  -0.0720266      0.28347     0.264753    -0.157646     0.139623     0.127508    -0.211011    -0.361293     0.189949   -0.0998526    -0.132877     0.416174     0.027058  -0.00180761    -0.327054     0.266869    0.0191893   -0.0843174    0.0064944    0.0462022    -0.297533     -0.14545    -0.433745    -0.221721     0.215903     -0.17575    0.0477876    0.0191255    -0.184788     0.114762    -0.173511    -0.430251
   -0.368174    -0.264149     -0.24833    -0.361134     0.137595    0.0677698    -0.410534   -0.0901716    0.0073637   -0.0657132    -0.320685     -0.43426    -0.413967    -0.386436     0.081371     0.010381   -0.0959603     0.255892   -0.0301698   -0.0146231    -0.208801    -0.290131    -0.290752    0.0359036   -0.0168699     0.231614    -0.168976     0.236881     0.195171   -0.0433838     0.336671    -0.223943
   -0.134508     0.428068     0.233765    -0.154183    0.0949444     0.232292     -0.32417    0.0397893   -0.0956969    -0.124522     0.194657     0.177453    -0.119841     -0.39476     0.244181    -0.548086    -0.135134    -0.318234    0.0862333     0.317089   -0.0346264    0.0303092     0.101817    0.0028742     0.160622      0.15761    -0.218549     0.268073     0.048819    -0.390768   -0.0177609   -0.0559393
   -0.333297    -0.409348     0.173216   -0.0714165   -0.0612866    -0.363198    0.0452943    -0.158409    -0.117172     0.336173     0.078666    -0.276565   -0.0900903     0.320897    -0.159846    -0.119212     0.302757     0.113024    -0.241273     0.155501     0.300375     0.038735      0.40581     0.344653     0.174297     0.233149     -0.35849    0.0938553    -0.329512    -0.204356     0.299334     0.160299
    -0.10476    -0.355466     0.067741    0.0535542    -0.132857    -0.297555    0.0190054     0.264822  -0.00824019   -0.0681106     0.236042   -0.0207472    -0.126435    0.0567152    -0.529114   -0.0115482     0.226265     0.421526    0.0503051     0.154901      0.33188    -0.199319    -0.467537   -0.0056527    0.0793817     0.116908     0.234194    -0.127379   -0.0318118   -0.0207284   -0.0306275    -0.258648
   -0.241991  -0.00881044     -0.28718      0.51907    -0.529142     0.261943    -0.248598     0.236577    -0.109982    0.0632098     0.113728     0.463993     0.417022    -0.087487    -0.461214     0.381502    -0.524577    -0.026506     0.271817      0.20741     0.247439    0.0803918      0.21337   -0.0568596    -0.163069    -0.324591    -0.173522    -0.172563    -0.546295    -0.175452    0.0854944     0.266437
    0.175889   -0.0861069     -0.12184    -0.178218     0.672117   -0.0695622     0.495865    -0.315457     0.251981     0.660903   -0.0722176    -0.147376    -0.218909    -0.108569    -0.583825    -0.377085   -0.0943944     0.468093     0.151466     -0.50397    -0.195843    0.0506656   0.00220136     0.451255      0.16692     0.370998   -0.0322276    -0.024417    -0.349455     0.374006    0.0980218     0.360251
    0.211241    -0.218781    -0.159347     0.426813     0.646913     0.613136    0.0614515    0.0482204    -0.519992     -0.18256     0.113484   -0.0233448   -0.0757476    -0.512119    -0.236321    -0.518897     0.028434        0.379     0.194473   -0.0104025     0.216726     0.121623      -0.1146    -0.204665   -0.0335829    -0.267956    -0.231864     0.198865    -0.464022   -0.0314454    -0.153383     0.377318
    0.353007     0.225423    -0.467032    0.0160717     0.383687   -0.0157364     0.106746      -0.4078    0.0421762   -0.0387555    -0.141544    -0.173755     -0.18953    -0.044582    -0.162005     0.290718    -0.201617     0.097246    -0.177371      0.38147     0.262701    -0.401651     0.270868    -0.101107   -0.0061108    -0.228908    -0.399837  -0.00122512   -0.0356475   -0.0567728   -0.0690229     0.363419
  -0.0353154    -0.220097       0.1145     0.172528     0.254528     0.382792     0.258078     0.259005    -0.190954   -0.0409629     0.275638     0.124991   0.00737687     0.142884    -0.313772    -0.411695   -0.0209302      0.49269   -0.0385256   -0.0170129     0.293307    0.0329146     0.382669   -0.0148741   -0.0992891    0.0936458    0.0310634   -0.0826545    -0.132673    0.0406873     0.168277     0.203082
   -0.235377     0.379527     0.405785   -0.0495294     0.304185     0.191385    -0.149611   -0.0130334   -0.0679417      0.11195    0.0889384     0.256186     -0.11428      0.25071    -0.324027    0.0860807   -0.0707753     0.145202     0.117646    -0.154167     0.185514   -0.0146232    -0.186118     0.562753    -0.160208   -0.0554742    -0.138394    -0.327449     0.157995     0.400057   -0.0649634    -0.172062
   -0.160888     0.219363     0.220344   0.00578865     -0.09056     0.200327     0.241823     0.167424      -0.2154    -0.159969     0.372436    -0.488422     0.108883    -0.181272    -0.164086     0.272944     0.033776    -0.349911    -0.145681    0.0895367    -0.183944     0.368519    -0.244285   -0.0394487     0.186412     0.409579   0.00954121   -0.0697173     0.194105    -0.119459    0.0125938     -0.32462
   -0.177301    -0.196966     0.286199   -0.0643914    -0.350246    0.0303152    -0.130721   -0.0606388    -0.221358    0.0168236     0.238831    -0.115409    -0.304529     -0.12478   -0.0507467   -0.0559129    -0.466842     0.509351  0.000907997     0.139419      0.28507    -0.221064    -0.592757   0.00414519   -0.0669373     0.194998    -0.482126   -0.0590412    0.0940036    -0.353385      0.17032   -0.0792414
    0.201655    -0.134452  -0.00525421     -0.32068     0.274672   -0.0953551    0.0943457     -0.29229     0.229457 -0.000603511    -0.145529    -0.135447    -0.338455    -0.172275   -0.0540588    0.0927519    -0.302708    0.0342269    -0.299616    0.0786797     0.242048      0.13432    -0.294747    0.0389302     0.351045     0.081759    -0.193621    0.0809899    -0.119218    -0.195766   -0.0699023   -0.0178906
    0.271045    0.0971557     0.113036   -0.0109341  -0.00811464      0.13376     0.002428    0.0928911     0.134569   -0.0475838   -0.0842337   -0.0223558    0.0739689   -0.0868429    -0.110151     0.220964    -0.122124   -0.0497242    -0.188037     0.144426   -0.0079978     -0.25542    -0.450156    -0.340403     0.087291    -0.128181    0.0151681    -0.189722    -0.191468     0.256943       0.1684   -0.0974106
   -0.417455    0.0335588    0.0813524    -0.519528      0.19642     0.125835     0.201266    -0.178036     0.182408     0.291094     0.223038   -0.0872624   0.00244949    -0.174289    -0.230261   -0.0685249   -0.0681863    -0.163757    -0.282067     0.280769   -0.0529146    -0.269932    -0.266903     0.226922     0.201039     0.185953    -0.139767    -0.625416      0.45996   -0.0820536     0.204003     0.250747
     0.13163   -0.0449984     0.128111    -0.506083     -0.19915    -0.141979    0.0683796     0.262662    -0.097594     0.206976    0.0576199    0.0558021      0.18835    0.0296023     0.033802    0.0246658     0.191086    -0.140019   -0.0110128     0.150214    0.0995269     0.545038     0.167481    -0.066959     0.239721    0.0399633     0.177627    -0.171382   -0.0927647    0.0223519    -0.358664    -0.093544
   0.0567985     0.108205      0.27527     0.025236   -0.0658343     -0.42621   -0.0887489      0.02203    -0.116023     0.327121    -0.305159    -0.110609    0.0229966   -0.0157299  0.000859685    -0.188997     0.109933     0.149328    -0.146932    -0.525193    -0.498645    -0.188161     0.373953    -0.556078     0.124818    -0.139379     0.613673    -0.210419    0.0235775   -0.0793311     0.187644    0.0166158
    0.341817    -0.168804    -0.448087   -0.0373008     0.425021   -0.0656086    -0.181659     0.215018     0.296012    0.0483421     0.289713     0.187882    -0.178148    -0.409017    -0.178282     0.232121     -0.20542    -0.380437   -0.0864282     0.356375   -0.0926353    0.0242476   -0.0077288   -0.0428302   -0.0996519   -0.0194159    -0.173947    -0.106155   -0.0173953    0.0209273    -0.226654   -0.0273682
    0.273649     0.197182    -0.362757    -0.186453    0.0861065     0.077496    -0.174566    -0.110119    -0.121948    0.0184367   -0.0152061     0.219598     0.521902    -0.583449    -0.125293  -0.00120237   -0.0712355    -0.659654    -0.479908    -0.111505    -0.253613    -0.276057     0.103601    0.0939963    -0.314832   0.00471249    -0.387749   -0.0280428    -0.139856     0.114235      0.27409     0.190617
   -0.330319     0.293048   -0.0470134    -0.197017    -0.161314    0.0513673    -0.148468       0.3183    -0.337627    0.0990919     0.537264      0.36217    0.0921818    -0.371287    -0.421262    -0.265548      0.13586    0.0104341     0.190612     0.163402     0.224403   -0.0128391     0.416868    -0.166611    -0.274842   -0.0709777     0.149244   -0.0956516    -0.038488    -0.257075   0.00513885    0.0321112
    0.156388   -0.0362397    0.0319851     0.078566   -0.0917656    -0.174745   0.00265384    -0.375861    -0.217399    0.0671672    -0.339454    -0.295466     0.110205    -0.206816    -0.202809     -0.38207    0.0276415     0.167045    0.0738291    -0.145833    -0.431178    -0.196772  -0.00953046   -0.0522409    0.0232629   -0.0504161    -0.339715   -0.0394377   -0.0753048     -0.37889  -0.00993381    -0.178349
   0.0160118     0.150944    -0.102415    -0.132597     0.197503    0.0830065     0.110914    -0.106285    -0.200083    -0.164291    0.0584561    -0.167341    -0.199632    -0.112533 -0.000805244    0.0445276   0.00852081     0.357606   -0.0436793     0.124803     0.249533   0.00147586     0.373244     0.154504     0.342442    0.0147601   -0.0225734   -0.0624915    -0.107289    -0.543473    -0.217411    -0.151321
    -0.21465    -0.258017    -0.263649    -0.111394    0.0875262   -0.0874276    -0.211912    -0.538731    0.0100872   -0.0341622    -0.170522    -0.142734     0.138136     0.183727     0.146782     -0.09897    -0.262985     0.352583    0.0308962    0.0939422    -0.170797    0.0138437     0.138701    0.0581731     0.313056    -0.207659   -0.0385584     0.147504  -0.00925209    -0.162172    -0.268528     0.110001
   -0.214715     0.167486    0.0171442   -0.0902856      0.22052      0.17511   -0.0585228     0.226968    0.0491343     0.128223   -0.0882292     0.219586    0.0485691    -0.337645      0.19027    -0.369448     0.135019    -0.194942   -0.0129095   -0.0220912      0.16888    -0.433671    -0.241775     0.215623    -0.139433    -0.303952   -0.0843717    -0.175638   -0.0710618    0.0211046   -0.0174309     0.297226
   0.0545553   -0.0930737    -0.129801   -0.0359396       0.3794     0.225313   -0.0447779     0.392562    -0.398622    -0.321774   -0.0250007    0.0663294    0.0187937   -0.0233103    -0.227799    0.0602959    -0.104616    0.0754879    0.0519212   -0.0370462     0.132866    -0.324329    -0.303482   -0.0675997    0.0554779     0.421939    0.0233316    -0.289775    -0.347042      -0.3019     0.123588    0.0372247
    0.376834     0.308365    -0.222953     0.154231     0.227195     0.086589      0.15685    -0.302154    0.0782274    -0.117264    -0.391985     -0.11652     0.120779     -0.18168     0.367897     0.256912    -0.236048    -0.211228    0.0401884   -0.0775739    -0.232713      -0.1967     -0.40624    -0.105801    -0.104105  -0.00635737   -0.0147157    0.0839221     0.158696     0.151781   -0.0216929     0.240918
   -0.138332    0.0311034     0.113428     0.152404     0.418405  -0.00766135     0.114894    0.0448467    0.0607434    0.0575797    0.0404654    0.0337582    0.0137193     0.108558    -0.130471    0.0514404    0.0773718     0.257682   -0.0359108    0.0919987   -0.0348048    -0.197995     0.123894     0.451276   -0.0929569     0.130093    -0.471402     0.144974   -0.0335357    0.0511212     0.217993     0.292795
   -0.153302    -0.381144    -0.259533     0.474574    -0.325663     0.294227     0.117262    0.0645449     -0.31376    0.0230099     0.373749   -0.0755062     -0.13267     -0.24849    -0.214153   -0.0997573     0.106326     0.371263    -0.366979    0.0735959     0.464364   -0.0301905     0.102511     0.208517    -0.553872   -0.0222699     0.172904     0.132145     -0.64676     0.220179    -0.274094     0.328618
   0.0189248      0.19908    -0.240953    -0.171345    -0.171803     0.152026     0.136989    -0.135409    0.0971769    -0.252041     0.175577   -0.0151264 -0.000616141    -0.347812   -0.0108941     0.203809    -0.340701      0.13431    0.0422836    -0.236773    0.0392955   -0.0960113    0.0443063   -0.0561535    -0.388532    0.0753241    -0.102474    0.0310962    -0.131913     0.462324    -0.213717  -0.00867923
    0.262055    -0.110469   -0.0318311     0.368286    -0.364905    0.0793119    -0.211971     0.201054    -0.407978   -0.0370713     0.300526     0.115406     0.110669     -0.11827     0.495486     0.417864     0.182936     0.313479   -0.0689018    0.0564332   -0.0167665    -0.316071    -0.109385   -0.0347428   -0.0073264    0.0240818       -0.406    -0.179936    -0.158141    -0.451303    -0.222567    0.0476211
   0.0524168    -0.132627    0.0555486    0.0803286   0.00831594     0.234664      0.30218     0.241491     0.182043    -0.243192     -0.13846    -0.097066     0.272481   -0.0462775    -0.183278    -0.309654   -0.0168341    0.0591935    -0.257759    -0.308297    -0.141059    -0.109235     0.107136     0.209001     0.261959     0.218559    -0.102966     0.375985   0.00828093     0.308245     0.627147     -0.07516
   -0.199446    -0.097317     0.137804    -0.566151   0.00274694     0.397115   -0.0933661    -0.254081    -0.149224     0.050024  -0.00673606    -0.333042   -0.0305853    -0.140697    -0.186642    0.0508598      0.18844    0.0550027   0.00283922     0.244937     0.123875  -0.00641073    -0.427576   -0.0732612     0.288684     0.620695     0.297741    -0.158208   -0.0511689     0.508364     0.215554     0.201335
  -0.0487251    0.0860907     0.215732  -0.00861995   0.00532594      0.11065     0.103044   -0.0397359     0.152011     0.121082    0.0665573    0.0105184     0.178199    -0.290631    -0.331913    -0.318435    0.0450695    0.0564518    -0.129098    -0.367114    -0.111434     0.289567   -0.0421136     0.196491    -0.499468    0.0420436     0.222906    -0.243907     0.287745    0.0941595      0.13117     0.180242
   -0.345041   -0.0963214     0.198495     0.277903     0.230335     0.345068   -0.0890189     0.212584    -0.223381    -0.131578   -0.0134679    -0.241903     -0.26615    -0.296891     0.145533     -0.42743    -0.158354     0.226816    -0.223564     0.186443    0.0342767    0.0408688  -0.00977493     0.234958     0.556971    0.0757729    -0.018503     0.389731    -0.311298   -0.0608191    0.0611278    -0.520769
  -0.0889412     0.311413     0.263592   -0.0633715    0.0344734    -0.111113    0.0443237    -0.273475     -0.33079    -0.257037    -0.339661      0.25455    -0.525828     0.474637     0.217475      0.47361     0.342013    0.0618127   -0.0358335   -0.0959266      0.20408    0.0411861   -0.0748219   -0.0393289     0.029778     0.294159     0.082268   -0.0490473    0.0455312     0.335901   -0.0409341      0.12617
   -0.085671    -0.101837     0.114358    0.0868997    0.0609597    -0.171698    0.0114747   -0.0379165    0.0777007     0.185102    -0.131099     0.160209    0.0578657    0.0655675   -0.0970162   -0.0482574      0.25887     0.226847   -0.0467475     0.290262    0.0211083   -0.0766849    -0.264129     0.180994    -0.268034     0.182496    -0.214709    0.0836615    0.0633751     0.262151   -0.0401499    -0.200294
    0.183813    0.0248813    0.0717171   -0.0902675    0.0794193     0.168461   -0.0706365     -0.15639    -0.223162   -0.0803395    0.0820076    -0.180415     0.241229    -0.456036   -0.0877773  -0.00556305    -0.423719   -0.0803074    -0.428939   -0.0650539    -0.250222    -0.106007    0.0929425   -0.0356356     0.206052   -0.0109468       -0.205    0.0424128    -0.195227    -0.463553       0.0158    0.0103311
     0.18926     0.311256     0.284428    -0.333162   -0.0425741     -0.28092   -0.0837613   0.00690345   -0.0633544    -0.195388    -0.301971   0.00424375   0.00903525    -0.111926      0.26862       0.5336    0.0995785    0.0314061      0.26303    0.0899344     0.388309    -0.206175     -0.27879     0.203567     0.283623    -0.327401   -0.0529294    -0.539852     0.244048   -0.0746017    0.0986514     0.250561
   -0.214668     -0.23489     0.133842    0.0585738     0.243648     0.025996    0.0860475     0.137146    0.0394693  -0.00556436    0.0929691    -0.509015     0.063041    -0.166924    -0.202076   -0.0574415     0.175012     0.454327   -0.0186537      0.16987     0.252842     -0.16746   -0.0572953     0.294909    -0.185349   -0.0585243     0.100905     0.274259   -0.0291396   -0.0912903     0.274604   -0.0714005
    0.331491    -0.140983     0.245343    -0.124386   0.00881983   -0.0707687    -0.305195    -0.176563      0.14037      0.24567    -0.129627    -0.366613     0.372937   -0.0963573     0.561768     0.304179   -0.0442051     0.444335      0.25661    -0.176079     -0.33644     0.182204      0.28586     0.651664    0.0931863     0.416437    0.0558228    -0.117979     0.498856     -0.14923     0.562338   -0.0304556
    0.395405     0.194243     0.368353    -0.686157   0.00346282    -0.137219      0.27802    -0.333905     0.149918    -0.454097   -0.0737545    0.0298681     0.184855     0.140051    -0.472393     0.178851   -0.0265462    -0.457645    0.0368092      0.20985  0.000751543     0.268458    -0.273201     0.192269      0.54654     0.331286    -0.448353    -0.230886     0.644187    -0.188898     0.455168    -0.331439
   -0.496098    0.0666807     0.288391     0.174931    -0.068086    -0.588851    -0.229368   -0.0456553     0.190172    -0.320578     0.274581    -0.339838   -0.0829561    0.0326126     0.787469     0.126043   0.00607951    -0.257502    0.0720216    0.0719312    0.0464018   -0.0525006      0.44464    0.0208625     0.159901    -0.241599     0.391987    -0.125135     0.436624     0.456723    -0.122704   -0.0656169
    0.513302    -0.505853    -0.451238  -0.00502483      0.61527     0.756434   -0.0773918     0.207919    -0.153925    -0.297409      0.27851     0.120244    -0.159025     -1.19984   -0.0992695    -0.730353   -0.0199567     0.127987    -0.114783     0.626747     0.345809    -0.206099     -0.17015    0.0788432     0.273402   -0.0250395    -0.350274     0.455066    -0.709877   -0.0141079     0.105894     0.132219
   -0.195003    -0.125666    -0.173491    -0.206494   0.00760055     0.238111    -0.135454     0.102533    -0.085495    -0.433542     0.353866   -0.0810129   -0.0766071  -0.00854552   -0.0925902   -0.0531582   -0.0134225     0.148621    -0.339155    -0.186106     0.446083    -0.269123    -0.096853     0.219877     0.171002   -0.0507405    -0.216245    -0.282223    -0.130379    -0.273214    -0.205772    -0.187791
    0.103953   -0.0413115    0.0140285    0.0374709     0.213412      0.39051    -0.236374    0.0270375     0.186991    -0.247329    -0.165597    -0.394851     0.109845    -0.352538    -0.188041    -0.156569    -0.124328     0.209584    -0.297891    -0.200874     0.119382    -0.222134    -0.366625    -0.327123    0.0961318     0.330712  -0.00358535     0.304635   -0.0650307   -0.0794906   -0.0100517    -0.262507
    0.321409   -0.0951814    -0.372518     0.380413    0.0532589   0.00188217    -0.282208    -0.265273    -0.226896   -0.0858402     -0.20297    -0.208534     0.154504    -0.394629     0.220062    -0.107717     0.271369     0.191137   -0.0672218     0.214036     0.122852    -0.107662   -0.0140114    -0.106104    0.0914809     0.321639    -0.256735    0.0580046    0.0925368    -0.123575   0.00465746     -0.42106
  -0.0606306     0.117418   -0.0545793    -0.352823    0.0431504  -0.00702812    -0.230557    0.0451401   -0.0400372    -0.303171    -0.359243    0.0362409    0.0598544     -0.28693     0.200276     0.169859     0.284845     -0.41282     0.141378   -0.0995457     0.146545    -0.214444     -0.30845    0.0128179     0.272289    -0.401453   -0.0274853   -0.0696256    -0.161993    -0.396489    -0.369927     -0.14248
      0.6399   -0.0507571    -0.415023    -0.253305     0.313183      0.27552    -0.371996     -0.42386     0.585137      0.23453    -0.081124    -0.527166    -0.241783    -0.132758    0.0308458    -0.248783    -0.265964       0.2105    0.0417617    0.0916576      0.38826     0.105812    -0.587413     0.261665    -0.232423    -0.282382    -0.134526   -0.0212347     0.030225    0.0234174    -0.200802     0.333905
    0.400786     0.155223    -0.384892   -0.0766886     0.275794     0.387756     0.035209     0.277746     0.134072    0.0337531    0.0215151    -0.611354     0.193503    -0.268071     0.389245     -0.75096    0.0777329    0.0779327     0.570251     0.261276     0.250216     0.428591      0.36679     0.148707   -0.0214719   -0.0757636    0.0761399     0.186039    -0.379978    -0.170899    -0.352838     0.770065
    0.559985  -0.00332732     0.290235    -0.187595    -0.080278    -0.389857    -0.134924    -0.466247   -0.0117299    -0.168428   0.00444924    -0.236279     0.168336     0.163557     0.438246     0.214333    -0.380029     0.046086    0.0368956     0.153999     0.172737    -0.131695     0.589397     0.140563     0.214584     0.198729    -0.231718    0.0228085    -0.133821    -0.279612    -0.543536      0.04302
  -0.0294272     0.110003    -0.123396     0.121025   -0.0775716    -0.139129    -0.149558    -0.312857    -0.109003   -0.0256616   -0.0217712    0.0254675    0.0268195   -0.0275357     0.281168      0.13072    0.0995235     0.306164     0.227856     0.299295     0.193985    -0.588135   -0.0767815     0.388489    0.0959837    -0.150886     0.137914    -0.052863   -0.0854413     0.357407     0.542065    -0.126672
   -0.246316     0.045546     0.274645   -0.0233434  -0.00930528    -0.174152   -0.0663243   -0.0609947    0.0237644     0.307148    -0.149874    -0.130727    0.0423433     0.148503    -0.186698     0.131366    0.0419751     -0.10005    0.0873384    0.0857141    -0.254614     0.227241     0.420195   -0.0244375     -0.14131     0.489165    0.0383725   -0.0622566     0.254366    -0.158646     0.117684     0.125105
   -0.175602    -0.607387     -0.26362    -0.070225    0.0772854     0.132279   -0.0580006    -0.339877    -0.509964    -0.276196   -0.0828731     0.182113    -0.160589     -0.11964     0.177324     -0.55032    0.0262785    -0.244877    -0.129883     0.153431   -0.0238458    -0.180205     -0.52012     0.361103     0.225458     0.333327    -0.125507     0.289277    0.0857462    0.0947349    -0.161606    -0.131934
    -0.37079   -0.0452275     0.373782     0.135598    -0.147577     0.283796    -0.410436  -0.00853978    -0.278916    -0.297231     0.131456    -0.249146     0.127037    -0.105274    0.0368971     0.117456    -0.205354    0.0631027   -0.0931168     -0.26764      0.35467     0.136389    0.0373236     0.143288    0.0526103    0.0617552    -0.175638     0.119917     -0.22004    -0.192636    -0.354283     -0.32532
  -0.0920115     0.135237    -0.160396     0.442233    -0.373319    -0.177147     0.097734    -0.112021     -0.27904     0.278635     0.107073     0.449232    -0.130021      0.32562     0.374039     0.141419    -0.131626      0.11684    -0.267157     0.153281   -0.0192731   -0.0749292    -0.101572      0.22196    -0.329659     -0.21447    0.0803672    -0.412305    0.0718782     0.160852     0.273089     0.193205
   0.0539867     -0.22539    -0.316711     0.121385    0.0140922    0.0129735     0.233951     0.169604     -0.28044    -0.241161    -0.129809     -0.19579     0.196384    -0.246602     0.162479    -0.149706    0.0984602     0.027485     0.198374    0.0606906   -0.0955721     0.170808     0.230235   -0.0775548    -0.300214     -0.14925  -0.00721738     0.162542    -0.267163    -0.241336    -0.122311     0.268358
   -0.339466     -0.40318     0.461463    -0.203969    -0.134038    -0.249415    -0.207825     0.107764  -0.00232629    0.0463163    -0.112929    -0.212853    -0.374262     0.315019    -0.475701    -0.261491    -0.269678     0.569727   -0.0713498    -0.168102     0.177602    0.0573839    0.0470793     0.116018     0.276611     0.167682   -0.0560641   -0.0174472    -0.181914    -0.229394    0.0625221     0.167789
     0.12533     0.209807     0.379926    -0.316262     0.303188    -0.411023    -0.643185     0.110037   -0.0959021     0.172603    -0.083942   0.00948677     0.115825    -0.164135    -0.151883    0.0376778      0.27985    0.0968446   -0.0241792   -0.0634197    -0.141832     0.475741    -0.167242    -0.214632   -0.0246786    -0.106301     0.292587     0.162632    -0.140883    0.0477759    0.0878026     0.263894
   -0.126883   -0.0287529     0.141599     0.493501     0.141435    -0.187977    -0.381608    0.0155562    -0.156892     0.284767     0.115921   -0.0503208      -0.1876    0.0644476    0.0635129    -0.168489    -0.254041    0.0757786     0.100117    0.0759743     0.220658   -0.0583782    -0.196402    0.0600862    0.0183102    0.0653853    0.0839166     0.359418    -0.510288     0.291725    -0.110844   -0.0406664
   -0.141732     0.122655   -0.0911367       0.2416    -0.802315    -0.316916    -0.300716      0.32865    0.0679311    -0.238411    -0.338618     0.170286    0.0842929    0.0103922     0.340755     0.295847     0.221511    -0.246281   -0.0423435     0.291793     0.619769    -0.196837     -0.40149   -0.0208771   -0.0526766     0.126564    -0.195252    -0.352564    -0.261666    -0.234778    -0.336374     0.156357
    0.638782    -0.104503    -0.351954     0.134084    0.0248524     -0.20483   0.00312299    -0.425306   -0.0574718    -0.234185    -0.199442    -0.354182     0.395985    -0.331838     0.716542     0.165039    -0.198268    0.0121383    0.0478975    -0.033639    -0.393716    0.0133778     0.540736    -0.304927    -0.217057     0.102543    0.0721259     0.341246    -0.127961    -0.298889   -0.0353919    -0.374053
   -0.320482    -0.354741    -0.165317      0.12915    -0.353492    -0.168136    -0.381511   -0.0892259   -0.0958714    0.0694981    -0.104307    -0.270663    -0.127029    -0.147518    0.0131082    -0.475698     0.263004       0.3746    -0.147265    -0.418801     0.282687    -0.197535    -0.193803     0.169842     0.441842     0.064782     0.167802     0.348073    0.0496303     0.246747     0.096924     0.163378
   0.0836697    0.0897776    -0.301596     0.145325    0.0319514     0.122475     -0.18778    -0.256348    -0.114468    0.0901502   -0.0139623    -0.184344     -0.25326    -0.287357     0.231609   -0.0456901   -0.0961666   -0.0181643    -0.121305      0.19272     0.256875     0.192367    -0.185795    -0.264606    0.0345069     0.319529     0.107249     0.183713    0.0516698    -0.255794  -0.00205179   -0.0713074
  -0.0110203      -0.1253    0.0827819    -0.126554  0.000579071    -0.180744    0.0626522    -0.334899     -0.44765     0.476186    0.0570209    0.0216722   -0.0901721     0.465614    -0.123595    -0.269493    0.0517448    -0.135369    0.0490781   -0.0500877     0.280167    0.0957145    -0.159301    -0.280855    0.0790085   -0.0877907    0.0698417    -0.513615    -0.315485     0.208993    -0.295582   -0.0629644
    0.152187   -0.0639095    0.0962278    -0.263899     0.098099     0.419075    0.0435846    -0.164137     0.180519    -0.256544     0.471314    -0.141901     0.168667   -0.0934118    0.0784908    -0.157357    -0.445198   -0.0991315    -0.146918   0.00166482  -0.00590354    -0.100193       0.2858    0.0201022   -0.0768507    -0.194934     -0.10369   -0.0816274    0.0908703    0.0779455    0.0656085    0.0271361
    -0.19236   -0.0676029    -0.278913     0.169071       0.2578     0.339465   -0.0931297    -0.512076   -0.0100164   -0.0328898   -0.0897262   -0.0272922     0.303163   -0.0327808   -0.0521079   -0.0927154    -0.178677   -0.0613654     -0.06767    0.0511208     0.262722    -0.363028    -0.263545     0.123793    0.0673199    -0.150872    -0.136432   -0.0203536    -0.278696     0.206136    -0.172262   -0.0692552
   -0.280883    -0.204367    -0.113892     0.247306     0.156181   -0.0948605    0.0903841    -0.329829    -0.162054     0.201632   -0.0343886      0.12149    -0.324753    0.0767642    -0.180271    -0.171747    -0.100772    0.0874563     0.174322    -0.229638     0.417204     0.327408    0.0227103    0.0237878     0.164633     0.284565   -0.0918174     0.105848     0.239934     0.155002   -0.0307874    0.0353681
