  0.0675562    0.862878   -0.485914   -0.367947    -0.82813   0.0153924    0.596802    0.946893   -0.259614   -0.447293    0.420078    -1.29439      0.6864    0.367126   -0.229759   -0.943364    0.398706    0.436203   -0.535692    0.441752   -0.304375    -1.04198  -0.0199111    0.071956    0.366897    0.474687   -0.945489    0.189224   -0.253743    -1.22357   -0.510954    -1.03682
    1.01969   -0.296959    0.214024   -0.506769   -0.110582   -0.971603    0.199595    0.992558   -0.104744    0.264683     0.14383   -0.856056  -0.0435048     -0.2368    0.397637    -1.35481    0.445453   0.0694945   -0.223002   -0.290954   -0.456352    0.146724   -0.245429    -1.32991   -0.175295    -1.00778   -0.157211  0.00161126   -0.418148    0.367436   -0.117625   -0.874246
   -1.72181    -1.66647     1.16732    -1.01645    0.211806    0.541637   -0.403049    0.773286   -0.480701    0.438753   -0.122639  -0.0683204    0.588515    0.750714    0.536076    0.650079     2.28211    0.784439   -0.615473    0.246077   -0.367749    -0.19059    -2.09858   -0.231031   -0.494977    -1.20032   -0.136098     1.00063   -0.524868    -1.55189      1.6694   -0.187509
  -0.852766    0.319589   -0.436728    0.237608   -0.908085  -0.0135142   -0.729957    0.233355    0.258799    0.106511     1.35246    -1.00144    0.788178    0.721535  -0.0624353 -0.00548227     0.21658    0.202274    0.160773    0.240212    0.151011   -0.970706    -1.21728   -0.737938   0.0142862    0.413274    0.589416    0.459987   -0.874889   -0.837204   -0.125312   -0.586641
  -0.289322   0.0193155   0.0856558   -0.468249    0.110526    -0.85884    0.313197    0.173931    -0.64659    0.352346     0.33876   -0.396388   0.0545712   -0.274215    -1.08629    -1.04931     0.58878    0.796419   -0.660863   -0.671912    0.371292  -0.0627443    0.395094    0.220141   -0.702254    0.259172    0.476847   -0.608573    0.211193  -0.0398873    -1.27115    0.835188
   0.637765  -0.0866132    0.114702    0.307235    0.726762    -1.02514    0.405125   -0.212249    0.582674    0.761471    0.588947    0.407041    0.129628   -0.740702    0.333943   -0.820521    0.706438   -0.411853   -0.232369   -0.674949   -0.415664    0.449825   -0.377464    0.525178   -0.759749    0.687078   -0.343165    0.821686   -0.288394   -0.508951   -0.409483     0.29368
   -0.55537    0.615242   -0.419651     1.04294   -0.329218    0.125947   -0.816602  -0.0138103    -1.07515    0.165215   -0.551039    -0.53908      1.0591     0.50101   -0.306277   -0.272864    -0.49659     0.73803   -0.230535   -0.749254     -1.0632   -0.115706    0.503266   -0.697871   0.0676052    0.366319   -0.201407  -0.0772433     1.19677    0.567066   -0.554525    0.139349
   -1.04041   -0.514486   -0.176946   -0.179459   -0.304026   0.0537175   -0.485365     0.91296    0.485908   -0.290139    0.784523    0.388615    0.807049   -0.546701   -0.735703    0.507172     1.73452  -0.0615047   -0.420571   -0.592723   -0.831983     1.02337    0.749443    -0.90424   -0.202789   -0.496586     1.27924     1.15793   -0.637419   -0.254798   -0.118426   -0.569723
   0.378473    -0.46503   0.0881732   -0.456522   -0.475534   -0.743268    0.454319    0.390425   -0.261833   -0.237424   0.0654434    0.154553   0.0152331     1.23052   -0.458222    0.371723  -0.0527245  -0.0021641    0.265699   0.0533458     0.25021   -0.561912    -0.42921    0.115907    0.017224   -0.368002  -0.0696999    0.651965  -0.0143848   -0.903392  -0.0248247    0.444292
  -0.458682   -0.157108    0.538027  -0.0206764    0.433343   -0.337639  0.00647793   0.0146034   -0.236568    0.106012     -0.1409   0.0962528    0.175117    0.338228    -1.04143    0.788961    0.736815    0.137082    0.256648   -0.325258    0.383169     1.09067   -0.502539 -0.00636676   -0.153226    0.127538    0.250458    -1.09433   -0.558501   -0.410916    0.568399    0.548957
   0.104341   -0.287511   -0.471192    0.358226   0.0571731   -0.303191    0.191343   -0.410622  -0.0417759   -0.225416    0.459348   -0.214667    0.336852    -1.45672    0.581705    0.398508   -0.663391    -1.20141  -0.0629874   -0.867282   0.0610413   -0.328472   -0.217203   -0.507496   -0.437035    0.283373    0.131268   -0.360383   -0.257796   0.0377591    0.502429   -0.269274
   0.369417   -0.171014   0.0725146   -0.211191   -0.102826   -0.158112   -0.103306   0.0568026    0.363614  -0.0149026    0.326901    -1.02941  -0.0180322    0.371207   -0.355498  -0.0353859  -0.0417171    0.437979   -0.438081     0.07701   -0.136354   0.0283036   -0.131468    0.416254    0.629867    0.738434   0.0562901   -0.506054    0.220961   -0.745112   -0.652115   -0.150293
  -0.311218  -0.0894761      0.4081   -0.358318    0.199951    0.474518    0.220122    0.747485    -1.60071   0.0111934    0.614208   -0.606172   0.0849401   -0.882578   -0.769844    0.311615  -0.0295072 -0.00067267   -0.240777    0.565617   0.0715743    0.430238    0.790299    -1.00563    0.541099      0.2408    0.430175   -0.632094     1.28327   -0.390027    -0.33267     0.65329
   0.610193   -0.306007   -0.604199    0.428103    -1.15521   -0.411465   -0.370495   -0.561435    0.668243    0.245473    0.783212    -0.63169    0.224483   -0.189344   -0.857707   -0.826675    0.635841    0.498886   -0.464117    0.412008    -0.30006   0.0351237    0.247584   -0.355002    -1.16668     -1.2931    0.578814  -0.0771484  -0.0279848    0.925071   -0.359207   0.0215516
   0.189254    0.167843     -0.3115   -0.380452    -0.69627   0.0623654    0.157065   -0.305927    0.183439  -0.0267465   -0.242479   -0.660731   -0.349839   -0.599896    0.832041   -0.227053    0.458097   -0.437348   -0.959544   -0.476063   -0.342106   -0.186729    0.570216   -0.530232   -0.228699  -0.0544452    0.768221     0.60619 -0.00440263   -0.663831   -0.371197   -0.740854
   0.552698   -0.401872   0.0302302    0.637903     0.38326   -0.079553    0.799852  0.00384621  0.00974179    0.177831   -0.355804   -0.038921    0.408152   0.0711927   -0.246824   -0.400176    0.428537    0.680882    0.479923   -0.104339   0.0208775  -0.0312334    0.557876   -0.263867   -0.137226    0.883067   0.0354001   -0.203802    0.382608     1.72798   -0.748899  0.00687174
   0.270779    0.376628   -0.492803   -0.091758   -0.395615    0.074229   -0.395996    -0.64753   -0.164013    0.313307     0.21308   -0.666193    0.252447     0.17215   -0.129495    0.243339   -0.161735  -0.0702699  -0.0217354   -0.228738    0.406439   -0.933169    -0.45792   -0.464552    0.223205    0.399486   -0.253787    -0.51344   -0.240519  -0.0829555    0.042069   -0.309726
  -0.227575    0.486271    0.173511    0.687773    -0.26638    -0.99266    0.494746    0.301941    0.548624    0.572183   0.0867074    -0.02319     1.04779   -0.170278    0.741478     1.24813    0.185528   -0.595181   -0.418667    0.182487   -0.280152    0.813364   -0.783273   -0.510932   -0.951985    0.168757    0.893552  -0.0577518   -0.478017  -0.0371171    -0.68879   -0.309356
   -0.21704   -0.949388    0.378748   -0.366541   -0.568656   -0.406587    0.102626   -0.753228     0.44595    0.419245    0.546268   -0.600579  -0.0484996    0.290687   0.0434063     1.04403    0.445705   -0.335005    0.121766    0.555964  0.00947719    0.754959   -0.583112    0.185348    0.527769    -0.64808    0.740262   -0.191077   0.0182187   -0.366015   -0.255812   -0.369292
   0.176796     0.62575    0.285212    0.525239   -0.537122    -0.10184     1.02547    0.322874   0.0827097   -0.862978    -0.40266   -0.169105     0.47463  -0.0209709    0.211227    0.957289   -0.532036   0.0571266   0.0572372  -0.0821779    0.471604     0.99475   0.0334562    0.504938     0.17734   -0.106492    0.101118   -0.166064   -0.912457    0.436835   0.0628068    0.783003
   -0.29921    0.397291    0.616808  -0.0194978   -0.100826    0.189629  -0.0510652   0.0200721   -0.528472    0.295005   -0.365819   -0.446438   -0.290514   0.0454191   -0.110243   -0.351557   -0.201996    0.247286    0.414571    -0.10021    -0.15092    0.344146    0.570556   -0.371297    0.214742   0.0295175    0.857721   -0.276548    0.421486   -0.184292     0.11666    0.584594
   0.446725    -0.15589    0.363645    0.191467   -0.159588    -0.64914   -0.221111   -0.376792    0.291947     0.70768    0.242792   -0.681261    0.630309    0.300229   -0.305443    0.594131   -0.834865    0.310534   -0.287055     0.47348    0.222762   -0.428535   -0.468217     0.15883   -0.604618    0.476874   -0.241643   -0.131846    -0.88901    0.723799   -0.990319  -0.0935732
   0.103477   -0.242253    0.114241    0.288236   -0.109485    0.331202   -0.100738     -0.2645  -0.0512098    0.316414   -0.187552   -0.158965  -0.0108595   -0.101524    0.341979     1.37981   -0.787251    0.177942   -0.134169    0.472762     1.24868    -0.19089   -0.288673   0.0754111    0.603503    0.436436    0.722757   -0.896973   -0.247842   -0.718588   0.0483556   -0.173228
  -0.228832   -0.144415    0.212248   -0.483133    0.154534   0.0681425   -0.300419   -0.238067  -0.0700812   -0.575548    0.362257   -0.598306    0.341932  -0.0724075   -0.346676   -0.509868    -1.34148   -0.160655   0.0455305   -0.107037     0.27242   -0.617198    0.144074   -0.150616    0.410058    0.310384    0.537175  -0.0130967  -0.0116736     0.10408    0.119564     0.65755
   -0.58986    0.753234   -0.468702   -0.699406  -0.0514398    -1.04105    0.525787   -0.259016   -0.277529     0.66735   -0.341401    -1.57742    0.408976     1.05222    -0.93366     1.14098    0.935042     1.08028    -1.11606    -1.08368   -0.256741     -1.4307  -0.0900969    0.795438   -0.868638    0.653307 -0.00920401   -0.752477    0.594673   -0.658449    -0.53653   -0.564452
  -0.336111   0.0251815   0.0437343    0.113217    -1.01263   -0.581388    0.411512   -0.563291   -0.556483   -0.331041     0.72844   -0.235983  -0.0337751  -0.0229815   -0.542503    0.171484   -0.309775   -0.350093    0.318564  -0.0168465   -0.635852    0.811993    0.506393   -0.743287   -0.726709   -0.915894    0.620268    0.180948    0.265659   0.0285735    0.188132    -0.82346
  -0.882619    0.775503    0.658236   0.0760749  -0.0640324   -0.328833    -0.85772     0.15144   -0.350234  -0.0266763   -0.836081   -0.577924    0.848795    -1.01128     0.11227   -0.328326  0.00613892    0.624932    0.238611   -0.599374    0.119144  -0.0789589    0.778004    0.495709    0.469847    0.984673   -0.533718   -0.239958    0.854909   0.0508848   0.0861514   -0.149339
   0.239433    0.526428     1.09432   -0.509843     0.49713    -1.15649   -0.237109   -0.340064   -0.133895    -1.00287  -0.0302456    0.303229    0.929416    0.349976    0.574199   -0.136553   -0.168377     1.14825  -0.0615532     0.37244   -0.759676    -0.25383   -0.179391     0.42826    -1.46842    0.889141   -0.813876    0.736869   0.0785645     0.35078    0.385784      1.1186
 -0.0999316   0.0473672    0.417011   -0.161724    -0.22355    -1.03286   -0.634865   -0.942486   -0.407016     0.06444    0.309956    0.654945   0.0653724    0.509021    -0.71618    0.318377    -0.46124    0.723107     0.15508    0.146045    0.209696   -0.349332    0.241887    0.447792   -0.772804   -0.573598   -0.425474   -0.817814  -0.0253987    0.563866    0.223657    0.325798
   0.369607   -0.300034   0.0738004    0.175386   -0.358389   -0.342954     0.60295    -1.07527    0.662699    0.903938    0.510487   -0.236685    0.517373  -0.0795826    0.335407    0.396627  -0.0190393    0.864215   -0.528713   0.0021078   -0.600357   -0.790069     0.39967  -0.0766262    -1.14341    0.891582   -0.228533  -0.0808597   -0.594854    0.268023    0.145688   0.0342091
 -0.0961326    0.845017   -0.123446   0.0309668    0.406128  -0.0457021    -0.16073    -1.13525   -0.066739   -0.541791   -0.227747  -0.0909977    0.352964  -0.0131565    -1.31968   0.0535832    -1.38122   -0.364933   -0.220638    0.240608   -0.153875  -0.0816675   -0.238613   -0.366439    0.178389   -0.400769  -0.0787052    0.537747   0.0977226    0.314651  -0.0608573    0.429328
  -0.373718    0.232366    0.100683     1.06395   -0.669253    0.216154   -0.163311  -0.0377184    0.625576   0.0826406    0.439859   -0.322541   0.0925198    0.201852   -0.128859   -0.633452   -0.779189   0.0664645   -0.920147    0.127993   -0.550143   -0.174155     1.15559    -0.15543   -0.356932    0.511023     0.51478    0.405983    0.228237      0.2258   -0.114198   -0.713009
