    0.184816     0.527792     0.426507    -0.160227     0.169375     0.614669     0.651782    -0.753944    -0.802182     -0.13323    -0.567561    -0.544545    -0.526151    0.0902535     0.281459     0.184584     0.249882    -0.247842      0.69673    -0.757893    -0.228646    -0.671639     0.197257     0.157522     -0.72412    0.0194779  -0.00836494    -0.278852      0.56065     0.496522     0.263861     0.231051
  -0.0284353     0.085353      0.65862    -0.480447    -0.601493    -0.245853   -0.0947278   0.00879765     0.237913   -0.0365232    -0.445343    -0.100045    -0.459464     0.399067     0.723255   -0.0431501    0.0850152     0.492938    -0.417223     0.562425     0.468456    0.0561036     0.168895     0.667192    -0.635043     0.759907     0.419606    -0.448623     0.270744     0.209442    -0.242049    -0.062937
    0.352649     0.186416   -0.0653559    -0.311467    -0.678787     0.201754     -0.69552     0.276427    -0.601044    -0.675986     0.338574     0.176979    -0.480908     0.695175     0.563953   -0.0101727     0.920031    0.0326808     0.309069    -0.188348     0.474017     -0.52866     0.523487    0.0842547    -0.197997     0.357895    -0.721964     0.239737     0.679869     0.555636     0.422413   0.00781671
  -0.0762887     0.272296     0.271831    -0.225841      0.28683    0.0896639    -0.246207     0.454694   -0.0922942     0.264537    -0.777701     0.320616    -0.491586    0.0754498    -0.882251    -0.688045   0.00817312    -0.158026    -0.194299    0.0719033      0.13252     0.332437    -0.240591    0.0638375     0.595414    -0.176395    -0.257523    -0.319648    -0.321242    -0.487366     0.370587   0.00241141
   -0.630046     0.162299   -0.0550604    -0.523889    -0.233729     0.290108     0.433423     0.239168    -0.129526    -0.349696     0.212629    -0.894725   -0.0503792   0.00445948     0.256397    -0.428909    -0.653446     0.733736     0.823798    -0.471552     0.194602     0.331277     -0.51061    -0.546901   -0.0960952     0.126773    -0.311403     0.444522    0.0650995    -0.543955    -0.999424     0.160184
   0.0864844     0.233905     0.458295    -0.610595     0.268178     0.374088      0.56476     0.644487     0.184811    -0.572616     0.129205    -0.345759     0.568871     0.255561     0.414006    0.0408246     0.501266     0.284251     0.217252   -0.0183797    -0.496898     -0.12132   -0.0137932     0.551147     0.459498     0.166103     -1.01105      0.90487   -0.0579856      0.27235     0.998829    -0.365221
    0.842855    -0.230892     0.578393     0.320441    -0.347969    0.0280553    -0.134771   -0.0700965    -0.484989   -0.0793827    -0.315327      1.28014     -0.20884     0.388759    -0.538079   -0.0979771    -0.167371   -0.0486774  -0.00113435     0.731946     0.026877    -0.699516     0.573318     0.469739     0.522901     0.841306    -0.354605    -0.170741   -0.0883076      1.16725     0.152042    -0.393996
   -0.167538    -0.108515      1.02661     0.101754     -1.05345    -0.129826     -0.37378     0.542619    -0.111372    -0.234716    -0.398086     -0.28458    -0.528553     0.133337    0.0499738   0.00593501     0.057071     0.469371     0.187154    0.0195942   -0.0985165    -0.190593    -0.239241     0.414896     0.155952   -0.0533336     0.391281    0.0189527     0.256607     0.531396     0.628223     0.703418
    0.261829     0.851682    -0.118745    -0.147351   -0.0596786    -0.209899     0.836683    -0.498911   -0.0369271    -0.109591     0.635581    -0.102292     -0.58811     0.409551    -0.127875    -0.310523     0.376274    -0.163372     0.786569    -0.296883    -0.332724    -0.429696    -0.324402    -0.316814     0.118424     0.312237     0.357157     0.210055     0.505152   -0.0436812    -0.296536    0.0654722
   -0.590887     0.133988     0.499547    -0.473926     0.197032     0.901309    -0.700356     0.172953    0.0876702     0.309957     0.544507    -0.322093    0.0913079    -0.993449     0.497409     0.461407    -0.468072     0.640929    -0.593621     0.797555    -0.144246    -0.495051   -0.0882444   -0.0138391     0.454821   -0.0648757    -0.479336    -0.888809    -0.208227    -0.468211      0.64492    -0.228088
   -0.405202     0.143843     0.630699    -0.268185    -0.617152     0.335484    -0.833233     0.605955    -0.113287  -0.00794489     0.151818    -0.154737     0.106883    -0.626496    -0.125842     0.240844    0.0819124    0.0546935    -0.335122     0.206274   -0.0533101    -0.372682    -0.916329    0.0746218     0.526212   0.00930104    -0.172602    -0.438388   -0.0230215     -0.26718     0.188047     0.914059
   -0.378265     0.520793    -0.224263    -0.264768     0.337789     0.325041    -0.153249     -0.23233    -0.355216     0.623226     0.568242     0.328292    -0.821209     -1.03676    -0.244673    -0.336195    -0.321363     -0.28549    -0.857925     0.511527    0.0154014     0.206834   -0.0953497    -0.661343     0.246567     0.242535    -0.189256    -0.666136    -0.409461    -0.733301    -0.105551    -0.026064
    0.387415     0.388619      0.10987    0.0913352     0.221383    -0.151315      0.47924    -0.291565    -0.468626    -0.113215     0.240735     0.306577    -0.408086    -0.139011   -0.0957854   -0.0589558     0.261362    -0.585189    -0.123217     0.127922      1.12505     0.670463     0.342661     0.351917     0.959876   0.00668783     0.446926  -0.00651095     0.372334    0.0637043     0.397223    -0.120276
    0.248685    -0.173775    -0.105298     0.429698    -0.440341    0.0292481     0.989017    -0.627135    -0.440664     -0.20955   -0.0406802   -0.0747143    -0.733621     0.404854    -0.153404    -0.912368     0.471226     -0.27476      0.40544     0.499945     0.224384   -0.0448405     0.472933     0.023954   -0.0407411     0.400935     0.911439     0.149404     0.650058    -0.695699   -0.0382149    -0.116106
   -0.116983    -0.103339     0.539832     0.429279    -0.373982    -0.127979     0.697937  -0.00344668    -0.653348     -0.46921     0.278539    0.0435725    0.0686043    -0.202608     0.978995     0.995329    -0.275467    -0.297781     0.649754     0.269466     0.310636     0.814224     0.105989     0.434876    -0.274454    -0.107162      1.15274   -0.0574867     0.961449   -0.0725821    -0.504657     0.524323
    0.616216     0.263425     0.296097    -0.159074    -0.227166    -0.282687    -0.847834     0.260506     0.106767     0.168453     0.378563     0.170481     0.353967    -0.571836     0.348879    -0.842177    -0.629947     0.401918    -0.501024     0.529807     0.141643    -0.443753    -0.230671     0.410877  0.000681021    -0.110013    -0.324579     0.192265    -0.214385    -0.104743     0.119969    -0.815898
    0.187549     0.436101     0.529967    -0.493136    -0.601448    0.0664314       0.2419      0.23568    -0.429379    -0.379063     0.449367    -0.696879     0.155505    0.0693411    0.0973505     0.506661   -0.0620919    -0.789718      1.35702    -0.810103    -0.279154      0.13082     -0.26007     0.444946   -0.0826772   -0.0516923    -0.845927    -0.424744     0.152285     0.373791     0.144891     0.403087
   -0.548475     0.224652    -0.264758    -0.595227     0.818245     0.695775    -0.323813     -0.19302      -0.3607    -0.356515    -0.221925    -0.401406      1.13585     -0.53176     0.274099     0.679672     0.511858    -0.131302     -0.83602     -0.61057     0.170155    -0.190906   0.00248707    -0.776617   -0.0452053    -0.944649     0.507305     0.222537     0.217245     0.239878      1.01857     0.742785
   -0.515106     0.675561     0.433424    -0.319688    -0.847585    0.0743556    -0.708965     0.349303    -0.316015    -0.620076     0.248867   -0.0154489    -0.247415   -0.0959382   -0.0926549    -0.548881       1.0649       -1.052    0.0155186      0.40857     0.506458    -0.133609    -0.046009    -0.108105     0.131422    -0.017816   -0.0385145    -0.258806     0.343636     0.303991     0.718636     0.349337
    0.306011     0.167159      0.14951    -0.407876    -0.559437     0.194914    -0.486326     0.613959     0.322632   -0.0933256    -0.127785    -0.563434        0.549    -0.505809   -0.0890289     0.158445     0.476997    -0.564553    -0.430576     0.144171   -0.0511125    -0.622422     -0.60996     0.607977     -0.21687     0.176163    -0.156454   -0.0843474     0.454882     0.076398     0.486849     0.725891
   0.0356394    -0.150679     0.458373     0.564822      0.03142   -0.0998222    -0.897116    -0.352276     0.223375    -0.102544     -1.02612     0.695662     0.646616   0.00984823    -0.630968    -0.291618    -0.422564    -0.329088    -0.535591    0.0996535    -0.197589     -0.24465    -0.393857   -0.0679042     -0.32769     -1.14292     0.654175     0.112368     0.287166      1.65316      0.50764      0.87979
   -0.681597    -0.137359     0.111619     0.364762   -0.0226915     0.206702    -0.221791    -0.439476    -0.401282    -0.444643     0.611729    -0.212185     0.212524    -0.492641     0.190826    -0.330555    0.0355699     0.199588    -0.363937    0.0477701    -0.364506    0.0418008    -0.360772   -0.0259442   -0.0495073   -0.0561145      0.63313    -0.307511     0.193146   -0.0568976     0.814224    -0.580275
   -0.205155     0.283654     -0.52057   -0.0759396   -0.0800801    -0.402536    -0.351118      -0.1026    -0.519253     0.208003      0.59062     0.321118    -0.439257    -0.214943     0.333438     -0.90699     0.421574    -0.159858   -0.0896629     0.486463     0.255661    -0.461126     0.253992    -0.026126    -0.647838   -0.0581227     0.322369    -0.149344     0.258462     -1.03787   -0.0374264    -0.710308
   -0.092341    -0.240353     0.546535     0.166377   -0.0304926    0.0591588    -0.465737     0.133497    -0.540008    0.0942815     0.248252     0.493654    -0.322445    -0.344387     0.760132     0.636998     0.447824 -0.000619352    -0.373362     0.365137    0.0716111      0.20042   -0.0653261     0.571305    -0.369794    -0.379424    -0.514453    -0.598433    0.0348146   -0.0689956     0.688413     0.300189
 -0.00771224   -0.0258378    -0.399288    -0.236751     0.687802    -0.263891     0.703061     0.382237    -0.313791    0.0396646     0.580459    -0.380144     0.226223      0.42124      0.27357     0.343806     -0.03572   -0.0565188     0.318646    -0.846597    0.0168205     0.964134    -0.109041    -0.356122     0.478446    -0.897868     0.313465     0.225105      0.10427     0.277497     0.252264     0.434613
   -0.462787     0.282177     0.613036     0.108832    -0.528785     -0.23566     0.311489     0.149699    -0.481919   -0.0893048     0.827486    -0.275752    -0.598301     0.634906     0.512127     0.173736      0.47751    -0.552897     0.674398   0.00375541     0.439059     0.498933     0.343061    -0.292369     0.169952    -0.141789    0.0528603     0.115823     0.524166    -0.113221     0.529139      1.21459
    0.531316   -0.0775737    -0.725348    -0.512056     0.284467    -0.239277     0.112715    0.0804907     -0.44667    -0.123699      1.10015   -0.0706549     0.440211   -0.0770277    0.0448909     0.182283     0.086406   -0.0891831   -0.0330835    -0.620807   -0.0379373     0.370813    -0.170973     -0.20352     0.504837    0.0563933     -0.24833    -0.204274   -0.0236348    -0.238975  -0.00560464    -0.646115
   -0.475629     0.168294      0.66305     0.136667    0.0816099     0.306846     0.538539     0.381422     0.188897     0.654764    -0.712851    -0.655433     -0.31166    -0.537693    -0.478945    0.0874925    -0.506334      1.07768     0.212952    -0.131734     -1.18375    -0.604228    0.0311301      0.03553    0.0198432     0.212456    -0.115128    -0.255065    -0.154778    -0.804682     0.031535    -0.421692
     0.62149    -0.375817   -0.0468125     0.126811     0.117643   -0.0946273     0.365556   -0.0325013     0.119204    -0.346138    -0.251829     -0.23287     0.142369     0.536599    0.0133981     0.562776     0.329251    -0.597518     0.453627    0.0823169     -0.45624     -0.20711     0.602453     0.550487     -0.57475    0.0625556    -0.434851     0.473959     0.561739     0.477642     0.219792     0.495115
    0.144302    0.0605076     0.466867    -0.528487    -0.539375     0.210419      -0.1745     0.327509      0.54252     0.310921    -0.893557    -0.355428    0.0431249     0.103369    -0.809136     0.277329    -0.212229     -0.17583     0.139904   -0.0544415    -0.239127    -0.610721   -0.0383904     -0.13209    0.0707293     0.759471    -0.261694    -0.322876   -0.0251038     0.605216    -0.129934     0.312866
  -0.0814062    -0.100356     0.156331    -0.101517    -0.115119     0.116117    -0.715535  -0.00966534     0.113569    -0.780814    0.0886462     0.169523     0.809174   -0.0466258     0.608193      0.63239    0.0494885    -0.646663    0.0881374     0.194939    -0.271186     0.207018    -0.118997     0.515581    -0.365547    -0.359289    0.0844936    -0.210345     0.451448      0.69519     0.166821     0.412292
    0.256968     0.426976    -0.312362     0.276019     0.160292     0.756591   0.00624108    -0.420786    -0.498319     0.237236    -0.788396     0.433306   -0.0954311    -0.647302    -0.330419    -0.635353    -0.448127   -0.0361417     0.387047    -0.537277     0.809277    -0.428986     0.152334    -0.790731    0.0160959    -0.744372     0.454537    -0.498741     0.566159     0.123944    -0.735098     0.245965
