     0.52039     0.205548     0.385507     0.159673    -0.678618    -0.283749     0.130739    -0.292044     0.814892     0.405702    -0.128262    0.0850628    -0.124592      1.03657     0.305552     0.449468     0.750381    -0.805167    -0.224501     0.558574      0.41083    -0.635743     0.451244     0.114651    -0.129408     0.544131      1.13555     0.222066     0.987758     0.438448    0.0397388    -0.101824
   -0.215333      2.06021   -0.0206366     0.364025     0.239656    -0.824583     0.378806    0.0597147     0.660953     0.426718     0.659111     0.029543    -0.198046     0.779775      0.11104     0.914253      1.16525    -0.137445     0.569782     0.707343     0.446021    -0.919579     -0.38465    -0.790759    -0.276316    -0.334888     0.969829     0.163298     0.730496     0.903348    -0.373023    -0.696785
    -1.29582     0.306711     0.416891   -0.0277024     0.597867     0.434806    -0.715173     0.685106    -0.201458    -0.192172  -0.00362167      1.05773     0.166388    -0.964958     0.664559    -0.613648    -0.706051     0.263255     -0.48867     0.818894     0.981559    -0.314129    0.0166698     0.149747    0.0951574    -0.107149    0.0607594  0.000574103    -0.652873     -1.12769     -0.41105     0.508612
   -0.859788     0.309976     0.134885     0.132184     -1.32656    -0.568537    -0.991682     0.549602     0.494012     0.968951    -0.465826     0.750347    -0.189206     0.538265    -0.251911   -0.0239239     0.456404     0.447779    -0.768104     0.620131   -0.0848247    -0.655884     -0.34215    -0.191976    -0.768628      1.08197     0.333637    -0.767969     -0.30356    -0.363389    -0.615497    -0.962158
     0.16372    0.0724426   0.00832744    -0.203844    0.0984508   -0.0519058     -0.48001     0.837776    -0.729042    -0.494745     0.265118     0.236279    -0.928783    0.0797517    0.0811927    -0.440205        0.324     0.713409     0.205441     0.446513     0.495871   -0.0433501    -0.219285      0.10672    0.0243156    -0.873345    -0.611642     0.291566 -0.000503579     0.160825     0.535418     0.074093
    -1.57735      0.28549    -0.825308    -0.108486    -0.539712    -0.170372    -0.633624    -0.139905    -0.150504     0.507939      1.12803    -0.187203    -0.256432    -0.129949    -0.839882     0.530925     0.962221    -0.288743    -0.269953   -0.0679123     0.159253    -0.356295     0.379158     -1.46967    0.0894663     -0.30082    -0.108693    -0.614482    -0.432128     -1.01763    0.0412763    -0.761238
  -0.0561708     0.596542      1.46433   -0.0603054   -0.0765488     0.945959    0.0389489     0.581962     0.220979      0.93577     -2.02413    -0.485907     0.212017    -0.178048    -0.478677    -0.329445    -0.713171      1.38139     0.296744   -0.0953398     0.308325     -1.24153    -0.409709   -0.0972522  -0.00905498    -0.449178    -0.290055     0.190907    -0.418974     0.820398    -0.193983     0.540979
    0.849943     -2.11818     0.279078    -0.448938     0.240481     0.830967    -0.501267    -0.523058     -0.64404   -0.0832043    -0.438653    -0.237821     0.357354    -0.544862    0.0503781     -1.66034    -0.989441     0.582651      0.10757     -1.20193      0.20589     0.680865     0.572113     0.059502    -0.231476    -0.273638     -0.71216   -0.0472096    -0.290465    -0.597758     0.613662      1.51559
    0.807216      0.99754     0.430789    -0.214877    -0.468456    -0.153814    -0.408839     0.371542     0.501557    -0.147923      0.58505      0.33108    0.0783699     0.628856     0.534669     0.206522     0.254562   -0.0618299   -0.0483383     0.400524     -1.06569     0.232534    -0.994527     0.400708    -0.164701     0.516031      0.42008      0.44613   -0.0884843    -0.192538    -0.160322    -0.358981
    0.148888     -1.23191    -0.276366     -0.83312     0.106454    -0.147375    -0.116911     0.391527      0.18653     0.432699     0.280897    -0.157376     0.637961      -0.4365     0.424703    -0.894205    -0.593257     0.123122    -0.118556    -0.540734    -0.315913     0.803695    -0.343228    -0.737195    -0.546957    -0.184295    -0.902567     0.493576    -0.589442     0.355675     0.781938      1.26598
   0.0132066    -0.479613     0.181799     0.246599    -0.138975    -0.112439        0.474     0.221945    -0.221213   -0.0236461    -0.156291    -0.640111     0.538244    -0.212844      0.26052    -0.337941    -0.398163   0.00653522     0.183716    -0.384327    -0.421695    -0.129874     0.519947     0.355774    0.0501027    0.0128812    0.0540147    -0.175037     0.237473     0.038449     0.573784     0.261961
    0.350436    -0.579099    -0.547554   -0.0724874    -0.217286    -0.334851      1.26042     0.278914 -0.000908439   -0.0997233     0.339327    -0.556187     0.517587      1.11624     0.400508     0.496555     0.264709     0.598377     0.288982    -0.138597    -0.442183     0.140155     0.887644    -0.280488    -0.298042     0.666273        0.944     0.836261     0.748754     0.053215    -0.546619    -0.566861
    0.660414      1.25909    -0.430384     0.606421     0.772536    -0.832202     0.398487    -0.209139     0.775887    -0.252591     0.837786     0.148313      0.72994     0.333873     0.217959      1.47133     0.205879     -1.18237     0.220131     0.149313  -0.00529007    0.0522108    -0.258091    0.0470751     0.291388    -0.578048     0.618563     0.793232     0.439598    -0.200352    -0.400314    -0.622637
  0.00609113    -0.274733    -0.440723     -1.13102     0.626715    0.0151485     0.572399     0.214873     0.342056    0.0485008    -0.358652     -0.94031      1.66166    -0.359336     0.347627     0.663646    -0.444818    -0.403938    0.0373614    -0.555276    -0.217484     0.469094     0.762095    -0.312456    0.0328096    0.0358616    -0.133458    -0.236652    -0.223297     0.435391     0.202532     0.522431
    0.127292    -0.633796     0.483663      0.35869     -0.64294     0.521756    -0.134462    -0.965681   -0.0530373      1.02845     0.338208     0.956801    -0.675212     0.249493    -0.956694     0.243278    -0.262001     0.792861  -0.00651106     0.210114    -0.481038    -0.720936    0.0511537     0.308196    -0.237158     0.272452    -0.210181     0.292998    0.0602418     0.260932   -0.0276934    -0.811657
   -0.298959      1.88296     0.485898     0.511952    -0.321797    -0.767948     0.578441    -0.355801   0.00852537   -0.0370743     0.671535    -0.266903     0.816397    -0.111634    -0.188232      1.55316     0.253435    -0.540769     0.144685    -0.485681    -0.661759     0.759998     0.375336    -0.522519    0.0602339    -0.128468     0.585757    0.0608787    -0.110779    -0.838286    -0.196845     -1.03687
    0.624847    0.0987846    -0.485246    -0.738764    -0.302796     0.234615     0.675212     0.155118  -0.00787865    -0.597298        0.141    -0.796012    -0.549415     0.126928     0.169035     -1.06791    -0.263709     0.801141    -0.206101     -1.29107    -0.854878     0.190588     -0.19064   -0.0749363    -0.490332     0.936389    -0.269569     0.808071    -0.185562     0.792205     0.513539    -0.633429
   -0.693426      1.05153     0.185639     0.237958    -0.759258    -0.499005    -0.655625   -0.0485235     0.629536    0.0980582     0.980708    -0.472966    -0.612657    0.0682272     -1.23789     0.997234     0.583447   -0.0494306    -0.318056    -0.211151    -0.749382    -0.299791    -0.370493    -0.632998     0.573073     0.641698     0.441073     0.499631    -0.338309    -0.479627     0.393559     -1.30621
    0.342154     0.576691     0.307737    0.0889579     0.257725    -0.469721     0.323038     0.280681     0.636911   -0.0918964    -0.293538     0.495061    -0.625562     0.836334     0.657264    -0.150614     0.475311     0.547625    -0.215556    0.0919179   -0.0105997    -0.459901     0.411672     0.263407     0.156988    -0.483799     0.534787      0.70575    -0.185558     0.282383     0.527825    -0.756713
   0.0138128      0.73252     0.185078    -0.144863     0.618333    -0.377174    0.0176176    -0.768792    0.0705435    0.0800808     0.657643     0.219153    -0.245126     0.315233    -0.268222     0.948129     0.231555     -1.35181    -0.114956     0.527282    0.0132645     0.204582     0.322437    -0.140211    -0.126854    -0.550504     0.181358     0.301816      0.15549    -0.235758     0.588036    -0.502977
   -0.365172    -0.221041     0.466142     0.859366    -0.417355     0.195515   -0.0778627    -0.597591    -0.626516    -0.286741    -0.761818     -0.13318     0.164572    -0.304973    -0.496951     0.810093    -0.745123    -0.451325     0.148739     0.279755    -0.048195     0.108449      1.20461     0.514511     0.231513     0.486429       1.2006    -0.502975   -0.0302473     0.938308     0.813006    -0.617139
    0.805428   -0.0457759    -0.639048     0.460271     0.449635    -0.573535     0.630766   -0.0482905    -0.468578     0.543946    -0.608765     0.317448    -0.032357    -0.529438    -0.210188    -0.211451    -0.265709    -0.499305      0.12323     0.256058     0.832043    -0.294141     0.657351     -0.13218    0.0463354     -0.92994    -0.364774   -0.0754984    -0.367383    -0.585079     -1.34828     0.545358
   -0.674893     0.233047    -0.907708   0.00759989     0.679129     0.795603     0.153462    -0.234511    0.0179632    -0.389958    -0.686213    -0.733831     0.251193     -1.09496    -0.855512     0.807809    0.0839552     0.460668    -0.449705    -0.477062     0.257887     0.176251    -0.395601    -0.826941    -0.284654    -0.684996     0.559497    -0.901051    -0.364192    -0.538106    -0.338694     -0.75266
     0.23521       1.1375    -0.277519    -0.100713      0.30786   -0.0830169    -0.194382   -0.0612918    -0.251288     0.185326     0.839286    0.0553245      0.50949     0.791594     0.653924     0.544986     0.842352    -0.410352     0.831118    -0.438212     0.700089    -0.955775    -0.463483    -0.161479    0.0738564    -0.172971     0.958838     0.532083     0.608253     0.684569    -0.346262    0.0723172
  -0.0280717    -0.129497     0.033137   -0.0168564   0.00113723     0.272149    0.0428027    -0.203443   -0.0527031     0.365689     0.177924     0.396301    -0.626892     0.164357    0.0907785     -0.22874    0.0939775     0.313581    -0.361586     0.340807      0.29062    -0.371187    -0.567817   -0.0153528    0.0781268    0.0288179    -0.496977     0.312983    -0.182477     0.120861    -0.465127    -0.289111
   -0.183902    -0.285646     0.309575    -0.513904     0.471639     0.789863    -0.558983    -0.145208    -0.480154    -0.585025    -0.669249     0.555127   -0.0234622     -1.22315     0.469184     -1.53128    -0.107155     0.512646    0.0847058     0.420133      1.54687     -0.33319     0.203109     0.598629   -0.0617415     0.553597    -0.296241    -0.298773    -0.473711     -1.00025    -0.706478     0.790593
     0.83288     0.820922     0.830331    0.0476576     -0.48312    -0.378741     0.673873    -0.363444     0.601169   -0.0727448    0.0855834     0.212271    0.0758642     0.959658     0.242132      0.53014     0.306635     -1.13105      1.11559      0.42145     0.419228     -1.02635     0.202567      1.07892    -0.623182     0.056136     0.856733     0.327453     0.599502     0.926533    -0.706663    0.0118978
    -1.49225     0.984511      0.18764     0.368267     0.444858    -0.162442    -0.106449     0.939136     0.739358     0.258712    -0.237838    -0.562499    -0.413002       0.7862      0.71652    -0.615337     0.171898     0.575243    -0.454151        1.096     0.797476     0.504395    -0.672692   0.00488598    -0.363607     -1.50345    -0.019376     0.470819    -0.433562     -1.37801    -0.057637     0.479175
   -0.117758     0.865883    -0.331339    -0.417635      1.31709    -0.631561    0.0304402     0.333161      0.82356    -0.511696    -0.522743     0.539021     0.629687     0.536096     0.978204    -0.259454     0.538893     0.374719    -0.454354     0.126339      0.98186      0.17056     0.124825     0.108584     0.136212    -0.125206     0.624154     0.597031     0.401767     -1.29397    -0.624269    -0.556447
    0.139289     0.264724      0.11217    -0.341171    -0.273474      0.34865     0.133779    -0.371578    -0.464569     0.846753     0.157616    -0.557789     -0.19818    0.0516336    -0.317627      0.26581    -0.808736    -0.760625     0.418989    0.0991554      -0.0545    0.0689915    0.0293702    -0.337197     0.235341    0.0885174    -0.544477    -0.260295    -0.307715    -0.121256    -0.107156      0.75393
    0.396454   -0.0746057     0.303933    -0.433506     0.453708     0.658067     0.203349   -0.0861196    -0.421964    -0.857766     0.504144     0.333187     0.360066   -0.0169207     0.210582      1.23096     0.840848    -0.884469    -0.173404   -0.0208366    -0.329088    -0.331892     0.113768     0.732162     0.691976     0.933975    -0.300741    -0.577337     0.549123     0.280327     0.841727     0.578467
     1.06024    -0.143492   -0.0893983     0.118321     0.289477     0.894532     0.172314    -0.947091     0.395881     0.309663     -0.78274     0.151573    -0.462687     0.434787    -0.943242     0.200856    0.0105448    -0.570977    0.0649201    -0.489889    -0.889083    -0.380466    -0.455988    -0.585093     0.396195     0.275328    -0.132794     0.161931   -0.0545056     0.355092    -0.436705   -0.0674801
