 -1.03141
-0.485447
 -1.24912
-0.909379
 -1.20708
 -1.16397
-0.811844
-0.814899
  -1.2638
 -1.44567
-0.834976
-0.985035
 -1.09074
 -1.58933
 -1.02702
 -1.07142
 -1.18931
 -1.32399
 -1.09381
 -1.28525
 -1.50564
 -1.26291
 -1.16554
  -1.1549
-0.584967
 -1.27252
-0.854228
 -1.23639
  -1.2295
 -1.26195
-0.845074
 -1.91865
 -1.37306
-0.468648
   -1.049
 -1.72397
 -1.12767
-0.741349
 -1.34245
 -1.39626
 -1.79152
-0.912014
-0.916174
 -1.64759
-0.425677
 -1.39986
 -1.36393
-0.936246
-0.674233
 -1.19498
 -1.13207
  -1.1315
  -1.1302
 -1.00913
 -1.39227
 -2.06892
-0.976319
-0.224372
-0.841135
 -1.03507
 -1.20284
 -1.03706
 -2.46497
 -1.09821
 -1.50188
 -1.04674
 -2.48802
 -1.56292
  -1.3585
 -1.28159
 -1.57171
 -1.43225
 -1.58682
 -1.00526
 -1.69072
-0.999257
 -1.04458
 -1.02049
-0.642895
 -1.49529
-0.998069
 -1.01505
 -1.22953
 -1.09225
-0.800079
-0.744428
 -1.57975
 -1.31829
 -1.49557
 -1.27326
 -2.64097
  -1.3903
 -1.13011
 -1.44095
 -1.20841
 -1.65492
  -1.1568
 -1.18558
 -0.87874
 -1.44947
 -1.09758
  -1.3032
-0.864321
 -1.84074
-0.964893
 -1.23708
-0.806341
 -1.43218
 -1.28764
 -1.32925
 -1.22933
 -2.04401
-0.993381
 -1.23791
 -1.68895
-0.984998
 -1.68038
  -1.5468
 -2.22433
 -1.63192
 -2.07697
 -1.40778
-0.509406
 -1.10484
 -1.06177
-0.994731
 -1.45331
 -1.56772
