 -0.475058
 -0.532362
   1.09958
 -0.352952
   2.73914
  0.233878
-0.0390075
  -1.75627
   -0.4959
 0.0331387
 -0.514774
 -0.911166
  0.783525
 -0.251949
 -0.303646
 -0.126465
   3.10837
  0.789966
 -0.548076
 0.0388073
 -0.535145
  -1.96284
  -1.54284
 -0.142906
 -0.679096
  -0.30466
 -0.888407
 -0.591515
 0.0781971
  -1.15999
  -1.26963
 -0.397796
 -0.241287
  -0.65943
   3.05948
  -1.29456
 -0.739977
   0.82334
   1.76978
  0.091439
 -0.242733
 0.0685055
  -0.59292
 -0.298567
   -1.4297
   -0.8946
-0.0237944
 -0.574114
 0.0641942
 -0.562928
  0.247654
   2.46955
  -1.32873
   1.61087
 -0.175542
 -0.202147
 -0.396034
  -1.03431
 -0.661796
  0.141001
 -0.910353
 -0.848848
 -0.545788
  -1.51574
  -1.44235
 -0.669637
  -1.74823
  0.202048
 -0.414597
   3.66875
  0.106163
   -1.5737
  0.300186
   -1.4661
 -0.752708
   -2.5735
 -0.496225
 -0.732138
   -0.8148
 -0.892652
 -0.242054
  0.212178
 -0.373714
  -1.51551
 -0.168042
 -0.713775
  0.754867
  0.212221
 -0.110681
  0.460149
 -0.499806
  0.266574
  -1.53387
  0.309634
 -0.475576
   2.10895
 -0.439503
  0.789442
  -2.48726
  0.296146
 -0.571419
  -1.43664
  -1.82971
 0.0894426
  0.938067
 -0.775038
  -1.54889
  -0.80996
 -0.609705
 -0.115971
 -0.392053
 -0.992107
 -0.423199
  -1.01671
  -1.54343
 0.0295781
 -0.201381
  0.268693
 -0.575121
  -0.12131
   5.13213
 -0.552945
 0.0387037
 -0.862428
   -1.1197
  -1.11027
  -1.35951
  -1.26246
