 -0.279484
   1.12734
 -0.761157
  0.927557
   2.39895
 -0.252078
  0.710089
 -0.131455
 -0.626188
  -1.24714
  0.369585
   0.81181
  0.715843
 -0.250808
  0.183762
   1.01551
  0.558783
 -0.546376
 -0.750804
 -0.180915
 -0.534434
 -0.369107
  0.178527
 -0.422266
 -0.378878
 -0.182425
  0.793263
  0.352035
  -2.52944
  0.451664
  0.933158
  0.547744
 -0.310248
  0.905644
 -0.575544
   2.37664
-0.0379887
-0.0916117
  0.457589
  0.369327
 -0.328628
   0.31074
 -0.579365
   0.25235
   2.37956
 -0.505596
  0.360391
 -0.799067
  -2.86244
  0.629822
  0.126648
  0.503097
 -0.489774
  0.100934
 -0.457234
  0.202625
 -0.161438
  0.178686
 -0.335904
 0.0740507
  0.453992
 -0.299652
  0.380175
  0.520229
  0.341179
-0.0450781
  0.680692
 -0.176342
 -0.729641
   1.26668
 -0.191353
 -0.285962
  -1.25111
   1.56422
 -0.217633
   2.93471
    1.7569
  0.401347
  -1.95722
  -0.32288
 -0.542127
 0.0751827
  -1.77858
  0.315735
 0.0697202
   1.00249
  0.132584
  -1.59928
 -0.581589
 -0.455092
  -1.16311
  0.374129
   1.54907
 -0.954165
   1.54957
  -1.20283
  0.143436
 -0.055679
 -0.136787
  -0.35156
  0.126998
 -0.271981
 -0.507291
  0.080536
 -0.652158
  -1.92248
  0.316835
 -0.276742
 -0.893661
  -1.37965
  -1.18557
    2.2155
  0.684394
  0.118297
   1.86802
 -0.927728
  0.542257
 -0.961276
  -1.28543
 -0.230887
 -0.395863
  0.135513
   2.11171
  -0.57846
 -0.382103
  0.714212
  -0.80751
  0.500191
