    0.555807     0.978768    -0.451902    0.0131121    0.0261306   -0.0973715    -0.277678    -0.294423   -0.0246494    -0.542658     0.160007    0.0206028    0.0817836     0.353861      0.24315     0.656398    0.0847742     0.139687     -0.35796    -0.634671    -0.156011    -0.463105     0.626014   -0.0106218    -0.453834     0.448136    -0.677172     0.322906    -0.435167    -0.638805   0.00251072     0.765117
    0.125476    0.0137819    -0.348618     0.294861    -0.193338    -0.402076   -0.0620294    -0.141296    0.0113437     0.398682    -0.166051      0.16146    -0.161147   -0.0148981     0.247963    -0.543958     0.120247    -0.120343   -0.0951106   -0.0470466    -0.241238     0.107534   -0.0792865    0.0631574    -0.155638    0.0392491    -0.213687     0.397307   -0.0924263     0.158697     0.189771     0.458899
    0.168165    -0.386657    -0.447073    -0.827687     0.689725     0.271472    -0.419343     0.207826     0.285578     0.246809     0.660424    -0.155153        0.262    0.0109487     0.406674     0.242165    0.0730739     0.235798      1.02232     0.379145     0.678769    -0.542486     0.357643   0.00284228     0.267046    -0.306881     0.237587    0.0477606     0.238971     0.346623   -0.0629912   -0.0164854
   -0.477134    -0.217093     0.109833    0.0802231     0.109475    -0.257504     0.213912     0.246302   -0.0955822    -0.224789     0.206763     0.404523    -0.139955     0.166041     0.142725    -0.300653    0.0682259    -0.457098     0.652574    -0.464606     0.393605    0.0375357   -0.0692784    0.0552749   0.00741558    -0.107453    -0.400584   -0.0906224    -0.372409     0.319605    -0.068994     0.173819
   -0.563377    -0.301495    0.0224814     0.132837     -0.34808   -0.0360514      0.23484    -0.610205     0.370973   -0.0196791     -0.76744    0.0116205     0.253167    0.0465326     0.208624    -0.560466    -0.431198    -0.115692     0.376242    -0.162317    -0.977417     -0.13173   -0.0928303     -1.07595      0.57799   -0.0792799    -0.306423     0.350404    -0.555553     0.211799   -0.0256825      1.11086
   -0.152057  -0.00603461      1.05376    -0.382288    -0.461101    -0.452476     0.213963     0.580141    -0.036871     0.222352     0.330438     0.366017    -0.500734     -1.10889     0.150791   -0.0222766    0.0784626     0.310824     0.350923    -0.467606     0.223248    0.0257857     0.305776    -0.059337     0.325826    -0.292486   -0.0433589      0.42168    0.0846803    -0.364023    -0.116483    0.0748936
    0.070651    -0.476345     0.301214    -0.363887   -0.0242484       0.4521    -0.319144     0.112687    0.0145302     0.616571     0.370906   -0.0258947      0.23517    -0.534028     0.485792     0.362702   -0.0434614   -0.0203195     0.147286     -1.09802     0.442862     0.138228   -0.0810924    -0.341498     0.544109    -0.258218    -0.479091    -0.187908    -0.328581    -0.139003   -0.0781658     0.296155
    0.721393    -0.382533     0.193624     0.317817   -0.0546436     0.597961    0.0356597     0.194354     0.236943     0.122894     0.395897  -0.00752638     -1.19837    -0.828365    -0.161308     0.873611    -0.383704    -0.534708     0.604196     -0.40447    -0.538219     -0.13678     -1.10404     0.424743     0.092758      0.83433    -0.824775    0.0689278    -0.102404    -0.804656    -0.186652     0.193594
  -0.0606718    -0.344918     -0.17151     0.428297   0.00986538     -0.14727     0.414154   -0.0749056     -0.20464      0.62475     -0.24141     0.208369     0.157537     0.209249    0.0866775   -0.0958632     0.181838     0.322411   -0.0827163     0.424535    -0.237161    -0.025294     0.829663     0.291042     0.404991      0.40502    -0.395445    0.0325088    -0.666039   -0.0228879     -0.25955     0.337993
    0.150469    -0.416736   -0.0641788    -0.232781     0.265949      1.00373     0.434166    -0.656667   -0.0485958    -0.262201   -0.0144712     0.129656     0.111104   -0.0149075    -0.259939      1.02623     0.385715    0.0679468      0.23289    -0.039559     0.383775     -0.14533    -0.345403     0.744239     0.242838    -0.391762     0.273284    -0.938029    -0.183216    0.0656242    -0.078692     0.165666
    0.329583   -0.0958174      0.19598      0.70252    -0.869054      0.19038     0.119501    0.0618951    0.0635892    -0.188876   -0.0453733    -0.516289     0.323773    -0.146716     0.626635    -0.156398     0.462109    -0.184202    0.0441984    -0.497337    -0.869046     0.856397    -0.570371     0.229307    -0.116752      0.22918   -0.0408065     0.348352    -0.130977    -0.435893    -0.441925     0.374496
   -0.261868    -0.150382     0.235053     0.446199    -0.620707  0.000670539      0.42637    0.0808168   -0.0521466     0.534122   -0.0580249    -0.602781     0.619298    -0.602969     0.557037     0.193239    -0.558871     0.297485     0.139497       0.2679     0.467696     0.109641    -0.132252     -0.43592   -0.0657529     0.221387     0.500179     0.584895      0.18509    -0.320232     -0.46183    -0.682132
    0.589192    -0.561732     0.188227     0.480813     -0.74424     0.594929     0.667625     0.408869     0.419357    -0.116102    -0.279682    -0.427838    -0.243338    -0.257997     0.518184     0.106137     0.385611    0.0330895     0.170395     -1.04061     0.877826     -0.42906    -0.821233    -0.363559     0.493256     0.582004      0.19077     0.254832     0.449402     -0.30668    -0.458702      1.16588
    0.881967    -0.431096        0.695    -0.130718    -0.967213    -0.333518    -0.551737    0.0292138    0.0506679     0.161434    0.0257852    0.0418561     -1.03856    -0.338432     0.885677     0.515137     0.900992    -0.234594    -0.666436    -0.605128     0.538409      -0.6223    -0.601973     0.154469     0.225037     0.290452   -0.0139263     0.999131    -0.294672   0.00619894    -0.657694     0.714833
   -0.265955    -0.203159     0.110236     0.123727    -0.677109    -0.215447    -0.369591     0.487632    0.0997517    -0.228671     0.267986     0.329646    -0.172692    -0.381394     0.448111   -0.0722884     0.608657    -0.304974    -0.145389    -0.514051     0.134354    -0.285368    -0.121675    -0.182623     0.433175    0.0991175    -0.579457     0.566405     -0.16159       0.1614    0.0569223      1.13908
    0.676949    -0.107838     0.497852     0.118625     0.430646    -0.302957     0.145107    0.0404484    -0.397651    -0.130929   0.00193157    -0.172702     0.199482    -0.940359    0.0303444    -0.130292   -0.0650533      0.55874     0.580582    -0.358261    -0.234853      0.17839    -0.653509    -0.264603     0.276605    -0.620636   -0.0527276    0.0678479     0.101627    -0.445066    0.0733034     0.257828
    0.747257     0.401391    -0.160909    -0.325905    -0.273456    -0.556502     0.602977     -0.27514     0.525011    0.0604849    -0.592463     -0.87642     0.120076    -0.206161     0.422455     0.444203    -0.469253    -0.124587  -0.00571175     0.243072     0.660484    -0.259395    -0.187067     0.338983      1.06932     0.573405    -0.492171    -0.303159     0.237243     0.146215   -0.0963127    -0.263174
    0.744642    -0.131551    -0.205345    -0.622309     -0.37849    -0.418279    -0.598577   -0.0624644   -0.0712356     0.293608     0.020166    0.0749113    0.0974848     0.150479     0.285023      0.44885     0.607461     -1.00402     0.280315     0.109811     0.601942     0.672711    -0.189495     0.331278    -0.459718    -0.156776     0.169766     0.234249     0.642268     0.280399    -0.364835     0.157898
    0.213886     0.445158     0.295653    0.0938534     0.125948   -0.0450615    -0.384619     0.548457     0.151717   -0.0319365     0.591245     0.421434   -0.0787185    -0.755225     0.165223     0.533209   -0.0231162    -0.197769     0.428148    -0.377751    0.0785578    -0.228415    -0.699398    -0.255689     0.299667    -0.146942     0.204237   -0.0681921     0.411573      0.28405    -0.423294    -0.501732
    0.497005     0.435327     0.262708     0.234959    -0.137583    -0.306039    0.0139652     0.120864    -0.409849   -0.0997893     -0.41446    0.0850387     0.298494   -0.0182453      0.40548     0.240213    -0.144048   -0.0786208    0.0763109    -0.879371     0.524002     0.080702    -0.745134     0.190737     0.631014     0.688335     0.373489    -0.447236    -0.191096     0.323238    -0.591722    -0.503871
    0.874697     0.221935     0.385706   -0.0502953    -0.132856     0.131759   -0.0559939     0.201831     0.330504     -0.28863     0.225722     0.227797    -0.412794   -0.0782716     0.195412     0.323698    -0.534875     0.274647     0.979979      0.31432     0.563255     0.171705    -0.238278    -0.327733    -0.213045     0.866495    -0.272356     0.400438     -0.09946    -0.925084   -0.0440872     0.380005
    0.211603   -0.0661779      1.00888     0.797659     0.122921    0.0224864  -0.00141549     0.189596    0.0868258    0.0326628     0.304198    -0.328197    -0.162481     0.188393     0.298131     0.858237    -0.182806     0.239083     0.942177   -0.0692851      0.52642    -0.466628     0.242298    -0.488841   -0.0848002     0.233793    -0.277499    -0.400379    -0.156416    -0.108781   -0.0823641     0.287224
    0.315407     0.141783     -0.49519     0.237818      0.80583    -0.637551     0.475117   -0.0579752     0.389428     0.329799    -0.175649    -0.198006     -0.66437  -0.00510834     0.646129    -0.878533     0.286393    -0.262244     0.320856    -0.567607     0.572392    -0.774993    -0.219024    -0.824173    -0.438171   -0.0891844    -0.557255    -0.337807     -1.06225     0.858666    -0.645832    -0.198575
    0.611874    -0.102842      1.02251      1.22424     -1.15869    -0.710833    -0.534014      1.10825     0.196233     0.665787    -0.481917     0.324068    -0.653551     0.402977      1.70915      1.01551    -0.136807    -0.776277     0.401405      0.17915    0.0904324    -0.277403     -1.18895    -0.643722    -0.440992     0.647311    -0.424639      1.12371    -0.288753     0.478889     -1.29526      2.45693
 -0.00602896    0.0305281     0.577105     0.499992     0.276357     0.063197    -0.547054     0.149449    -0.168926   -0.0746085    0.0867781     0.106685   -0.0833465    -0.463899     0.199113  -0.00793056    -0.425163    -0.217356    0.0551827     -0.13458     0.422981    0.0125095    -0.461135    -0.302964     0.300731    -0.116395     0.086141    -0.102518     0.478762     0.166764 -0.000779501    -0.155854
    0.286352   -0.0919425    -0.215522    -0.322363   -0.0377092    0.0960527     0.363857    -0.376044    -0.211261    -0.360064    -0.230562    0.0589317     0.841135    -0.327794     0.103541     -0.35221    -0.594441     0.437503     0.160595    0.0797676    -0.411264    -0.326337  -0.00832167    -0.531491      1.32418     -0.56744    -0.973501     0.369715    0.0233488     -0.19106    -0.123932      1.03561
    0.698899    -0.359754     0.016021     0.539187    -0.316476    0.0398594    0.0307246     0.183687     0.333685     0.203862    0.0947526    -0.332376    -0.198024     -0.41854     0.907654     0.131904     -0.25626     -0.62172    -0.332517    -0.655291     0.176569    -0.219979     -0.85204     0.262873   -0.0573784     0.163365    0.0945942     0.307555     0.274359    -0.400712   -0.0672701   -0.0875788
    0.487887    -0.576686     -0.12275    -0.540376   -0.0639884    -0.236423   -0.0306666     0.169694    -0.781406     0.370204     0.157926     0.236513     -0.40924   -0.0263615     0.355249     0.812478     0.561234    -0.252146    -0.111702      0.11856     0.739283    -0.728638    -0.975599     0.831322     0.489653     0.430748     0.117438    -0.287968    0.0634315     0.101229     -0.31828      0.39449
      0.3336    -0.754876    -0.225492    -0.448607    -0.201761    -0.523195    -0.424549    -0.211242     0.317985     0.652783    -0.413881     0.523155    -0.651858    -0.658476      1.41442     0.752979     0.180815     0.377848     0.264326   -0.0887417     0.298967    -0.603298    -0.813541    0.0480804    -0.394352   0.00588033    -0.353647     0.435165    0.0146969      0.29625    -0.546277   -0.0219722
   -0.289557   -0.0719695     0.109498    -0.226852    -0.290288    -0.524101     0.434106    -0.103697    -0.203399    -0.312707    -0.119574    -0.134717     0.275072    0.0233228     0.238407    -0.293809    0.0263093    0.0423115   -0.0609562   -0.0990264     -0.17993     0.550578   0.00928577     -0.55418     0.604623    -0.322364    0.0313039    -0.414518     0.050411    -0.121866    -0.168482     0.485339
  -0.0672995     0.339884    -0.318144    -0.757395    0.0823338     0.248617    -0.065561    -0.288714     0.249318   0.00800028    -0.103765    -0.132201     0.111866     0.412485     0.184023     0.262646   -0.0541942     0.289329      0.21289     0.318178    -0.013005     0.366686    0.0234493     0.677996     0.527766     0.293316   -0.0152665    0.0158368     0.169945      0.25397     0.139598     0.788046
   0.0625297     -0.54098     0.220223    0.0607251     0.372813   -0.0774075      0.38414     0.157503     0.539738    -0.644132      0.29695   -0.0760827     0.310749    -0.481177   -0.0893766     0.395759     -0.19322    -0.125919    -0.763858    -0.162219     0.455659     0.459637    -0.704164    -0.307305     0.218165   0.00381312      0.47109    -0.366785     -0.54911     -0.25721    -0.645084    -0.504079
   -0.226015   -0.0329654     0.193399   -0.0244793     0.461667    0.0792016    -0.486218     0.583397     0.553759     0.370186  -0.00971426    0.0684563     0.364604    -0.148985     0.553421    -0.572223    -0.088131     0.155386     0.237416    -0.448221     0.440334    -0.158289   -0.0596163    -0.153285     0.176425     0.283561    -0.642299   -0.0519747     0.209122     0.135532    -0.686631    0.0705869
    0.297027    -0.421299     0.623891      1.21287     -1.00006    -0.111625      0.11366     0.379221     0.963301      1.90713    -0.189089   -0.0829113   -0.0922304    -0.169003      1.08675       1.0193      1.18253    -0.671626     0.800382     0.667164    -0.735369    -0.557739     -1.12501     0.195215     0.462226     0.146597     0.057266      1.33985    -0.381308    0.0550335    -0.599848      1.83053
   0.0796041     0.249941    -0.141289    -0.407851    -0.806512    -0.115996    -0.388778    -0.446462     -0.11241     0.230105     0.203971      0.61431   -0.0211699     0.232451     0.751855     0.128298    -0.253366     0.139337    -0.493176    0.0918498     0.111558     0.448251    0.0453041    -0.231782    -0.104551    -0.159891     -1.05526     0.347809    0.0438663    0.0697694   0.00657391     0.467269
  -0.0918503    0.0715335    0.0185971    -0.104032        1.073      1.04412     0.594637   -0.0344459    -0.211005     0.500113   -0.0726186     0.438691     0.148158    -0.672952     0.582184      1.33724    -0.540153     -0.61286   -0.0454219    -0.377449     0.416343    -0.238599     0.366768     0.543206     0.116329  0.000913445       1.0034      -1.3433     0.828979     0.170295     0.161532    -0.900916
    -0.44875    0.0169734     -0.46899     0.286499     0.488512    -0.175328  -0.00519438    -0.510837     0.045942   -0.0230706     0.401119    -0.365583    0.0887049    -0.454709     0.191884    -0.168545     0.142617    0.0879402     0.670795    -0.811642    -0.125748    -0.607869    -0.255142    -0.309327     0.146075     0.336918    -0.331243    -0.132405    -0.403352   -0.0838787    -0.638691      0.12542
   -0.146203    0.0612504    -0.393785     0.268321     -0.08577      0.11831    -0.841932     0.620136   0.00824471    -0.401828     0.419712     0.385249    -0.660808    0.0999976     0.800073     0.206097    -0.403591      1.03905    -0.729317     0.243149    -0.447276      0.51669    -0.142361     0.272804     -0.23189     0.936774     0.455098     0.431269    -0.459433     -0.42316     -1.08784    -0.820981
  -0.0183166    -0.352296  -0.00630832    0.0459062    0.0423495    -0.125786    -0.815948    -0.324673     0.522578     0.436615    -0.478487    -0.018494    0.0270158   -0.0132187     0.388268   -0.0112796     0.299415    -0.271676     0.454841     0.309111    -0.236629     0.391364     0.165283     0.246586      0.15937     0.232913    -0.439619     0.458799     0.389214     0.484866     -0.27777    -0.743883
    0.284801     0.276704     0.055268     0.304917     -0.63304    -0.231726    -0.822308    -0.435067    -0.190719     0.047298     0.113711     0.300919     0.170279     0.287911    0.0204052    -0.493669   -0.0325081     0.732351     0.434318    -0.262866    0.0987244    0.0606417     0.135229    -0.550467    0.0162731   -0.0181157    -0.107647     0.459993     0.298053       0.3922     0.469513    0.0285346
  -0.0217526    -0.366823     0.525041    -0.408261     -0.78787     0.191792     0.152544    0.0584675    0.0343204  -0.00523705      0.80389     0.207965     0.210068     0.508214     0.962214      0.27933     0.096789   -0.0974574    -0.197495    -0.333372     0.311751    -0.190797    -0.139798    0.0471095    -0.594188    -0.259312     0.182525     0.129764     0.137403    -0.255389    -0.807837     0.222032
    0.274542     -0.33276     0.277151     0.471128    -0.326297    0.0520439    -0.477672   0.00402939     0.980456     0.425337     0.125597    -0.289025    -0.131509    -0.381727     0.540774       0.8257      0.38999  -0.00287955     0.025213    -0.794208    -0.189982    0.0256178    -0.550421    -0.672455      0.41362    -0.306578    -0.106776     0.384143     0.321585    0.0600502    -0.402975       1.1561
 0.000378236     0.107817      0.31163    -0.178751    -0.519523     0.195717    -0.674508     0.419154     0.349209    0.0162349      0.23621     0.210878    0.0699831   -0.0331554     0.529516     0.134531     0.147954       0.3698   -0.0733192    -0.212036     0.264332    -0.143538     0.341197     0.269726     0.875736    -0.314571    -0.545961   -0.0676702      0.36339    -0.578458     0.299982     0.443488
    0.466278    -0.556929    0.0960349     0.366779     -1.15826    0.0899108     0.532655     0.503924    -0.182811     0.335209   0.00723609    -0.117216     -0.60773     0.197945     0.968807     0.589442     0.515408    0.0380201     0.285211    -0.511911     0.266779    -0.404961    -0.932284   -0.0280545     0.768192     0.404419     -1.07707      1.66243       0.3662     0.318055    -0.114554      1.67209
    0.409551   -0.0594001    0.0191819     0.251428    -0.243768    -0.436133    -0.204058    -0.240177     0.219514     0.514968     0.279499    -0.510628     0.125627    -0.257587     0.198968   -0.0103783     0.260583      0.21536     0.306392    -0.488147   0.00167033    -0.455987     -0.63375    -0.375526    0.0969923   -0.0437605    -0.286447     0.658903    -0.206998    -0.217224    -0.155123    -0.101572
    0.556505      0.23616     0.448806     0.151471     -0.66497     0.545203    -0.543082     0.397545       1.0791     0.508966    -0.217259     0.188374    -0.120235    -0.323305     0.658334     0.054496    -0.259342    -0.307143    -0.210549    -0.479118    -0.630203    -0.194082    -0.121312     0.328303     0.544069     0.766564    -0.769845     0.128358   -0.0216924    -0.144602    -0.552118      0.69349
    0.393865    0.0564487    -0.046166      0.67984   -0.0775402    -0.734987     0.068378    -0.207903     0.459618    -0.347802    -0.444533     0.211341     0.367957    -0.109375    -0.528845    -0.421749     0.086616   -0.0873089   -0.0688879        0.365     0.185745     0.107086   -0.0816209    -0.299487     0.725624    -0.183671    -0.063358  -0.00946511    -0.449099    -0.303063     -0.52364      -0.1506
    0.362307    -0.598643   -0.0453779      0.04298     0.611956    -0.343489    -0.303933   0.00873716     0.318775    -0.485353      0.31223    0.0793538    -0.082743    -0.168503    -0.532855    -0.376131      0.16414     0.437566     0.340557     -0.52005    0.0931995     0.367124     -0.57919     0.268558     0.191254     0.208563   -0.0140369    -0.155002    -0.432621    -0.261722    0.0927115    0.0399766
   -0.175748     0.408256     0.316546   -0.0475388    -0.334745    0.0845162     0.143479   -0.0733792    -0.150743      0.41525   -0.0791428     0.675077     0.376129     -0.43456     0.568448     0.273424    -0.238471    -0.247771    -0.216047     -1.06287    -0.260347     0.102167    -0.215019    -0.704027    0.0120897    -0.594747    -0.716834    0.0785656   -0.0316052    -0.280574    -0.585493       0.4399
   -0.730959     0.183636     0.381729    -0.077579     0.267681    -0.381905    -0.374557    -0.281709     0.403225     0.419943      1.03746   0.00727899     0.350859    -0.731193     0.314907    -0.393696   -0.0512834     0.116965     0.557571     0.193177     0.994822     0.188995    -0.416633    -0.176915    -0.468051     0.705755    -0.168474    0.0328646     0.385399     0.555164   -0.0973323     0.671671
    -0.27875    -0.166624     0.373139     0.136346     0.319485    -0.258264     0.364876     0.241408    -0.366267    -0.320403    -0.229238     0.180289    0.0959871     0.482386    0.0372075     0.323208     0.276545     0.130031     0.239496    -0.442863     0.222791    -0.272679    -0.147921     0.127425   -0.0569663     0.155813    -0.450701    0.0243554    -0.149671    -0.646252    -0.676247    -0.198295
    0.645586    -0.623384     0.306604    -0.650811     0.325109    -0.128307     -1.06123     0.288131     0.242838     -0.23395     0.527914    0.0293786    -0.602452     0.557732     0.666712    -0.559108    -0.150532    0.0119645     0.438787   -0.0583851     0.470023    0.0381559    -0.348554     0.368807     0.097461    -0.516743     0.499192     0.514201   -0.0861538    0.0856011   -0.0474279    0.0903438
    -0.18687     -0.47007     0.118794   -0.0518306   -0.0324711    -0.124178    -0.189975    -0.243327    -0.423665   -0.0341137   -0.0510631    -0.411105    -0.155194    -0.069547   -0.0313587     0.285102    0.0791647   -0.0934908     0.250581    0.0104858     -0.47892     0.349465   0.00343408    -0.368856  0.000205739    -0.256621    -0.104326    -0.469261     0.374669    -0.557833     0.195115     0.791728
    0.363249   -0.0561651    -0.255083   -0.0659763     0.380203   0.00444872     0.160676    -0.283461     0.694111   -0.0131068    -0.180029    -0.513702   -0.0822097    -0.243327     0.141446    -0.168707    -0.447389     0.288259     0.588142    -0.430683    -0.170796    -0.282266    -0.545955  -0.00833175     0.947489     0.383552     0.154032     0.330748    -0.287245     0.142551    -0.358609     0.293773
   0.0781758    -0.467678     0.699715    -0.322496     -0.62777     0.355149     0.341159    0.0692096    0.0521169    -0.292522    -0.287409      0.10779    0.0797592    0.0239995    -0.524871    -0.177816     0.386653    -0.145991     0.125517    -0.324968     0.212644    -0.155663     -0.43013     0.228139     0.283486     0.260866     0.249371    -0.446752    -0.221075     0.418308    -0.400577     0.550861
   0.0747462      0.06275    -0.139006    -0.725195     0.313075     -0.33126    -0.226442     0.408602   -0.0583208    -0.492019     0.471104     0.816041    -0.227796    -0.174116     0.219868     -0.19717     0.211317    0.0521542     0.496828    -0.581984    0.0551347    -0.283416   -0.0785877     0.346471   -0.0299977   -0.0988512   -0.0532942    0.0852363     0.156661    -0.275242    0.0611702      0.11557
    0.629402      0.17293     0.440292     0.313174    -0.454314    0.0728334    -0.447999     0.230307     0.318342     0.144009     0.179887     0.377326    -0.242475    0.0512834     0.295189     0.629977     0.307706   -0.0839206     0.730433    -0.217123   -0.0680405    -0.803317    -0.277528    -0.121947     0.638358    0.0624764    -0.270062     0.294593    -0.324512    0.0595272    -0.150562     0.501957
    0.461396    -0.215432   -0.0362314     0.531122   -0.0511556    -0.503411    -0.130572     0.051872    0.0731545     0.279899      -0.2228     0.131935     -0.36393    -0.465129     0.275708    -0.618689     -0.31094    -0.312573    -0.105362    -0.677475     -0.24595   -0.0913974      -0.5971    -0.507033     0.117987    -0.095542    -0.186647     0.216394   -0.0345436     0.214059     0.114727    -0.190879
    0.703543    0.0344261     0.701817   -0.0214196    -0.383281    0.0222401    0.0813268     0.237759     0.841656    -0.184357     0.207024     0.416202    0.0248821    -0.866313     0.482077    -0.204047    -0.342951     0.140153     0.139027     -0.64759    0.0564731   -0.0900411    -0.631028    -0.118849    0.0868337      0.23087     0.324546    0.0426172      0.90977     0.132724    -0.250581    -0.366237
   0.0465255    0.0625053    -0.434533    -0.474161     0.341205    -0.761344     0.361686     0.572519    0.0963462     0.254808    -0.313977     0.724432    0.0255017     0.255103    -0.281403    -0.770603    -0.721199     0.355308     0.154245   -0.0465724     0.583124    0.0860581     0.751132     0.787001    -0.074555    0.0891447     0.477514     0.229398   -0.0482945    -0.796938    -0.636425    -0.107095
    0.357937      -0.3457     0.647958     0.558848    -0.208801    -0.262172    -0.435727     0.455737     0.348077     0.639089    0.0493573    0.0756808    -0.195481     0.456219      0.32991     0.767784     0.107601    -0.146935     0.366145      -0.5449     0.105293    -0.434665    -0.707986    -0.325704     0.221035   0.00861507    -0.191681     0.327076    0.0316421     0.279112     -1.03445      1.02055
    0.189175    -0.493698     0.738924    -0.223637     -1.52749    -0.226652    -0.372806     0.317249     0.205909    -0.108442    0.0879672    0.0520123    -0.301546     0.611654     0.921336    0.0340645     0.794864    -0.631517     0.209258   -0.0879145    -0.127719     -0.32669    -0.452742     0.415489    0.0689966    -0.138026   -0.0318366     0.404621    -0.631132    -0.303748    -0.733732       1.2798
     0.52844     0.382603    -0.195553   -0.0579505     0.222268    0.0543663    0.0520332    -0.268001    0.0577945      0.32183    -0.265376     0.241322     0.119994    0.0990322   -0.0799685     0.381892    -0.277147     0.133122   -0.0309661     0.928588     0.038628     0.249616    -0.189547      1.09086     0.284907    -0.358898      0.25703     0.139972     0.517851    -0.141348     0.339197   -0.0700744
   -0.635394    0.0475147     0.209533    0.0511115     -0.11089    -0.326401     0.213108     0.331882    -0.156046     0.177413    -0.216024   -0.0360593    -0.156932    0.0863118     0.492114    -0.665172     -0.45261     -0.14415    0.0564797    -0.478655     0.651619     0.136674    -0.209248     0.292497     0.224305   -0.0544959    -0.270526     -0.35122     0.228248     0.156995    -0.361528     0.340971
  0.00464233     0.368899      0.42361     0.518266    -0.808139     0.014785     0.512458    -0.641724    -0.639441    -0.913376    -0.129245        0.351    0.0359333     0.402842     0.384567    -0.363062     0.067145    -0.795941     0.335732    -0.813489    0.0638944     0.173988    -0.586558    -0.425513      1.14463   -0.0482744    -0.712177     0.414286    -0.702432     0.237339    -0.511417      1.52442
 -0.00872585   -0.0432546     0.349148    -0.448587     0.303896   -0.0184144    -0.130638     0.235584      0.26703     0.196986    -0.142395    -0.439251    -0.174427      0.32163     0.414275     0.177897    -0.129072   -0.0631669     0.483062    -0.443399     0.591808    -0.306845    -0.528068    -0.387902     0.327454     -0.10856    -0.829215    -0.318004    -0.106989    -0.252734    -0.124445    -0.261366
    0.181366     0.407637     0.778097    -0.181937    -0.397481     0.179556     0.501283     0.558809     0.515596    -0.805534      0.20363    0.0705719    -0.346389   -0.0816676    -0.427545     0.312143    -0.280588    -0.209502     0.307678      -1.2828     0.308378    -0.316147    -0.596324      0.17454     0.198652     0.247223     0.108964     0.097382    -0.207359    -0.583227    -0.474311      0.23076
   -0.890904    -0.141916       0.2588     0.537628    -0.374917     0.448647    -0.240844    -0.711414    0.0235536     0.344131     0.162171    -0.320977     0.379496    -0.357302      0.34233     0.989594    -0.741769     0.376817     0.658622    -0.299817    -0.303385     0.308182     0.523165    0.0272726    -0.087762    -0.455006    -0.753275   -0.0971652    0.0259482    -0.536254     0.602376     0.197155
   -0.180364    -0.357078    -0.153456     0.131359    -0.210486    0.0071114   -0.0486717     0.440496     -0.44254   -0.0508471     0.248651    -0.535482   -0.0177137   -0.0985661     0.254757    -0.580949  -7.6199e-05    -0.266971    -0.181039    -0.326327     0.104894     0.262857    -0.392052    -0.587812     0.456326     0.385997    -0.091097     0.391232    -0.549535     0.442474     0.109543    -0.133067
    0.147957      0.38668     0.120108    -0.227141     -0.45796     0.393784    -0.346152    -0.221684      0.23802     0.200334    -0.159306     0.216024    -0.281808    -0.247195     0.549636   -0.0398486    0.0315624   -0.0216934     0.310067    -0.756056    -0.158365     0.435393     -1.18452    -0.703034    0.0507949    -0.233214     0.165721     0.463983    -0.726478    -0.355219      0.13258     0.184006
    0.560591    -0.651358    -0.490248     0.743209      0.58349    -0.432458     -0.57439   -0.0731281     0.851558      0.75361    -0.276168    -0.437889   -0.0567938     0.230265    -0.386285     0.487516    -0.282796       0.1841   -0.0216524     0.454091      0.70664    -0.792834    -0.625878    0.0323856     0.904299     0.431265     0.216556    -0.237326    -0.370734     0.402563    -0.522456    -0.200208
   -0.144506     0.268879   -0.0294937      0.44339     -0.54112     0.345542    -0.363829    -0.155683     0.290561   -0.0746371     -0.28962    -0.310354    -0.049549     0.254316     0.137209     0.153986    -0.127375     0.189281    -0.266167    -0.628967     0.403931    0.0498013    -0.328416     0.616764     0.944624     0.423165     0.318306    -0.269711     0.114138   -0.0554433   -0.0543065   -0.0882763
    0.391884    -0.307722     0.975451     0.200416    -0.516521     0.765755     -0.75888     0.887871     0.136673     0.929823   -0.0053897     -0.72733  -0.00647809    -0.686716      1.02151     0.444651     0.699221     0.539192    0.0714156    0.0332782     -0.15569    -0.811495     0.137563      0.23273     0.676795      0.32843     0.330263    -0.046303     0.690873     0.495022    -0.416619    0.0450487
    0.149187     0.382731     -0.21386    -0.180935    -0.109051    -0.111529     0.382049   0.00238823     0.310317     0.380018     0.226937    -0.022221      0.20108     0.470038      0.16244    -0.286921     -0.22246     0.336761     0.421315    0.0522159     0.770771  -0.00176234     0.510343     0.137493     0.370289    0.0330219     -0.52423     0.866181      0.40259    0.0497183     -0.48498     0.445262
    0.475001    -0.508246      1.07161      0.68765    -0.706263     0.081154    -0.870921      1.45627     0.289313      1.62274      0.20015    -0.151943    -0.617065    0.0704212      1.52548     0.548042     0.601646    -0.753617      0.47218    -0.533096     0.933986     -1.13555     -1.16802     0.654966     0.535708      0.59053    -0.284599    -0.106078     0.750502     0.304335    -0.121089      1.82524
    -1.22976     0.411613    -0.134247     0.839371    -0.876627     0.546504    -0.545852    -0.430875     0.136867    -0.340444    -0.352842    0.0828285     0.151964    -0.121721     0.972312    -0.371534     0.307078    -0.796819    -0.921449     -0.40808     0.202749    -0.113805     0.005971    -0.491768     0.730391    -0.576704     -1.52628    -0.259489    -0.163518      1.06494    -0.806227     0.958529
    0.698093    -0.894979    -0.241711    -0.245288     0.258533    -0.236236    -0.763253     0.395093     0.456127     0.381682    -0.354709   -0.0540113     -0.50394    -0.207926     0.210409     -0.16608      0.95295   -0.0540558    0.0709808    -0.686056   -0.0410238   -0.0923612    -0.871746   -0.0125315      1.01925    -0.196759    -0.624496   -0.0892362     0.311895     0.154568     -0.36935     0.268418
   -0.207333     0.375937      0.36632      0.48982    -0.507461     0.288911     0.111189    -0.260483     0.385959     0.538023   -0.0349441     0.109967     0.131166     -0.65696     0.352981    -0.202632     0.168755     0.172449    -0.497912    -0.321696     -0.36163    0.0361284    -0.653747    -0.653004     0.422408     0.180082  0.000412614    -0.103215    -0.365781    -0.559129     0.245983    -0.106474
    0.469173    0.0876512    0.0087039     -0.38111     0.223271    -0.121704     0.053033     -0.40591   -0.0251606     0.240772     0.359442   -0.0767145     0.109587    0.0127375    -0.547175    -0.357424  -0.00962707    -0.167406     0.282177    0.0177778     0.228348   0.00432902   -0.0944133     0.657584     0.511028     0.042865      0.14118    -0.819422    -0.265014   -0.0872566    -0.411169    -0.276589
  -0.0844029    -0.532252    -0.357442    -0.419149      -0.1686     0.264286     0.192292    0.0462465     0.227403   -0.0679555     0.321945    -0.593665     0.339472    -0.140409      0.35095    -0.347057    -0.125512    -0.388614    0.0428969    -0.173755    -0.194799     0.179813    -0.325427    -0.218319     0.519142    -0.306689    -0.630238     0.269223      0.35702     -0.19358     0.423371     0.162735
 -0.00955019    -0.569722     0.102618     0.147795     0.388265      0.26559     -0.27257     0.616608    -0.419693    -0.153971     0.451389     0.161336    -0.440998    -0.200293    -0.400678     0.436657     0.211623     0.246011     0.184739     0.125995     0.591599    -0.152309    -0.708666    0.0176265    -0.580367   -0.0391129     0.455971    -0.518714     0.677184    -0.341099    -0.156459     0.175322
     1.02663    -0.107676      0.53033     0.813032     0.168795   -0.0609206    -0.664159     0.316414     0.362725     0.645823      0.23372    -0.528876    -0.336559    -0.111525     0.504422     0.650714      1.40065    -0.162827     0.624908    -0.327941     0.136487    -0.829137    -0.244194     0.144257      1.44439     0.584385     -1.01052     0.274861     0.108112     0.340874    0.0368576      1.54524
    0.185374     0.327116     0.148354    -0.328296    -0.565345    0.0502883     0.484543     0.369259     0.529905    -0.131966    -0.545831     0.391122     0.636701    -0.158352    -0.492579   -0.0214981    -0.217006   0.00906495     0.531854     0.844263     0.244264     0.513445     -0.26513     0.504386      0.68762     0.679607    -0.215739     0.454399     0.207777    0.0438665    -0.469556     0.402981
       0.124     0.502445     0.070042     0.248926   -0.0446233     0.232197    -0.360247    -0.139855   -0.0672818    -0.164811     0.226449   -0.0975147   -0.0495754   -0.0644653     0.697002     0.459767    0.0734986     0.490897    -0.276912    -0.691429     0.623716     0.877419    -0.135263    -0.126267     0.366372     -0.27443     0.706666    -0.809072     0.357121    -0.209772    -0.207734     0.315431
    0.711327     0.522511    -0.196286    -0.101954     -0.36801   -0.0843366     0.153954    0.0850537   -0.0535961    -0.150113     0.248919     -0.21388    -0.732183     0.119737  -0.00975521     0.337328     0.236188     0.315348    -0.147826    0.0313401   -0.0772076     -0.56926     0.161459     -0.11234     0.640909     0.571341     0.214488     0.443748    0.0194309     0.143685    -0.343888    0.0932019
   -0.177285     0.404155    -0.216126    -0.155496    -0.170477    -0.253875     0.097577     0.170318     -0.08589    -0.488676     0.733692     0.140291    -0.150009    -0.628613    -0.417964    -0.582399   -0.0364692    -0.320321     0.251191    -0.363585     0.420729    -0.126989     0.233154     -0.33261     0.291637    -0.327425    -0.302768      0.34295     0.362686    -0.123196     0.139073     0.803354
    0.606047   -0.0862746    0.0493002     0.837701    -0.499306     0.451622    -0.457268     0.363746     0.075465   -0.0511207    -0.370828   -0.0438802    -0.478137    -0.078626     0.292503     0.560815    -0.380822    -0.373641     0.575772    -0.428752   -0.0213101    -0.514157    -0.271988    -0.313062     0.719447    0.0334463    -0.374114     0.122154     0.152155   -0.0647054    -0.277499     0.816503
    0.159127     0.145342   -0.0512154     -0.36123    -0.132014     0.338161    -0.378424     0.212455    -0.142625    -0.293123     0.524036    -0.437519    0.0132968     -0.28959     0.250895    -0.302131    -0.100326    -0.203529      0.41752    -0.280415     0.144683     0.463163     0.256975   -0.0473311     0.530083   -0.0990758    -0.259484     0.267781    -0.193639    -0.135667     0.102496     0.260688
 -0.00422839    -0.112409     0.142736      0.13776     0.189268     0.156278   -0.0226794     -0.59655      0.22526   -0.0401009     -0.38181    -0.333973     0.348206     0.155912    -0.032379      -0.1116      0.45352    0.0690417     0.251348    -0.469083    -0.302096     0.143989    -0.421625    0.0107723     0.832933     0.266158     0.155704    -0.078567    -0.164864    -0.132312    -0.122414    -0.187649
    0.364042      0.28102     0.329503   -0.0848078   -0.0522531    -0.175232     0.230207    -0.517743    -0.493512     0.125582      0.12339     0.325176    -0.400176    -0.287142    0.0714494     0.582203    -0.297157     -0.56466     0.243287    0.0506753     0.174966    0.0781898     0.156211    -0.486239     0.152351     0.021076    -0.437604  -0.00459436      0.12069    -0.455742    -0.111876     0.582182
  -0.0289059    0.0585109    0.0749837     0.034619      1.05102    -0.215003    -0.154792     0.683987    -0.627866    0.0859085    0.0161332     -0.62677    -0.730675    -0.396946    0.0148643  -0.00589851    0.0347507     0.144676     0.308837    -0.876682  -0.00615368    -0.305901   -0.0758681    -0.339865   -0.0963213     0.133322     0.369679    -0.271527     0.207562    -0.362526    -0.501287    -0.284313
     0.19659    -0.605753    -0.163591      0.72008    -0.253373   0.00653818     0.448694    -0.214634     0.047561    -0.242046     0.709173     0.568781    -0.549928    -0.748746    0.0277769     0.119688     0.201514    -0.371671    -0.430141    -0.602736    -0.111932    -0.195554     -0.13492     0.229159     0.584753    -0.212587    -0.883887    -0.152529    0.0402708    -0.796268    -0.204139    -0.817058
    0.579681     0.440378     0.185746     0.713553    -0.126993   0.00514874    0.0586924    -0.283397     0.390942     0.912014     0.130871    -0.336026    -0.145917     0.192814     0.884326      0.73079     0.164583    -0.206179     0.416469    0.0540063    -0.105422     0.129335    -0.989843     0.229885     0.363773     0.312757    -0.324249     0.679697     0.288159     0.211517    0.0700589      1.13673
    0.917763    -0.884909     0.232976    -0.104314    -0.425357     -0.21846    -0.163603     0.524007    -0.232479   -0.0184542   -0.0892087    0.0955848    -0.199079    -0.513023     0.914753       0.3742   -0.0310915    -0.204745      1.08232    -0.461483     0.378462    -0.788954    -0.555915     0.202277      0.33704   -0.0599657    -0.605064      1.28706    -0.131182     0.391731    -0.337966      1.32092
   -0.132833    -0.101573     0.192958      0.18991      0.34507    -0.454014   -0.0337571    -0.144142     0.154985    -0.310853     0.324021    -0.275348    -0.384931    -0.438986     0.145093     0.234777      0.14557     0.244227     0.379238    -0.471284     0.225739    0.0634068     0.443945    -0.153281      0.27755     0.172849     0.143323    0.0530285     0.546684    -0.213457     0.291676     -0.28967
   -0.461877    0.0164546    -0.104667     0.446677   -0.0636233    -0.155943      -0.1342    -0.303843     0.506615   -0.0647229     0.182372     0.214259      0.69173     0.445933     0.186204    -0.175682     0.357709      -0.2719     0.632767    -0.100547    -0.241982     0.271369    -0.597314    -0.276351      0.22598    -0.409496    -0.392228    -0.185324    -0.145214   -0.0381992     0.518434     0.899996
    0.119787      0.32651     0.347297     0.288661     -0.15835    -0.424366     0.143265     0.596485    0.0885138     0.166119     0.037644    -0.108891    -0.119313     0.102733      1.16418     0.661895    -0.490761     0.196335     0.695503    -0.233859     0.161217     0.257747     0.465689     0.314013     0.844644     0.290909    -0.417415   0.00873136     0.519806     0.177303     0.292761   0.00792166
    0.657162    -0.488886     0.877115     0.798248    -0.236706      0.20837  -0.00499457     0.546149     0.469843     0.114366    -0.456218   -0.0797244    -0.498017    -0.403008     0.414885     0.951809     0.224465    -0.543242     0.927828     -1.18344    -0.431491    -0.667414    -0.967077     0.433281      1.32332    -0.345842    -0.447781      0.38716     0.134629   -0.0378675    -0.224548      1.48139
   0.0784839    -0.150167     0.325663     0.151242     0.252641    -0.476197     -0.67915    -0.608301     0.569806      1.22739     0.148592     0.434259    0.0141899    -0.512803       1.1843     -0.29115    -0.284542     0.255183     0.320109    -0.911755    -0.298676    -0.921509    -0.767412     -1.22926    -0.297458    -0.468637    -0.145042     0.363951     0.501349    -0.466506    -0.462496    -0.526266
   -0.657822     0.382727     -0.27877     -0.14865    -0.508484     0.193481   -0.0176325     0.372218     0.609086    0.0220868    0.0220648     0.357601    -0.168401     0.367261      0.69988     0.102509     0.239205     -0.23436     0.531755    -0.415397    -0.548711     0.377662     0.269071   -0.0195826     0.252399    0.0301486    0.0484688     0.486723    -0.656339    -0.603025    0.0212499     0.670297
   -0.065343    -0.574053     0.631306   -0.0821384    -0.288678      1.12494     0.487734     0.973204    0.0143569    -0.904936      1.01853    -0.292772    -0.802767    -0.227559    -0.353656    0.0868095      0.50526    -0.141342    -0.138972     -0.32092     0.600948     -0.32624    -0.571601     0.317359     0.928174    -0.204584     0.445728    -0.175484    -0.150442       -1.306     -1.17917     0.831134
   -0.268414    -0.347896     0.423336     0.366097    0.0303004     -0.33279    0.0352912     0.609936      0.17806    -0.356559   0.00040692    -0.173471    -0.420341    -0.474614   0.00370281     0.564824    -0.253356     0.486941    0.0461531    0.0923723     0.314387     0.472091    0.0973976   -0.0340386    -0.338157     0.346211    0.0877935     0.196495    -0.280519     0.184205   -0.0596705   -0.0584666
    0.189068   0.00885177     0.979058    -0.107674     0.227696    -0.725373    -0.193085     0.351659     0.260768    -0.415332     -0.58717    -0.539177    -0.367057     0.688716    -0.329288    -0.158446    -0.162646     0.137043     0.250999    -0.570491    0.0594028     0.849286    -0.464239    -0.361847      1.03123     0.159753    -0.280063    -0.247427     0.121244    -0.252806    -0.497364    -0.790115
   -0.438179    -0.996059     0.661499    -0.143408     0.304946    -0.639602     0.207596     0.420653    -0.100611     0.536644    -0.243739    -0.278392    -0.413954     0.462069     0.365883     0.442219      0.23481    -0.431808     0.106555   -0.0363127     0.349092    0.0315973    -0.457741    0.0990427     0.689676    0.0982577     0.544531    -0.631167     0.747174     0.216446    -0.193608   -0.0741149
   -0.190987   -0.0850612    -0.642792     0.474166  -0.00933069     0.232436     0.517566    -0.705471     0.644431   -0.0354557     0.117784    -0.318016     0.877533    -0.493853     0.125992  -0.00836517     0.515967   -0.0116936      0.64778    -0.291098    0.0758813     0.450167     0.150269    -0.522741      1.18651      0.12721     -1.05903     0.317628   -0.0271153     0.270237     0.143543      0.31266
   -0.382913     -0.63191    -0.630606    -0.526204    -0.168262    -0.358736  0.000389516  -0.00982636     -1.01016    -0.664637     0.692037     0.428069    -0.210533    -0.276152    -0.602351     -0.43496     0.133682    -0.163484    -0.422352      0.01968    -0.257849     0.385998    -0.233251     0.393984    -0.170373     0.686326     0.512919     -0.52795     0.686172     0.632189     0.125286    -0.334481
  -0.0970547    0.0879891    -0.316196     0.206331   -0.0247529     0.332714     0.560781     0.147786     0.188718    -0.140958    -0.249807    -0.220994    -0.348119   -0.0396062    -0.519875     0.369781    -0.225383    -0.145012    -0.371201    -0.391771     -0.20769     0.272992     -0.50717     0.378525     0.344393   -0.0704388     0.420912     0.397942    -0.231183     -0.27867    0.0259941    0.0294685
    0.576398    -0.531263     0.340053     0.106443   -0.0704087     0.028412   -0.0657526     0.108298    -0.027214    -0.401777    -0.211883  -0.00743342    0.0463054     0.485226      0.18087     0.184909     0.533711   -0.0576473      0.17401    0.0567176     0.356206     0.111168    -0.365201    -0.210346     0.682301    -0.384889    -0.173508     0.360827     -0.25735    0.0784545    -0.182012     0.485009
    0.119283     0.338744   0.00215187   -0.0122882   -0.0897897     0.106687     0.194117     0.331556     0.606871       1.1262     0.604633     -0.11102      0.15353    -0.136306     0.844813     0.562432     -0.16546     0.558043     0.285499    -0.575807    -0.449968     0.218855    -0.365393   -0.0436553     0.423096     0.161621    -0.462999    -0.116173    -0.138413    -0.465332     0.557843    -0.399052
   -0.671008    0.0980972     0.429843     0.230863    0.0872737    -0.278728     0.226229     0.140311     0.129446     0.209561    -0.522233     0.267586    0.0233943     0.178151     0.326422    -0.273387     0.127536    -0.408851    -0.336687    -0.146219    -0.141902    -0.587954    -0.162599    -0.426659     0.421362   -0.0122104    -0.127876     0.133273     -0.10055     0.658327     0.137433     0.280568
    0.400542   0.00313512    -0.434419     0.246537    -0.269791   0.00612694    -0.199136    -0.436192     -0.17629     0.344283   -0.0233513    0.0345663     0.311364   -0.0954238    -0.238717    -0.211627    -0.306568     0.357597     0.424528    -0.280016     0.448325  -0.00712311     0.134646   -0.0657789     0.323147      0.50701    0.0352705     0.121652    0.0475536     0.100591    -0.242592     0.136557
   -0.286517    -0.429378     -0.27939     0.213148     -0.58377    -0.178121    -0.403842     0.428059    0.0241737     0.511791     0.300338     0.217946    -0.042102     0.421467     0.393017     0.355354    -0.313684     0.300159   -0.0989023     0.616909    -0.245927    -0.594543    -0.188266    -0.206004    0.0754013    -0.183795     0.264603    -0.195625    -0.313214      0.10903     0.349832     0.314415
    -1.19882     0.453548     0.594345    -0.226617     0.549082    -0.331587    -0.387864     0.328176     0.472491    -0.216908     0.366097     0.160066     -0.32325    -0.624798     0.712942    -0.699437     0.135825     0.125281    -0.351509    -0.322659   -0.0367993     0.441571    -0.554471    -0.595689     0.117709    0.0568239     -1.13868    -0.282228    -0.101944     0.163102     0.353258     0.170128
   -0.114487    -0.195313    -0.379792    0.0422463    -0.147335     0.267968   -0.0502144   -0.0676226     0.278967    0.0870042     0.373092     0.379174    -0.742137    0.0546815     -0.15913    -0.443682    -0.233201    0.0828043     0.233797      0.10438   -0.0103899    -0.192075     0.211268     0.308017      -0.3761      0.33881   -0.0856232     0.182271    -0.437411    -0.168967    -0.372666   -0.0656122
   -0.012379     0.748151     0.978298      0.65675    -0.325582     -0.12891    -0.956208    0.0140693    0.0194592   -0.0392242     0.182319     0.390611   -0.0958121   -0.0459127     0.517447    -0.285061     0.108604     -0.15458    0.0779478    -0.667494    -0.749575     0.221804     0.218343     0.139001     0.144525     0.271508    -0.791979    -0.322434    -0.227627   -0.0568512     0.390832    0.0935893
   -0.113785    0.0278106     0.411669   -0.0373839    -0.196683    -0.406266    -0.281015    -0.255153   -0.0449071     0.129105    -0.468297     0.193005    -0.267781     0.321571     0.167452     0.290369    -0.219693    -0.171343     0.315478    -0.136414      0.48545    0.0986176     0.186809     0.782745     0.421365    -0.285647     -0.38287    0.0752012    0.0902332    -0.170486    -0.185944     0.133198
   -0.165619      0.45896   -0.0619577    0.0538381    -0.249293   -0.0572532    -0.204436     0.275505     0.106603    -0.122703   -0.0698469    0.0544956    -0.150756     0.174146     0.115823    0.0295263    0.0691194    -0.193951   -0.0328205     -0.43616    -0.119448    0.0226018     0.053387    -0.240592     0.316261    -0.331204     0.250286     0.101363    0.0593143    -0.286045    0.0311298     0.395204
    0.539398     0.512956     0.838717    0.0761742     0.521449    -0.211268     0.225174     0.216497     0.251614     0.128805     -0.56258    -0.286261     0.956986     0.215053     0.484028     0.229151    0.0636271     -0.14477     0.414024    -0.566584   -0.0595538    -0.808702    -0.145378    -0.331407     0.322194     0.499238     0.515782    -0.156032     0.302077     0.124561    -0.888071     0.127447
   -0.453241    -0.416188    0.0162347    -0.034774    -0.434407     0.379248    -0.238117     0.390413     0.422507     0.280998    0.0434515     0.017761     -0.65523    -0.162513    -0.598736    -0.307577    -0.277784     0.559077     0.255688     0.192216     -0.58249    -0.187791    -0.337593     -0.25156     0.350481    -0.298734     0.237017     0.261998       -0.345     0.280148   -0.0444899    0.0531895
  -0.0775106    -0.327564   -0.0420448    -0.553437    -0.196535    -0.566654    -0.175733     -0.54516    0.0636794    0.0917845    -0.207008      0.20584     0.194726  -0.00962789    -0.338698    -0.786147    -0.121129     0.146332      0.51434    0.0292456     0.492981    -0.679925    -0.142588     0.687191     0.779653    0.0628848     0.354355     0.335621     0.345646   -0.0975111    -0.328589  0.000749103
    0.436584    -0.243772     0.561904    -0.350074    -0.212397    -0.291958    -0.358522     0.250455     0.380158    -0.113295    -0.290685  0.000950039   -0.0210087     0.302543     0.268535     -0.13964      0.10797    -0.473212    -0.444875     -0.82857     0.279116     0.199739  0.000727016    -0.477463     0.345825     0.091041     0.724126     0.211569     0.781728     0.613616     0.118403    -0.336951
   -0.450539    -0.251049    -0.504905     0.230913     -0.58141     0.514686    0.0156391   -0.0181564    -0.322143     0.548458    -0.161851    0.0127455    -0.574437    -0.100423      0.47663     0.236145    0.0617532    -0.574658    -0.197555     0.253554    -0.343657     0.258384    -0.302324    -0.192447    0.0602147    0.0421276   -0.0255059     0.325409     0.494516     0.497396    -0.189886     0.516243
   -0.706751    -0.497699     0.349838    0.0518422    -0.907954    -0.139099     0.422616   -0.0364962    -0.950544    -0.234282    -0.179122     0.609959    -0.361063    -0.110716    0.0615117     0.277424   -0.0315412    -0.937778   -0.0633119    -0.223923  -0.00836814    -0.072762    0.0110029    -0.322483    -0.244451     0.429931   -0.0817101    -0.185016    -0.262054      0.36889    -0.314776     0.368455
   -0.445985     0.346915     0.199329      0.17736    -0.212762     0.300086    -0.247749    -0.517139     0.336039    -0.252829     0.304531     0.276758   0.00586752   -0.0893889     0.431303      0.22236     0.334077    -0.409415    0.0785972    -0.150654    -0.427891     0.454421     0.192035    -0.893853     0.465346    -0.350579     -1.02206     0.188965     -0.16839   -0.0375133   -0.0045021     0.234058
  0.00106546     -0.25891    -0.215227    -0.310889  -0.00979228    -0.324029   0.00475768   -0.0144667     0.172998    0.0789747       0.3336   -0.0512321    -0.844148    -0.121042    -0.312406     0.202153   -0.0709419    -0.181517     0.814653     0.433613     0.573187    -0.148324    -0.196653     0.326695    -0.172041  -0.00266775     0.441374   0.00676626     0.131061     0.173079    -0.445874    -0.895428
    0.268762     0.176735     0.214558    -0.182088    -0.359385      0.20691     0.397846   -0.0641896    -0.140668  0.000701312    0.0150829     0.641404    -0.281255    -0.683931    -0.404705     0.149505     -0.41101     0.169993    -0.111035     0.516807     0.116591    -0.248391  -0.00905275   -0.0293002   0.00574358   0.00415286     0.204394    -0.622483     0.487128   -0.0410356   -0.0160567    0.0768263
    0.285849     -0.58032     0.833685     0.321426     0.127589    -0.694656   -0.0822734   -0.0822104    -0.248131   -0.0125963     -0.74465   -0.0624718     0.218095    -0.391234     0.291742     0.102154     0.206462    0.0368725     0.406092     0.234084    0.0069217    -0.623625     0.284512     0.283002    0.0156224   -0.0467987    -0.210019    -0.325158     0.139218     0.317759    -0.156907   -0.0845348
   0.0209154    -0.137423    -0.253469   -0.0445732     0.435967    -0.470035     0.115281    -0.662136    -0.140736    -0.285544   -0.0723554     0.809687     0.786082    -0.894465    -0.644365    0.0220391     0.297653     0.295317     0.445657    -0.725301    -0.273599    0.0556479    -0.246328    -0.211305     0.176083    -0.788775    -0.145145    -0.607689    -0.843795    -0.670409     0.175434      0.21751
