-0.831825
-0.852434
 -0.88245
 -1.18857
 -1.12801
 -1.27386
-0.838745
 -1.23085
 -1.09766
 -1.13441
-0.584082
-0.882279
 -1.07927
-0.687174
-0.964961
 -0.83015
 -1.15915
 -1.00345
 -1.15821
 -1.25855
 -1.27201
 -1.27132
  -1.2779
-0.836316
-0.640929
-0.822465
-0.964691
 -1.20975
-0.770898
-0.886854
 -1.01313
 -1.14947
-0.803946
 -0.90246
-0.747253
-0.918206
-0.799851
 -1.44835
   -0.873
  -1.0056
-0.865561
 -1.07977
 -1.10165
-0.973621
-0.609413
 -1.04882
-0.992738
-0.926647
 -1.06778
-0.803452
 -1.04661
 -0.97151
-0.986276
 -1.03752
-0.688266
 -1.01804
 -1.22666
 -0.73569
 -1.17387
 -1.02886
-0.918601
 -1.00863
-0.916004
-0.910755
-0.778264
-0.911545
 -1.01943
 -1.26283
-0.830526
 -1.05296
-0.798591
-0.848449
-0.804925
-0.916013
-0.962469
-0.815102
 -1.04915
-0.948223
 -1.13177
-0.840682
-0.709017
 -0.99183
 -1.14481
 -1.02177
 -0.69039
-0.644858
-0.877181
 -0.92148
 -0.76867
 -1.30874
 -1.75321
-0.879656
 -1.13272
 -1.01458
 -1.19907
 -1.08476
-0.633977
-0.629164
-0.869585
-0.882884
-0.930744
 -1.03773
 -1.07747
-0.969445
-0.573351
-0.678394
-0.928199
-0.738189
-0.961673
-0.731144
 -1.10781
-0.720091
 -1.06252
-0.767752
-0.885963
-0.905698
-0.808579
 -1.03046
 -0.98281
 -1.17708
 -1.01566
 -1.32666
 -1.04342
-0.895886
 -1.20674
-0.877667
-0.702076
-0.746243
