   0.479673    0.309006   -0.440635     0.15549    0.374931   -0.739737    0.103728   -0.724776  -0.0759858    -1.31266  -0.0774402  -0.0339244   -0.610131    0.495829   -0.158322    0.354352   -0.126295   0.0901693   -0.731851   -0.154028  -0.0618876    0.704419    0.178713   -0.011739    0.544822   -0.150239   -0.506388    -0.57757  -0.0635836 -0.00833137    0.297453   -0.850189
  0.0433113   -0.786664  -0.0944073    0.330584    -0.16165    0.216034   -0.119018  0.00615607    0.169015   -0.802021   -0.313545    0.545611   -0.391198   -0.216731    0.177882    0.473144   -0.538887   -0.770597   0.0394343   -0.273625    0.582693     0.22086  -0.0651056    -0.47272  -0.0747756     0.15353   -0.261023    0.313173     0.54796    0.600267     0.41556   0.0730594
   0.198437    0.564062   -0.611384   -0.478262    0.177307   -0.315202    0.691935   0.0513966    0.193523   0.0973074  -0.0719111  -0.0788386     -0.3497    0.693524   -0.158725   -0.138585   -0.195267   -0.790817    0.195229    0.384799   -0.789173     0.34924   0.0283596  -0.0246422   0.0855901    0.388288   -0.244234   0.0260942    0.247678  -0.0839088   -0.149077   -0.382741
   0.102884     1.13996   -0.145158   -0.450451   0.0246323    -1.29137    0.536197   -0.377754  -0.0708136   -0.505376    0.441535    0.109309   -0.457512   0.0691705   -0.215472   -0.777326    0.436685   -0.344457   -0.432722    -0.58427   -0.322663    0.119019    0.516703    0.106151     1.00827    0.107017  -0.0258782   0.0902282  -0.0568053    0.246674   -0.509584   -0.726242
  -0.381265   -0.188675    0.820037    0.176063   -0.378395   -0.251332    0.488494    0.102946    0.285599    0.596685    0.552394   -0.384163   0.0948757   -0.283232    0.304961   -0.162471    0.603568   -0.244712    0.660026   -0.138481   -0.462105  -0.0146261   -0.152828  -0.0617793   -0.163495   0.0965378    0.247695    0.526637  -0.0331149   -0.458611    0.033767     0.13872
 -0.0551694    0.117415   -0.344187   -0.145483   -0.580354   0.0108182   -0.045833   0.0193445    0.373856   0.0556783    0.306302    0.102842    0.487685    -0.41703   0.0366847    -0.70958    0.495037    0.642176   -0.369044   0.0697264   0.0292925   -0.479556  -0.0239924   -0.274946    0.105731   -0.661716    0.104729   0.0496326   0.0342966    0.206297   0.0152911  -0.0690365
  -0.127245    0.387746    -0.23331    0.147073    0.484496   -0.128461   -0.735822    0.140119   -0.087848   -0.103976   -0.727511  -0.0266104    0.570512   -0.105028    0.113715   -0.334795    0.121305    0.504708    0.130626     0.92304   -0.267028   -0.232335   -0.324522   -0.702967     0.47096    0.181022    0.320256   -0.224601  -0.0161268    0.605128   -0.720145   0.0281188
  -0.138562   -0.230947   0.0898736   -0.118299    0.543202    -0.52049   -0.554059    -1.33443   -0.573295   -0.573607   -0.721238    0.115327     -0.3012  -0.0498509    0.418103     0.46509    0.138559   0.0291743    -0.10944   -0.223168    0.845671  -0.0970432   -0.788596   -0.518811    0.127501    0.475518  -0.0831078    -0.38097   -0.382436    0.667616   -0.442626  -0.0427137
   -0.10577     0.15411   -0.373687    0.119059    0.553246   -0.364399   0.0726766   -0.167109  -0.0589886   -0.396712   -0.462538    0.457646   -0.501152     0.73123    0.307362    0.309959    0.228338   -0.129756   -0.431531   -0.223846    0.669576   0.0544115    0.408956   -0.138843    0.476705    0.212688  -0.0250231   0.0613747   0.0500435    0.381171    0.206181   -0.395567
  -0.117463    0.372555    0.141301  -0.0488965   -0.309193    -0.26217  -0.0752571    0.232923    0.366124   -0.042836    0.119943    0.108123    0.185794   -0.898356   -0.208562   -0.798029  -0.0056464   -0.821763     0.66354    0.207488   -0.729629    0.306942    0.317686   -0.271159   -0.151112   -0.350863   0.0963202    0.438719   0.0437573   -0.261139   -0.228652    0.329397
   0.269174   0.0870025    0.307442   -0.143672    0.169064   -0.128257   -0.237623  0.00828973   -0.312577    0.553653  -0.0376723   -0.146861    0.416354    0.483923    0.475348    0.205773    0.321298    0.415237 -0.00635048  -0.0212434   -0.539075   -0.167125   -0.402773  -0.0350202    0.675872   -0.129591     0.16944   -0.137807   0.0110818   -0.300647   0.0515581    -0.47641
  0.0298431   -0.568361   -0.912035  -0.0450707   -0.781313    0.387654    0.471841    0.571293   -0.252399   -0.267588    0.684352    0.253685   -0.528585    0.247142     0.57698    0.531375   -0.802799    0.240638   -0.937417   -0.868642    0.194626    0.296401    0.367476  0.00229838    0.287124   -0.652246   -0.362347    0.566369   0.0155647   -0.181231    0.531288   -0.642336
   0.565952    0.274115   0.0927263   -0.486091  -0.0251307       0.402    0.466784   0.0103382  -0.0831517     0.25863   -0.168015    0.185341    0.337007    0.196012    -0.12035    0.197022    0.203818  -0.0590411    0.180563    0.133496    0.276018    0.115896   -0.624903    0.714112   -0.847952    0.431745    0.195619   -0.180139   -0.356337   -0.271986    0.317991  -0.0611576
   0.517423   -0.105432   -0.153133   -0.958099   -0.500395    0.446559    -0.16426   0.0647547    0.329248    0.643366    0.510063   -0.442619   -0.123329   -0.613365   -0.309987   -0.250579   -0.439713   -0.134559    0.685716    0.630266   -0.671848    0.443727   -0.756738     0.48208   -0.474012   -0.224095   -0.766724    0.320363    0.170428    -1.27249   -0.104747     0.98237
   0.203464    0.658725   -0.625715    0.422513   -0.302469  -0.0920155    0.706803   -0.352956    0.488505     0.60274    0.367909    0.320504    0.404195  -0.0976037     0.26312   -0.204775    0.864013   -0.329114   -0.557432   -0.402048  -0.0285093   -0.268568    0.169382     0.16678  -0.0938271   -0.553084    0.277001    0.191082    0.199173   -0.448771    0.269586   -0.641583
    1.04908    0.488043   -0.251528  0.00340744    0.756886    0.294495   -0.153788   -0.172067    0.261712   0.0202756    -1.15612   -0.696888  -0.0379088     1.19324    0.726078     0.12603   -0.641503    0.209836   -0.234174    0.837745    0.230479   -0.100186    0.314804    0.252632    -0.12792    0.511435   -0.346871   -0.776641   -0.186526   -0.673656  -0.0309206   -0.258565
   0.165518    0.108045  0.00234944   0.0527064    0.031846    0.119024   0.0696784   -0.149158    0.146783   -0.020676   -0.161156   -0.499274   -0.134791    0.178147  -0.0941822   -0.198546   -0.219882   0.0982411   -0.194875    0.321152  -0.0820387   -0.283182    0.146612   -0.504036    0.239289     0.38514    0.429379   -0.627838    0.216551   -0.178007   -0.334956    0.271191
 -0.0381834     0.57031    0.232167   -0.280795    0.285185   -0.758028   -0.471911    0.386779   -0.177082   -0.228771      0.0947   -0.737439   0.0827281    0.377104    0.115537   -0.425844   -0.205952     0.60232    0.522185    0.373418  0.00780554   -0.199318   -0.451266   -0.438808     0.39338    0.378451    0.028804    -0.26424   -0.072587    0.262112    -1.11335   0.0315564
   0.231973    0.201591   -0.762642    -0.81106   -0.803682   -0.468032   0.0478161    0.252022   -0.244189    -0.29869  -0.0203186   -0.219028   -0.314206   -0.485557   -0.177574   -0.382098   -0.212035   -0.826801    0.344314   -0.321514   -0.414622    0.222913   -0.384429    0.296513    -0.34557   -0.091532   -0.647711  -0.0411667    -0.07067   -0.218956   -0.206135   0.0359918
   0.481573    0.513608   -0.531157   -0.428154   -0.159855   -0.968153     0.50042   -0.235307    -0.14674    0.127783    0.288799   -0.367985     0.14827   -0.973269    0.316882    -1.00842     1.02657    0.255352    0.390307   -0.393765   -0.328534   -0.279568 -0.00915739   -0.592187    0.183489   -0.030269   -0.157105   0.0359413   -0.294084   -0.506931   -0.893658   -0.240851
   0.284808   -0.172881   -0.217088   0.0240435   0.0823155    0.513091    -0.15175   -0.183381   -0.192314     1.01727   -0.507584    0.261594    0.810793   0.0725795    0.401656   -0.221295      1.0089    0.988478  -0.0161847    0.390072 -0.00283059   -0.822512   -0.515476    0.331608   -0.662137     0.17678     0.29528   -0.486608    0.316057   -0.562177   -0.169166   -0.428219
  -0.102534    0.209407   0.0531875    0.159054   -0.501415   -0.134689    0.445005   -0.631416    0.332889   -0.362092    0.364723   -0.310776    -0.33119   0.0433921  -0.0452861   0.0898548  0.00236872   -0.206369   -0.410914   -0.103159   -0.444841    0.340049    0.515184    0.274241     0.22158   -0.651124    0.318502    0.411859   -0.134171   -0.339504    0.495745    0.255728
   0.134861   0.0855981    0.642843   -0.668822   0.0453238   -0.335441   -0.239281    0.313812    -0.15474   -0.114769   0.0154619   -0.395969   -0.123501  -0.0786651   -0.077296   0.0315317   -0.720334   0.0839544    0.827094    0.202496   -0.125086  -0.0901774   -0.381754  -0.0972935    0.168025    0.319349    0.318481   -0.121957   -0.077586    0.244805   -0.673868    0.559605
 -0.0394157  -0.0757928   -0.341915  -0.0133763   -0.262982    -0.31296    0.214915   -0.182286   -0.044779  -0.0548616   -0.590519    0.436543  -0.0930339    0.301586   -0.412493    0.514028    0.161041   -0.327223   -0.281991    0.292786   0.0240226    0.856084    0.139712    0.300776   -0.923512    0.845867   -0.237739  0.00956997    0.264046    0.255093  -0.0970916    -0.30923
   0.182923 -0.00106549    -0.84575    0.315797     0.27392     0.85245   -0.290839   -0.129729   -0.132074    0.191194   -0.738606  -0.0239109    0.181417    0.827092    0.832071    0.383158   0.0882962    0.193425   -0.264428     1.09189   -0.469171    0.063232    0.461096     0.68167   -0.480903   -0.208142 -0.00749507   -0.201564    -1.13708   -0.297176   0.0708846    0.260628
   0.649696    0.475777    -0.49435  0.00319185    0.193702    0.829974   -0.143489   -0.419521    0.231812    0.529863   -0.316228  -0.0281991   -0.380264     0.25031   -0.248007   0.0424116   0.0534475  -0.0796444   -0.579897    0.123996    0.484376   -0.531789   -0.259787 -0.00507173     0.31778    0.168095   0.0138882   -0.223526      0.6214   -0.538441   -0.143279   -0.235632
  -0.138977   -0.202484   -0.165165    0.193119    0.162805    0.768373   -0.539858   -0.095162   -0.206817    0.333155  -0.0775279    0.415155   0.0807479    0.257796    0.231064    0.441706   0.0692605    0.733691    0.103171     0.17277    0.255573    -0.15355   -0.138109   -0.185919   -0.320313   -0.228409    0.771309   -0.319492    0.352351  -0.0661044    0.365631    0.185527
   0.402527   -0.588102   -0.569321    0.180279   0.0737733    0.955443      0.5083   -0.270261  -0.0883332    0.376812   -0.654989    0.128101   -0.068514   0.0275397    0.801396    0.903095    0.142216   -0.194671   0.0682446    -0.14318   -0.348511    0.302601    0.126728    0.119354    -0.53546   -0.372598   -0.468176    0.141154    -0.10644   -0.865852     0.38632    -0.21724
   0.444912    0.316871   -0.233139   -0.622772    0.049976    0.417402   0.0439762   -0.592459    0.471143    0.638394    0.368137   -0.546127  -0.0919034   -0.265703    0.091451   -0.142797     1.01748   0.0421862    0.109599    0.243354    0.699059    0.205068   -0.759659    0.419208    -1.01424  -0.0516023     -0.3229    0.346558  -0.0055476    -1.12064    0.401994    0.565289
   0.690012    0.166737   -0.516864    0.081201    0.411711    0.520952    0.242232   -0.523431   0.0517587   -0.297867   -0.148088    0.158514   -0.137635    0.240831   0.0203914    0.405946    0.126495   -0.266217   -0.284147    0.464836    0.375326  -0.0280721    0.138895    -0.55397   -0.363306  0.00712965    0.230605  -0.0749906   -0.962764  -0.0709267   0.0749112    0.257387
    0.65293   -0.309676    0.138501    0.151796    0.422843   -0.175584   0.0805956  -0.0631121  -0.0659053    0.387306   -0.200599   -0.125288     0.30408    0.234025    0.224229    0.155352    0.320286     0.63591   0.0132964    0.568343  0.00290588   0.0364746  -0.0228115   0.0157507   0.0303514    0.147367    0.224307   -0.468229   -0.615371  -0.0811437   -0.399815   0.0762514
   0.111771   -0.216265   0.0555511   0.0378797    0.647242   -0.707336    0.439914   0.0746295   -0.304681    0.670586   -0.155191     1.03451    0.254424   -0.525897   -0.499415   -0.932006    0.558373    0.570118   0.0256946   -0.389594    0.787716   -0.814473   -0.249851   -0.144069    0.584999    0.231578    0.860683   -0.954409     0.30401    0.611255   -0.669499  -0.0426016
