   2.87998
    1.0256
   2.35371
  0.859855
  0.524582
   1.84716
   1.18367
  0.819757
  0.880789
   1.31009
 -0.526288
  0.445336
 -0.134966
 -0.118573
 -0.217966
  -0.10661
  0.246227
  0.510002
  0.138103
-0.0529198
 -0.707456
 -0.270907
0.00838622
 -0.415869
 -0.478964
 -0.302025
 -0.252924
 -0.355739
  0.102673
 0.0770497
 -0.365973
 -0.444887
 -0.408766
 -0.126492
 -0.112731
 -0.138133
 -0.259522
 -0.448613
 -0.370879
  -0.12146
 -0.290348
 -0.271945
 -0.280351
 -0.123733
 -0.193428
 -0.401346
 -0.442543
 -0.221503
 -0.502609
 -0.454405
  -0.35467
 -0.398953
 -0.418156
  -0.24439
 -0.383388
  -0.58276
 -0.218158
 -0.462263
 -0.445022
 -0.489887
 -0.395952
 -0.464555
  -0.55202
 -0.424995
 -0.674295
 -0.619629
 -0.649939
