   0.116834
 -0.0850542
 -0.0733735
  -0.140611
   0.176185
   0.192956
-0.00808293
  -0.214837
  -0.222304
   0.174238
 -0.0720476
  0.0654005
   0.278311
   0.155996
 0.00937546
 -0.0409397
    0.23455
  -0.154243
  -0.174818
 -0.0432128
   0.136584
  -0.196862
   -0.25986
    0.12906
  -0.160514
 -0.0792337
   0.209662
 -0.0134827
 -0.0681085
   0.252062
   0.106477
   -0.26509
 -0.0214596
   0.208097
 -0.0533129
   0.155049
   0.406373
 -0.0968413
  -0.184101
 -0.0911332
  0.0210641
  -0.181391
 -0.0675005
    0.28404
  -0.153577
  0.0784778
   0.241748
   0.105306
 -0.0791077
 -0.0208273
  -0.156301
   0.159425
  -0.166119
  -0.275379
 0.00113516
   0.279354
 -0.0133088
   0.135141
  -0.166403
   0.069969
  -0.283755
  0.0515359
 -0.0386328
  0.0420611
   0.383976
  0.0529868
  0.0683355
  0.0249556
  -0.148532
  -0.263406
 0.00977521
   0.241148
  0.0828662
   0.334946
  -0.134408
   0.060436
-0.00627852
  -0.179523
  -0.154117
   0.148719
   0.138966
 -0.0976563
 -0.0125509
   0.296284
  -0.235793
   0.160993
 -0.0997834
  -0.225389
     -0.199
 -0.0175812
    0.13296
   0.447099
  -0.206262
  -0.293065
   0.320046
 -0.0319473
  -0.506221
  -0.026829
  -0.114791
  0.0758631
 -0.0308583
  -0.251406
   0.149416
-0.00328185
   0.444145
  0.0703775
 -0.0821053
  0.0149627
  -0.221358
   0.185414
 -0.0412459
  -0.599355
  -0.413765
   0.121875
   0.261252
   0.116531
  -0.510971
 -0.0566963
  -0.296246
   0.121049
  -0.247174
   0.439276
   0.274325
 -0.0496429
   0.214652
   0.185824
  -0.218423
  -0.136949
