   0.432396    0.182535   -0.174681   0.0956944   0.0428926    0.204963    0.242874    0.210813   -0.407264  -0.0222685   -0.284198   -0.170312    0.211122   -0.481004    0.286644    0.125742  -0.0838868   -0.245426    0.129996    0.553827    0.267157   -0.523729    0.266503   -0.204701    0.319875    0.173863     0.35847   0.0859791    0.356286   -0.290996  -0.0858701   -0.426928
   0.545184  -0.0578681   -0.164378    0.147185   -0.171259  -0.0364986    0.611285   -0.103041  -0.0559697   -0.110269   -0.650857   -0.766824   -0.411705   -0.130091    0.140273    0.106293    0.479916   -0.591183   -0.730111   -0.444318   -0.499704     1.05388   0.0217694   0.0347064    0.512795   -0.696619    0.110923   0.0108388    0.157616    0.138187    0.659855     0.23001
  -0.285576   0.0779415    0.127876     0.18891  -0.0680685    0.140682   -0.215964    0.634468   -0.154045  -0.0301688   -0.064904   -0.306734    0.348885    0.235542  -0.0273188    0.211048     0.20919   -0.434342   0.0151787    0.374316  -0.0919131   -0.312692   0.0943525   -0.530919   0.0719972  -0.0732618    0.669722   -0.117021   -0.310332   -0.155447   -0.560986   -0.249177
  0.0360288   -0.819226   -0.168382    0.517493   -0.167625   -0.507606    0.631728   0.0799156    0.198061  0.00559875    0.543944    0.497507   -0.157425    0.496165   0.0638719   -0.498131   -0.683114   -0.191324  -0.0932711    0.283423   -0.170167    0.503062    0.453509   -0.237743    0.100704   0.0115642   -0.233213   -0.296186   -0.277862  -0.0134918    0.589505    0.682035
   -0.13665     -0.1538    0.050759   -0.124059   -0.544095    0.339538    0.205012    -0.24898    0.702881   -0.258174   -0.286158   -0.217416   -0.189265   -0.823176  -0.0455171    0.233123    0.280927    0.333298    0.673384   -0.255482   -0.730179   0.0670707  -0.0880017   0.0932437    0.243011   -0.399145   -0.542447    0.877143    0.516749   -0.400604   -0.743335    0.254987
   0.647816   -0.123038    0.473922    0.309433    -0.69221   -0.662645    0.245786    0.215514     0.40803    0.607666    0.102132   -0.222682   -0.340201    0.459518    0.362772    0.956433    0.276781   -0.463502    0.327988   -0.368946    0.322697    0.438174    0.327705    0.949223    0.368413   -0.692398   -0.712744   -0.206732   -0.507556    0.295395   -0.717931   -0.640959
    0.35438    0.522491   -0.415715    0.202251    0.508915    0.740985    0.392573   -0.428871   -0.625911    0.241994   -0.113583   -0.226404    0.503766    0.187995   -0.137775   -0.300202    0.184682    0.452811   -0.420338  -0.0725813   -0.404113    0.256485    0.184076   -0.420338   0.0195274   -0.123358    0.426444   -0.274602   -0.181356   -0.326299   -0.254867   -0.447587
  -0.915362    0.642888   -0.212707   -0.195379   0.0889447    0.148326    0.454471   -0.174802   -0.831099  -0.0410545    0.519124    -0.32576    -0.38839  -0.0159004    0.515611    0.412238   -0.172337   -0.260528  -0.0400295   -0.304387    0.161086   0.0894443    0.795511   -0.138351    0.427877    0.267039   -0.539755    0.023555  -0.0532791   -0.713659      0.1695    0.258636
  0.0263689    0.508135    -0.21125  -0.0919205   -0.501507  -0.0586747   -0.533044   -0.047227    -0.18777     0.16317   -0.393818    0.292645    0.228559   -0.127177    0.123861   -0.269767    0.193869   -0.219462   -0.709175   -0.768721   -0.126173   -0.493749    0.562041   -0.082978   -0.387382  -0.0577722   -0.292676    0.225149   0.0544422   -0.312906   -0.150388   -0.353581
  -0.131108   -0.587734   -0.527137    0.529836    0.906549    0.317301    -0.21369    -0.19323   -0.132206    0.159578   -0.145699   0.0750654   -0.102185    0.299591  -0.0365034   -0.654697    0.365708    0.388527   -0.407742    0.274367  -0.0272916    0.254915   -0.110742    0.163205   -0.649721   -0.455023   -0.125814  -0.0780059   -0.230933    0.754713    0.386241   -0.177172
  0.0731979    0.177516   -0.200663     0.11959    0.500675   -0.713699   -0.857604   -0.244025    0.126349    0.183313    -0.11324    0.112535     0.48679   -0.181902    0.468433  0.00610403   -0.242929   -0.574653  -0.0624942    -1.16598   -0.223252   -0.593434   -0.996455    0.518881    0.329835    0.506054    0.861297   0.0269646   -0.496756   -0.538773  0.00776646   -0.295875
  0.0529449    0.301705   0.0262543    0.485041    0.473732    0.307382    0.301788   -0.028507  -0.0325701   -0.403342    0.200991    0.145621   -0.181602     0.51669 -0.00701813   -0.518726   -0.484552    0.115524   -0.378664   -0.738819    0.141306   -0.346185   0.0177876     0.23842   0.0977404    0.104008    -0.16675   0.0198354   0.0782378  -0.0212444   -0.484871  -0.0265705
  -0.490026    0.325942 -0.00569434   -0.116845   0.0709574    0.320822    0.047734   0.0401934  -0.0165235   0.0654789    0.316731  -0.0325703   -0.238798    0.323865   -0.127797    0.460283    0.526376   0.0327048    0.060795    0.140568    0.379117    0.262614    0.309628   -0.149785   -0.382151   -0.474469   -0.108301   -0.267895    0.114236    0.123268    0.340849  -0.0484373
 -0.0800056    0.339346    0.230325   -0.422366   -0.506209    0.374152   -0.297911    0.520379   -0.498972    0.547336   -0.237635  -0.0723612   -0.189559     0.47908    0.683666    0.262552     0.63408    0.580435    0.307295    0.088804    0.029854   -0.344756    0.181946    0.295059     -0.6276    0.448262    0.112231    0.577713   -0.324539    0.218414   -0.235351   -0.279371
   0.476765   0.0497972    0.307992  -0.0248845    0.905648  -0.0284742  -0.0383933    0.126544   0.0347049   -0.274895   -0.067324   -0.315632   0.0516614  -0.0931683   0.0652976   -0.169683    0.125758  -0.0474224    0.383134    0.405631    0.117434   -0.456711   -0.410617  0.00956729    0.555069    0.885066   0.0322344    0.202679    0.352352    0.214541  -0.0553758  -0.0749504
  -0.192421    0.389667    0.134178   -0.550041    -1.21299   -0.232405    0.553056      0.6284     0.30966   -0.311719   -0.133625  -0.0913587   -0.240412   -0.116836    -0.16696   -0.212022   -0.564541  -0.0267882    0.100983    0.393417   -0.205548    -0.54692   -0.315879   -0.643956    0.518428   -0.045503   -0.112082   -0.451035    0.891435   -0.678492    0.119009    0.534893
   0.439447    0.201468   0.0624338   -0.262343   -0.189384    0.166661   -0.384765   -0.272599    0.087391   -0.251256   -0.417433   -0.339569   0.0493453  -0.0609157    0.353942    -0.23845   0.0979123    0.280114  -0.0341073   -0.134597 -0.00634518   -0.300911     0.12397   -0.344588   0.0412794    0.339735    0.338359   -0.308834    0.109183   -0.180659   0.0938659   -0.274676
  -0.402755    0.185797    0.204081    0.347372  -0.0356817    0.499342   -0.972511   -0.274939   -0.388678   -0.204403   -0.204302   -0.176445    -0.24785   -0.146275    0.202912     0.23024    0.950164    -0.51091   -0.262298    0.825279   -0.419087   0.0815723   -0.208021    0.351227   -0.237266   -0.648971   -0.708509   0.0626987    0.245076  -0.0789901    0.110998     0.15565
  -0.450782    0.298639   -0.383576    -0.94325    0.287478    0.364432  -0.0941765   -0.515466   -0.254334    0.469755   -0.429788   -0.213217   -0.335155   -0.559092  -0.0536158  -0.0456709   -0.595321   -0.189386   -0.378162   -0.209258   -0.188917     0.71749   -0.301479     0.32613   -0.267295    0.393042   -0.541582   -0.192888    0.128867    -0.33519 -0.00735384    0.194757
 -0.0222859    0.214198   -0.629473   0.0636227    0.213959    0.413075   0.0895696  -0.0618747   -0.322197   -0.614323    0.221898    0.532919    0.342524    0.233083   -0.645048   0.0255956   0.0562272  0.00649175    0.314561   -0.064589   -0.312274  -0.0995136   -0.283721   0.0503876    0.170961    0.159494   -0.167409   0.0520395    0.779469   -0.204216    0.428424    0.107391
   0.134513    0.539514   0.0474426    0.074206   -0.126932    0.187514    0.615708   0.0413633   -0.412327    -0.16147     0.36944   -0.225895   0.0219802   0.0569347  -0.0788279     0.19463   0.0990727   -0.701127    0.402208    0.142837    0.167093   -0.567547   0.0655558   -0.220177    0.301366     0.46876  -0.0356179  -0.0544011     0.58794    0.326631   -0.333181    0.253269
   0.634995    0.372986  -0.0479857   -0.342385    0.657757   0.0376952   -0.318609   0.0212087   -0.261751    0.508013    0.296959    0.192988    0.419699    0.559758    0.189156   -0.771156    0.139336     0.20431    0.312352     0.28886   -0.136103   -0.392389   -0.198867   -0.124182   -0.224757    0.582349    0.138787   -0.639274   -0.372553    0.473083   -0.050317   -0.308675
  -0.322109    0.362741   -0.353178   -0.153895   -0.286368    0.314374    -0.74087     0.25527   -0.310869   0.0320904   -0.456416   -0.158402   -0.464101    0.162051     0.21743     0.86691   -0.297174   -0.305131   -0.240133    0.498405   -0.678622    0.652113    0.276325  -0.0572522   -0.500745   -0.269065    0.177834   0.0897202    0.109781   -0.488972   -0.176238    0.774658
   0.292464   0.0308852    0.133723   -0.215715   -0.400776    0.644767    0.438936    0.800114   -0.224991   -0.186781   -0.220771   -0.205662     -0.5571 -0.00281202     0.11657   -0.107875    0.507612   0.0496437     0.42121    -0.10958    0.364817   -0.039501   -0.128702    0.113089    0.387285   -0.621724    -0.46534    0.574444   -0.139444    0.430286   -0.567742  -0.0908917
  -0.396365      -0.179    -0.20491   -0.309917   -0.170179   -0.557276   -0.400488   -0.230279   0.0760729   0.0407443   -0.153473     0.54227   0.0179105  -0.0739527   -0.556197   -0.592179  -0.0582487   0.0806252   -0.971514   -0.483615   -0.359777    0.547082  -0.0440708    0.102537   0.0457991    -1.14366   -0.708059   -0.129932   -0.333897    0.270808  -0.0151644    0.278648
 -0.0610385    0.451743   -0.297007   -0.150247   0.0686503   -0.192519   -0.235069  -0.0802553   -0.109861   -0.531689    0.115134   -0.290872    0.702644   -0.096312    0.103194   -0.468848   -0.179951   0.0420844     0.13806     0.19135   -0.478314   -0.345714    0.186456   -0.328772   -0.350212    0.413679  -0.0866798  -0.0281196   0.0708599   -0.519136   -0.407507     -0.1556
   0.329313    0.159726   -0.279149  -0.0970704   -0.368336    0.463595   0.0180579     0.06136   0.0708401  -0.0537525  -0.0989936   -0.780135   -0.559389   -0.513615   0.0358601   0.0414469    0.705501   -0.766306    0.101942    0.428379    0.137386    0.179248   -0.630443   -0.168184    0.105998   -0.390453  -0.0197091    0.246095    0.182868    0.582797    0.537091    0.276776
   0.368445   -0.273801   -0.178005    0.255922  -0.0237482   -0.264922   0.0333546  -0.0309931    0.244072   -0.450182   -0.563759   -0.337739    0.559203    0.625354    0.086199   -0.243631    0.609739    0.420619    0.399529    0.391009 -0.00962091   0.0738624   -0.134553   -0.228499   -0.384193   -0.368499    -0.44224   -0.253204  -0.0596307   -0.238747   0.0559395   -0.310736
  0.0968798    0.147491   -0.614099    0.380248   -0.525683    0.314542  -0.0872059    0.679078   -0.333036   -0.116998   -0.134783    0.661155    0.818249   -0.364623   -0.130729   -0.115321    0.362134   -0.105251    0.107525    0.162157   -0.511872   -0.535913    0.146435    0.265726   -0.475373   -0.615439   0.0695625    0.682436   -0.252856   0.0234928    0.208174    0.441018
   0.404634    0.185591    0.466856   -0.237774    0.122788    0.171375   -0.234615  -0.0918856    0.345982    -0.73728   0.0867325   -0.476414   -0.305372    0.364642    0.479285  0.00296637   -0.127629    0.167378   0.0923044    0.346364    0.248607   0.0710644   -0.112067    0.379064    0.499059    0.467952    0.450772    0.154211    0.359355    -0.20184    -0.18891  -0.0136931
  -0.467365   -0.291268    -0.24517    0.123364  -0.0750966    0.102876   0.0290928    0.257271    0.175942 -0.00628692   0.0440527  -0.0632238   -0.490947   -0.336839    0.142991   -0.279211    0.121748   0.0207858   -0.398811     0.73307   -0.487016   -0.225098    -0.28227    0.270062   -0.188515    0.557774  -0.0440899    0.166639    0.373967   0.0499132    0.154991     0.60463
   -0.55288    0.144765   -0.100054    0.507995      0.4928   -0.275859   -0.781657   -0.193108   -0.628283   -0.946349  -0.0611748    -0.31691    0.135114    0.359458    0.439491    0.656959  -0.0262978    0.204762    0.580548    0.482743  -0.0585349 -0.00194223   -0.218501   -0.461661    0.172666  -0.0719073   -0.292802   -0.341843   -0.284281   -0.437499   -0.247385   0.0280183
