 -0.00668737   0.00067866  -0.00732111  -0.00544324  -0.00393964   0.00495352  0.000337828 -0.000149734  -0.00538592   0.00990316 -0.000487452   0.00350237  -0.00669366   0.00421298  -0.00709058  -0.00485556  -0.00262162  -0.00359752   0.00167001   0.00982456   0.00668171 -0.000886378   0.00461087   0.00640952  -0.00689938   -0.0066877  -0.00852624  -0.00416632   0.00914507  -0.00100553  0.000120528  -0.00754231
  0.00967313   0.00279941  -0.00298555  -0.00426651  -0.00224707   0.00735228   0.00558376   0.00236701   0.00725544  -0.00490369  -0.00413062  -0.00943822   0.00930929   -0.0012212  -0.00429377  -0.00331233   0.00518127   0.00737623  -0.00348777   0.00186299  -0.00351014   -0.0088769  -0.00172749 -0.000409524   -0.0055646 -0.000253736   0.00542415  -0.00641953   0.00874073  -0.00445532  -0.00396184   0.00841386
 -0.248283 -0.0423911  0.0824822   0.757276   0.316022  -0.324039  -0.217464  0.0106048  0.0455826   0.274249  -0.308331   0.571756  -0.120343   0.459613 -0.0434724    0.50184   0.116095  -0.629327 -0.0319918    1.12445  -0.582028  -0.367124   0.208299  -0.242353  -0.143859  -0.563782    0.20207  -0.361039   0.619375   0.488178  -0.406464   0.196654
-0.0776221   0.241438  -0.539775  -0.323162  -0.505616  -0.789079  -0.517639   0.427532   0.920878  0.0121175   -0.21143   0.165803    0.54218  -0.257745  -0.099329   0.475676   0.577689  -0.871688  -0.512037 -0.0614879  -0.890225   0.335134    0.57253   0.350322  -0.578965   0.501768  -0.569169   0.728087  -0.061442  -0.219521   0.500488     0.1074
 -0.194334  -0.167128  -0.191221   0.535712   0.678304  -0.366319   0.354559 -0.0140762   0.255318   0.274611   0.191922  -0.321966  -0.263301   0.667131   0.796465   0.282116   0.888577  0.0695979   0.669489   0.310987  -0.745924    1.01017   0.229048   0.567482  -0.610705  -0.795322  -0.922694    0.38733   0.233497   0.810264   -1.00348   0.316384
  -0.184957     0.38151   -0.309068   0.0661111   -0.921326   -0.697085   -0.389355 0.000301678    0.154309    0.338403    0.489105    0.346625    0.267654   -0.134464   -0.946356    0.921902     0.60591   -0.744727   0.0771525   -0.119791   -0.588805   -0.111396    0.299252    0.512986    0.184819    -0.30901   -0.155639     0.31814   0.0955411     0.26012  -0.0377853   -0.462592
   0.73302   0.145041   0.285116   0.823847  -0.642776  -0.412313  -0.353676   0.499509   0.398044  -0.642614  -0.177446   0.695818  -0.127328   0.288746  -0.398511   0.249926  -0.402903  0.0902295   0.213672   0.424954  -0.289132  -0.216224   0.638787   0.241842   0.518092  -0.250275  -0.134533   0.045367  0.0595409   -0.28392 -0.0844412  -0.247853
  0.658725  0.0160276   0.168813   0.550498   0.110316  -0.679044   0.042966  -0.336448 -0.0409291  -0.592525   0.588437  -0.134352  -0.146706    0.69019   0.470259   0.104239 -0.0320098    0.37539    0.40634   0.776176  -0.426967   0.874262   0.312113   0.319735   0.896593  -0.291805  -0.114866  -0.531012   0.201119  -0.274291  -0.463365   0.125155
   0.21311   0.305013  -0.346222   0.605801  -0.462146  -0.125398   0.177338  -0.071386  0.0492966    0.14768   0.857116  -0.384908   -0.63271   0.223872   0.371381   0.734314   0.744682  0.0587206   0.113893  -0.292375  -0.167611   0.322562   0.174236   0.517258 -0.0347722  -0.152578  -0.787022   0.029143 -0.0165869  0.0578905  0.0351541 -0.0800062
  0.103986   0.735941  -0.358864   0.212369   0.110523  0.0102422   0.193206   -0.17205  -0.289861   0.407607   0.506705  -0.114746  -0.440472 -0.0621794   0.257853   0.565293   0.740365   0.137345   0.242627 -0.0312136  -0.450455   0.376149   0.673223   0.178483 -0.0957268  -0.053039  -0.929231   0.011493  0.0793349   0.240711  0.0197841   -0.12237
 -0.582479 -0.0354508   0.936126  -0.394895   0.364419  0.0130919  -0.646821  -0.439473  -0.149979   -1.48303    0.14867  -0.185718  -0.517843   0.555466   -0.80257   0.103551   -2.09037   0.625977   0.202102    1.53938   0.253328   0.168542  -0.553909 -0.0949114   0.249072   0.698835  0.0993944  -0.990406   0.469857   0.507708  -0.338071   0.412239
 -0.814809   -1.24037   0.200154  0.0139802   0.437769  -0.470158   0.170506  0.0351082   0.221559   0.323753   0.162462   -0.29892   0.094222   0.411954   0.682529  -0.321036   0.593665    0.29328    1.36011  -0.146284   0.984139  -0.807924  -0.245361   -1.49029  -0.917137  -0.342915   -1.46523  -0.535333  -0.252634  -0.814038   -0.31518 -0.0241126
 -0.448714   0.848276   -1.42403  -0.378383    1.05543 0.00455328   0.268214   -0.36025  -0.479264    1.53609   0.675174    -1.0035   0.190756   -1.49231    -0.1966  -0.570002    0.91792  0.0533645   -0.75717    2.04273  -0.369332   0.104627  -0.118673    -1.2661   -1.66543  0.0198809  -0.156335  -0.758457    0.41787  -0.270158   0.976975   0.183302
 -0.564686    0.41284  -0.460895   0.271973  -0.633593   -1.57255  0.0521551    -0.7962   0.313573   0.522697   0.351982   0.135636   0.367632   -1.19991  -0.796723   0.530913  -0.910681    0.23827  -0.692469  -0.926267  -0.503941 -0.0614935  -0.818533   0.115557  0.0609018  -0.332716   0.845098  -0.107448   0.145767  -0.108761 -0.0583415   0.423887
  -0.630083  0.00814873   -0.166162    0.406919     1.06664   -0.161553   -0.576626   -0.713854   -0.108637   -0.490631   -0.570651    0.154996    0.876911   -0.172912 -0.00644166    0.589359    0.757285     1.13722    0.227596  -0.0669177    0.634659   -0.950114    0.697307    -1.03854    -1.17355    0.319271    0.390895    0.373263    0.389367    0.754435    0.397613    -0.63815
 -0.264222   0.697005   -1.27844  -0.999677 -0.0592886    0.23124   0.930028   0.998031  -0.818534  -0.494779  -0.538067 -0.0345868  0.0545665  -0.322305   0.361308  -0.067128  -0.323274  -0.859096   0.143536  -0.341057  -0.114189   0.517589   0.378188 -0.0432395  -0.262419   0.316129  -0.389972   0.948093   0.846643   0.093974   0.305725    1.18447
 -0.62528  0.209129   0.62333  0.149006   1.00698  0.622168 -0.124289 -0.577981  -2.24604 -0.057357   1.99828 -0.442229  0.365029  -1.88013  0.122545  0.975117  0.546937 0.0365024  -1.05465  0.260045  -0.81188  0.609107  -1.11006  0.647641 0.0618271   1.30509  0.274522 -0.389496  -1.15826 -0.421616  0.703624 -0.356298
  0.695404    0.26589  -0.249543  -0.871865   0.579992   0.626927  -0.743303   0.817642  0.0295621   0.453974  -0.384744    1.20421  -0.127676  -0.334276   0.356618   0.280797  -0.222052  -0.285164   0.306483  -0.395309 -0.0630377  -0.260449  -0.623853  -0.464028  -0.418349   0.588447   -0.65289   0.521447  -0.280867   0.327124  -0.486995  -0.188393
 -0.888435   -1.12243   0.601168   0.111156  -0.123442  -0.192567     1.0114   0.128111    1.12593   0.626595  -0.420226  -0.695557  -0.932585    0.71843  0.0686043   0.271794   0.690348    1.47365 -0.0962568  -0.461055  -0.120636     1.4511   0.985569   -0.68799  -0.436831  -0.487494   0.133063    0.48742  -0.715281   -0.47848  -0.784383  -0.388652
  -0.93185 -0.0960333   0.242652    1.47671 -0.0971225  -0.153551  -0.306728   0.839714 -0.0679645   0.221398  -0.450636   0.686878 -0.0855212   0.789708  -0.114241  -0.265396    0.13351  -0.123629   -1.71177   0.584432   -1.12779  -0.394083    1.03444   -1.48359  -0.279619   -1.84392    1.36723   -1.17173    1.21311   0.416755  -0.292586   0.938489
  0.884586   -1.13182   0.590942   0.635273  -0.612226   0.379773  0.0568074   0.273282    1.22047  0.0666729 -0.0956139   0.964092    1.36856   -0.37345  -0.946162  -0.687413  -0.256911   0.828466 -0.0820611   0.896783  -0.781763  -0.382105    1.01407   -0.16585  -0.054559  -0.364089   0.403591   0.221677   0.846824  -0.325879  -0.681046  -0.117161
-0.677919 -0.388294 -0.272536  0.120075 -0.110984  0.148385  0.301588   1.35449 -0.619791  0.380715  0.496552   1.53879 -0.132132  0.589342  0.151298 -0.815225  0.680646   1.28014  0.243648  0.617666   1.48296  -1.46501 -0.320652 -0.196912 -0.357482 -0.959419 -0.776423 0.0344372 -0.704902 0.0868024  0.702811  0.720436
 -0.0647085    0.684809    0.203532   -0.264708   -0.797172 -0.00290668    0.524256   0.0156573  -0.0556328    0.311755    0.380977   -0.573769   -0.370953    0.498016      0.6148 -0.00957327   -0.206955   -0.152319    0.569104    -0.44864     1.14544    -1.23138     0.13318    0.755309    0.412467    0.949728    0.614875    0.219081   -0.341953    0.343311   -0.200973   -0.278481
  0.879447   0.185844  -0.308797 -0.0532965    0.36872    0.39163   -0.50555  -0.753161   0.114064 -0.0138076 -0.0534533   0.413672   -0.27531    1.13566  -0.400119  -0.822738  -0.250087  -0.147606  -0.961952   -1.15868  -0.687207    0.66699   0.771614   0.672263  -0.375917 -0.0273981  -0.435608  -0.795744  -0.390669   0.274137   0.675959    0.11144
  0.480105   0.376433  -0.548557   0.269051   0.499427   0.650486  0.0814589   0.664597  -0.887354   0.980468   0.718545   0.654326  -0.305498   0.229396  -0.191156   -0.33499   0.842658   0.165704  -0.085253   0.194078  -0.142272  -0.371795 -0.0974431   0.537156  -0.172767   -1.05764   -1.02699 -0.0833836  -0.464267   0.471385  -0.524637   0.915665
 0.389293  0.251423 0.0364846  -1.32627   1.71007  0.985259   1.99009  -1.25233  0.478305  0.291112  0.396113  -0.55649 -0.132509 -0.668006 -0.644264 -0.619145  0.524088  0.179851  0.111919   1.23175  0.198108  0.930467 -0.572994  -1.11213   1.36965  0.696005 -0.188778  -1.35076  0.889824   0.16279  0.146107 -0.332448
   1.01573  -0.552981  0.0173883    1.04431 -0.0985664   -0.20058   0.328734 0.00862249    1.21447  -0.192427  -0.398493  -0.288699  -0.980656  -0.373212 -0.0985434    0.67265   0.443049 -0.0837365  -0.147776   0.205062   0.753914    0.54849  0.0674224  -0.541699  -0.413219  0.0228454    0.34292    -0.7496     1.0657   0.573884    1.37018   0.712451
-0.867228  -1.17474  -0.11941  0.579906   1.18426    0.2804  0.438887 -0.145018  0.421885  0.115642  0.814803 -0.302823  0.260854 -0.849496  0.426423 -0.282965 -0.354876  -1.01225 -0.300399 -0.684445  0.222706  0.386607 -0.849511   0.90704  0.343204  0.366787  0.448104  0.768611 -0.358109 0.0804379  0.375912  0.214972
  0.382417  0.0786535  -0.368498   0.915507  0.0406103  -0.569299   0.406838    1.31746    0.26328   -1.36855   -0.36688  -0.289998   0.544768  -0.222934   -1.28433  -0.975861 -0.0781146  -0.262673  -0.685223   -0.30002    1.34145   -1.93995   -1.76557   0.161277      1.066  -0.377206   -1.41626   0.467868    0.29833  -0.528201   -1.53915   -0.27049
 -0.108543  -0.381141   -0.35979   -0.54926   -0.98944 -0.0555832   -1.14642    0.15463   0.911584  -0.297217    -0.6382  -0.617052   0.160829  -0.725911  -0.122915  -0.222087   0.988694  -0.375461 -0.0321096  -0.198245   -1.18566  -0.526584  -0.538679  -0.471125  -0.406675    1.25885   0.280132   0.795822   0.156876  -0.996051    1.10023   0.726189
-0.0343798  -0.235854    1.27294  -0.453021    -1.0196  -0.117071  -0.173333   0.229164   0.406502  -0.239381  -0.519642  0.0854141  -0.595897  -0.829383  -0.454003    0.58078   0.165734  0.0863353  -0.218447   0.749513  0.0703708  -0.107231  0.0728104  -0.595357   0.697975  0.0447807  -0.302743  -0.222783   0.410785  -0.192875   0.297804  -0.333048
 -0.968776   -0.22854  0.0677212    1.08395    1.57098   0.303022   0.307898   -1.30243   0.559112 -0.0718126   -0.39236  -0.553928    0.12091   -1.74977   0.300801  -0.194128    1.04776   0.295868  -0.780637   0.126265  -0.257322    1.32431   0.319687  -0.413001   -1.04188    -1.1837    1.35914  -0.316408   0.944125  0.0296222  -0.458751  -0.332796
 0.567516 -0.580719    1.1296  0.684991  0.256628   0.46028  0.253635 -0.668066  -1.19154 -0.672633  0.999925  0.147479  0.359848  0.205149 -0.607377 0.0461032  -1.40532 -0.804566 -0.477459  0.601878 -0.326673 -0.507835  0.099783 -0.815875 0.0819487  0.334377 -0.280319  0.390443 -0.536157  0.836883 -0.455323 -0.602312
 -0.657167 -0.0304114  0.0175648    0.56419   -1.78606    0.53002 0.00933518   0.236164   0.677027  -0.216508   0.162562  -0.219444  -0.152517  -0.171666    1.00072  -0.749394  0.0736594    1.56703    1.25115  -0.649248   0.773964  0.0401785  -0.719216   0.248215    1.02541    -1.3635  -0.536922  -0.128328   -1.32625   0.170554 -0.0961397    -1.2975
 0.546218  -1.12088   1.02587 -0.497943  0.124657 -0.186475 -0.870915 -0.516679  0.042493  0.369652   -1.7297  -1.10712  0.668259 -0.702936 0.0636366   0.36547   1.06418 0.0443007  -0.22466    1.0435  0.165979  0.704487  -0.80327  0.460067 -0.617324  -1.39655  0.828833 0.0293743 -0.565255  0.959995  0.234819 -0.382864
 -0.380726    0.30144    0.12776  0.0105656  -0.135564  -0.833458  -0.652025  -0.524857   0.330125   -0.75096    1.03584 0.00314623  -0.524415   0.112964   0.271854   0.465235  -0.701451 -0.0214994   0.366068   0.737572 -0.0662091   0.299223  -0.350927    1.09784    0.51455  -0.115237 -0.0505848  -0.325852   0.796517   0.326092  -0.643103 -0.0140285
 -0.183947   0.702206  -0.275111   0.139515   0.324065   -0.12235   0.657756  -0.455816   -0.82032    0.81602   0.509001  -0.688977  -0.553668   0.786265   0.844808   0.455638    0.54408 -0.0200646   0.217541  0.0534141  -0.302095    1.18155    1.07832   0.580011  -0.375441  0.0613876   -1.26321   0.192092  -0.117618   0.473725  -0.231811  0.0583767
   0.89625  -0.685542   0.885271 -0.0528644   0.616384   -1.58907 -0.0723941   0.688335 -0.0257453  -0.876232  0.0590017   0.513838    1.08036   0.885484    1.15119  0.0993028  -0.614858   0.706758   0.367286   0.651655   0.550788   0.741094 -0.0454968  -0.172231    1.17902   -0.27168   0.947563  -0.610656  -0.277076  -0.746739  -0.219679  -0.757937
  0.414432   0.301102  -0.564923   0.608085   0.282384 -0.0119414   -0.47161  -0.442963   -2.55534    1.36396  -0.115359   0.617138  -0.520292     1.0881  0.0855412   -1.09396   0.699755  -0.166701   0.490024     1.6452  -0.382948   -1.04535  -0.407788   0.759327  -0.478792    1.76067   0.481365   0.486144  -0.124187   -1.27763  -0.223707  -0.223018
  0.103818   0.683918   0.498526    0.47657   0.195295 -0.0661496   0.215796   0.541178  -0.458944  -0.100486   0.869701  -0.276566  -0.360706   0.497759   0.975557   0.527741   0.198773   0.203431  0.0621606   0.012768  -0.125195 -0.0667291  -0.123358   0.641399   0.341812  0.0233006  -0.767525   0.581937  0.0812322 -0.0212643  -0.657362  -0.154158
   0.887825    0.157353     1.06526    0.304975    0.136476     1.76918     1.43041     1.25294    0.184717    -0.41995    0.710707   -0.355584    0.706468     1.37342   -0.327202    0.381354   -0.110052    0.617897    0.369124   -0.569299   -0.230973 -0.00940177   -0.662591   0.0839837    0.545347   -0.455598    0.356321    0.543842   0.0369557   -0.218003   -0.221155    -1.01159
 -0.102525   0.356329   0.012072  0.0329486  -0.516328  -0.470439  -0.109934   0.556703   0.740955  -0.582069   0.455779   0.341584    -1.0621 -0.0748357  -0.404986      1.115   0.457537  -0.779497   0.174184   0.875005   -0.74062   0.186879  -0.115205   0.065425   0.276718  -0.253099  -0.960775  0.0768559   0.183421   0.385689    0.10327  -0.295457
 -0.316004  -0.026932   -1.09465   0.838052   0.788791   -0.68092   0.393146    1.23735 -0.0653229  0.0515546 -0.0085818   -1.11571   0.521217 -0.0587415  -0.424054  -0.917154   0.828753  0.0450455  -0.510349 -0.0331388  -0.778812   0.141436   0.259091   0.325007   -0.01421    0.34886 -0.0506409   0.239815   0.718604   0.421547  -0.437615    -1.0252
  -0.0446966   -0.0485915     0.124855     0.131115   -0.0703668 -0.000203571     0.056919   -0.0530696    0.0968367    -0.240477     0.134242   -0.0599802    0.0706024  -0.00343947    -0.128369    0.0155503    -0.322088   -0.0941399    -0.165843    -0.228174    -0.184545     0.150948    -0.023923     0.147595      0.34088    0.0461792     0.108656   -0.0412633   -0.0589674   0.00245331   -0.0142003   -0.0143098
  -1.89487   0.112416  -0.256873   0.253159  -0.536075   0.969143  -0.872539  -0.388626   -1.20914  -0.282735   0.125289    1.04963    1.15528  -0.230072   -1.11432   0.397352 -0.0249856   -1.46078  -0.620761  -0.140275   0.186342   -0.77383   0.523019 0.00741938    1.12106   -1.07497    0.53399  -0.186965   -1.46742   -2.20088 -0.0579927 -0.0559741
  0.664971    1.12258   0.094771   0.301159  -0.198959    2.18052   0.527047   0.117547   -1.81517   0.179886    0.14837  -0.758529   -2.01103  -0.120111    1.87508   0.678552   0.340311    1.65193   -1.73471   0.190252   0.727526    0.13416   0.641638   0.182945   0.275554   0.277865  -0.548282 -0.0362573    1.02227   -1.05839      1.015  -0.316323
 0.120039  -0.71155 0.0930669 0.0762277   0.28701 -0.341556 0.0613858 -0.546477  0.547469 -0.402538 -0.316612 -0.474708 -0.675324 -0.337419  0.693795  0.712567  0.205726 -0.288764 -0.175954  0.541194  0.550107  0.572449  0.515944 -0.733889 -0.346118 -0.354837  0.153329 -0.861377 0.0354917  0.277331  0.754455  0.334719
 -0.211591   0.485955  -0.395528   0.241825   0.603473   0.167088   -0.33107   0.204119 -0.0980462   0.510213  0.0229976  -0.280517  -0.128936  0.0582176   0.676511 -0.0386801   0.770273  -0.512339   0.160388  -0.639258   -0.10043   0.572897    0.49271   0.788133  -0.385867  -0.434996  -0.481969   0.834575  -0.174227   0.265032  -0.340836   0.692533
  0.514079 -0.0330896  0.0191458  -0.421323  0.0929648    0.12196  0.0948257  -0.356232     0.3936   0.882346  -0.824784  -0.444314  -0.313049 -0.0771447  -0.345716 -0.0884511   0.784397  -0.162343   0.799408  -0.329609    0.28008 -0.0798928 0.00113393  -0.126636  -0.214209  -0.136294  -0.223909 -0.0742481    0.48798  -0.710443  -0.908602  -0.435626
 0.0200622  -0.336009  -0.248941  -0.134472   0.069671  -0.433953  -0.216877  -0.388146   0.525049   0.642489  -0.720349  -0.402351  0.0839281  -0.206288  -0.067948 -0.0403403    1.11274  -0.233909     1.1125  -0.303077   0.223633   -0.44933  -0.527247   -0.48547  -0.239634  -0.126638  -0.229546   0.178252   0.029384  -0.360494   -0.35002  -0.293526
   0.508979    -0.13295  -0.0446581   -0.146848    0.104264   -0.166456    0.186191 -0.00760814    0.496831    0.247607   -0.575336   -0.212433    0.287413     0.30672   0.0127844   -0.360829    0.538275   0.0811295    0.477479    0.125417    0.170964   0.0134588    0.130532   0.0708095 -0.00253293   -0.306136   -0.118614    0.241211    0.226481   -0.316202   -0.560834   -0.412801
 -0.436314   0.165974   -0.22149   0.357407   0.044897   0.426225  -0.919617  0.0206313   -1.05332  -0.254548   0.481549   0.111652  -0.334689 -0.0288254   0.120142    0.84957  0.0370961  -0.970235  0.0543435  -0.395011  -0.601867  -0.234546   0.287999   0.959996   0.367372  -0.533345  -0.458259   0.519413  -0.875691  -0.643895  -0.725644   0.331618
   0.209983  -0.0159622    -0.13387     0.22394   -0.373875   -0.341101   -0.224281   -0.268516    0.216137    0.356863    0.133542    0.249954 -0.00221564  -0.0239383   -0.228002  -0.0565425    0.350571   -0.132422    0.164698    0.153943  -0.0381881   -0.236844    0.176357    0.223999   0.0778919   -0.399473  -0.0624366   -0.263113   -0.247452  -0.0279095   0.0503521    0.120821
 0.0362042   0.205556  -0.502341   0.569225 -0.0870257  -0.439475   0.129709   -0.36538 -0.0914193    1.04108 -0.0776946  0.0901693  -0.062797   0.224455   0.119632 -0.0758554    1.30851  -0.939812   0.303717  -0.171511   0.403954  -0.222025   0.102308  0.0787201  -0.830538   -1.01241    -0.7745  -0.226765  -0.580714  0.0110827  -0.498932 -0.0450576
  0.224043  0.0385795   -0.38394  -0.267655   0.232901   0.273607  -0.225711  -0.209454   0.556314   0.667879  -0.494725  -0.311111    0.13894 -0.0844406  -0.177609 -0.0234018    0.88985  -0.444516   0.854723  -0.167988   0.139814  -0.178293  -0.186262  -0.250335  -0.283427 -0.0772599  -0.495993   0.257431   0.372541  -0.390698  -0.403598  -0.101377
   0.923022   -0.468779    0.287172    -0.32695    0.162695   -0.295134    0.549285   -0.228875    0.555173    0.237711   -0.463838   -0.364497  -0.0659854    0.552439   -0.312677   -0.730936    0.167015    0.387976    0.337159   -0.682764   -0.340804   -0.692148   -0.230821   -0.558383 -0.00827227    0.891789   -0.465493    0.212132    0.641712   -0.155995   -0.929404   -0.736548
 -0.354997   0.439012  -0.420177   0.364183   0.788523  -0.296733  -0.407201   0.352416 -0.0341747   0.354886    1.04034    0.12881   0.142752   0.159879 -0.0674388   0.983937    1.04025   0.313475   0.827751   0.561546  -0.302905   0.241894   0.186611   0.471288  -0.424286   -0.43196   0.182146   0.278794   0.452984   0.883351  -0.876447  -0.146496
  0.552095   0.402827 -0.0513874  0.0964014   0.585184  -0.008722  -0.730095  -0.522991  -0.968526   0.404425   -1.08057  -0.375605    0.74223 -0.0224286   0.651692   0.740443    1.11743  -0.272787  -0.121061       0.26 -0.0428831   0.872619   0.309896   0.708601  -0.314147  -0.280512   0.126637 -0.0928443  -0.363802   0.672246   0.561101   -1.13581
  0.647803  -0.184277 -0.0896106    1.05818   0.203162  -0.546718  0.0717696   0.219726 -0.0269604  0.0312967   0.402296 0.00153528 -0.0597039   0.274285   0.249971   0.385655   0.936406  -0.218246   0.418032   0.706313   -0.87855   0.495786  -0.171605   0.428115  -0.536345     -0.591  -0.210944  -0.262852   0.110397   0.684622   0.182594   0.567357
   0.115706   0.0821435    0.444115   -0.141592     1.18837      1.6877   -0.196493   -0.627935    -1.53988 -0.00101642   -0.250021    0.165218    0.864275   -0.100866   0.0449782    0.205252     0.68843    0.462736   -0.714777    0.642173  0.00629336    0.562236 -0.00173266    0.142006   -0.185998   -0.196205    0.582215    0.380825   -0.257268 -0.00320228    0.268828   -0.780701
  0.550768 0.00584203  -0.148436  -0.578816   0.209257  0.0539745   0.180814  -0.202194   0.685512   0.773922  -0.809563  -0.265805  0.0097492   0.257554  -0.173524  -0.481788   0.695095  -0.324033    1.00555  -0.555402   0.446207  -0.108202  -0.605872   -0.26282   0.118182  -0.151249   -0.51672  0.0443804   0.103405  -0.405509  -0.491046   -0.46978
 -0.103273 0.00137043  0.0510605   0.462542  0.0775896 -0.0588715   0.240937   0.422479  -0.127791  0.0376696   0.575661   0.238841  -0.156215   0.432021   0.362139  0.0329441  -0.353946   0.544981   0.683166  0.0995753    0.58291  -0.181144   -0.27548   0.446463    0.32671  -0.166156 -0.0226018   0.220148  -0.592383   0.368461  -0.454185  -0.169166
-0.0363244   0.390737  -0.367913   0.180775   0.378501  -0.309757    0.49571  0.0447511 -0.0380351   0.539447   0.714756  -0.272685  -0.213785  0.0582946   0.879106   0.155426   0.412055   0.469111 -0.0541015  -0.140439  -0.360518   0.796126   0.787346  -0.031299  -0.521186  -0.226815  -0.174213  0.0238664   0.264875   0.234686  -0.051392 -0.0872927
   0.436801   -0.231188   -0.190215   -0.325514  -0.0877503  -0.0728548   0.0253882   -0.192515    0.477497    0.384544   -0.410422 -0.00218257      0.2042  -0.0257437 -0.00207064   -0.441422    0.692136   -0.067346    0.616218    0.106851    0.247829   -0.153881   -0.148151   -0.032154  -0.0833722  -0.0190907  -0.0765872    0.320651    0.304668   -0.449752   -0.312454   -0.162765
 -0.161407     0.2756 -0.0616355   0.290562    0.23046 0.00539697   0.388211  -0.198514  -0.445286  -0.164369   0.448115  -0.335638  -0.485303   0.415654    0.87089   0.586947   0.364627   0.183987   0.511541  0.0182407  -0.153292  -0.299985  -0.027569     0.1396  -0.151214  0.0139746  -0.657508   0.285052   0.316365 -0.0274629  -0.352323 -0.0678633
   0.298373    0.286859   -0.412477    0.110075    0.262456   -0.116498    0.464278  -0.0334377  -0.0163684    0.368094     0.15957   -0.418941   -0.413601  -0.0905824    0.352385    0.201322    0.767225  -0.0746216   0.0454143    0.339149   -0.298125    0.472178   0.0839942    0.224518   -0.313152   -0.251729    -0.39443 -0.00567099    0.484284    0.202113  -0.0644711    0.224722
 0.480627  0.610736 -0.548551  0.462718 0.0142563 -0.418443  0.428577  0.530473 -0.231144 -0.236139  0.194271  -0.15826 -0.442463 0.0644414  0.292425  0.283923  0.310212 -0.192451  0.428734  0.341021 -0.347366  0.139901  0.405658  0.441114  0.336404 -0.240231 -0.799185  0.226668  0.507579 -0.203667 -0.552603  0.162163
   0.471689   -0.310365     1.01896   -0.416595   -0.141003  -0.0521673   0.0848614  -0.0804102    0.411983   -0.214832  -0.0683701    0.430568   -0.213606    0.136907   -0.760143   -0.650853    -1.12878  -0.0635847 -0.00729883   -0.685105   -0.507189    0.949475    0.179466   -0.561711    0.938704   0.0614846    0.134038   -0.521636   -0.434309    0.206129   -0.078908   -0.581987
  0.0891913  -0.0074209   -0.295074    0.131444     0.20012   0.0587741   -0.455662   -0.295051   -0.228333     0.67782   -0.222235    0.270692   0.0195641    0.161924    0.133605   -0.234083    0.837343 -0.00328025    0.152075  -0.0970332    0.353571   -0.267095  -0.0737304    0.100592   -0.498569   -0.525125  -0.0929455  -0.0134222   -0.477687   0.0370574   0.0280333   -0.302745
  -0.104495   0.0464446   0.0207236  -0.0123171   -0.378122    0.158923    0.195909   0.0429673   0.0246138   -0.408279    0.339374  0.00485267   -0.107883    0.236374    -0.15855    -0.26753   -0.421717   -0.016025   0.0104513   -0.269417   -0.018309  -0.0438889    0.191209    0.208349     0.22969    0.247705   -0.224588 0.000674232   -0.137293   -0.120053   0.0125297    0.280503
   0.247346 -0.00770857   0.0693549    0.400946   0.0556732  -0.0926857   -0.119496   0.0291492   -0.240575   0.0655706     0.53075    0.136572   0.0284074    0.375484     0.26362  0.00100609   0.0966884   0.0993172    0.326334  -0.0906861    -0.48362   0.0588926    0.403038    0.288565  -0.0943712    0.380732  -0.0905158    0.301891   0.0750678   -0.250959   -0.368186   -0.178682
   0.144393   -0.356283    0.974812   -0.345101    0.337504 -0.00897456     0.28221   -0.660359    0.204942    -0.48288   -0.267441   -0.239524    0.187417    0.270554   -0.251478    0.209534   -0.190735    0.124113    0.359465    0.277537   -0.272282      1.1654    0.383419   -0.282745    0.711852   -0.242064    0.105105   -0.827095   0.0390827    0.218583  -0.0295809   -0.147618
  0.395126 -0.0585711 -0.0623643  -0.538156  0.0935184   0.174438   0.247974  -0.201202   0.049507   0.500555  -0.797847 -0.0211092 -0.0134994   0.167182  -0.365432 -0.0923564   0.525282   0.190618   0.753386  0.0604646   0.391299   0.193332   0.188848  0.0102393 -0.0602063  -0.242725  -0.498061   0.220566  0.0289601  -0.746723  -0.529279  -0.344032
 -0.00367625 -0.000303143    0.0892677    0.0293603 -0.000365236   -0.0170596     0.017149     -0.02248  0.000806247   -0.0654102    0.0470325    0.0129015    0.0141019   0.00556968   -0.0324088   0.00370839    -0.144192   -0.0597845   -0.0755077   -0.0572102   -0.0984492    0.0791606   -0.0245844    0.0711646     0.144423   -0.0172367    0.0470154   -0.0526927   -0.0282453    0.0333743   -0.0428433    0.0074484
  0.590524 -0.0310128  -0.295088  -0.317789  0.0957643  -0.127779 -0.0821631  -0.424771   0.539226   0.450851  -0.619689  -0.131913   0.148922  0.0997496  -0.176845  -0.651062    0.38085  -0.228543   0.557152   -0.14074   0.206925  -0.319675 -0.0876301  -0.256382  -0.224464 -0.0542345  -0.248113 -0.0307865   0.137098  -0.455666  -0.105754  -0.234452
 0.0867367  -0.314625   0.158173   0.151774   0.147388   0.162328  -0.115959  -0.307324   0.135478  -0.575005    0.31532   0.196408   0.684446 -0.0671791   -1.16832   -0.34401  -0.325707   0.170924  -0.117132  -0.397737  -0.599698 -0.0238969   0.165033   -0.19666   0.813906   0.456188   0.614624 -0.0844743  -0.201654  -0.415527 -0.0392187  -0.355607
 0.0355829  -0.224105   0.230035  0.0578477  0.0431689  -0.118127  0.0917473 -0.0613464 0.00310898  -0.319066  0.0375236  0.0222541   0.409561  0.0702645  -0.244492  -0.109665  -0.231711  -0.256904  0.0703584  -0.132912 -0.0958745  0.0139463  -0.201628   0.160119   0.466727 0.00263393   0.130695 -0.0329727  -0.136353  -0.229323  -0.306453 -0.0465454
   0.105045   0.0263378    0.341173    0.140729    0.022267   -0.182878    -0.10504   -0.164792   0.0115178   -0.185168   0.0568638    0.097251    0.133506   0.0241089   -0.339252   0.0944753   -0.509058  -0.0879672   -0.328893  -0.0579256   -0.362802   0.0972703   -0.148826   0.0448454     0.36938  -0.0916345    0.342267   -0.384923  -0.0432732   0.0608349 -0.00406185  -0.0245695
   0.0321944   -0.0214036     0.282834 -0.000540136    -0.279643   -0.0664004    -0.127053   -0.0711497     0.312915    -0.366255    0.0624832     0.111804    0.0402348   -0.0428941    -0.474779   -0.0712252    -0.821542   -0.0290996    -0.366625    -0.300085    -0.418281      0.07245    -0.238957      0.19091     0.503537     0.195206     0.354853    -0.057273   -0.0358811   0.00032838    -0.050905    0.0560889
   0.33573  -0.236924   0.125662  -0.185616 -0.0619059  -0.202093 -0.0415653  -0.423332   0.493973   0.545476  -0.464555  -0.391738    0.12242  -0.156615   0.145076  -0.204311   0.681797    -0.2954   0.796721  0.0478756   0.312098  0.0441431  -0.152805  -0.163982   0.193197  -0.198324 -0.0737372  0.0516082  0.0150934  -0.319771  -0.440106  -0.430318
 0.0537109  0.0241657   0.165184  0.0797619  -0.110042  -0.112277 -0.0419631   -0.18051 -0.0510912  -0.262977   0.205728   0.183171  0.0683934   0.119273  -0.249468  0.0425108   -0.32822 -0.0915391 -0.0966419  -0.129952  -0.391338   0.148019   0.054988    0.27856   0.394402  0.0488737   0.101947  -0.245759 -0.0557469  0.0133617  -0.135888  0.0435436
 -0.0459596   -0.187967  -0.0629426    0.201895  -0.0631269   -0.124026   0.0351353  -0.0711233    0.376158   0.0551036  -0.0212217     -0.0132   -0.105735    -0.31296  -0.0402515   0.0775561   0.0828017    0.057969  -0.0817577   -0.106696     0.03136 0.000921965  -0.0786199  0.00727927  -0.0397072   -0.180827    0.159173  -0.0234041    0.172204   0.0285197    0.117866    0.172041
-0.0101392  -0.162008 0.00780931  0.0830921  -0.308294  -0.357805  -0.215197 -0.0688209   0.507216 -0.0653335  -0.350354  -0.214445  0.0780771  -0.218455  -0.111393 0.00209297 -0.0513327   0.150663 -0.0608461  -0.135457 -0.0476111  0.0286785  0.0652171   0.023244 -0.0654694  -0.129823   0.264331  0.0500161  0.0943027  0.0196677 -0.0597963 -0.0910151
  0.484871   0.209339 -0.0387309  -0.265097   0.436586   0.435209  -0.134122  0.0435486  -0.278662 -0.0165234  0.0861666   0.304378 -0.0800904  0.0696559 -0.0119864 -0.0776211 0.00860278   -0.11594   0.311754   0.411491 -0.0896014  0.0401983  -0.429436  -0.242101 -0.0348943   0.133295  -0.550878   0.131897    0.20386   0.208009  -0.131736   -0.25202
  -0.100602    0.113358    0.181538   0.0540449    0.310957    0.364301    0.132087   -0.109934   -0.602157   -0.127221     0.27521   -0.326332   -0.298787   0.0129994    0.398682    0.204489  -0.0002963    0.286988   -0.219271   0.0237296    0.200805    0.173981 -0.00160664    0.115902   0.0965161    0.695183    0.167424   0.0571771    -0.23499   -0.131859     0.32242   -0.123039
 0.00810394    0.185306  -0.0921834   0.0166358   -0.390008    0.169841   -0.150925    0.146951   -0.366676   0.0790224    0.144734   0.0538637    -0.07254    0.247212   0.0406276   -0.252795    0.145347   -0.205269    0.163016    0.074537    0.169215   -0.441491  -0.0491128    0.172081    0.209047    0.301893   -0.204145    0.114451     -0.2706   -0.394341 -0.00467196  -0.0307357
 0.00257812 -0.00516803  -0.0070544  -0.0164295 -0.00522196 -0.00319938   0.0159929 0.000815461   0.0106529  0.00421201 -0.00959266 -0.00731568 -0.00877122  0.00444824  0.00686653  -0.0113187   0.0198135   0.0161659   0.0115708   -0.004026  0.00864864  -0.0023125  0.00395027  0.00258926  -0.0158946  0.00590312   0.0019827   0.0135332   0.0156257  0.00822278   0.0153672 0.000887636
  -0.025639   0.0259966  -0.0465298  -0.0496646   0.0133809  -0.0181124 -0.00678204  -0.0155858   0.0369782   0.0434481   -0.028163  -0.0363553  -0.0370728  -0.0675178   0.0201052   0.0364056   0.0476032  -0.0510267  -0.0656959   -0.094667  -0.0172058   0.0160393    0.039682   0.0119425  -0.0441345    0.125174   0.0513297  0.00478695  0.00235897   0.0392186   0.0559216 0.000505965
  -0.131157 -0.00924989  -0.0359899  -0.0168732   0.0785749  0.00424393   0.0744888   0.0481352  0.00406294   0.0535989   0.0347473 -0.00359942  0.00633875  -0.0952214    0.048949   0.0722883   0.0105816   0.0055541   0.0269345   0.0288112   0.0762564  -0.0153848  -0.0773941  -0.0642917   -0.024174  -0.0209476  0.00951814   0.0435671   0.0371464   0.0322811  -0.0171741   0.0263655
-0.000257938    0.0138332  -0.00338696   -0.0155818   -0.0118668    0.0597222    0.0280715   -0.0113257  -0.00911557   -0.0207689   -0.0143087  -0.00648901  -0.00954155  -0.00503524   -0.0191529  -0.00535871  -0.00469585    -0.014927 -0.000743421   -0.0466811    0.0243114   -0.0238882  -0.00600061    0.0188522    0.0396474    0.0185814   -0.0386645    0.0101873    0.0370791 -0.000787034    0.0140069  -0.00901825
 0.0641084  0.0545382 -0.0656552 -0.0691571 -0.0101587  0.0447016  -0.141914 -0.0459888 -0.0154816   0.159579  -0.078395 -0.0264865  -0.168178  0.0980225   0.154715   0.119333   0.221168   0.130659   0.143609  0.0867182  -0.106317   0.112267   0.175054  -0.125286  -0.346453  0.0585419  -0.126035  0.0106859 -0.0122991   0.101894   0.161837  -0.063588
  -0.18161   0.114529  0.0353908 -0.0488612   0.489829   0.353117   0.298688  -0.271391  -0.622875 -0.0457947   0.528884  -0.340825   -0.11842  -0.278046   0.269223   0.137822  0.0401962 -0.0334784  0.0257286 -0.0885277   0.113333   0.202852  -0.398292   0.194127    0.24651   0.210239  -0.135442    0.10194  -0.279607 -0.0718721   0.225052 -0.0560377
  -0.0723145   -0.0434451    0.0293035    0.0311446   -0.0129206   -0.0491141   0.00924006  -0.00794029    0.0693764    0.0209215  -0.00474188   -0.0253531  -0.00640645 -4.37685e-05  -0.00074028  -0.00151095    0.0388406    0.0571233   0.00331921   -0.0762055    0.0233293  -0.00558452    -0.020135   -0.0332826  -0.00245999   -0.0545425    0.0333306   -0.0123155   -0.0665614   -0.0241667   -0.0291042   -0.0472619
   0.0885115     0.124546   -0.0926976    0.0553132    0.0557528  -0.00548374    0.0896027    0.0699536    -0.111249    0.0324772     0.132795   -0.0296779    -0.118049    0.0719209     0.138593     0.082561     0.124601   -0.0110834     0.117806  -0.00520604    -0.033984    0.0237139   0.00692124     0.136973    0.0350311 -0.000873838    -0.200543     0.105479    0.0154577    0.0418859    -0.147826   0.00132189
  0.0277028    0.048477  -0.0811074  -0.0649228   0.0815729   0.0213749   0.0463574   0.0106489  -0.0673907    0.105219  0.00772161  -0.0131687  -0.0328824   0.0107874 -0.00364674  -0.0489982   0.0886391 -0.00450793   0.0127007   0.0930661 -0.00671417 -0.00217541   -0.045149  -0.0458248  -0.0573011  -0.0337804  -0.0517855  -0.0236673   0.0472526  -0.0059749   0.0224583   0.0704557
-0.00472217  -0.0402735  -0.0349722   0.0507937   -0.015001  -0.0566135 -0.00349771  -0.0183779   0.0557992  -0.0740099  -0.0110833   0.0350788  0.00156418  0.00114029   -0.101001   0.0493031   -0.103655   -0.139255  -0.0858543  -0.0639625  -0.0476413   0.0471458  -0.0206198   0.0458727   0.0748826 -0.00515068   0.0616484  -0.0401466   0.0103148  -0.0115245   0.0360096   0.0776585
-0.00362672    0.021075  -0.0146192 -0.00148938   0.0256231   0.0192415   0.0320291 -0.00392327 -0.00849103  -0.0043682   0.0037662  -0.0059052  -0.0128073   0.0176229   0.0183862  0.00263182   0.0173615  0.00372414 -0.00403388 -0.00775945  0.00627057   0.0167127   0.0109736  0.00566302  -0.0134307 -0.00487359  -0.0179359  -0.0107461  0.00903536 -0.00747781   0.0137109  -0.0092484
 -0.00520141   -0.0135232  -0.00795715  -0.00934399    0.0119342   0.00376065      0.01608   0.00157349    0.0121984   -0.0127155    -0.012901   0.00218283    0.0234216   -0.0141202   -0.0160595   0.00928465   -0.0177688  -0.00245409 -0.000289746   0.00574944  -0.00812727    0.0104832   0.00161261   -0.0177978   -0.0097372   0.00363616   -0.0048884     0.012044    0.0184779    0.0141944   -0.0117952   0.00624619
-0.00428741  0.00331055  0.00859964 -0.00349545 0.000152533  0.00277932 -0.00978975 -0.00204934  0.00291227 -0.00865364 -0.00872593  0.00129143  0.00323663 -0.00816724 -0.00203346   0.0050096 0.000537351 -0.00111935 -0.00333124   0.0030285 -0.00552038  -0.0041166  0.00638731  0.00429911  0.00970931  -0.0097261 -0.00737566  0.00458895  0.00982111  0.00145354 -0.00431816  -0.0044663
 -0.00523591  -0.00571852   0.00203825   0.00491662    0.0070608    0.0022485  -0.00713272 -2.69333e-05   0.00359486  -0.00585865  -0.00873551  -0.00316852  -0.00402589 -0.000768965  -0.00815892   0.00651146   0.00811169  -0.00149015 -0.000460043  -0.00740869   0.00439325  -0.00407273   0.00689042   0.00410256  -0.00379883   0.00951476  -0.00130848  -0.00397772  0.000968295   0.00437336   0.00155597   0.00573239
  0.00865484  -0.00640577  0.000649008   0.00571564   0.00584272   0.00351629   -0.0043113 -0.000562421   0.00765765   -0.0030468   0.00626906  -0.00636824   0.00618423   0.00811014  -0.00985678   0.00429592  -0.00338001 -0.000316826   0.00688723  -0.00898676   0.00561044   0.00377765    0.0051158  -0.00818839   0.00329241  -0.00619269  -0.00216611   -0.0057393   0.00818067   0.00938986   0.00999309   0.00683551
-0.00701591 0.000642097  0.00255115  0.00882681 -0.00584161  0.00823985 -0.00173561 -0.00818396 -0.00480695 -0.00546655 -0.00455221 -0.00862272  -0.0073564 -0.00440899   0.0056732 -0.00073641  0.00527418  0.00256042 0.000276827 0.000884626 -0.00366193 -0.00460737  0.00269624  0.00963048 -0.00080006 -0.00946987 -0.00610881 -0.00261939  0.00991999 -0.00611573 -0.00578388 -0.00709592
  0.00452637   0.00676727   -0.0082691   0.00868476   0.00500712 -4.70897e-06   -0.0094992  -0.00979983   0.00452875  -0.00405141  -0.00842256   0.00717235    0.0015396   0.00725064  -0.00356407  -0.00318622 -0.000188935   0.00671276   0.00769841   0.00614914  -0.00789461  0.000394643   0.00577962   0.00130533   0.00092477   0.00967081   0.00868594  0.000844763  -0.00644492  -0.00709794   0.00374885   0.00808145
  0.00966933   0.00547974   0.00676621   0.00467645  -0.00452497   0.00726701   0.00487662  -0.00999622   -0.0067844   0.00645407   0.00717613   0.00475519   0.00370471  -0.00638794  -0.00843103  -0.00648423  -0.00967518   0.00926738   0.00966491  -0.00756979 -0.000337981   0.00544453   0.00373554  -0.00941321   0.00511534   0.00242148   0.00143155   0.00867041   0.00532354   -0.0048196   0.00675186   0.00499287
