   -0.719185   -0.0453897     0.348021     0.224048     0.193404     0.229096    -0.155505     0.370624     0.243954     0.320392     0.237635     0.570143    -0.365884    -0.252057    -0.393502     0.108384   -0.0939857     0.491192      0.13178     0.413939      0.53996     0.714352     0.387849    -0.287364    -0.259364     0.101987    -0.351236     -0.26927      0.12942    0.0686286    0.0511264     0.154295
   -0.294752   0.00350702   -0.0499137    -0.645824   -0.0680995  -0.00113062    0.0535306    -0.136882     0.150319    0.0169071     0.162605    -0.164565    -0.230588    -0.229474    -0.266663     0.299946     0.216945    -0.293706     -0.11836   0.00160579      0.16931     0.105549    -0.211297      0.14822    -0.104892     0.348361     0.354011     0.150848     0.404526     0.278976     0.172259     0.208983
    0.503789     0.157491    -0.357677    -0.476314      -0.4899     0.118041    0.0324293    -0.363049    -0.289306    -0.306881     0.266964    -0.157044    0.0722465     0.073174    0.0703972    0.0051394     0.311682   -0.0592755      0.35891    0.0636913    -0.193752    -0.782183    -0.264482    -0.426659    -0.424701    -0.197751   -0.0839087     0.130214    -0.401562   -0.0120486     0.578507    -0.118749
    0.133231    -0.249493    -0.255873     0.211054    -0.158383     0.243086     0.108146     0.206603   -0.0746284    -0.303991    -0.185466    -0.025425    -0.159503      0.19874      0.18033   -0.0781929     0.116409     0.550212    -0.310031   -0.0443755   -0.0740074     0.217284    -0.438309    -0.127778    -0.222577    0.0607395    -0.253664    -0.268533    -0.093307     -0.37501     0.212916    -0.370341
    0.106621     0.309413     -0.24262     0.147004   -0.0685625   0.00379929    -0.298201     0.504594     0.052204   -0.0109191    0.0117786    0.0166543    -0.248413    0.0751477    -0.130621   -0.0391804     0.147591  -0.00339658     0.196389     0.259076    -0.299922     0.441172     0.019549     0.550686     0.129995     0.130888   -0.0553943  -0.00726802      0.14443   -0.0823799    -0.064494   -0.0492743
   -0.319554    -0.461783      0.18825     0.406725    0.0292725     -0.14537    -0.235233      0.21681    0.0587448     0.377431    -0.104807    0.0181202    -0.131504    -0.406234     0.153729    0.0816474    0.0735804     0.195404     0.131737     0.199972     0.079914     0.201156    0.0329901    0.0165826    -0.368569     0.213248    -0.169039    -0.351964    0.0879769    -0.129321   -0.0309879    -0.355184
    0.250946    -0.424226    -0.241564     -0.10081    -0.234927    -0.218149     0.179561    -0.213209     -0.22646    -0.189634    -0.249573     0.401479    -0.201613     0.215802    -0.234911    -0.279581    -0.139044    -0.592967     0.552193    -0.108287   -0.0113214    -0.215977    0.0272794      0.27197   -0.0982446    -0.255318    -0.139619      0.18272    -0.652276    -0.298793     0.342943    -0.238956
 -0.00155363   -0.0498619     0.211114     0.163061     0.180746    0.0144707   -0.0449423    -0.161419     0.178618    0.0641972    -0.103448    0.0340741     0.336741     0.133636    -0.310074     0.020728    0.0529841     0.288001    -0.120137    -0.234756    -0.118844     0.229179     0.156737    -0.119488   -0.0760053   -0.0733869     0.230376     0.173948    -0.345168    -0.191964    -0.186847    0.0601943
   0.0659274     0.358873    -0.289829    -0.036094    -0.123639     0.413126     0.156408    -0.170292    -0.140239    -0.291978    0.0881925    -0.203883    -0.199289    -0.334267   -0.0167378    -0.284313    0.0247206     0.297048      0.33431    -0.225919     0.421346    -0.339182     0.127925     -0.19317    -0.319271     0.255822   -0.0650726   -0.0286485     -0.27308    -0.306699    0.0818584     0.377933
    0.147605    0.0917327    -0.300494     0.160193      0.10937    -0.302887    -0.212928     -0.03197    -0.185794    -0.253928     -0.12469     -0.23844    0.0416471    -0.151896    0.0892734    -0.194485     0.126423      0.20343   -0.0957737     0.109515    -0.164699    -0.138789    -0.331972     0.262286    -0.293582   -0.0392244     0.142655     0.199498    -0.626802    0.0177612     0.217609   -0.0902629
    0.567173     0.198548    0.0396142   -0.0205662    -0.171988      0.10727     0.482563    -0.128168    0.0904024    -0.106863   0.00773823     -0.56878     0.165607     0.189551     0.119075    -0.117711   -0.0055599    -0.109865    -0.105804    0.0597794   -0.0458649    -0.295276    0.0456293     0.104126    -0.229899    0.0674568    -0.191413     0.371886     0.057803  -0.00552436     0.451181    0.0331104
   -0.201106     0.168612     0.207088     0.165646     0.240547    0.0899981     0.140931      0.36838      0.17836    -0.048487    -0.296789     0.265282   -0.0657258    -0.256856    0.0495875     -0.21885     0.190381     0.079753     0.293921     0.327799    -0.152022    -0.260578     -0.21977     0.527054    0.0920896    -0.105621    -0.450535    -0.121529     0.111758    -0.366406     0.153671     0.248138
   -0.286236    -0.105531    0.0455583     0.185746    0.0196948     0.293106    -0.279714     -0.11357    -0.261185     0.273727     0.174839     -0.36469    -0.113671   -0.0358882     0.141256     0.291027    -0.067228     -0.16609    0.0285851     0.319698      0.33296     0.220007    -0.118107    -0.202139   -0.0190067   -0.0788801    0.0480367   -0.0261839     0.482262    -0.372869    -0.139826     0.269036
   0.0590387    -0.589082     0.134414    0.0158898    -0.317852    -0.127788   -0.0862074    -0.385678     0.234187    -0.154218    -0.166137    -0.322565   -0.0361202     0.224253    0.0834286    0.0851002    -0.581788    -0.362794    0.0260071     0.158223      0.31483    0.0918906     0.198667     0.169054   -0.0966858    -0.328308     0.278844   -0.0351719   -0.0941093    -0.127282     0.218182   -0.0892582
    0.108171     0.456734    -0.120668    -0.480175   -0.0267681    0.0959256     0.202663      0.28445    -0.398725    -0.526178     0.145245   -0.0489958      0.40152    -0.195144     0.777783    -0.211477     0.147609    0.0897882     0.296327    -0.464798    -0.528144    -0.118222    -0.149138   -0.0800562     0.214255    0.0969314     0.142781    -0.510373     0.202581     0.244589    0.0214463    -0.162328
    0.100195    -0.169491   -0.0412794     0.253684    -0.384886    0.0736298     -0.42786   -0.0123615    -0.121984     0.234286     0.447201     0.273812     -0.35039   -0.0432216    -0.289554    0.0209091    0.0119624    0.0695769    -0.370401    -0.391962     0.174087     0.132331     0.167152    -0.103488      0.20903    -0.325172     0.118374     0.345973    -0.413717    0.0253324     0.340893    -0.157554
     0.17879    -0.497669    -0.111881    -0.231263    -0.129799    -0.225366    -0.132148   -0.0740321    -0.305954   -0.0185649   -0.0958888   -0.0268412   -0.0656859    0.0889248     0.288709    0.0258047    -0.205775    -0.118923     0.405524    -0.215533     0.249679    -0.128703     0.384257   -0.0856185    -0.598481     -0.40211    0.0611201   -0.0261191    -0.381205    -0.164567    -0.101513   -0.0333444
   -0.380884   -0.0813145    -0.147766     0.359667   -0.0581301     -0.21104    -0.465622    -0.124313    -0.111991  -0.00381819    -0.216542    -0.147317    -0.506624    -0.474051    -0.385461     0.280141    -0.158182     0.378245     0.393977    -0.104279     0.376423    -0.031315    -0.181281    0.0941823    0.0146777    -0.127563    0.0577774     0.312463    -0.157688    -0.328837     0.133658     0.206889
   0.0308652   -0.0586667     0.218138     0.280743     0.106928   -0.0114047     -0.65477   -0.0320865     0.180731    -0.290383     0.611346      0.33914    0.0353448     0.105078   -0.0538764     0.107372    0.0688945    -0.174607     0.185565    -0.209364    0.0508054     0.383031    -0.101854    -0.406951    0.0545141     0.399817     0.202172     0.364647    -0.213462   -0.0268422   -0.0460829    -0.292049
   -0.229659     0.382346   -0.0216323    0.0280679   -0.0808427    0.0758536     0.125713     0.358913     -0.13569    -0.152563     0.285589     0.170813    -0.242463   -0.0309982   -0.0834189    -0.224499    -0.195202    -0.176369     0.234001    -0.217968  -0.00503947     0.318755    0.0348388    0.0837189     0.250175    0.0325049     0.107679    -0.072618   -0.0660201     -0.10216    0.0701789     0.137027
    0.143277    -0.313509     0.136999    -0.126269   -0.0664584  -0.00202497    0.0970962    -0.426582     0.150286    0.0907805    0.0579047   -0.0966365     0.102848   -0.0204703     0.395775    -0.395413   -0.0218116    0.0428309   -0.0194839    -0.170788    -0.043555    -0.549448     -0.13618     0.130215    -0.477602     -0.15396    0.0388803    -0.246252     0.403237   0.00342413     0.183741   -0.0699293
    0.195791   -0.0895848   0.00568382    -0.187207     -0.10119   -0.0229679    -0.011263     0.340813     0.487415    -0.228844    0.0962778    0.0855998     0.175956    0.0344431    -0.507894    0.0218053    -0.289656    -0.246299    0.0743765    -0.198803    -0.030483    0.0809335     0.263004  -0.00408737    -0.108392    -0.336976   -0.0810506    -0.134068    -0.225247   0.00619837     -0.34207   -0.0383923
     0.20781     0.274297    -0.431429    -0.271126    0.0829401     0.122576     0.291343     0.488624    -0.228882     0.199325    -0.226605   0.00284486      -0.1415     0.186973     0.111038    0.0743687   -0.0778328     0.193444   -0.0853231    -0.070166    -0.320079    0.0418986    0.0638745     0.253906      0.33488    0.0843827    -0.124668     0.125074    -0.167536     0.263736     0.335011    -0.290256
  -0.0802707    -0.267761     0.513465    -0.113022     0.127571     0.203231    -0.341615     0.242706    0.0196252     0.433189    0.0874231    -0.091075    -0.142967    -0.306328    -0.483721     0.246087     0.310848   -0.0359263   -0.0726819    -0.129272    0.0682453     0.607032     0.220714    -0.117866     0.213551      0.36328   -0.0943454     0.269699   0.00168209     0.177023    -0.237312    -0.398943
    0.102497   -0.0565179   -0.0735776     0.153688    -0.132807    -0.110848     0.115737    0.0292489     0.370457  -0.00915213   -0.0802521   -0.0609073    -0.303861     0.151851    -0.200531     0.456616    -0.230135     0.365366    -0.440103     0.225003     0.129251     0.119782    0.0969809    0.0446559   -0.0154941    -0.273205   -0.0560521     -0.41271     0.396784    -0.184421    0.0149902     0.129817
    0.221386    -0.274838    -0.095235     0.268504    -0.152469   -0.0773633    -0.259252    -0.307493     0.238849    -0.137245   -0.0806211    -0.199393    -0.351001  -0.00569615    0.0657613    -0.255653    0.0819276     0.173338     0.245623     0.163263     0.219879     0.459568   -0.0631949    -0.327915    -0.074182    -0.172756     0.276843   -0.0588612    -0.393844    0.0325869     0.183674    0.0304647
    0.303828    -0.369829    -0.195685    0.0250932   0.00816533     0.121552    0.0339459    -0.090484  -0.00772007      0.21812    -0.146765    -0.314959    0.0662865   0.00963363    -0.230714     0.190754    -0.298105    -0.297032   -0.0127369      -0.3966     0.510366   -0.0320149     0.114932     0.206101     -0.34926   0.00522108    -0.197748   0.00440745    -0.323644     0.249439    -0.233783   -0.0755627
    0.196679    -0.328644    0.0527532     0.124691   0.00219012    -0.088949   -0.0561695    0.0103233    -0.393464    0.0875048      0.19669    -0.125407     0.192942    0.0446384     0.143491     0.328357    -0.221178   -0.0213945   -0.0189306    -0.284567    0.0410764    -0.285244    0.0756725     0.109555     0.309169    -0.422324     0.507256     0.123483    -0.309773    -0.338395   -0.0787628     -0.23693
  -0.0339645    -0.200405    -0.227821   -0.0876133    -0.231727       0.2961     0.184694     0.263389    0.0581439    0.0696556     0.255983      0.18598    0.0851419    -0.109533   -0.0479813    -0.124617     0.114178  0.000442425     0.177602   -0.0529237   0.00991389    0.0970017    -0.265624    0.0236433    0.0551693    -0.180553    0.0693419    -0.166554     0.156587    0.0965951   -0.0407529   -0.0570537
    0.439799     0.222921     -0.10354    0.0787453     0.072393     0.160834    -0.027842     0.431567     0.241998   0.00374191    -0.529565    -0.154258     0.217413    0.0793796    0.0455788    0.0120997     0.419575    -0.213812   -0.0320262     0.122337    -0.119715     0.159186    -0.237711     0.205517    0.0367084   -0.0222445   -0.0105597    0.0146741     -0.15569     0.268548    0.0797232    0.0357056
   0.0281885    -0.183737    -0.187325     0.346473    0.0795127    -0.726688    -0.352215   -0.0889796     -0.19478   0.00934644     0.192816    -0.149026    -0.364292    -0.199335     0.134496    -0.168518    -0.025522      0.12596    0.0553654     0.360631    -0.217764   -0.0432245    0.0970415    0.0396119    0.0528113    0.0453607    -0.252658    0.0656323    -0.164992 -0.000669257    0.0266862      0.18433
   -0.437559    -0.115862    -0.010289    0.0451224     0.510279    0.0179563    -0.103754     0.314428      0.42535     0.147084    -0.120566    0.0875092    -0.405197   -0.0860878    -0.140446     0.258904     0.125281     0.228708     0.018497    0.0347746    -0.180179     0.338277    0.0275294    -0.147974     0.242371   -0.0428675   -0.0645809     0.249375    0.0732522    -0.357129    -0.140486   -0.0623556
   0.0529238     0.252853   -0.0287615     0.406304    0.0236881    -0.124269     0.178647    -0.372768     0.111787      0.25114   -0.0414176     0.263888   -0.0552816   -0.0511582    0.0624411   -0.0197918     0.151167    -0.296098   -0.0103604    0.0515268    0.0672035     0.103007    -0.140288    0.0536841    -0.335626   -0.0411134     0.341507    -0.112822    -0.135558    -0.180215     0.102204    0.0566766
    0.143116    -0.123536    -0.559748    0.0290193    -0.157497    0.0349916    -0.491393    -0.406094     0.128168     0.225326     0.360278    -0.561187    -0.526478    -0.248651    0.0960117     0.252853    -0.343404     0.107101    -0.228388     0.263454     0.422185    -0.745563     0.224863    -0.343206      -0.1773    -0.141871    -0.322972   -0.0658086     0.510863    -0.249885  -0.00674922   -0.0318204
    0.317538     0.399703    -0.213981     -0.30022    0.0813624     0.415264     0.254244     0.302377      0.01761    -0.280955    -0.378106   -0.0546908     -0.16626    0.0123589    -0.076493     0.122811     0.268373  -0.00264479    -0.343304     0.180511     0.186196    -0.181155     -0.11204      0.27051     0.217317    -0.531708   -0.0286447   -0.0619785    0.0792207    0.0850651     0.146754    -0.037387
   -0.305155     0.593078     0.200142     0.270994      0.29512    -0.242959    -0.220188     0.199899    0.0584791     0.296017     0.256491    -0.148933     0.363697    -0.328111    -0.163202     0.191436    0.0202311   0.00913067   0.00734213    -0.276601     0.341374     0.189954    0.0835541   -0.0267244   -0.0474176    0.0791328   -0.0642656     0.269705    0.0878253     0.199456   0.00296077     0.351011
   0.0623965     0.024226    -0.269133     0.243883  -0.00146804    -0.221519   -0.0555591    0.0862103  -0.00463108     0.172526     0.348054    -0.292423    -0.227463    -0.275887   -0.0139992     0.232009    -0.532838    -0.298443    0.0379407    0.0772294    -0.151559     0.168094     0.181606     0.177777     0.193555    -0.105805    0.0394802    -0.194387    -0.122597     0.446645     0.102428     -0.18211
    0.238547     0.392221     0.211011     0.134412     0.422297    0.0218288   -0.0131948     0.296501     0.372567     0.233088    -0.019501    -0.274854       0.3479    0.0908964    0.0896821     0.106857     0.236443     0.202681    -0.278414    -0.177514    0.0217098     0.299162     0.173097     0.190493   -0.0814543   -0.0951321     0.150813     0.107053     0.163411    -0.251837    -0.246363       0.3904
  -0.0541303     0.155589   -0.0416496     0.132826     0.171252    -0.178146  -0.00977259     0.251763     0.189941    -0.110769   -0.0362971     0.372238     0.302401    -0.234889     0.106593     0.191956     0.307356     0.135079   -0.0222486     0.287145    -0.488617    0.0615386     0.153779     0.172045   -0.0378503    0.0333615    0.0963238     0.388057     0.102297     0.113448   -0.0801604     0.299995
   0.0786178    -0.144191     -0.33686     0.360954    -0.166213     0.104389    -0.257969     0.151069     0.167395     0.086183    -0.106917    0.0310574    -0.197247     0.118903     0.309429    -0.114785    -0.240183   -0.0218485      0.17883     0.197697    -0.246177    0.0542208    -0.264838    0.0900686   -0.0162625   -0.0785228    -0.134834   -0.0632991    -0.443282    0.0323757     0.248867     0.208174
   0.0953081    0.0698192    -0.274532    0.0918212    -0.154403    -0.194536   -0.0973382    0.0413749    -0.515857    0.0909916     0.100662    -0.267203     -0.18406  -0.00459147    -0.175545   -0.0727308    -0.313907   -0.0103407     0.271057     0.145976     0.515987    -0.192893    -0.116445    -0.128141    -0.476718     0.207661     0.133618   -0.0769887     0.108115     0.075873     0.213699     0.620218
   -0.214765    -0.287617    -0.222136   0.00509548    -0.337125     0.767761    -0.315746     0.550051     0.163064     0.048151   0.00300186  -0.00764282    -0.121717     0.283001     0.186692    0.0143899     0.135243    0.0693037    0.0428501     0.426018    0.0296693     0.262675   -0.0821644    -0.198754   -0.0122631     0.367512     0.111428    -0.365657    0.0730592    -0.232889    -0.175613     -0.15452
     0.21919     0.123378    0.0562187     0.110734     0.169104    -0.123901      0.28844     0.109918   -0.0791946    -0.034152   -0.0858729    -0.248909    0.0731071    -0.144453    -0.244474    -0.316814    -0.252256   -0.0557085   0.00919075     0.182438    0.0654937     0.220264      0.13939    0.0267484     -0.17845   -0.0183026   -0.0339613    0.0980809   -0.0561439    -0.203655    0.0391653      0.12838
   -0.168246     0.252342   -0.0170361    0.0515811    -0.179185     0.286355     0.293396     0.312968    0.0863255    -0.116063    -0.154521     0.223845   -0.0386093     0.396227    -0.183378    -0.065013     0.228896   -0.0113841      0.61483     0.198464    -0.117976    -0.185976   0.00762656    -0.259825    -0.186841     0.115062    -0.145715    -0.187094    -0.151603   -0.0638502     0.188364     0.342582
  -0.0566404    -0.153696     0.233813    -0.520825    -0.105883    -0.754606       0.3101    0.0174639     0.503386     0.426583    -0.050754    -0.430634      0.14878     -0.21632   -0.0978804    -0.312418     0.295658    -0.228374    -0.320373    -0.227379   -0.0953706      0.13278    -0.171179     0.412586    0.0319395    -0.622655    -0.132498   -0.0540118     -0.13558    -0.116575    0.0357796      0.32165
    0.315859     0.425054     -0.19767     0.184056    -0.366133     0.181979    -0.190404     0.445098    0.0846414    -0.507325    -0.125894     0.156571    0.0642762   -0.0665179     0.257819      0.11383     0.514313    0.0080358     0.168999    -0.045661    -0.019264     -0.39681   -0.0133585    -0.162043    -0.249261     0.113829   -0.0550561    0.0403988    -0.296421     0.268367     0.265637    -0.619806
   -0.178641    -0.108584     0.030151        -0.34     0.159516    -0.263446    -0.226221   0.00503929    0.0209588   0.00691631    0.0327715    0.0818837     0.129667     0.178502     0.340261     -0.12295    0.0681536     0.209128    -0.432137    -0.047384    -0.404702     0.250443   0.00748252     0.274677      0.50275    -0.294552  -0.00557563     0.309813    -0.095152   -0.0398829    -0.238971   -0.0617284
    0.249366     0.419305     0.268574    0.0801029     0.238839    0.0454307    0.0746721   -0.0972482    -0.342096   -0.0368234    -0.244354     0.427923     0.574409   -0.0454276     0.106675    -0.301486     0.188803    -0.310682     0.128184      0.44735   -0.0876579    -0.355578    0.0277299     0.135691    -0.204887   -0.0172736    0.0721527     0.106823   -0.0370432    -0.400201    -0.182072   -0.0378192
   -0.294821     0.273268     0.210327     0.459488    0.0398765    -0.166182    -0.813387     0.219964    0.0343836     0.445543     0.266692    0.0713007    0.0118925     0.099833    -0.456227     0.115895    -0.377691    -0.127151    -0.169962     0.183474     0.498564     0.253664     0.294318    -0.294793   -0.0682865   -0.0866176     0.260945    0.0434843     0.198443    -0.498017   -0.0295119    -0.295982
    0.119952    -0.165343    0.0162645   0.00508662   -0.0432194     0.191426     0.237397    0.0182347     0.085636     -0.12838    -0.216347   -0.0275533     0.116759    -0.216971     0.144702    0.0670225    -0.109413   -0.0924725     0.314957    -0.330713     0.101089      0.15987    0.0297522   -0.0682687    -0.129222    -0.518648     -0.28766   -0.0731389   -0.0361806    0.0896484    -0.305793     0.230418
  -0.0762225    -0.108178     0.247091     0.308526     0.165448   -0.0208698  -0.00879526    -0.142446     0.182883    0.0551777     0.159622   -0.0300461    -0.207183     0.030113    0.0350142   -0.0977531  -0.00245311     0.111597    -0.154266   -0.0592174     0.114483   -0.0509206     0.320305    -0.301937    -0.307709     0.406567    -0.292341    -0.375211     0.156689    -0.253638    0.0938095     -0.43562
   -0.510117    -0.168167    0.0317576     0.133343    -0.435152     0.366532   -0.0636276   -0.0197126    -0.132919     0.277863    0.0245977     0.171625     -0.18648    -0.023912   -0.0227419      0.43213    -0.369643    -0.246999     0.165999    -0.218294     0.077503    0.0198067    0.0655685    -0.377878    -0.403218   -0.0351492   -0.0575026   -0.0964337    0.0737257  -0.00479207    0.0659842    0.0576097
  0.00180975     0.317568  -0.00291183    -0.077181    -0.313614   -0.0322834    -0.211599     0.157603     0.295304     0.487416     0.241865     0.182448    -0.198754     0.195241     -0.48406    -0.538809   -0.0621299    0.0221995      0.50017    -0.118014    0.0384152     0.187779     0.422755    -0.154527    0.0977306   -0.0206121     0.073266    -0.322535     0.193442    -0.207811    -0.162343   -0.0385864
   -0.181312    -0.173139     0.283734    0.0728573   -0.0302949     0.194917     0.242466    -0.157958     0.132751     0.378138    -0.268248     -0.24826   -0.0524509    -0.334102    -0.177583     0.277251    0.0496392    -0.181915    0.0190375    -0.467575    -0.102401    0.0259043    -0.352291    0.0751013    -0.161518   -0.0967445     0.166189    0.0913611     0.138304     0.292601    -0.236408     0.484982
  -0.0247253    -0.263888   -0.0314432      0.13305     0.050374  -0.00394574     0.208079   -0.0574046   -0.0380171    -0.338464   -0.0778507     0.158824  -0.00840642   -0.0248318    -0.100838    0.0829712    -0.144706    -0.226349     -0.10021   -0.0936159   -0.0892105   -0.0599653     0.348037    -0.254044     0.336738    -0.185475    -0.380409    -0.110276   -0.0181299   -0.0520403    -0.183559   -0.0463957
   -0.425534    -0.147504     0.300988     0.462599    -0.190995      0.32443    -0.665859    -0.331851    -0.102027     0.540476      0.32042     0.304496    -0.414601    -0.412332    0.0770475     0.402458    -0.484391     0.478221     0.166983   0.00354873     0.565821     0.653982    -0.159868   -0.0399229     0.422954    0.0815563   -0.0814031    -0.184734     0.219612    -0.209469    -0.480558     0.150959
  -0.0820623    0.0340179     0.148469    -0.108124     0.177296    -0.142389      0.02115    -0.192744     0.103483    0.0914329    -0.173417    0.0729768     0.186639     -0.17538    -0.200722     0.073083   -0.0525224    -0.182797     0.261652    -0.195497    -0.116706     0.132964    -0.409509    -0.184673    -0.078312   -0.0149746    0.0774029    0.0121523     0.253536    0.0952061     0.330898     0.228589
    0.453995     -0.57978    -0.513169    -0.224748     0.127667    -0.317261    -0.196207    -0.513982    0.0823162     0.479961    0.0970568     -0.57635    -0.229423    0.0791625     0.202097   -0.0762183     -0.71924   -0.0716649    0.0995263    -0.247391     0.381316     0.324638     0.405069    -0.116247    -0.428813      -0.3872    0.0727027     0.202094     0.250025      0.10576    -0.300918     0.101805
    0.320165    -0.122765    0.0854464    0.0200728     0.444765   -0.0249874     -0.41089    -0.185476     0.373249    0.0148105     0.303962    -0.362822     0.415269    0.0338684     0.154437     0.237266   -0.0804932    -0.228995    -0.492501     0.126954    -0.126586     0.516347     0.183758    -0.369148     0.387504   -0.0791473    -0.336371     0.446109     0.330296     0.314346    -0.188729    0.0426502
    0.213186    -0.237474    -0.202994    -0.194965   -0.0686878    -0.106482    -0.234113    -0.161745    0.0120879     0.177336    -0.158959     0.237294    -0.292054    0.0901446   -0.0244503    -0.158226   -0.0653085    -0.192214     0.177172   -0.0589071   0.00788227    -0.443888     0.159595     0.144498    -0.378226    -0.568699     0.316614    0.0155623   -0.0478972    -0.436029    0.0657093     0.222554
   -0.155367    -0.357056    0.0212429     0.188044    0.0365857      0.16943    0.0692185    -0.084829     0.183331     0.168636     0.191244   -0.0827469    -0.293993     0.159796    0.0149785    -0.117292    -0.070822    -0.174998    -0.158597     0.537186    -0.226235     0.234025     0.128863    -0.254569    0.0721166    -0.179523    0.0994043    -0.171865     0.450834    -0.105993    -0.108747    -0.159647
    0.120549     0.356768    -0.128386    -0.219338    0.0761565    -0.245146    -0.111794    0.0242522     0.229833    -0.294003    -0.173576   -0.0345284    -0.284813    -0.013722    -0.364902    -0.105937     0.204553     0.141777      0.16293    0.0649272   -0.0637197     0.160492     0.231509      0.43767   -0.0082196    0.0322358     0.227534     0.172023    -0.275036     0.458917     0.135068    -0.343298
    0.138629     0.186222    -0.012548    -0.118542    -0.371919    -0.049967    0.0751769    -0.304668    -0.249302      -0.2335    -0.223616    0.0296289     0.042988     0.406994    0.0638254    -0.304206   -0.0171154    -0.232334     0.166433     0.294018    0.0908966   -0.0565301   -0.0771358       0.1749    -0.162679    -0.123738   -0.0363245     0.221001   -0.0620065   -0.0926394     0.122809   0.00765415
  -0.0856295      0.28624     0.559162     -0.14446    0.0534793    -0.259091     -0.25328     0.268883     0.331243     0.111667    -0.092134   -0.0476756     0.153867    -0.135185   -0.0411861     0.249624      0.10381    -0.140363    -0.245896    -0.166105   -0.0401069     0.244843    -0.162778     0.396195     0.283048    -0.184371     0.244914    0.0354887     0.166465    -0.196822     0.266509   -0.0862322
   -0.338449    0.0377332    -0.276481   -0.0583059   -0.0792938   -0.0456007     0.108561  -0.00937247    0.0332782     0.384087    0.0978093   -0.0377925    -0.103476     0.191116    -0.156302   -0.0504145    -0.652057    -0.102805     0.273158   -0.0659279    0.0812171     0.354782     0.483355    0.0393492     0.419677    0.0628937   -0.0224432     0.172139   -0.0532688     -0.19549    -0.288809    0.0510256
   0.0104771     0.396429    0.0451487    0.0603907    -0.284567    -0.173191    -0.245156     0.307034    -0.101209     0.112242    -0.153889     0.344722     0.252731    -0.346356      0.17072    0.0543283     0.112068    -0.213584    -0.013353   -0.0924571    -0.128041     -0.12179    -0.236995    -0.336746    0.0200661     0.331197     0.062138     0.120755    0.0497009    -0.208283  -0.00116256    -0.136657
   -0.342086      0.25282     0.152075     0.100643     0.194482     0.186945    -0.202743     0.346965     0.416143   -0.0107674     -0.18725     0.173708    -0.299448    -0.172717    -0.607532     0.132616     0.195134    0.0198288    0.0231963   0.00774295   -0.0876692     0.383206    0.0618888   -0.0192514     0.191819    -0.365861    -0.231099   -0.0846681    0.0891503    0.0295358   -0.0369404     0.256612
  -0.0894201    -0.283505    -0.140475     -0.42361    -0.123436    -0.186038   -0.0660256    -0.205376    0.0738057    0.0290209   -0.0355095     0.328664    0.0984159   -0.0669483    -0.269812    0.0335716   0.00422526    -0.160185     0.147406    -0.367783    -0.165866    -0.284584     0.149321    0.0182015     0.185569    -0.185537     0.360796      0.17315     0.151048     0.115501    0.0428837   -0.0692793
    0.184361     0.268179    0.0383673     0.398437     0.216127     0.394477      0.22337     0.124839    0.0777096   -0.0557649    -0.110114   -0.0821101     0.218999    0.0123178    -0.190598    -0.370796     0.569752     0.364402      0.11869     0.164682    -0.311029    -0.219446   -0.0311197     0.208785     0.279631     0.206082    0.0797455    -0.231663     0.413993    -0.188834    -0.236204     0.170613
  -0.0313084     0.041543     0.142946     0.401873  0.000735236     0.248648     0.194839     0.096087   -0.0210385     0.167158    -0.223367     0.160483   -0.0719228    0.0891573     -0.12825     0.347883    -0.112649   -0.0615637    -0.343226     0.219242   -0.0663532    0.0319226     0.546027    -0.170897    0.0958721    -0.106197    -0.024726    -0.318208     0.195174   -0.0137929    0.0193874    -0.344177
   0.0755594    -0.010757    -0.320345   -0.0163921     0.208861     0.192955    -0.195574    -0.338738     0.726536    0.0523916    -0.139982     0.126304    -0.482804    0.0575566     0.131759      0.17229     0.180464     0.192079    -0.300545     0.132262    -0.226068    0.0449441     0.151309     0.166788   -0.0983849    -0.404792     0.407032    0.0562935    -0.182771   0.00355607    -0.279571    -0.222463
   -0.357561     0.326157      0.37436     0.253819    -0.492001     0.489714    -0.345719     0.358246     0.292706     0.298638     0.426992    -0.335551    -0.241915     0.308163    -0.517969    0.0715164     0.113938     0.283813   -0.0397244    -0.126806     0.497651     0.484054     0.113248    -0.367941     0.247134     0.148456    -0.605882     0.451121     0.353445    -0.229194   -0.0779689   -0.0847335
    0.122058     0.352735    0.0842164     0.120802    -0.169478     0.314961   -0.0928143     0.255189   -0.0539299     0.284841    -0.169543     -0.18684     0.125038    -0.164089    -0.182599     0.101083    0.0161208     0.100942    -0.198434     -0.18872   -0.0895137    -0.012939    0.0705129   -0.0482658   -0.0673269     0.275256     0.366494    0.0844751     0.177398     0.252446    -0.282339    0.0924337
  -0.0847716     0.123448      0.28282    -0.176911     0.412321     0.112501   0.00366115     0.141981     0.445974     0.157859     0.173431    0.0614287   -0.0185793    0.0696246    -0.215432      0.47156     0.317732    -0.215888    -0.345639     -0.17907    -0.222506     0.184619   -0.0834851    -0.261249     0.497306     0.373209   -0.0178055     0.139727    -0.160964    -0.145262    -0.404062    -0.472093
    0.444049    0.0464396     0.140289   -0.0745552    0.0434528  -0.00224434    -0.109626     0.520597    -0.141054    -0.573827     0.268461     0.414465    0.0940196    -0.204274     0.308266   -0.0276071   0.00200824    0.0662644  -0.00192142    -0.176158     0.243501     0.412834    -0.153386     0.328908  -0.00314998      0.19869   0.00629261    -0.144589    -0.106664     0.298082     0.126897     0.125646
    0.115861     0.175903    -0.208543   -0.0826486    -0.292751 -0.000232079     0.154247     0.454465    0.0203019     0.140798    -0.358218     0.174398     0.350632    -0.193834   0.00733973    -0.302956   -0.0599554     0.131854     0.516937     0.345694    0.0908503   -0.0614939    0.0817571     0.179436    -0.234498     0.220716    -0.230092     0.175714     0.344023    0.0920075  -0.00685707   -0.0188349
    0.101257     0.331183    -0.276235     0.177548   0.00427881    -0.124064    -0.195561     0.193047     0.244494   -0.0974461    0.0178768    -0.044752     0.199993     0.191551     -0.15108    -0.205509    0.0980735     0.179348     0.257473    -0.147081     -0.76615   -0.0411951     0.717499    0.0345398   -0.0346913     0.287171    -0.566739    -0.280228     -0.45361     0.363041     -0.45116    -0.397517
   -0.181766    -0.325161     0.154804   -0.0322341   -0.0786158   -0.0330649   -0.0746256     -0.02996     0.199225     0.162933   0.00990284   -0.0457478    -0.516727     0.327556    -0.102369    -0.244426     0.174021     0.214512    0.0949689    -0.668691    -0.136644     0.185109     0.169008    0.0232257    -0.213724      0.55647     0.579782     0.073796      0.23793    -0.100317    -0.215529   -0.0304277
    0.409954   -0.0776542    0.0667787    -0.089391   -0.0610165    0.0719324     0.282489    -0.152206     -0.29348    -0.448458   -0.0396783    -0.159202    0.0107817    -0.132731    -0.153231    -0.350108   -0.0743023    -0.129159    -0.106973  -0.00894719     0.321349    -0.316664     0.087448    -0.127105    -0.189444   0.00540141     0.103923    0.0965783    -0.641646   0.00825877    -0.137538    -0.122697
     0.15327    -0.476168      0.35854     0.545126    0.0162646    0.0868388    -0.107574    -0.272894    -0.330743     0.150812   -0.0361182     0.193637     0.101131    -0.314036    0.0469334    -0.347617     0.107586    0.0898673     0.301246     0.169633     0.110575    0.0420345     0.121839    0.0453778   -0.0840835     0.539578   -0.0841334    -0.282764     0.213638    0.0228507    -0.228152    -0.280096
   -0.351885    -0.135375    0.0950748    -0.122405   -0.0451857    -0.173481    -0.303391   -0.0762782     -0.20301     0.183129     0.341443     0.196488     0.163089    0.0100746    -0.349704     0.216876    -0.504241    -0.348239     0.153854   -0.0955942    0.0454573    -0.287258     0.120003    0.0986191     -0.06381    -0.193225    -0.280539     0.328366   -0.0395686     0.146071    -0.306934     0.109107
   -0.111076    -0.247506    -0.211242   -0.0547502    -0.105135    -0.179172     0.294872   -0.0513424     0.172351    0.0240834    0.0303149    0.0235586    0.0607036   -0.0571267   -0.0113881    -0.171604     0.066561    0.0937792   -0.0716423    -0.103334     0.240459    -0.480441     0.265489     0.196976     0.167549     0.282823    0.0867116    -0.317743    0.0369286   -0.0149139     0.397682   -0.0574862
   -0.185129    0.0397328    -0.131014    -0.058447    -0.118671   -0.0396897   -0.0881904    -0.156637      0.32336     0.168177    -0.196176     0.293355    -0.294954   0.00382005    0.0134803    0.0953078   -0.0642765    -0.052765   -0.0485012   -0.0895831    0.0196223    -0.205249    -0.119855    0.0914511   -0.0105978    -0.138308     0.321645     0.169093   -0.0469259    -0.491239     0.138914    -0.200743
    0.103754     -0.20249     0.249479    -0.059117   -0.0895227    -0.119315    0.0836069   -0.0884944     0.425974    -0.186303     0.022507    -0.233238    -0.139194    0.0763152    -0.699914    -0.164533      0.10375     0.237713    0.0159109    -0.335082   -0.0301976    0.0731168    -0.511039    0.0218921   -0.0363541   0.00127876    -0.283469     0.166717    -0.121597    0.0048198   -0.0570889    -0.093295
    0.163849   -0.0928744    -0.448635    -0.178392     0.456472    -0.322797   -0.0285887     -0.22083    0.0216598   -0.0606329    -0.311259     0.292199     0.258175     0.410681    -0.111222    -0.026894    -0.316972      -0.1886   0.00371714   -0.0517205       0.3273    -0.455711    0.0984818    0.0735071     -0.10675    -0.569845    0.0489491    -0.113645    -0.315758    -0.245399    -0.058739     0.179063
  -0.0155194     0.266174     0.228075     0.215741     0.574103      0.19505    -0.633291   -0.0185385     0.198086     0.383705   -0.0115011       0.2121    -0.268721   -0.0754667    -0.174252   -0.0989497    -0.240185     0.453067   -0.0441895     0.048191    0.0554221     0.013743    -0.214939    0.0930355     0.121428     -0.20414    -0.064703   -0.0652897    0.0978126    0.0722382    0.0545969   -0.0479477
-0.000595456     0.215217    -0.133853   -0.0972127     0.169029    -0.323636     0.538517    -0.222113     -0.13148     0.320278     0.118773    -0.147292   -0.0727219     0.283568    0.0916748   -0.0654843     0.185953    -0.108332    0.0215505   -0.0860823   -0.0642748   -0.0796251    0.0577271  -0.00562737    -0.529729    -0.201018    0.0192283    0.0428441  -0.00927048    -0.254963   -0.0868245   0.00240048
   0.0962011     0.131236   -0.0598036    -0.099586   -0.0202571    -0.300845   -0.0452218   -0.0492378    0.0718062    -0.120535    -0.345565     0.373714    -0.053479    -0.452922     -0.16671    0.0829434   -0.0493758     0.181268   0.00468167     0.348602     0.105477   -0.0668729     0.308343     0.327461    -0.540986     0.202225     0.265123     0.203709    0.0311298   -0.0055281     0.498727    0.0955528
    0.307499     0.213358    0.0360079     0.446963    0.0485997   -0.0170311    0.0570685    0.0512181     -0.23532     0.160384    -0.196317      0.08707    -0.227328    0.0878838     0.135978   -0.0825027   -0.0266252    0.0777952    -0.050472      0.22519   -0.0132188   -0.0184657    -0.120877    -0.173847   -0.0526403     -0.26119    0.0777575    -0.146934    0.0240187   -0.0678198    0.0329472     0.343466
    0.340622     0.249659    0.0309588     0.151074     0.115892     0.110696     0.101416     0.185287     0.475265   -0.0285938    -0.224722    0.0942162   -0.0427934    0.0154615    0.0363921     0.125476    0.0667403     0.292746    -0.119251     0.147603    -0.341125    -0.344042   -0.0586496     0.261845    0.0769047    0.0990698    -0.255286     0.269144    0.0348143     0.107613    -0.135086     -0.02321
    0.243084   -0.0753946   -0.0092373    -0.259199    -0.209837     0.276068    -0.230807    0.0463557     0.484793    -0.239275   -0.0290819   -0.0104825   -0.0385792     0.170244     0.320339     0.259707    0.0286481 -0.000948587    -0.346126   -0.0336772     0.991452     0.144614    -0.104258   0.00170895    -0.190718    -0.296711     0.219192     0.141785     0.239289   -0.0207077   -0.0606634   -0.0820945
    0.525847    -0.038941     0.213253    0.0795959    -0.286353     0.381177     0.153736    -0.389898  -0.00740351    0.0885303    0.0122281    -0.293388    -0.546145     0.245491    0.0930041   -0.0198404    -0.609448     0.207959     0.437219     0.422935     0.352098    -0.242739    -0.396429   -0.0376465    -0.556198     0.059329      0.10662     0.149872     0.394293      -0.1625     0.391884     0.110619
    0.280235     0.362402    -0.220574   0.00851166     0.443367     0.378837     0.416323     0.111154    -0.284046   -0.0298098     0.204941   -0.0550955   -0.0852497     0.260343     0.626128    -0.118557    -0.161611   -0.0317368     0.118279   -0.0686623   -0.0235395     -0.17185     0.210691    -0.156912    -0.385481   -0.0535641    0.0574243    0.0188704       0.1692     0.263631   -0.0927892    0.0373041
    0.052164     0.397093     0.283382     0.134407     0.536662    -0.152081    -0.224338    -0.108681   0.00351947     0.464636    -0.298878   -0.0550327   -0.0902281    -0.167657  0.000738811     0.216925     0.392848     0.226857    -0.202394    0.0678057    -0.343269     0.295332     0.186951      0.11597    -0.174445    -0.144851   -0.0268097    -0.191132     0.425592     0.130196    0.0797379    -0.718675
   0.0330824     0.382591    -0.152241    -0.195418    0.0833948    0.0757462     0.550534     0.364479    -0.135132    -0.107713   -0.0623059   -0.0490224     0.344992   -0.0421391      0.30091    -0.290788    -0.031136     0.210023     0.388397    -0.418686    -0.111564    -0.649273    -0.157715   -0.0891053    -0.104203    0.0388654     0.613787     0.389979     0.786414      0.30936     0.035775     0.378563
   -0.034576   -0.0232066    -0.277921     0.285989      0.36161    -0.225454   0.00767756      0.04107     0.410274     0.837779     0.223862     0.197857    -0.455164     0.107962     0.449182     0.529362   -0.0925379   -0.0701029     0.154066     0.398762    -0.506944    -0.124911     0.231264    -0.272641     0.314019    -0.260759     0.247873    -0.361327     0.513485    -0.108696     -0.50794   -0.0218013
   -0.152159      0.17242    0.0860188     0.440515       0.1095      0.31684     0.171469     0.538186     0.490798   -0.0343759     0.056681     0.127056    -0.188681     0.249839     -0.36916    -0.124035     0.295877    0.0320681    -0.566336    -0.293506   -0.0305254     0.357528     0.157427   -0.0701745     0.586599     0.286679      0.33237     0.401494    -0.118725   -0.0819209     0.178208    -0.238152
   -0.173141    0.0679608   0.00346047     0.366047     0.127847     0.269752    0.0806834   -0.0705493    -0.163984     0.102919     0.107463    -0.383814    -0.435597      0.13924    -0.294913     0.428323    -0.163897    -0.222127    0.0988233    -0.055981      0.22788     0.232449     0.281404    -0.117725   0.00570519    -0.164893    0.0183562    0.0624111     0.190394    -0.147947     0.358067   -0.0774933
    0.193021     0.049272    -0.671281    -0.144372    -0.240012     0.229593     0.191916    -0.164207    -0.551347   0.00849794    -0.348414    -0.325191     0.292069     0.124077    -0.227177    -0.517818    -0.517784     0.132813     0.443512   0.00636705     0.802216    -0.378336    0.0982427   -0.0244559   -0.0693673    -0.464089  -0.00109073    -0.322971    0.0270158     0.431288       0.3869     0.502875
   -0.208132    0.0530484    -0.309546    -0.302111    -0.132146    -0.292554   -0.0642592   0.00658343    0.0634332    -0.105294   -0.0530674   -0.0823769    0.0593292    -0.152486     -0.10991    0.0608591    0.0483721     0.137197    0.0651932    0.0751013     0.147615    -0.326041    -0.104402    -0.141803   -0.0424547     0.358953    -0.260855     0.121486    -0.262641    0.0155882    0.0397634     0.209589
   -0.140994   -0.0208684     0.137982      0.15448    -0.265174     0.168698    -0.166102     0.250499   -0.0150301     0.108486     0.142844     0.182347     -0.21645     0.194044    -0.318215   -0.0121605     0.115173    -0.083542   -0.0156383     0.143233     0.264452    -0.166536   -0.0159821    0.0561048     0.361448    -0.267773    -0.452127     0.150085     0.138698    -0.213622    0.0586258    -0.262044
   -0.192092    0.0317974      0.24914   -0.0439133   -0.0289308     0.155213    -0.343747     0.314237   -0.0658048   -0.0952129     0.413438    -0.140164    0.0233466    -0.191999   -0.0355003   -0.0688809    -0.104155    -0.135046    -0.328091    0.0162174    0.0771689     0.234618    0.0906322   -0.0157115     0.016169     0.121035     0.136887     0.229689      0.25788  -0.00952993    0.0562731    -0.186558
   -0.320947     0.570018   -0.0206408   -0.0412394    -0.039558    0.0700855    -0.186025    0.0917822     0.371637     0.392918   -0.0339146    -0.469433     -0.35169     0.323374    -0.324517    -0.101828    -0.195277     0.150747   -0.0342489    -0.190502     0.139098   -0.0688066     0.131578    0.0508176   -0.0514773    -0.065431    -0.253714     0.220318     0.255687    -0.109485    0.0534654   -0.0423581
   -0.430639   -0.0795847    0.0395952     0.127241    0.0681707    -0.183818     0.305831   -0.0212903     0.330649     0.155466     0.489065    0.0542624    -0.219311    -0.319811     0.114587     0.245997   -0.0620083   -0.0424179    -0.252766     0.279084    0.0683388    0.0424072   -0.0531775      -0.1141     0.363271     0.167339    -0.379075    0.0855442     0.241617    -0.236297    -0.285443    -0.252213
    -0.19021     0.250075      0.32778    -0.152796  -0.00161326    -0.163697   -0.0159776     0.233651    -0.166099   -0.0561269    0.0240409     0.174446     0.349371   -0.0604635    0.0017675     -0.22073     0.208249    -0.102176   -0.0193791   0.00698532    0.0605276     0.246672  -0.00215013   -0.0211306     0.118866   -0.0203805     0.349086     0.348438   -0.0951624    -0.144278    -0.309912   -0.0548392
  -0.0387593    0.0163166   -0.0479576    0.0768462    -0.235474    -0.101202     -0.13269    -0.215811    0.0270227    0.0481761    -0.129481     0.252869     -0.16498     0.191619     0.127688    -0.281222    -0.406932     0.224276     0.372107     0.488202     0.219072    -0.154947     0.242691     0.211079     0.313026    -0.220394    -0.289896    -0.150715    -0.356118    -0.131242    0.0342706     0.153056
   -0.238007     0.193559     0.383437      0.19665     0.114231    0.0623595     0.163871    -0.110484     0.170031    0.0977842   -0.0427443     0.130476    -0.368127    -0.199991     0.178997    0.0643822     0.260866    0.0794579    -0.206272    0.0341719   -0.0545575     0.324657   -0.0500417   0.00974732    -0.271218   -0.0808294    -0.250194    -0.337748     0.371548     0.269251     0.237679    -0.206914
    0.192678    -0.131528     -0.24029     0.414514    -0.264857     -0.11164    -0.153339     -0.28893   -0.0712322     0.332785    -0.199023    0.0207049   -0.0415351     0.154685    -0.286601    -0.250866    0.0620871     0.502832     0.106363     -0.15909    0.0360841    -0.591391    0.0523165     0.234117     0.136783    -0.288453    -0.178137     0.351159    -0.243805    -0.190783     0.117883    0.0332309
    0.212994       0.1708     0.268893   -0.0994142    -0.295806     0.471959   -0.0937636     0.235709    -0.183702    -0.198125     0.321896    0.0235083     0.263095      0.54885     0.448998   -0.0275363     0.269009     0.025217    -0.387844    -0.254568    -0.512728     0.318692     0.240694    -0.321777    -0.195918   -0.0433549     0.273864    0.0655249    0.0515564   -0.0858172      0.31912    -0.215919
    0.488967     0.395176    -0.292047    -0.189734    -0.547299    -0.189255    -0.267341    -0.231166      0.44199    -0.594724   -0.0598542     0.209636     0.174622    -0.255167     0.392031     0.117608    0.0449043     0.289529    -0.106467   -0.0140802     0.154343   -0.0850031   -0.0635835     0.296612     0.324027     0.256832   -0.0913286   -0.0165317    -0.595045     0.430831     0.151679     -0.38067
    0.177639    -0.187274    -0.261929   0.00932719     -0.12238      0.32074   -0.0777744    -0.106002   -0.0644955   -0.0791869     0.498674      0.46155    -0.188885     -0.33154     0.342529     0.033706    -0.197811    0.0187029     0.449977     0.396664     0.169703    -0.185888     0.138819    0.0130035    -0.101981  -0.00650767     0.320165    0.0236644     0.136857    -0.106664     0.109699   -0.0545087
    0.219606     0.228227   -0.0285607    -0.107243     0.002249     0.373729   -0.0725532     0.291237      0.15788    -0.499764   -0.0758341     0.278073    -0.107971   -0.0848618    -0.350539      0.11555     0.573034    0.0612829     -0.30693     0.156902    -0.151237     -0.28112      0.17189   0.00865879     0.228421     0.126065   -0.0689894   -0.0366683    -0.152467     0.123081   -0.0558686    -0.361862
    0.145407     0.046475    -0.142258   -0.0283945   -0.0796051   -0.0999414     0.248088    0.0837004    -0.147578    -0.549266   -0.0368436    0.0823893    0.0448791    -0.315554     0.209405    0.0175767    -0.143173    -0.437385   -0.0687428     0.401511     0.186941    -0.302765   -0.0761033    0.0696509    -0.129371    -0.267179     0.086434    -0.313124      0.23115     0.183145     0.066686    0.0163314
     0.22513    -0.367342       -0.206     0.098465    0.0654499    -0.377448    -0.183487    -0.173246   -0.0186454     0.267444    -0.360006   -0.0592653    -0.142682    -0.140782       0.1135    0.0590405      0.10696   -0.0661209    -0.505724     0.196869    -0.354263    0.0347245   -0.0240971     0.167954     0.198217      0.24343    0.0349915     0.130232    -0.160597    -0.325209    -0.235703     0.201325
   -0.110241     0.276841    0.0247047     0.539776     0.167085     0.427892    -0.498224     0.336672      0.46837     0.179844     0.324531    -0.128284    -0.238609    -0.247157     0.426937    -0.301123    0.0877598     0.300715    -0.259232     0.154383    -0.101402     0.318159     0.205762    0.0266582     0.485227     0.331377    -0.548765    -0.226034   -0.0813577    -0.304634    -0.370386     0.125034
   -0.043134    -0.202895    -0.232417     0.145636   0.00479355   -0.0370354   -0.0048157     0.047279     0.702746     0.121262    -0.103685     0.493223    -0.247888   -0.0995171    -0.180873     0.394715     0.316452   0.00641243    -0.112068    -0.181904    -0.100651     0.065447    0.0393132     -0.12361     0.539138     0.138962     -0.17955    0.0224627    -0.246144    -0.508394    -0.151557    0.0180314
   -0.123045    -0.212845    -0.171147    -0.118875    -0.163216     0.156447  -0.00866116     0.218614     0.115162    0.0501183    -0.159499     0.133288   -0.0669636    -0.082158    0.0506225    0.0749275    0.0167132   -0.0978769    -0.339265   -0.0118631    -0.400396     0.323448     0.123083    0.0237521    0.0488362    -0.230433   -0.0205654     0.201078    0.0231497     0.327319    -0.021751    0.0666111
   -0.209513     0.364083     0.184775     0.404182     0.103549     0.508048    -0.531397       0.2321    -0.299839     0.229499     0.224709    -0.145506     0.169016    -0.309614     0.145835   -0.0241539    -0.125696   -0.0864833     0.423688     0.196502      0.31022    0.0890576    -0.228171   -0.0185491    -0.182839     0.127213    -0.230623    -0.152072    0.0811057   -0.0819005   -0.0656238     0.406135
    0.158741   0.00411958    0.0384478     0.127297    0.0905514    -0.125346    -0.154644     -0.36798      0.18533     0.129668    -0.451766      0.13406    -0.134707    0.0485234     0.252874   -0.0297044    -0.251304    0.0764516      0.13442     0.191227    0.0330895    0.0766567     0.802234     0.245572    -0.188012     0.216933    -0.210252     0.364801    -0.108386     0.268381     0.166318    -0.559653
   -0.172473    0.0959542    -0.181638   -0.0717977     0.190616    0.0359821    -0.516186     0.161369     0.169182   0.00914127     0.475647   -0.0304773    -0.182098    -0.122268    -0.345993    0.0443904    -0.389292     0.302345   -0.0885611     0.255622     0.267447     0.301618    -0.226704     -0.23393    0.0144232   -0.0837643    -0.173637    -0.191196    0.0935607    -0.367669    0.0455637    -0.180017
   0.0606332   -0.0477161   -0.0517123     0.248247    0.0426834   0.00693419   -0.0199585    0.0438612     0.426022    -0.186435    0.0422208     0.178998    -0.349947     0.173252   -0.0311032     0.289137     0.318242     -0.12223     0.195943      0.11917     0.275849    -0.207036    -0.182897    -0.179797    -0.208565     0.155313     -0.38392     0.209764     0.105811    -0.478356     0.179979    -0.197989
  -0.0476413    0.0028144    -0.284662    -0.078298     0.234642    -0.274777     0.409359     0.141547    -0.163551    0.0570624    -0.106615    0.0986475   -0.0576651     0.446848     0.048997   -0.0603707    0.0541392     0.083729   -0.0210116   -0.0652168     0.234918     0.513272   -0.0144874    -0.116012   -0.0328982    -0.166257   -0.0121957    -0.156845    0.0157435     0.102534   -0.0033008      0.14083
   -0.424128   -0.0706674     -0.17067    0.0818356    -0.202151     0.337945    0.0992809      0.27399     0.180066     0.282106   -0.0366074     0.161673    -0.320869    0.0656605    -0.266454      0.11928    0.0328394     0.128207     0.288371   -0.0785381     0.237276   -0.0741251     0.381963     0.270751     0.549283    -0.170741     0.233458  -0.00969157    0.0195019     -0.36518    -0.548702    -0.061751
   -0.374839   -0.0667714   -0.0688393   -0.0108675     0.227566     0.161193    0.0605304     0.021077     0.174433     0.102354     0.384251     0.102737   -0.0499418     -0.42753    -0.117166    0.0105773  -0.00270404    -0.056749   -0.0551049  -0.00423658    -0.673687     0.261783     0.161977    -0.523585    -0.201628    0.0352294     0.369546     0.168533   -0.0532855    0.0235833    -0.266126    -0.561143
  -0.0135136     0.199987    -0.410788    -0.330333     0.309264    -0.223261     0.436665     0.248854   -0.0141543   -0.0535011     -0.34148     0.207184    -0.084938    -0.145399     0.164021    0.0178202     -0.29257    -0.176823    -0.528462    -0.194093    0.0398412   -0.0372258     0.570598     0.703747     0.403861    0.0393932     0.229366   -0.0859538    -0.321687    0.0398895   -0.0065222   -0.0915446
   0.0215233     0.166527     0.215767     0.507701     -0.17097   -0.0089651    -0.157509    0.0594427     0.316412     0.164561    -0.188854    -0.117601   -0.0675795     0.353475    0.0911852    0.0792702     0.245929   0.00282842    -0.302081    -0.432003     0.576923   -0.0402428    -0.312316    -0.174209   -0.0421902   -0.0679723     0.197832     0.167372    -0.121055     0.146154    0.0795672     0.157635
 -0.00973163    0.0890211     0.224782     0.223209     0.104128     -0.19377   0.00660958     0.147252    -0.168473     0.117262     0.241328    0.0327602    -0.437529    0.0680725   0.00976275     0.150247  -0.00374122    -0.102836    -0.167485   -0.0709408     0.128507     0.175504    -0.254565    -0.014975   -0.0325989    0.0319898     0.137347    0.0993922    -0.191246     0.293205    -0.134727    -0.115817
   0.0320037    -0.125951     0.353368     0.343865      0.31698     0.277861     0.382566    0.0666298     0.351252     0.308415   -0.0932269     0.349934     0.483682   -0.0858486     0.213896   -0.0462007    -0.089766   0.00645806    -0.293832    -0.194414    -0.445606     0.150909   -0.0277699     0.028996     0.400585     0.325392    -0.423334   -0.0829081    -0.224173     0.151392   -0.0388445     0.363011
