-0.0913468
 0.0545009
  0.110227
   0.36154
 -0.432952
 0.0354207
-0.0324311
 0.0493699
  0.152702
 0.0217196
  0.155716
-0.0388158
 0.0108448
  0.250363
 0.0620558
 -0.212743
 0.0851906
  0.164424
-0.0158398
 -0.133412
  0.403628
 0.0570139
 -0.212101
  0.226659
 0.0903123
  0.132414
-0.0309926
0.00745388
 -0.275007
  0.365963
 -0.112556
 0.0279315
 -0.229215
 -0.170186
 0.0200876
 0.0969894
 -0.109885
-0.0207255
  0.104003
 -0.132407
 -0.220019
-0.0556136
   -0.3268
 -0.214933
-0.0887832
  0.158515
 0.0551646
 -0.142564
 0.0752123
 -0.253533
  0.144255
   0.55665
  0.398543
-0.0293355
-0.0945603
 0.0204523
 0.0361099
 -0.182746
  0.104484
 -0.106288
  0.112248
 -0.159747
 -0.064986
 -0.120121
  0.318918
  0.159058
 0.0113976
 -0.108779
  0.184856
  0.263903
   -0.1574
 -0.195161
 0.0726853
-0.0164582
  0.114653
  0.167198
  0.124702
  0.188236
  0.278073
 -0.295035
 0.0531572
 -0.150697
 0.0506456
  0.118099
 -0.127856
-0.0920669
-0.0713399
 0.0962107
 -0.114477
  0.179295
-0.0649524
  0.197192
 0.0517289
-0.0308924
-0.0434932
 0.0806294
 -0.020694
   -0.3898
  -0.22395
-0.0742149
 0.0738782
 0.0506651
    0.1446
  0.162677
 0.0127613
-0.0221915
 0.0202562
  0.174596
  0.123444
  0.151634
  0.140793
  0.356944
  0.249476
  0.403881
 -0.410436
 -0.113713
 0.0363441
-0.0907802
  0.293644
 0.0113277
 0.0980286
-0.0111188
 -0.012741
-0.0941451
 -0.310291
 0.0227905
  0.113459
 -0.107476
