    0.241431   -0.0697981    -0.271436   -0.0890864    0.0310297   -0.0294022     0.185167   -0.0113922    -0.125248    -0.277188    -0.203378     0.175445    -0.110662     0.221287    0.0302156   -0.0688666   -0.0722637    -0.224561     -0.12514     -0.24763     -0.12384   -0.0499526    -0.179472    -0.143001     0.070121    -0.113189    0.0195556     -0.23169   -0.0905514    0.0323121    -0.299355     0.310183
  -0.0947129    0.0851678    0.0487268     0.147789   -0.0553847    -0.220275   0.00379932     0.054158     0.254939   0.00620851    0.0282283    -0.184971    0.0914703    0.0331852     0.199194    -0.103205   -0.0979533    0.0168321      0.04955     0.148416     0.212896    0.0892081     -0.33007    0.0155147   -0.0603638   -0.0594939     0.203407   -0.0228564    -0.126074    -0.391482      0.26086    -0.250723
   -0.118533    -0.186699     -0.30498    -0.204483    0.0332172   0.00721439   -0.0140375   0.00753476    0.0388388    -0.163657     0.148459    -0.383387    -0.088209   0.00551401   -0.0856623     -0.04647    -0.213886     0.147623     -0.21636    0.0302905    0.0825511    -0.388161     0.134908    -0.196719     0.163308    -0.472694   0.00549865    -0.288532     0.101944     0.213964    -0.341738   -0.0226812
  -0.0241411     0.236879    0.0542014    -0.173136     0.268642    -0.325878    0.0171007    0.0607115    -0.356372    -0.472181    -0.160478   -0.0849793     0.148675     0.379398    -0.412195     0.267816   -0.0347809      0.20947    0.0673317     0.162296     0.258642    -0.235239    -0.234672    -0.271428    0.0682836      0.21397     0.130004     0.216605   -0.0818615     0.116152    -0.396492     0.116674
   0.0703076    -0.395762    -0.217519   0.00969293     0.111598     0.195052   -0.0329259   -0.0956149    -0.274285    -0.396715    -0.252734   -0.0438935     0.285674     0.075912   -0.0403941    -0.149087    -0.245902     0.049928  -0.00565072    -0.225995     0.250258    -0.087558     -0.27526    0.0679895   -0.0350675     0.162278     0.044256     0.246021   -0.0910346    0.0715824    0.0284924    -0.327399
    0.124219   -0.0358238    0.0627093     0.154094    -0.149548    -0.198854     0.394111   -0.0647129     -0.12195    -0.198556     0.256059    0.0253646    -0.111949   -0.0115119    0.0653828   -0.0851871    0.0581034   -0.0991007    -0.211286      -0.1473   -0.0734876    -0.132735      0.17891    -0.279913   -0.0365647     0.070291    0.0290031    -0.155638    0.0832313   -0.0879535    -0.353476    -0.142373
  -0.0626086   -0.0833223   -0.0619216    -0.203308    -0.109034     0.309967    -0.077996   -0.0949828     0.249898     0.167066    -0.162725    -0.101799    0.0748151   -0.0309582    0.0106376   -0.0888007    -0.441831    -0.298657     0.313443     0.055861   -0.0638829    0.0851846     0.054183   -0.0980584   -0.0535117    -0.508683    0.0894948    0.0649581   -0.0145061     -0.25055    -0.276549     0.488199
    0.120225    -0.191536   -0.0998827    -0.230375    -0.448561     0.260056   -0.0538689    -0.280978    -0.379858  -0.00905627     0.167323     0.324122     0.134035    -0.247038    -0.191521     0.035826    0.0893236     0.164412    0.0750614    -0.420648     0.580614    -0.146061     0.279393    0.0220637  -0.00490794    0.0672795    -0.321862   -0.0602151    0.0118342    -0.223698     0.121524    -0.065977
    0.281193     0.255973     0.518921     0.174509   -0.0320312    0.0156907      0.41318    0.0500344    0.0794584   -0.0733345   -0.0253194    -0.137769   -0.0486089  -0.00605499    -0.191598    0.0624329   -0.0479408    0.0400602     0.145191    -0.282726    0.0121586     -0.16828    -0.039829   -0.0670295    -0.277487   -0.0539675    0.0781232    -0.195978    0.0961172     -0.11975    -0.145676   -0.0293953
    0.220305    -0.201998   -0.0574849    -0.273226    0.0786684    -0.160548     0.137879     0.242133     0.245398   0.00789502    -0.150067    -0.235065    0.0948673     0.465729     0.315669     0.114969    -0.218017    -0.163966   -0.0447643     0.190153    -0.141692    -0.219126    0.0916459   -0.0187394   -0.0636674    -0.124469     0.167603    -0.176707     -0.11849    -0.279292   -0.0459847     0.177342
   0.0125192    -0.106868    0.0117464     0.220927   -0.0855986     0.172503     0.250055    -0.209245    -0.275974   -0.0655079    -0.211163     0.141998   -0.0731694   -0.0195394    -0.141005    0.0161757    -0.112408    0.0864747    -0.130257   -0.0617411    -0.190833     0.157752    -0.348232    -0.186603    -0.214276     0.234326    0.0539346     0.236906  -0.00668384     0.106047    -0.136922    0.0872229
   -0.308184     0.457089   -0.0530733    -0.203446     0.111618    -0.130476     0.100668    -0.222642     0.297706    -0.201339    -0.458283    -0.179316    -0.284507     0.148281    0.0433373     0.136385    -0.242743   -0.0656789     0.337912    0.0165213    -0.187654     0.165989    -0.404876     0.124156    -0.182184    -0.200982   -0.0756035    0.0386633    -0.213794     0.168439    -0.712399    0.0998251
    0.180508    -0.103869    -0.014489   -0.0457229   -0.0122417    -0.095302     0.317435    0.0162109    -0.229013   -0.0443816   -0.0530096   -0.0532502   -0.0949315   -0.0944961    0.0861227    0.0625757   -0.0199564     0.278519    -0.191699    -0.249832     0.200712    0.0552943    -0.276128     0.232076     0.189562   -0.0255457    -0.421353    0.0824099   -0.0356181   -0.0916897    0.0933297    -0.247787
    0.232818     0.221275    0.0250933   -0.0331728     -0.08279    -0.082358    0.0818632     0.133562    -0.151085   -0.0457861     0.240993      0.10925    -0.047971   -0.0454372    -0.114728     0.241201    -0.109347    -0.277118     0.101865   -0.0254456   -0.0152553    -0.127164    0.0303749    0.0246329    -0.029679     0.054164    0.0605961     0.197163    -0.160315   -0.0291404    -0.301326    -0.191072
    -0.10442    -0.172836    0.0912141    0.0374514     -0.34321   -0.0563835    0.0919341   -0.0476096    -0.104294   0.00439452   -0.0609633     0.104721     0.195879    0.0824124     0.227337    -0.155564   -0.0586063    -0.134262   -0.0620637   -0.0414146   -0.0490076    0.0982746   -0.0141004    -0.131971    -0.168756   -0.0719174     0.173711    -0.245914    -0.073452   0.00180117    -0.150101     0.244027
   0.0853594    -0.417722    -0.247789    -0.295813   -0.0980529   -0.0710456   -0.0181079    -0.174076   -0.0344372   -0.0352611     0.140432     0.433467    -0.224042   -0.0647533   -0.0183924    -0.122936   -0.0893407     0.223033        0.205   -0.0819424     0.328341   -0.0319354     0.249089    -0.239997    -0.156963    -0.243281    -0.441967    0.0552197    -0.190377    -0.136716     0.100506    -0.326905
    0.126352     -0.16925     0.268989    0.0849276     0.120015    0.0267561   -0.0973395     0.120995    -0.191008   0.00881086    0.0488395   -0.0162375    -0.274115     0.151912     0.101725      0.27967    -0.221349    0.0528198    0.0983263    0.0751483     0.106057    -0.124123    -0.214663    0.0302947    0.0249318     0.346301    -0.140241   -0.0749032     0.191689    0.0240972   -0.0281749     0.129111
   -0.374791    -0.221791    0.0701103    -0.332618   -0.0818436     0.334369    0.0809865    -0.486878     0.186792    -0.202726   -0.0757607     0.556377      0.11764    -0.264387   -0.0855645    -0.399539    -0.364875     0.163288     -0.14747    -0.384217     0.667707     0.115345    0.0770344    0.0400839    0.0754042   -0.0949899    -0.722122     0.136207    0.0439772   -0.0686056     0.722833    -0.309807
  -0.0225634   -0.0429969     0.136947     0.121589   -0.0508688    -0.122241    0.0772257     0.086695     0.163431   -0.0422679     0.230532     0.180263    -0.247365     0.355447     0.281723     0.134667    -0.358514     0.176863     0.136502    -0.294359    -0.083298    -0.166175    0.0557908     0.191418    -0.388029   -0.0637525     0.111749    -0.180818   -0.0627445   -0.0459303    -0.340353     0.241599
  -0.0981273   0.00179211     0.310837     0.474315   -0.0937471    -0.163209     0.495026    0.0351783     0.169497   -0.0191173     0.415808     0.126285    -0.396277    0.0754899     0.175556     0.110951    -0.035314    -0.294329   -0.0802695    0.0527774    -0.411575   -0.0325782    -0.255749    -0.252388    0.0417611    0.0381974     0.274422    -0.064688    0.0280683    0.0695666     -0.48352   -0.0248271
   -0.241141     0.112017   -0.0378332   -0.0929905    0.0267474     -0.12424    -0.183626     0.150197    -0.138487   -0.0797867    -0.069933     0.156074   -0.0409504     0.265751    -0.136582     0.286139    -0.208701    0.0716102    -0.224211   -0.0465618    0.0236342    -0.189239   -0.0612584    -0.110403    -0.255717     -0.11354   -0.0898748    0.0779014    -0.190878     0.058686    -0.256553   -0.0721536
  -0.0871838    -0.430501   -0.0777011    -0.269355     0.157432     0.249217    0.0978421    0.0623201   -0.0347862    -0.125644    -0.177113   -0.0146061    -0.213056    -0.230339     0.262482    -0.321578    -0.251406    0.0425069     0.146794    0.0657057    -0.249162    0.0799249     0.139989    -0.180693    -0.171246    -0.376795   -0.0180232    -0.172826    -0.119044     0.411668    -0.283027     0.445879
    0.124978     0.086969    0.0585726     0.145153     0.154624     0.205493     0.212593    0.0217092    -0.252026    -0.227244     0.102229    -0.234201     0.130785   -0.0432926    -0.507131    0.0758593     0.143655    -0.206133     0.095368    -0.496376      0.01485   -0.0335832    -0.244135     -0.48897    -0.455232   -0.0958807     0.248769    -0.299622   -0.0106459     0.144094    -0.336243    -0.246477
   -0.145371    0.0331083     0.203695    0.0313378    -0.155951     0.209753  -0.00439001    -0.200059   -0.0371114    -0.207701     0.250474    -0.241841   -0.0314043     0.274991    -0.230799   -0.0506563    -0.195434   -0.0555098    0.0770069   -0.0550369   -0.0888752    -0.231847     0.150281    -0.387409   -0.0900354  0.000135726     0.209555    -0.223164    -0.122514   -0.0586813    -0.246054   -0.0806739
    0.128616    -0.303126   -0.0431255    -0.706028    -0.115083     0.517758   -0.0306432    -0.088237    0.0434696    -0.483341     0.048995     0.686751     0.391436     0.263797    -0.292607     0.473894    -0.222991     0.205847    0.0724595    -0.356259     0.281401   -0.0400984   -0.0214536    -0.240946    -0.323773   -0.0547053    -0.359769   -0.0805157     0.319503   -0.0354309    0.0881956     0.566165
   0.0469293    0.0726479     0.172644   -0.0425624    -0.111954     0.402995  -0.00152231    0.0778426   -0.0348809   0.00575228     0.231237     -0.18088   -0.0590177     0.141198    -0.400989   -0.0568877    -0.239389     0.137083     0.274828    -0.329113    0.0080352    0.0522489    -0.412379     0.166142    -0.223254    -0.198697    0.0471292   -0.0464052    0.0410862    0.0491707   -0.0520381     0.112668
    0.474707   -0.0491388     0.153771    -0.171008     0.105382    -0.132498    -0.126874     0.355811     0.154027     0.224981    0.0192202   -0.0406548     0.193418     -0.19549    0.0410897    0.0153583   0.00765675     0.183022     0.259602   -0.0694538    0.0621182    -0.254817   -0.0286643    -0.235952   -0.0539846    -0.192186     0.304781    -0.245091   0.00692329     0.238434     0.104852     0.211843
  -0.0551499     0.151599     0.147854    -0.124509   -0.0427534    -0.258497    0.0522716     0.303058     0.261036    -0.378317     0.102708   -0.0587873    0.0325502    -0.137249    -0.187084   0.00309192    -0.210057    -0.418028    0.0584074    -0.256369    -0.171092    -0.158634     0.078012     0.211501   -0.0764102    -0.368878     0.370667    -0.175509    -0.115859     0.113751    -0.531797    0.0866658
   0.0288649      0.43479     0.141391     0.109255      0.15666     0.209606    -0.106282     0.142293    0.0490963    -0.322116    -0.213445      0.12107    -0.127965     0.199881    0.0151185    0.0731786    0.0711765      0.04613    0.0267278   -0.0429796    -0.141809    -0.232456    -0.301978     0.150675  -0.00850461     0.164587    -0.159113   -0.0166306    -0.129542    0.0707673    0.0766984    -0.011693
    0.098532  -0.00127478    -0.118291   -0.0338864      0.02147     0.106554     -0.17119    -0.104173    0.0429458    -0.102471    0.0752146    0.0611487     0.200868    -0.131338    -0.246867    0.0616502   -0.0360292    0.0270256    0.0428808     0.105703    -0.153485   -0.0762576   -0.0586533     -0.19207     -0.31096   -0.0247971     0.122938    -0.183183   -0.0249755    0.0378101    -0.138307   -0.0326956
   -0.164073    -0.399849    -0.170342   -0.0679888   -0.0627812  -0.00164093     0.155862    -0.103613    -0.277036     0.121279    -0.128721   -0.0118213    -0.101795   -0.0615967    0.0646081    -0.219013    0.0107601     0.192542    -0.183279   -0.0938578     0.136883    -0.163241   -0.0984084     0.369398     0.314382     0.244762  -0.00496908    -0.146474     0.133959    -0.143463      0.15366    -0.245223
  -0.0481417   -0.0685023    0.0423839    0.0384924     0.276709    -0.112377     0.197779    -0.194835      0.24708     -0.10821    -0.185546    -0.214474    0.0885299     0.266483    0.0718622   -0.0588844   -0.0206196     0.065712   -0.0389551   0.00206515     0.403921     0.100813   -0.0586659     0.226326   -0.0286082     0.151274   -0.0203894    -0.230379    -0.170638     0.216471      0.00244    -0.261811
    0.103591     0.230257    0.0751392    -0.268037    -0.052224    0.0767472   0.00938898     0.232115    0.0495008    -0.175806   -0.0781688     0.234831    0.0807676     0.344151   -0.0962291     0.262581     0.376602   -0.0908623     0.272462      0.16877     0.110153   -0.0868863   -0.0605636  -0.00522521    0.0344872   -0.0769847    0.0123373    -0.164724   -0.0484997   0.00751967    -0.163843     0.102704
   0.0927831     0.316812   -0.0979565   -0.0603168    0.0608111   -0.0095751   0.00475857   -0.0938958  -0.00226444     0.275615    -0.300896    -0.249213     0.125408      0.19228    0.0451992     0.256985    0.0606602    0.0670731   -0.0312804    -0.164532     0.316329     -0.21548    -0.323604    -0.135387   -0.0231626     0.218326    -0.281776    -0.146042     -0.33487    -0.039556   -0.0706231   -0.0831014
   0.0908392      0.36925     0.234661   -0.0819978    0.0624715    -0.200955     0.281083     0.153179    -0.146844   -0.0422817    -0.423553    -0.240553    -0.204817    0.0355595     0.217507     0.196498    -0.221437   -0.0955554    -0.114178    0.0523165   -0.0753632    -0.125142    0.0733101     0.203057    -0.102729    0.0984325     0.355078   -0.0731571   -0.0970036     0.115737    -0.408963   -0.0985923
  -0.0938756  -0.00149937     0.228956   -0.0143065     0.153495    -0.190402      0.24333     0.212439    -0.227751     0.218849    0.0165005    -0.123837    -0.156381    0.0197926     0.145365    -0.225261    -0.108872     0.120519    -0.150133    0.0322087    -0.265174   -0.0986914    0.0779042   -0.0362393     -0.33861  -0.00947083   -0.0826119   -0.0831423    -0.100335   -0.0312384   -0.0677667     0.127018
    0.172075    -0.021663     0.140229    -0.113744      0.12468     0.123377    -0.186262     0.092527    -0.225551    0.0272144      0.11006    -0.050596   -0.0161958   0.00960999   -0.0894158    -0.188252    0.0680378     0.208482    -0.126481   -0.0352138    0.0760089     0.118886    -0.212808    -0.147433     0.167509     0.172112    -0.053462   -0.0511589     0.113332    -0.110474    -0.124781     0.209822
   0.0303069    -0.154648    0.0659698   -0.0282515   -0.0175491     0.125536     0.107243    0.0317838   -0.0566738   -0.0833832      0.16236    -0.124356    -0.356864     0.192379    -0.101131     0.181351    -0.307028    0.0504714     0.295075     0.177521    -0.220185    -0.202515    -0.223118     0.110805    -0.101638   -0.0627247    0.0918557   -0.0036241    -0.101397     -0.17395    -0.365762    -0.164075
    0.300621    -0.025677    0.0621773    -0.168819     0.140593   -0.0449267    -0.119519   -0.0383911    -0.131161    -0.120704     -0.27074    0.0445652    -0.145255   -0.0217501   -0.0290988    -0.331886     0.373531    -0.237274    -0.319908    0.0135749     0.500852     0.105122    -0.102258     0.055876    0.0467985     0.160242    -0.237637   -0.0443205    0.0290221     0.244465     0.216386   -0.0657109
   0.0873786    -0.269385   -0.0518844    -0.545836     -0.20256    -0.102629       -0.316    -0.035461     0.372995    -0.136162     0.272097     0.112244    -0.117115      0.28639     0.167136    -0.207193    -0.352707    -0.132904     0.382035   -0.0480327     0.105028    -0.370776    -0.264704    -0.305153    -0.186096    -0.378628     0.125532    -0.140912     0.281806     0.024859     0.168807   -0.0838292
    0.228375    -0.219405     0.126701    -0.278596      0.19663    -0.278016    -0.128339    -0.206776    0.0976384    0.0504997     0.165785     0.224652     0.227502     0.354701    -0.280374     0.175016    0.0838363   -0.0528756    0.0744266   -0.0123336    -0.117449      -0.3885     0.178521    -0.207441    -0.166733   -0.0863836     0.416801   -0.0402395   -0.0958605    -0.074125    -0.627835   -0.0257305
    0.241527    -0.267476     0.180109    -0.200767   -0.0127263    -0.232045    -0.080746     0.126149     0.144602     0.128664   -0.0326137    -0.154737   -0.0393806   -0.0223676    0.0748213    -0.148699   -0.0361722    -0.271341   -0.0607546   -0.0369644  -0.00533352     0.061825    0.0109657     -0.29973    0.0992871    -0.451789      0.31466    -0.348921    -0.182472     0.318597    -0.281415    -0.159148
  -0.0493347     0.206052    -0.026006    -0.186655   -0.0139219    -0.256775   -0.0933248     0.130027     0.276465     0.276855     0.112212   0.00484675    0.0583683     0.104317   -0.0460034     0.126517    -0.221551    -0.213769     0.158526   0.00861139     -0.26496      0.01629  -0.00260101     0.036735    -0.164233    -0.198233     0.222099     -0.25608    0.0220266     0.227887    -0.382105     0.311265
    0.131559     0.196855     -0.20692     0.090828    0.0165735    -0.201773    -0.293351     0.149103    -0.109879    -0.158381    -0.115732    -0.245884    0.0237806    0.0847817     0.297463     -0.21648    -0.119096    0.0100842     0.196171    -0.221448    -0.305335    -0.176159     0.115708    0.0711042   0.00226883   -0.0709143     0.261823    -0.140246      -0.1911   -0.0855771    0.0618622     0.217113
  -0.0271311    0.0947407     0.375085     -0.22654    -0.371257     0.383105     0.327822     0.104982     0.333834    -0.539538    -0.403678    -0.201557    -0.243244     0.183511   -0.0340287    -0.235488    -0.807154     0.232427    0.0511965    -0.299443    -0.239213    0.0573455    0.0843691    0.0787143    -0.283957    -0.673564   -0.0550147     0.189112    0.0515928    -0.203326     -1.17466     0.272267
  -0.0275627    -0.207639    -0.124206     0.224899     0.144477    -0.048903   -0.0688739     0.173226      0.30435    0.0650152   -0.0382139    -0.125882   0.00644764     0.119033   -0.0150426    0.0206655    -0.104901    -0.165173    -0.204227   -0.0193923     0.117562     0.117159    0.0380196    -0.245073    -0.126585    -0.234199     0.219168    0.0463899     0.150424    0.0690774     -0.29072    -0.101203
  -0.0610544    0.0431995    -0.122377    -0.212694     0.140278     0.158612   -0.0307067  -0.00650093     0.125489     -0.28986     0.135115     0.425515    -0.318811    -0.236503    -0.167458    -0.183627    -0.291392    0.0532355    0.0723231   -0.0535726    -0.104279    0.0570825     0.278364    0.0565657    -0.094479   -0.0558769   0.00328585   -0.0952153    0.0328347     0.120961    0.0206153     0.343765
    0.014715    -0.248519   -0.0163285     -0.33775     0.116005   -0.0369816    0.0169215    -0.105196   -0.0371213    -0.393803    -0.202312     0.331339    -0.112941     0.309897    0.0125385    -0.127185  -0.00427856      0.31444    -0.208389   -0.0177293     0.308316    0.0176889     0.184035     0.116921  -0.00522635     0.162134  -0.00196072    -0.255666     0.117187   -0.0778891     0.121815    -0.035282
    0.171771    -0.606789     0.135675    -0.315877   -0.0783873   -0.0561679    0.0943433     0.122701    0.0268692   -0.0317039       0.0992    0.0273262      0.20569    -0.198961    -0.119615   -0.0573811    -0.264527     0.141874    0.0797281    0.0473054   -0.0784744     0.108762   -0.0148076    -0.154893    -0.230701    -0.233551    -0.067699    -0.324151     0.164899    0.0209556    -0.171447     0.184878
    0.204997   -0.0758975   -0.0296157    -0.290451     0.087692   -0.0132857     0.201327     0.100712  -0.00282764      -0.2692     -0.32027     0.121114     0.119787     0.502231   -0.0214772     0.139931   -0.0732457     0.293871     0.156056     -0.21352     0.549123   -0.0139994    -0.101281     0.260387     0.190228     0.341413    -0.374581     -0.16849   0.00804016   -0.0848447     0.639442    -0.161343
    0.152881   -0.0527166     0.329543     0.164741    0.0161453  -0.00702412     0.235383     0.169967    -0.163484    0.0577025    0.0324073     0.188633    0.0785609     0.239804      -0.1699   -0.0490969    0.0266889     0.412874   -0.0230215    -0.211091    -0.054129    -0.388486   0.00761154    -0.188448   -0.0224744     0.176444    0.0562935     0.223646    -0.196764   -0.0248024    -0.165272    0.0059773
    0.123819   0.00540236    0.0766503    -0.289725     0.123532  -0.00485011    0.0864345   -0.0556312    -0.127026    -0.213267     0.174999    -0.153238      0.29475     0.211002     0.015728     0.232183    0.0578885     0.127916     0.139019    -0.212429     0.231725    -0.349939    0.0256682    0.0285027    -0.146444   -0.0130273      0.15809    0.0869806    -0.153668     0.512244   -0.0797595     0.196435
    0.213118     0.212226     0.211916    0.0158608    -0.142185     0.444113     0.176965   -0.0135839     0.380107    0.0490374   -0.0481153   -0.0313527     0.128307    0.0442001    -0.124592    -0.173302   -0.0609854   -0.0933145    -0.122288     0.114586     0.206506   0.00374032    -0.229474   -0.0065993   0.00424759    0.0606005     0.149539     -0.07931    0.0619923     -0.13477    -0.243166     0.118247
  -0.0499899    0.0655863    0.0969503    -0.070413   -0.0871772     0.174967     0.076918    -0.142782      -0.1549   -0.0621063    0.0710714   -0.0579949    0.0831773     0.125156    -0.188656    -0.172639     0.360012   -0.0162893   0.00450896     0.253781    -0.112315    -0.114194   -0.0824251   -0.0769748    -0.198301    -0.126072     0.160226    0.0735607     0.185153    -0.171145    -0.192967     0.525094
   0.0835897   0.00482686     0.147417    0.0694181     0.351678    -0.125017    -0.257681    0.0366444   -0.0243763    0.0107283   0.00098405    -0.220951     0.398841   -0.0351566    -0.145938    0.0440184     0.116386   -0.0322107    0.0545431    -0.118064    0.0646415    -0.241612     0.213563     -0.24978     0.154859    0.0640486    -0.187455     0.166354    0.0302784   -0.0778403    -0.106206  -0.00732982
   -0.262412   -0.0405907    -0.214483    0.0354639     0.096157    -0.152793    0.0994097    0.0373196     -0.12004    0.0365215     0.121716     0.166582     -0.05397    -0.108538     0.153815   -0.0624779    -0.030539     0.136085   0.00665213     0.162894     0.271436     0.131316    -0.075393     -0.11954     0.285135     0.147634   -0.0911733    -0.237651    0.0326431   -0.0394653     0.275848   -0.0785153
  -0.0333548   -0.0152146    0.0498447    0.0456405    0.0869068    -0.170365   -0.0390169  -0.00137484   -0.0848186   -0.0832167     0.030493    -0.319991   -0.0027998     0.249723    -0.211886  -0.00237165   -0.0798895    -0.112402       0.0576   -0.0479344     0.365508    -0.362733    -0.124413     0.121921   -0.0146433   -0.0317975    -0.001308    -0.165698    0.0567072     0.186955     0.059443    -0.176625
    0.119714  -0.00329215    0.0237423    -0.471535    -0.101253     0.196835   -0.0677855   -0.0616467    0.0339917     0.105584    0.0134793     0.166663    0.0357288        0.274      0.14978   0.00740753    -0.156498   -0.0145701     0.582831    0.0324422    -0.183793    -0.208558    -0.144399    -0.193676    -0.171541   -0.0814378     0.106828   -0.0539998     0.291204     0.018434    -0.272137     0.154153
  -0.0641805   -0.0430285    0.0664355    0.0639358   -0.0633928   0.00769882      0.19147      0.17721   -0.0357435    -0.195928    0.0179653     0.192661     0.271849   -0.0373903    -0.293655     -0.25888   -0.0399926    -0.034873     0.256335       0.2325   -0.0828493    -0.055937     0.377472    -0.256713    0.0131602    -0.418548   -0.0229563     -0.17035   -0.0449442    -0.074588   -0.0761143     0.137196
  -0.0501342    -0.205977     0.215869    0.0348935     0.210928   -0.0444088    0.0527114   -0.0884109    -0.156525    -0.177216   -0.0506559     0.211955    -0.338124     0.152756      0.55105    -0.148604   -0.0371152     0.357593     0.179886    0.0641758    -0.395473    -0.511766   0.00198912     0.239122    -0.164342     0.255215    0.0878513    -0.255335    -0.203085    -0.221613    -0.708058    0.0619686
    0.211375    0.0390089  -0.00160218   -0.0343399   -0.0683165  -0.00539182    0.0903626     0.221705   -0.0675827   0.00908107     0.163286   -0.0318517     0.109515     0.256912    -0.160621     0.188893    -0.274424    0.0640436   -0.0392587     -0.35934    -0.173256     0.318979    0.0675532    -0.135292   -0.0858035    -0.410698     0.198352     -0.30232   -0.0100819    0.0117339    -0.265061   -0.0399145
   -0.215688    -0.112732      0.21349    0.0273655    0.0502764   -0.0065808     0.075956    -0.104888    -0.209001     0.137494    -0.041607     0.157019    -0.104441     0.374876    0.0454053     0.122143    0.0879998    0.0594717    0.0503846    -0.135461     0.164877    -0.262909     -0.48413   -0.0775334     0.168225     0.382556     0.248933    -0.102418     0.021204    0.0835012      0.17032    0.0515387
   0.0429041     0.203583    -0.143588     0.238884      0.32561   -0.0106937   -0.0610594    0.0203313     0.101307    0.0478156    -0.259845     0.160897    -0.161957   -0.0307912    0.0932662    -0.087719     0.204768     0.293862   -0.0368632   0.00311331     0.356898     0.144541  -0.00601925    0.0726401     0.121012   -0.0577473    -0.245633   -0.0566027   -0.0157609    -0.104586    -0.120382  -0.00739906
 0.000890045  -0.00465761     0.147363    0.0367592    0.0926838    -0.302589     0.385689      0.16604    -0.442582     0.192417   -0.0989618     0.206554     0.170933     0.188587    0.0423129     0.474318    -0.329266     0.211642     0.582119     0.382057      0.17632    -0.131889   -0.0271072   -0.0405674   -0.0330469     0.188527    -0.135039    0.0206275    -0.174614     0.149384    -0.113401    -0.139221
    0.119123     0.198207   -0.0970381    0.0104281     0.261262     0.174142    -0.152665     0.043612     0.206068     0.135162    -0.229566    -0.290374     0.250963     0.199976    -0.338111    0.0564587   -0.0222307    -0.172064    0.0354516    -0.236342    0.0273249    0.0285915    -0.191784    -0.128391     -0.12604    -0.092388     0.248498    -0.014468    -0.192498     0.188484    -0.348689    -0.128702
   0.0411471    -0.193028     0.124447     -0.56571      0.10622     0.216447     -0.21277     0.147152     0.229224    -0.215525     -0.20202      0.36403    -0.295842     0.327339     0.035897     -0.29214    -0.159853    -0.165084     0.389851    -0.114978    -0.211105    -0.379744     -0.17742    -0.216824    -0.299246    -0.491317     0.181948    -0.502977    0.0532216     0.142722       -0.252     0.156756
  -0.0742415    -0.199246   -0.0738776   -0.0177022     0.186591     -0.18046   0.00724083    0.0775851  -0.00477301    -0.113416     0.294196    -0.319478    -0.134099    0.0967377    0.0727314    -0.168578    -0.137429   -0.0811401     0.138939    -0.188654    0.0276773    -0.195241   -0.0386592     0.131136    0.0503803    -0.438725    0.0103749    -0.135666     0.103082     0.052226    -0.364627     0.115126
   -0.117645     0.308033     0.288276     0.183192    0.0610546     0.111371   -0.0664127   -0.0532687   -0.0595695    -0.304468    -0.105974   -0.0574542   -0.0346112    0.0168348    -0.302092     0.312629     0.259471    -0.219448  -0.00677923    0.0997667     0.223966 -0.000847096    -0.250544    -0.139034    0.0741985    0.0436792     0.065497   -0.0416201    -0.181709    0.0136879    -0.396016    -0.245859
    0.149558   -0.0450623    -0.175134    0.0500386     0.232817      0.14757     0.124677    -0.143023   -0.0513368  -0.00558781  -0.00594651    -0.287758    -0.101626     0.116266    0.0307583  -0.00405771    0.0333968    -0.172375     0.100638      0.19302    0.0673462    -0.334806     0.177146    -0.291835     0.140344    0.0740755    0.0349727   0.00451619    -0.160397    -0.058579    -0.323212    0.0260616
    0.114088     0.157842     0.236318    -0.161762  0.000385294      -0.3334     0.196766     0.291331   -0.0077182    -0.120911     0.312273      0.16107    0.0638837     0.131667    -0.303097      0.27457   -0.0436645   -0.0770328      0.19951    -0.254993   -0.0247095    -0.243229     0.129983    -0.155576    -0.251354    -0.369571    0.0709946    0.0413988    -0.367191    -0.112377    -0.558682   -0.0745565
    0.123965   -0.0413984    0.0401934    0.0546564     0.323823   -0.0794025    0.0104751     0.198115     0.294652   -0.0328322    -0.152771    -0.171275   -0.0450145  -0.00876747    0.0361762    -0.033703    -0.268743   -0.0135909    0.0975134    -0.250628    0.0276675     0.209144    -0.311204    -0.255578     -0.33536    -0.259725     0.303563     0.229493     0.118073   -0.0780712    -0.177396   -0.0468098
  -0.0314569    -0.276603    0.0650133    -0.277884     0.144431    -0.182519    0.0314312    -0.187795    0.0801324  -0.00437811   -0.0204361   -0.0447172      0.23865    -0.113839    -0.243992    -0.171565     0.147439      0.33547   -0.0230759    -0.204493  -0.00699224   -0.0633918     0.115043     0.232288     0.324364    -0.052993    -0.148988    0.0481203    -0.082818     0.397003      0.17458    0.0222479
   -0.243339    -0.235317   -0.0195689    -0.195801     0.133367     0.306533   -0.0794986    -0.124012    0.0502163   0.00402327   -0.0782394     0.217354    -0.169466     0.411254   -0.0866464    -0.227987    -0.224928     0.225836    0.0283071   -0.0440727     0.259827    -0.142921    -0.178159     0.166204    -0.174159   -0.0754461    -0.258478   -0.0389436     0.208801    -0.101743    0.0838536    0.0446678
    0.166656     0.179385    0.0693192     0.146763   -0.0327602  -0.00570917    0.0421442     0.111394     0.108043     0.273798    0.0256756     0.236973   -0.0931545   0.00409633   -0.0994223    0.0208088    -0.459423     0.206373    0.0736833     0.123749    -0.086631    -0.301051   -0.0995452    -0.194879    -0.180839    0.0169023    0.0407028   -0.0937096   -0.0698376    0.0796884    -0.277388     0.250513
    0.201897       0.3709     0.065561      0.21001    -0.051436  -6.1454e-05     0.255029     0.142689   -0.0165862   -0.0480628    0.0629415   -0.0410663    -0.030995     0.551271     0.308127    -0.205736   -0.0618464   -0.0320957    -0.207611    0.0444511     0.238544     0.229764   -0.0403299    -0.195875    -0.119984     -0.41098    0.0411665    0.0524398    -0.224814   0.00137455    -0.458095   -0.0557367
    0.282773    -0.142018     0.165872    -0.206762    -0.059315     0.118756     0.238006     0.190177      0.12984    0.0464252    0.0819217   -0.0905037    -0.363893     0.277601     0.207384    0.0279737   -0.0165457    0.0532782    0.0581676    -0.163331     0.290204    -0.185401     -0.11348   -0.0518723    -0.211685    0.0487341    0.0878377     0.101035    0.0226239    -0.197832    0.0366424   -0.0833349
    0.127725    -0.361167      0.34504    0.0410372    -0.307296     0.177408    0.0700272     0.145077    0.0490828   -0.0421353      0.23696   0.00721367    0.0518055     0.282273     0.158471   -0.0563904   -0.0589112     0.169457  -0.00260596    0.0817403    0.0924696   -0.0623478    -0.378573    -0.209675    -0.306572    -0.141992    0.0816078    0.0537917   -0.0157082     0.142303    -0.180535     0.116135
   -0.297554     0.200101    -0.262361    0.0334816     0.184986   0.00737992    -0.165219    0.0567884    -0.178293     0.259843    -0.230893   -0.0901593     0.129168      0.10989     0.174643    -0.167343    0.0771719    -0.061785    0.0812828   -0.0473297     0.233613    0.0249848    -0.131398     0.228238      0.10753    0.0412177     -0.14623    0.0719626     0.139264    -0.283189    -0.179473   -0.0165164
    0.118119     0.145003    0.0411295   -0.0351175    0.0519616   -0.0263494     0.173565     0.161232   -0.0777697     0.126731    -0.069447    0.0210434     0.187896   -0.0492956     -0.16254   0.00468852    -0.111442    -0.153107     0.126702     0.121652   -0.0371819    -0.261669    -0.173261    -0.140317    0.0983433    -0.192449     0.119596    -0.137545    -0.205195     0.121153   -0.0957185     0.022929
    0.197546    -0.178841    -0.109683      0.20554   -0.0120812    -0.470565   -0.0558009   -0.0394219    -0.119994    -0.136138    0.0311207    -0.212184     0.286315    0.0828225    -0.188078    0.0977555     0.131105   -0.0860949   -0.0168457     0.189152    -0.261475     0.170557    -0.186155     -0.10704    0.0602633   -0.0317021     0.174809    0.0882119     0.152523    -0.201411      -0.3922    0.0101618
   0.0391669    0.0971566   -0.0641873    0.0714328    -0.265065     -0.25088    -0.135721    0.0597662     0.211604    0.0281122    -0.137517     0.213188    0.0300772    0.0990492     0.267232    -0.135907    -0.165053    0.0910762     0.117098     0.299833    -0.249273    -0.150713    0.0603613   -0.0299678    -0.213199    -0.185667     0.387435    -0.534409     0.112796     0.230104    -0.118811     0.426678
   -0.230185    -0.300295    -0.128938   -0.0183647    0.0703946   -0.0656196    -0.115768    -0.143207   -0.0584674     0.155206     0.131146     0.149841     0.176836     -0.14372    -0.191497    -0.408816    -0.168012    -0.238333   -0.0314079    -0.269496    0.0300181    -0.226059     0.268539     0.115947   -0.0416295    -0.236016    0.0976147    0.0889259     0.224179     0.134467     0.195924    -0.214291
  -0.0699937     -0.34812  -0.00411067    -0.249321   -0.0313126    -0.153544     0.153092    0.0965569    -0.142886    -0.102895    -0.206373     0.161994    0.0186005    -0.121956     0.116405     0.135815   -0.0629451   -0.0609978     0.260055  -0.00772569    0.0318533    -0.102639    0.0472308    0.0397505    -0.211392    -0.036053     0.155235    -0.181019    -0.129921     0.201701     0.381677    -0.226697
    0.269036    0.0233177    -0.180779    -0.424861   -0.0196118    0.0652525     0.139942     0.200247    -0.156389     0.208137   -0.0330468    0.0888922     0.073355     0.360436     0.019295    0.0414181    -0.185155     0.409182     0.231936   -0.0658992   -0.0231579    -0.279803   -0.0516087    0.0291282   -0.0105972    0.0200438    0.0736718    -0.149093    -0.256917   -0.0848929   -0.0839947    -0.363459
    -0.18631    -0.151171    -0.328438    -0.111342    -0.116585     0.161728   -0.0909282    -0.330254    0.0220085    0.0717072     0.222254     0.238084     0.130424   -0.0362487     0.310765    -0.083214   -0.0897716     0.283488    -0.110017    -0.168911     0.283233   -0.0701477    0.0568387     0.275261     0.253706    -0.077109     -0.19198    -0.163547     0.378006    -0.187013     0.461931    -0.215179
    0.248733    -0.245629   -0.0958225    -0.102504     0.192579   -0.0681215     0.389772    0.0909341   -0.0152406     0.252755    0.0393248     0.158165     0.158584    0.0713279    -0.134054    -0.159173     0.236816    -0.279589    0.0496487     -0.12573   -0.0879404    0.0404047  -0.00232638    -0.243916    -0.349327   -0.0712565     0.356792    -0.514631    -0.197785   -0.0104895    -0.437744      0.20276
   -0.179189    0.0090253    -0.270099    -0.227189   -0.0691964    -0.209821    0.0260311   -0.0569509   -0.0602578    -0.100338     -0.14998   -0.0378311     0.053875   -0.0705831    -0.187951    0.0664713    -0.209851     0.184426    -0.144608   -0.0823807   -0.0154116    0.0261341     -0.15941    0.0242123     0.257792    -0.112064    0.0467076     0.130876     0.091183    -0.113878     -0.25068    -0.113681
   0.0542663    -0.214026    -0.210442   -0.0252315   -0.0786877     0.119922     0.101563    0.0641967   -0.0726768    0.0339625   0.00617271     0.134696    -0.042668    -0.197319    -0.135706   -0.0883451    -0.276003   -0.0836295   -0.0497302   -0.0271048    0.0193547      0.12362     0.245928    0.0235058     0.225992     -0.36352    0.0183935   -0.0358752     0.173727    0.0269169    -0.216279     0.222621
  -0.0744066   -0.0815348     0.182357    -0.195695    0.0615878     0.238629   -0.0367993    0.0292192    0.0839255     0.049578   -0.0672166    0.0178355    -0.226149     0.282546    -0.109514    -0.101717    0.0246243     0.256728    -0.310678    -0.223202    -0.277393    0.0873606    0.0338887   -0.0564302     0.255664    -0.329134    -0.059043    -0.212029    -0.346031   -0.0859071    -0.267372    0.0499742
   0.0222157    -0.113328     0.163577    0.0332472     0.107411    -0.112081   -0.0312494    -0.181931    0.0739723    0.0587141   -0.0195536    -0.065055     0.193265     0.157357    0.0791026    -0.167065    0.0088802   -0.0400515     -0.11943     -0.18241     0.102858    -0.173346     0.191083     0.234609    0.0166746    0.0978766   -0.0256379    -0.241841    -0.128107     0.133466     0.179423    0.0437551
   -0.354788    -0.235463     -0.28879     0.264472    0.0489479     0.150774    -0.186145   -0.0587735    -0.362988      0.21192     0.290698      -0.1362     0.114893    -0.282824     0.159088    -0.297766  -0.00900479   -0.0324191     0.165955    -0.079718    0.0688763     0.249721   0.00500733    0.0145198     0.194157    -0.179287      0.12602     0.119701    -0.126381    0.0111177    -0.227185     0.268217
   0.0157823    -0.109668    -0.268101    0.0874451    0.0753275    -0.200876     0.209287    -0.191008    -0.190223    -0.186078     0.108113    -0.103701    0.0162421     0.201553    0.0720537    -0.148092    0.0478701    -0.217671      -0.2367     0.149171    -0.060296   -0.0210171    -0.122865     0.195395    0.0548347      0.14809    -0.201436    -0.301024  -0.00712998   -0.0654135     0.378159   -0.0841137
   0.0662604   -0.0659931      0.11971    0.0850756    0.0379103     0.173597   -0.0572138   -0.0177419     0.187701    0.0889277   -0.0226957    -0.165378   -0.0571879     0.165139    0.0748813    0.0935483    0.0121592    0.0883756    0.0486926   -0.0539381    0.0211788    -0.087662    -0.201916     0.117841   -0.0983022    -0.105703    -0.149684    0.0387658     0.200023   -0.0657839   -0.0354352     0.021415
   0.0830454   -0.0754588     0.224737    -0.311963    -0.139508     0.564539     0.159113    -0.498758     0.188655   -0.0344496     0.113637   0.00447132  -0.00119905     0.272077    -0.177917     0.213699    -0.497546    -0.200352     0.155586    -0.378551     0.289553     0.209738    -0.448995      -0.1354    -0.559538   -0.0529077    0.0842752    -0.320564    0.0765124        0.169  -0.00175321     0.072904
   -0.113519    -0.117557   -0.0246286    -0.143603    0.0601911    -0.113608    0.0248303    -0.109382   -0.0845349    -0.321586   -0.0367526     0.207388     0.118408     0.210294   -0.0104677    -0.296761    -0.200579     0.104254    -0.201088    -0.180151     0.420526    -0.140159    0.0640833     0.045073     0.198772    -0.119147    -0.336083     0.110087     0.211444    -0.264477  -0.00752604  -0.00913923
    0.171006     0.100623     0.134831    -0.080097    -0.146011   -0.0508692    -0.192395     0.090251   -0.0431888    0.0471576     0.316367    -0.147382     0.235579    0.0827453    0.0934614    -0.131315     0.243275    -0.150139  -0.00968515   -0.0172662     0.339299    0.0708988    -0.162169    0.0832246    -0.327543    0.0453839     0.193488    -0.228897    -0.194092    -0.053249     0.252954   -0.0381766
    0.106837    0.0122825    -0.137503    -0.204654     0.286216     0.196656    0.0528844  -0.00815925     0.126493    0.0600096    -0.292022   -0.0586318    -0.168428     0.121688     0.180917     0.180883    -0.382698     0.026059     0.188194    -0.213802   -0.0889032    -0.287186   -0.0726581  -0.00297072    -0.210836   -0.0802316    -0.156253     0.062174    0.0219673   -0.0242552    -0.166132   -0.0791672
   -0.337659    0.0443345   -0.0810508   -0.0766651     0.234972    -0.162179  -0.00766521    -0.080385    -0.292946    0.0799595    0.0652227    -0.226312     0.327687     0.217744   -0.0774598    0.0366628    -0.069182    -0.235913     0.231126     0.222049     0.118794   -0.0939492    0.0956612    -0.193113     0.212529   -0.0475983    0.0272312     0.131138      0.16639   -0.0493519    -0.343943   -0.0289209
   -0.250646    -0.246693     0.148027    -0.158713    -0.133434    0.0035781      0.20749   -0.0392165   -0.0527874     0.366347    -0.142647   -0.0676777    -0.234081     0.283559    -0.198689    -0.104695   -0.0503964    -0.139671    -0.147111    -0.345257    0.0659296    -0.158098   -0.0173827   -0.0669565    -0.178738     0.156455   -0.0451029    -0.161555     0.235671     0.158886    -0.109114    0.0919451
  -0.0138038    -0.123875   -0.0122834    -0.313969     0.295905    0.0755865     -0.11958    -0.305467    -0.191086   -0.0115537   -0.0102985    0.0938025    -0.162175     0.284208  -0.00352043    0.0575789   -0.0729255    -0.173094    0.0675952     0.248526     0.234386    -0.116573    -0.183212     0.107636     0.253479     0.242736    0.0672506    -0.231794   -0.0933008   -0.0299121    -0.162655     0.123002
    0.137005    -0.347066    -0.237849     0.114737     0.381106     0.116182   -0.0561626     0.268603    0.0289902   -0.0355384    -0.046602     0.172288    -0.295578      0.26901     0.304962     0.155598   -0.0633954    0.0336901     0.284962     0.258487    0.0760436    0.0388447     0.171327    0.0501849    -0.112114     0.215746      0.28512    -0.232445    -0.208226     0.257544   -0.0341016     0.132196
    0.125924    -0.358358    -0.049052    -0.211761     -0.20107     0.400747   -0.0843679    -0.139657   0.00924772    -0.158965  -0.00222227   -0.0148525    -0.203055    0.0239728    -0.350356    -0.226185    0.0487762     0.163598     0.159891    -0.273725   -0.0852181    -0.223702    -0.157134    -0.120519    -0.137626   -0.0808095    -0.112287    -0.190077     0.100447    0.0831659     0.345427    -0.189024
    0.239887    -0.209472     0.222651    -0.481903   0.00900838     0.105293     -0.10997    -0.225559     0.121315     0.150689     0.060761    -0.204795    -0.194222     0.130815    0.0537232     0.120635    -0.204849    -0.255211     0.154071   -0.0991547    -0.336528    -0.349869    0.0807494    0.0823694    0.0650124     -0.24986     0.232726   -0.0430204     0.188565    -0.174753    -0.193674     0.147807
   -0.013452     0.198485   0.00782894   0.00206151     0.154989    0.0117237    -0.137315     -0.18542    0.0359537    0.0286036    -0.196567    -0.121151    -0.115411     0.168089    -0.109362     -0.13379    0.0939953    -0.154352    0.0801021    -0.214496     0.059799    -0.363008    -0.334152    0.0417338     -0.24783    -0.249237    -0.158615    -0.193208    0.0212095     0.186852    0.0371592     0.134553
    0.269597    -0.185139   -0.0741829    -0.189131    0.0529327    -0.428832    -0.127062     0.160441   -0.0776981   -0.0670589    -0.182195     0.248432     0.278058    -0.169255    0.0810992     0.366765    -0.331956   -0.0729563     0.210157     0.107003     0.128238    -0.228356    -0.100498    -0.163947    -0.238409     0.192582     0.324288   0.00484335   -0.0773952     0.171797    -0.422457    -0.311823
    0.178032    0.0197641     0.249704    0.0032459     0.190578    -0.132408    0.0767831   -0.0795472   -0.0521366    0.0839198    -0.312548   -0.0193711    0.0462086   -0.0840063    0.0171101    0.0476635    -0.162499     0.191667    -0.249108    -0.225971    0.0130501     0.207876   0.00967447     0.200319   -0.0160035     -0.22303    -0.105555   0.00756925    0.0513472     0.107557   -0.0905653   -0.0885656
  -0.0725258   -0.0134904   -0.0510705    0.0100635   -0.0543694     0.278364   -0.0411924      -0.2756    -0.220944   -0.0442478    -0.384835     0.131503   -0.0775248     0.148252     0.126176    -0.202756   -0.0255599   -0.0352549    -0.105695     0.162518    -0.146308    -0.178165    -0.130995     0.149974     0.150605     0.132092    -0.219404    -0.060253    0.0743205    -0.202901     0.126295     0.209002
   0.0739361    -0.210827    0.0876557    -0.307548    0.0285677    -0.202581   -0.0904184    -0.138307     0.210895     0.233669    0.0159924    -0.396163     0.191799    -0.143376   -0.0104253     0.158935    -0.336533    0.0256213   -0.0106022    -0.109937    -0.123721    -0.436699    0.0897659   0.00438426    0.0556925     -0.38895     0.133398    -0.362657    0.0198858     0.256224    -0.436534    -0.179328
   -0.111094    0.0490071   -0.0577127    0.0465168    0.0246098     0.138535     0.250576     0.295157     0.102956     0.162501     0.102589    -0.144977     0.170288    -0.438603    -0.128742    -0.116232   -0.0759411     0.121213    -0.185807     0.252484     0.169862     0.238875     0.126438   -0.0778195   -0.0336476   -0.0619634    -0.244652     0.130183    0.0630145    0.0520815    -0.238607     0.148049
   0.0464678   -0.0695735    0.0754448   -0.0172064    -0.060792    -0.024454   -0.0615921   -0.0273707    0.0864664    -0.110314    0.0461572     0.109102    0.0472041     0.250518     0.039039    -0.198063   -0.0925076     0.155936   0.00435303    -0.103997     0.367737   -0.0269969   -0.0571282    -0.171795    0.0229477    -0.162498      -0.1038     0.234435     0.134151     0.161456    0.0534533   -0.0761225
   0.0764567    -0.246755   -0.0170509     -0.12413    0.0638133    -0.168919    0.0245591    0.0599423    0.0575927     0.124524     0.207015   -0.0419648    -0.148996     0.120695    0.0573842       0.2011       0.1035    0.0228276    -0.124131    0.0594046    -0.111875    -0.228459    0.0468902    0.0376098   -0.0877096  -0.00458471   -0.0539132    -0.154804 -0.000811432   -0.0629054   -0.0276447    0.0329227
    0.296203    -0.189297   -0.0643752    -0.291982   -0.0629612     0.122853   -0.0879084    -0.296653     -0.11099    -0.517565     0.353023     0.334099    -0.125747    0.0200103   -0.0563864     0.198936     0.200448    -0.125446     0.196217    -0.247795    0.0994719    -0.207535    0.0785854     0.144017    0.0480811    -0.180095    -0.041827    -0.412416     0.328495   -0.0424516    0.0386844     0.137243
    0.287036     0.120939     0.311375    -0.184511    0.0997588    -0.151111     0.172008     0.180642     0.055241     0.234685   -0.0686613    -0.382001   -0.0824043      0.12872     0.114912    -0.199982    -0.230028    -0.308518     0.129571   -0.0988482   -0.0233858    -0.197011   -0.0229169    -0.134789     0.125684    -0.487513    0.0924983   -0.0424343    -0.104626    -0.138564    0.0553814   -0.0924802
   -0.153206     0.144895   -0.0732757    -0.332247     -0.10513    0.0014977     -0.18866    -0.029544     -0.04687    -0.109864    -0.185061     0.184309    -0.141846    -0.350987   -0.0593494    0.0740191    -0.229087     0.194227    -0.118013     0.128855     0.170323     0.025645     0.305161     0.317497     0.166278      0.19121    -0.106792   -0.0340185     0.250219   -0.0301846   -0.0577175     0.114458
   0.0826662    -0.146841    0.0585445    0.0298381    -0.123489     0.147128    -0.135006   -0.0724195    0.0591412    -0.115656    0.0273312    0.0337571    -0.359984     -0.16069   -0.0839103    -0.231262    -0.166426     -0.17818    0.0719032     0.020779   -0.0148689   -0.0904092    -0.207765    -0.127043    -0.462476   -0.0602558     0.233717    0.0860878    0.0636608    0.0411498    -0.600103     0.145568
  -0.0527088    -0.327784    0.0386264     0.202667      0.27246     0.329756   -0.0429534     0.183268   -0.0731874    0.0976626     0.137148     0.361767   -0.0655295    0.0799022     0.152555    -0.148962     0.174977      0.37426    -0.204204     0.195186     0.224121    -0.193021     0.143386     0.228644   -0.0312668    0.0139718    -0.274628    0.0452346    -0.183192    -0.185227     0.174615  -0.00893777
 -0.00830432    -0.457656   -0.0560949     -0.32477    -0.389321      0.30512    -0.260513    -0.376088    0.0802489     0.018849     0.136764     0.359674      0.22888    -0.100546    0.0919085    -0.435994     0.201011     -0.20724   -0.0717599   -0.0672095   -0.0177381    -0.103214     0.292953  -0.00192795     0.385998   -0.0722762     -0.26695    -0.344295     0.244696   -0.0687638      0.29407    -0.118515
  -0.0791364     -0.34257     0.147481    -0.261704    -0.024404     0.234593    0.0471936    -0.202987   -0.0501451   -0.0788998    0.0904391     0.311226    0.0112396     0.350868     0.245264    0.0900084     0.139111     0.429476     0.106676    -0.198739      0.56181    -0.221987     0.229568    0.0923118   -0.0590647    -0.186548    0.0600704    -0.188847     0.103579    0.0615027    0.0817229     0.365388
  -0.0369011   -0.0961668     -0.24371    -0.259022  -0.00767932     0.186505    -0.150755    0.0300169      0.23797    -0.247116    -0.242384      0.25288    -0.143123   -0.0354088    0.0583654    0.0953601   -0.0470561    -0.074218   -0.0704316    -0.302124     0.225139    0.0603592     0.234418    0.0755275    0.0170714    -0.409585     0.110345     0.141387    -0.158695     0.249128     0.248782    0.0962117
   0.0915674   -0.0779798   -0.0287988   -0.0194521     0.202958     0.132495   -0.0461311    -0.203722     0.220194     0.216801     0.196482    -0.159818    -0.227235   -0.0917075    0.0445649    -0.132658   -0.0735169    0.0894693    0.0543694     0.101337   -0.0869693    0.0389498   -0.0829632    -0.197572   0.00867935     0.208865   -0.0823347    -0.197324     0.308018   -0.0845669     0.071292    0.0442349
   -0.342253     0.238107     0.118631     0.265839     0.139626    -0.180011   -0.0742149    0.0101677     0.288589     0.539076    0.0277663    -0.220573   -0.0967391    -0.339954      0.49948    -0.147429      0.34548    -0.218282    -0.462696   -0.0604527    0.0062702    -0.190856   -0.0951479     0.308652     0.211644     0.053273    -0.272439    -0.392654  -0.00932702     0.277604    0.0662267    -0.159375
  -0.0671857    0.0135632    0.0272288     0.332419    0.0951418     0.179875 -0.000163037    -0.119674     0.169979     0.440406    -0.357125    -0.357086   -0.0709725    -0.153189    -0.150643   -0.0401345    -0.297023    0.0741956   -0.0188086     0.139699    -0.168427   -0.0156488    -0.162798   -0.0454015    -0.406637    0.0730865     0.514495   -0.0616324    -0.163767     0.291291    -0.081313  -0.00944906
   0.0625914   -0.0973387    -0.349601     0.110023    -0.079984     -0.41478    0.0287806   -0.0376411   -0.0318874    0.0116664    0.0731046    -0.342579   -0.0732008    -0.121673  -0.00490273    -0.277551    0.0255916    -0.420495     0.103919   -0.0837246   -0.0587273    -0.103995    0.0940571    -0.315075     0.123922    -0.279001     0.256305    -0.113393     0.297037   -0.0814695    -0.122763    -0.191521
    0.111973     0.561249     0.205387     0.128197  -0.00233928    -0.135027     0.260058   -0.0652718     0.146085    0.0474952    -0.204788    -0.349136    -0.184436     -0.31994   -0.0731687     0.349482   -0.0190494     -0.24054    0.0431655   -0.0877071    -0.255184    0.0311152    -0.120683    -0.263022    -0.216283    -0.127843   -0.0203634     0.335306      0.13064     0.269652    -0.764676    -0.082073
   -0.297166    0.0294743    0.0461861    -0.120425     0.190192     0.101844     0.141069    0.0443464     0.158936    0.0603622    -0.130854    -0.224358    -0.505983    -0.027527     0.232728   -0.0491357    -0.111907   -0.0303849    -0.320744     0.221493   -0.0947369      0.17633   -0.0987973    0.0426053    -0.055779    -0.329319     0.136972     0.222368    0.0163467     0.108863   -0.0975619    -0.140699
   -0.250187    -0.211141     0.144254    -0.157568     0.170493    -0.110032     0.334142     0.150147    0.0982023     0.179484   -0.0229098    -0.054994    0.0109467     0.175673   -0.0868024    -0.135742    0.0437364     0.339408    -0.183942    0.0193875   -0.0782912     0.116176    0.0278053   -0.0228205     0.259477   -0.0743035    0.0684234    -0.202737    -0.100401    0.0980239    -0.108396     0.127496
   0.0233248     0.188415     0.114548     0.339598    -0.252458     0.476221    -0.201651    -0.105278    -0.182413    -0.248549    -0.280765     0.134001     0.358598   -0.0587528     -0.14163    -0.264639     0.189616    0.0232818      0.04073     0.239797    -0.204642     0.178461    -0.122807    -0.468201    -0.580613    -0.227722    -0.107336     0.206878     0.136223     0.126463    -0.142518     0.198149
    0.175063      -0.1109      0.35386    -0.139742     0.263542    -0.195838     -0.19449     -0.11271     0.123426    0.0986572     0.123917    0.0918515    0.0955681    -0.249256    0.0208015      0.15295     0.048024    0.0210553     0.174111    -0.263572    -0.134728    -0.250111     0.254794    -0.191625   -0.0911911  -0.00515686     0.170968    -0.125113    0.0313862   -0.0982078    -0.402461     -0.01252
