   -0.155853    -0.351546    -0.348577    -0.389321    -0.380146     0.261146    -0.043603    0.0760222    -0.406434    -0.458669     0.150662    -0.279701     0.609382      1.66567     0.113066    -0.509442     0.120178     0.374011     0.424376    -0.190571    -0.374355     0.293881    0.0135531    -0.257464      1.06525    0.0390541    -0.363135    -0.408626      0.55636    -0.939221     0.118548     0.626445
   -0.306071    -0.255703     0.472902   -0.0875888    -0.321209    0.0147905     0.733793     0.564261     0.094033    -0.095449     0.125826    -0.248434   -0.0157993    -0.189772     0.267182     -1.41779    -0.381374    -0.766844    -0.277361      1.36096     0.107327    -0.796335    -0.330387     0.258891     0.834528     0.296754    -0.641742    -0.159842     0.244114     0.249909    -0.356197      1.10994
   0.0622736    -0.186783     -1.12266     0.709612     0.867394    -0.389093    -0.184697    -0.298002     -1.27978      1.38551    -0.174891     0.319079     0.256713   -0.0711517     0.305878    -0.703748     0.624299     0.485991    0.0162721     0.103153     0.587075      1.12718     0.761981      -1.4064   -0.0802717    -0.952479    -0.880645    -0.849426     0.865148     -0.69301    0.0490931     0.403999
     0.29551    -0.252345    -0.321185    -0.436617     0.276226  -0.00565807     0.197676   -0.0370528     0.140244    -0.216773    -0.543649     0.677733    -0.903763     -1.05626    0.0898673    -0.216685    -0.703469      0.40281     0.709686     0.602711     0.411538     0.551544     0.568452    -0.364757     -1.25691     0.163456     0.506545    -0.523549   -0.0948109    -0.228715    -0.135491    -0.641193
   -0.676635     -1.74576     0.332186     0.501396   0.00392699      0.83227   -0.0399243     0.237927   -0.0655258    -0.559861     0.284611    -0.290488   -0.0173551     0.533722    -0.400754     -0.63507    -0.843333      1.10894    -0.967709     0.827151   -0.0513352     -0.46176    -0.382665    -0.742903    -0.810131     0.586252    -0.386278    -0.451891    -0.628082      0.27295     0.369986     0.966846
    -0.28549    0.0759174     0.121886     0.975643    -0.373464    0.0764499     0.603371    0.0182015     0.284284     0.235479    -0.137305     0.502896     0.457698     0.593984    0.0630192     0.250381      1.21039     0.522328     0.125434    -0.213176     0.335335    -0.165439     0.174943     -0.30874    -0.486967     0.175594    -0.346496     0.487763     0.757661     -1.09947    -0.422188     -1.07385
   -0.393028    0.0696778    -0.762717    -0.403812     -1.31647    0.0110558     -0.57852    -0.531544    -0.291597     0.468317     0.622177     -1.61285      0.56117   -0.0705918    -0.460854     -1.17882     0.249218     0.747076    -0.465651     0.365114    -0.255234     -1.01885    -0.259909    -0.956522    -0.651666     0.922235    -0.357709     -1.47458    -0.550489  -0.00152817     0.390896   -0.0117302
   0.0132301     0.271179    -0.227114     0.740738      -0.8293   -0.0666792    -0.480417    -0.690105    -0.601763    -0.630713    -0.107514      -0.2852     0.169115      0.57198      1.01801    -0.100878    -0.129589   -0.0912273     0.516864     0.790235    0.0151217     0.453196    -0.188384    -0.567313    -0.269629    -0.130044    -0.142069    0.0143119     0.156375    -0.704712     0.204026     0.958612
   -0.860503    -0.604051     0.774631    0.0919692    -0.674649     0.970585      0.27411    -0.504518      1.19662     -0.36313    -0.489507      1.12963    0.0619914    -0.261978     0.239837     0.113987     -1.30072      0.61363    -0.466679    -0.253935    -0.732001     0.206963    -0.176066     -1.57273    -0.429531      1.32621     0.368676     0.368319     0.463839     0.824398     0.727961     0.768578
   -0.302143    -0.907779    -0.667909    -0.428653    0.0287838    -0.540033      0.89254     -1.58978    -0.245381    -0.510915      0.11865    -0.113908     -0.27234    -0.271948    -0.151452    -0.453728     -1.41897     0.815388    -0.316123     0.293876    -0.781388      0.33701     0.679961     -0.33246    -0.367629     0.220359    -0.521551    -0.478816    -0.514885      0.55302     0.120522      1.12235
   -0.715616      0.47329    -0.635324     0.947695     -0.55308     0.209674    -0.279416     0.371911    -0.402213     0.866988     0.299006    -0.493828     0.447201     0.671408     0.609255    -0.111052     0.396147    -0.374299   -0.0637372     0.448957   -0.0690993    -0.892436    -0.661094    -0.247319  -0.00599453    -0.175089    -0.772784     0.486107    -0.207807     0.555225     0.116483     0.875821
   0.0353457   -0.0906521    -0.816475     0.559653     0.575223    -0.840193    -0.111983     0.661829     0.238724    -0.667249     0.565845     0.657087    -0.815146     -0.17289      1.06353    -0.766203    -0.797895    -0.453106     0.177302     0.077826      1.47541    -0.271355    -0.238674    -0.594987     0.241534    -0.354606     -1.23053     -1.30464     0.581794    -0.325504     0.473428    -0.345519
   -0.533283     0.286681     0.140282     -0.25365    0.0370521     0.193974     0.272633     -0.12251    -0.490341     -0.10915     0.639471    -0.404847    -0.912687   -0.0862472     0.151251    -0.753432    -0.168415    -0.387494    0.0957776     0.693164     0.470465     0.199638    -0.470972     0.209513    -0.420244    -0.265795     -1.07967    -0.509944   -0.0839467   -0.0396832    -0.235686    -0.105677
    -0.13927      0.89778    -0.229181       1.0948    -0.379167   0.00781489    -0.490787     0.418631    -0.782078     0.593029     0.334534     0.219569      1.17279     0.548564    -0.992868     -0.21944     0.786649     0.171732    -0.143862      1.10499     0.737281   -0.0887148    -0.223528    -0.822533    -0.176749     0.243868    -0.991667    -0.899465    -0.389481     0.153677     0.122001     0.482789
   -0.463876    -0.119034    -0.881869    -0.164532    -0.134985     0.102736    -0.416739    -0.398451    0.0575361    -0.315514    -0.134958     0.161848    -0.347534     0.955856      1.39328     0.043632    -0.736107    -0.924938    -0.962642    -0.648646     0.418551    0.0778484    0.0635184      0.46641     0.627902     0.384443     0.580836      1.32867      1.49332     -1.00153     -0.71018     0.811088
   -0.672767      1.97796    0.0933875     -1.37111     -1.52576    -0.923742      1.82032    -0.165037    0.0322694     -1.24464      1.41845     0.411233     0.708715     0.207449     0.277969     0.212972    -0.722999    -0.449673     0.324237     -0.90234    0.0933414    0.0456736    -0.708773     -1.09115      2.07839      1.26246    -0.003851    -0.165072     0.862739      1.09036    -0.359147     0.356363
   -0.282811    -0.868845    0.0356355    -0.560305    -0.162366     0.157976    -0.212462     0.599078     0.316171    -0.887597     -0.27974    -0.536009       1.0596     -0.21316     0.633805     -0.62968    0.0814986    -0.757164    -0.515949    -0.648744    -0.530449    -0.545335    -0.354487     0.672592     0.331578     0.466801     0.336692      0.41853      1.20556    0.0108154    -0.469731     0.312345
    -1.14966    -0.968425     0.439367     0.737531    -0.199458     0.012294    -0.496906      1.01673     -1.44426     0.664149      0.39788    -0.851759     0.155797     0.408831      1.55319     -1.68911     -1.04874     0.159084    -0.483052     0.918203     0.595924    -0.180512     -1.04089      1.39511    -0.137359    -0.405679    -0.576635    0.0707625    -0.192762    -0.350059    -0.691666     -1.09555
    -1.62827     0.640421      0.31187      0.29528     -0.22328     0.463422    0.0493444      1.24383     0.220837   -0.0741903     0.304042     0.348953      1.83289    -0.293828     0.520225     0.888364     0.445685    -0.212129    -0.241224  -0.00687762     -1.29103    -0.847216    -0.525948    -0.176984    -0.550941      1.31769     0.514973    -0.293283    -0.760942      1.53678     0.213086      1.03718
    0.372681    -0.736709    -0.796793    -0.522658     0.443885     -1.12922     0.100912    -0.394325    0.0640142    -0.068285 -0.000947622    -0.746827     -0.37032     -2.08065       1.2669      -1.0828     -0.34066     0.237646    -0.238846     0.354864      1.25781     0.858484    -0.194907    -0.308453    -0.972058       1.1744    -0.213141     -1.45204    0.0374682     -0.17349     0.262874     0.528704
   -0.267571    -0.926685    -0.212668     0.858264   0.00198923     0.317752     0.772941   -0.0630559    -0.322657     0.167813     0.185931     0.204528     0.238974     0.196189     0.120324      0.23965     0.486218     0.174619    -0.234398     0.234119     0.395198    0.0121891     0.455967     0.483844      1.15342     0.407748    -0.290756   -0.0982732   -0.0156931    -0.848202     0.326819     0.415985
    -1.49361    -0.891599     0.485966     -1.14908    -0.985647     0.320178    -0.547691      1.27947      1.50178     -1.68245   -0.0913225    -0.763153      -1.3227      1.23803      0.73708     0.154917    -0.269793     -1.42185      0.57234    -0.224451     0.837463     0.560349     -1.62292    0.0700547     0.887868     0.962163    -0.401084     0.737788    -0.233266       1.2731    -0.468381      1.14886
   -0.474445   -0.0341105     -1.05723     0.988596     0.409192     0.428734    -0.012502     0.071734    -0.544287     -1.27347   -0.0182389    0.0582764    -0.268706   -0.0554649      1.28283   -0.0626498    -0.906176    -0.247306   -0.0151549     0.639803     0.521203     -1.00723     -1.43609      1.59302    -0.601563      0.09543    -0.596798     -1.01731    -0.397653     -1.23224    -0.372365     0.410692
   -0.770488     0.681803    -0.872252     0.100382    0.0320317     0.112593     0.622904     0.344679    -0.203068    -0.684378     0.145461    -0.275372     -0.33363     0.974303      1.78023      1.65221     0.709529   -0.0454122    -0.392878     0.621888     0.324641     -0.51123    -0.591808    0.0163085      1.06584      1.04331     0.168663      1.35822     0.379632     -0.69641     -1.08625    0.0344524
    0.933124    -0.308153     0.294245     0.462348     0.287982     0.156695    -0.392652    0.0347258     0.978826    -0.839154    -0.244434    -0.569037     0.327581    -0.216109    -0.451703   -0.0533661     -1.03472      0.86851   -0.0498918     -0.15606    -0.304011     0.948607     0.675829     0.578983     -0.60884     0.724131    -0.595806    -0.135063    -0.221553     -0.52993    -0.420806    -0.183214
    -1.07985    -0.935394    -0.690245    -0.788989    -0.601893     0.261957    -0.363142     0.206455    -0.892456    -0.225464      0.45322     -1.14831      1.33918     0.315158     -1.27113    -0.676335    -0.789462     0.618797     0.536939     0.775524      1.04273    -0.221488    -0.168407     -1.17203     0.545067     0.766015    0.0389132    -0.242153    -0.922672     0.656387      1.11036    -0.339902
     1.21242     0.705339    -0.854638     0.111287     0.210608   -0.0517378     0.110679    0.0188923     0.638226      0.13561      1.00786     0.331224    -0.498341    -0.700991     0.648137    -0.213033    -0.168367     -0.14927     0.455652     0.523227     0.210608     0.202467     0.525563     0.608561     -1.21347    -0.483359    -0.933653    -0.870912    -0.210171     -1.02336     0.522555     -1.03029
    0.214936    -0.039081     -1.02159    -0.622727     -1.26461     0.085142     0.233631     0.636514    0.0681134  -0.00548562     0.284033     0.361824      0.52424      1.57377     0.581368     0.781965     -1.06386    -0.264063    -0.312424     0.812394     0.136492     0.071128     0.404956       0.2787      1.75253    -0.394318     0.275565    0.0458978     0.067564    0.0629474    -0.217869     0.437786
  -0.0106726    -0.918308    -0.431077    -0.900611    -0.826708     -0.93761     -0.68781    0.0950826    -0.518058     0.113037     0.948215     -1.87824    -0.141917    -0.222004     -1.64155   -0.0212214    -0.368654    0.0100809    -0.280974       1.0881      1.01751     -1.67041     -0.80959     -1.68964    -0.899535       0.9694    0.0562472     -1.12584    -0.612179      1.49665    0.0731866    -0.305657
   -0.429668     0.411649    -0.537754    -0.275071     -1.23841     0.413128    -0.212481     0.395067     -0.49778      1.00683      1.01657    -0.147066    -0.350659     0.037109     0.773886     0.974603     0.829449     0.478513     0.512017     0.635964     -1.13348    -0.446571    -0.460201      1.32729     0.227782    -0.914578    -0.178829    -0.979158     0.508857    0.0511601    0.0759125     0.796457
   -0.208448     0.440913   -0.0274484     0.060797    -0.747392    -0.518588      1.14009      1.00922    -0.482276     -1.68367     -1.11165    -0.230126    0.0599391     0.251938     0.631646     0.279296     0.295414     0.220854    -0.068501     0.530055    -0.444869    -0.632087     0.233259      1.29484     0.916734      1.39769     0.152144    -0.310973     0.192142     0.762966    -0.374262    -0.152227
   -0.889108     -1.78485    -0.166873     -0.46472     0.233606    -0.147732     0.203618     0.177516     0.416258     -0.10267     0.151076    -0.928163     0.722523   -0.0738972    -0.033155    -0.184264     0.545638    0.0630166    -0.326291      1.38876     0.341662    -0.751804    -0.347829    -0.594779     0.164342     0.611283   0.00553829     0.393881    -0.847303   -0.0808278     0.977751    -0.396702
