-0.947173
-0.975072
-0.610608
-0.400832
-0.660815
-0.754022
 -1.30512
 -1.92289
-0.474096
-0.706816
 -1.88331
-0.715578
 -1.16242
 -1.22072
 -1.52985
 -1.25813
-0.908299
 -1.09812
 -1.39779
 -1.32794
-0.170327
-0.579483
 -1.28075
 -2.28484
 -1.34815
 -1.33031
-0.936491
 -1.39286
-0.689556
 -1.84361
-0.382343
 -1.11693
 -1.40388
 -1.83322
 -2.22539
  -1.2591
-0.516551
   -0.678
 -1.17416
 -1.04723
 -1.06138
 -1.65521
-0.511364
   -1.032
 -1.05349
-0.426857
-0.569195
 -2.82359
-0.850525
 -1.95925
 -1.04717
-0.722054
 -1.16309
 -0.66136
 -2.12123
 -1.03653
-0.723158
 -1.93175
-0.520561
 -1.08393
 -1.89952
 -1.29869
 -1.16687
-0.624888
 -1.01809
 -1.45444
-0.934221
-0.476472
-0.875054
 -2.65192
 -1.23412
 -1.31484
-0.705017
 0.243367
 -1.35455
 -1.11003
-0.939015
 -1.36673
-0.491563
 -1.44269
-0.668583
 -1.21091
 -1.43957
 -0.89371
-0.786469
  -1.2422
-0.915828
-0.694708
-0.447136
 -1.22201
 -1.22575
-0.940844
-0.926042
-0.556192
 -0.93868
 -1.34903
 -1.00214
 -1.48109
 -0.83583
-0.371867
-0.951236
    -1.11
-0.685012
 -2.50331
 -1.01344
 -1.23543
 -2.20356
  -1.6238
  -1.6926
 -1.73816
 -1.26833
-0.583998
 -1.83416
-0.615857
 -2.13926
 -1.31744
 -1.43167
  1.86424
 -1.47566
-0.860965
 -1.24298
 -1.10768
  -2.0606
 -1.91717
 -1.49655
 -0.80977
 -1.70094
-0.134372
