   -0.387275     0.150896     0.116109   -0.0263083      -0.2646    -0.979701     0.152169   0.00151307   -0.0680304     0.331606    -0.395931     0.430581    -0.171567   -0.0596284     0.523403     0.449242     0.311666     0.262896   -0.0799795     0.278118     -1.10736    -0.253859     0.087735    -0.020996    -0.344204    -0.633479    0.0216909     -1.09388     0.533618   -0.0699916    -0.531893     0.261303
   -0.130088      -0.3617     0.671338   -0.0160778     0.356111    -0.348552     0.735539      1.31849     0.797352    -0.204292     0.105392     0.480096     0.381404     0.287639     -1.02987      0.67985     0.294994     0.639369     0.404228      1.43542     0.497236     0.192598     0.734109     -1.02298     0.702426    -0.116169     0.396652     -1.09539    -0.953599      1.44466     0.079001     0.227434
      0.2623    -0.547626      0.15153     0.492741      0.47607     0.508263      1.56111    -0.420631    -0.416048    0.0600992     0.341769    -0.373907     0.207235     0.356534      0.29466    -0.772383      1.38467   -0.0811547    -0.836405    -0.347597     0.425816      -0.8453   -0.0862848    0.0520679     0.200851    -0.330227       0.1909     0.529037    -0.653899      1.62399    -0.867576   -0.0275212
   -0.152177    -0.170042    0.0458764     0.380493  -0.00905821     0.860891     -0.30867     0.677328     0.925029     0.444142    -0.145052     0.895839    -0.113113    0.0725568   -0.0621476     -1.42487    -0.309708    -0.304028      0.28336      0.38008     0.381498     0.246545    -0.234676    0.0187355     0.262815    -0.836439     0.121505    -0.270282    -0.444468    -0.602407     0.230591      0.14293
   0.0533139     0.142485    -0.129963    -0.137826    -0.275027    -0.315113    -0.323256    -0.521272    -0.580275     0.374105     0.291206    -0.244677    -0.615385    0.0682442     0.313466     0.334142     -0.24753   -0.0559864    0.0464053    -0.158344     -0.59646    -0.244694   -0.0400849   -0.0194604    -0.552591    -0.145724    -0.143012     0.455893     0.124331     -0.20487     0.149397    0.0292725
   -0.784194    -0.163609    -0.753666     0.127863   -0.0137542    -0.066366    -0.400851   -0.0345196     0.594561      1.00102    -0.245135    0.0757337    -0.402407    -0.469697     0.100065   -0.0454173    -0.429059    -0.688227    -0.433837    -0.905647     0.328232    -0.152634    -0.595709     0.317928     0.921236    -0.912292   0.00504108     -0.10615     0.562909    -0.362948     0.419122    -0.702083
     1.11812     0.479963     0.872989     0.163803    -0.555592    -0.197166       1.5414    -0.757624    -0.332956     0.021115    -0.352655   0.00671254     0.467846     0.310686    -0.614966    -0.425332      1.48397      1.90943  -0.00384383     0.901184    -0.179863     0.383499    -0.162319    -0.279961    -0.748163     0.251988    -0.351681     -1.01112     -1.61538      1.48249    -0.181594     0.651815
     1.71498      1.64979     0.143185    -0.193022      1.61948     0.120788      0.66808     -0.77648    -0.159173     0.450585     -0.29464       0.6036    -0.308554    -0.134618    0.0394452   -0.0174659     0.328744     0.424469    -0.417568     0.519614     0.973959      1.16145     0.888269     0.456306     -0.66608    -0.321662    -0.752347     0.337742     0.383838     0.675765    0.0057641    -0.659864
   -0.491887     0.428542      1.12434     0.250479    -0.890825   -0.0399389     0.547406    -0.327929    -0.211559      1.09674     0.380596    -0.291385     0.314442     0.478229    -0.400144    -0.681661     0.847008     0.358479    -0.294825     0.656674    -0.112313    -0.489814     -0.65741     0.568319     -1.07349      0.12062    -0.380159    -0.156816   -0.0701883     0.717776     -0.66026    -0.141762
    -0.90652     -0.15787     0.373668   -0.0852877    -0.863837     0.515521     0.407796   -0.0226706    -0.190481     0.938445   -0.0355659    -0.615356   -0.0409597     0.182795     -0.21475    -0.182764  -0.00981586    -0.738331    -0.424467    -0.372789    -0.251448    -0.550619    -0.395524   -0.0353099     0.277459     0.175212    0.0713611     0.216542     0.445919     0.290985    -0.168835   -0.0931272
    0.878662    -0.366641    -0.931043    -0.598694      1.62814    -0.237882    -0.610307    -0.547075      0.66682     -0.60952    -0.199599     0.196897    -0.319269     -0.37487      1.06759    0.0441357     0.483648    -0.676706     0.476338     0.166316    -0.646644     0.121048    -0.457684     0.114401    -0.741089    0.0242687    -0.934036     0.402094     0.175522     0.480957    -0.363238     0.745606
  -0.0431865    -0.604808    0.0232546      0.40173    -0.111463    -0.776459      1.97184     0.249072    -0.434768    0.0178653    -0.180252    -0.328501     0.236031     0.225331     -1.16284     -1.44441     0.767413      1.21051    -0.565529      1.34923     0.249607    -0.894757    0.0197859    -0.518706      1.21491    -0.083501   0.00790621     -1.55094     -1.30137     0.463114     0.101455     0.203598
   0.0814089      0.97548    -0.653698    -0.547294     0.489508    -0.600449     0.551944     -0.15191     0.362872      1.09983    -0.546871    0.0425635     -1.18776    -0.715384     0.753913     0.711202    -0.416487    -0.352433    -0.495645   -0.0511388     0.535037     0.364916    0.0958472     0.386606    -0.680458     0.255425    -0.190253    -0.697834      0.29306   -0.0730817     0.242346    -0.356472
    0.514481     0.160158     0.538154    -0.496338     0.054292     0.217913    -0.422072    -0.595035    -0.198702     0.748515     0.252657    -0.188827    -0.198238     0.491216      0.16093    -0.091567    0.0547263    -0.114112    -0.201664    -0.159063     -0.47415   -0.0859573     0.727833      0.44605    -0.613049    0.0715549     0.170956    -0.236422      0.36846   -0.0527595    -0.449929    -0.382028
    0.354514     0.638729    -0.553188    -0.209352   -0.0804552     0.628175    -0.137819   -0.0205615     0.116759     0.555117     0.136189     -0.47082   -0.0996067      0.27376     0.235727     0.636906  -0.00475755     0.637616   -0.0133943    -0.238384     0.836509    -0.183081    0.0206938      -0.3619     0.416843     0.361313    -0.158564     0.622075     0.830726     0.134439     0.172567   0.00259705
   -0.407879    -0.494936    -0.119086    -0.771614  -0.00797434    -0.769977     0.293905     0.446779       0.4708    -0.275368    -0.317509     -0.30761    -0.951576    -0.627044    -0.524068     0.817525     0.797977     0.542388     0.152484     0.591946     0.102601      1.39537    -0.156329     0.251009     0.266188     0.770624    -0.547209    -0.406756    -0.506405    -0.571014    -0.348073    -0.172393
    0.452251     0.289076    -0.059016    -0.931312     0.457684    -0.292691     0.185165    -0.337729    0.0398074    -0.462289    -0.119804     0.687772     -1.66425    -0.352732     0.469279    -0.380697     -1.15111    -0.177429    0.0139142    0.0812156     0.302785     0.451424     0.263373      0.45587    -0.643112    -0.339707    -0.446616     0.510658   -0.0383688     0.151631     0.268348     -0.11911
    0.413146     0.673151    -0.628075    -0.699601     -0.43119      -1.2152     0.225924    -0.518077     0.169048    -0.341327     0.622112     0.025904     0.233358      1.12043      0.53848    -0.258294     0.126027   -0.0539189     0.255215    -0.800555    -0.199492    -0.729059    -0.649978    -0.664604     0.283449    -0.205971    -0.424494    -0.299742     0.048729     0.576454     0.156902  -0.00802641
    -1.37688     -0.51264     -0.59691     0.370798     0.447391     0.258933    -0.460154      1.73923     0.282449    -0.446391    -0.186573    -0.708702     0.264937     0.491932    -0.606933    -0.597371    -0.384858     -1.00575   -0.0706754    -0.890613     0.316611    -0.958308    -0.402563     -1.09151      1.79093    -0.892608     0.712794    -0.256585    0.0479891     0.324607     0.586234    -0.104791
   -0.212199     0.289224   -0.0325147    0.0329124    0.0366319     0.137214    0.0405464    -0.129994     0.326623   -0.0873918   -0.0225725     0.124924     0.175209     0.052778   -0.0579184     0.298427    -0.172332    0.0831251   0.00982577    -0.112291     0.349612      0.31222     0.177892     0.247702    0.0815917     -0.18215     0.122875   -0.0998919     -0.23959    -0.164321     0.386426    0.0279296
   -0.416269     0.263591    -0.193557     0.280232     -0.14192      0.28828     0.608074     0.949925     0.240756     0.296498    -0.710977     0.182369   -0.0749131     -0.27598     -0.40852     0.871879  -0.00111308     0.449387     -0.40376   -0.0651018     0.673851    0.0932545     0.226176    -0.237623  -0.00681454   -0.0656855     0.629689     0.283871     0.848689    -0.167227    0.0245475     -0.34316
    0.603175     0.260006     0.954872    -0.168592    -0.195137     0.352978    -0.167554     0.400697     0.287503     -1.46358     -1.91183     0.184776    -0.272109    0.0673033      1.29703     -0.51403    -0.659942     -1.21248    -0.169267     -0.24716     0.506352     -0.39958    -0.387076     0.528383     0.964615      0.16821     0.889228      1.16251     0.634028      1.74786     0.208896     0.384599
    0.166704     0.179984     0.492273     0.440778    -0.307624    -0.312276    -0.535396     0.430321    -0.484925   -0.0551649    -0.168009    -0.440939     0.549632    -0.584784     0.554801    -0.604176      0.28518    -0.164836     0.618794    -0.130932   -0.0926104    -0.131943    -0.267436     0.728395    -0.338208    -0.605108    -0.114644    -0.582861  -0.00724618    -0.718447    -0.502867     -0.32444
   -0.197975     -1.25711    -0.205812     0.252565    -0.254153     0.147862      0.45235     0.341526     -0.43356     0.959328    -0.537246     -1.01601    -0.200935    -0.681977    -0.614732     0.659645    -0.869123      0.77917     -0.25131    -0.788409    -0.739551    -0.857496    0.0911683    -0.193278      1.02945    0.0801194     0.583826    -0.245132     0.158393     0.371183      0.55476   -0.0353214
   -0.310422    -0.866011    -0.338092     0.179177    -0.390595     0.350871    -0.845536   -0.0344846    0.0521078     0.223203     0.711285     0.197276    -0.153978    -0.294029     0.268339      1.08024   -0.0657318      0.19966     0.464175   -0.0989649     -0.69766     0.219439    -0.289624    -0.082108      1.46258       1.3535    -0.392919   -0.0783906     0.304915     -1.53391      0.74958     0.207584
   0.0962683      1.14975     0.263781    -0.624613    0.0617012     0.388458      1.32563    -0.571315     0.435292     0.508505    -0.427512      0.14409    -0.994096     0.407059     -0.43229     0.428259     -0.41338    -0.499458    -0.333233    -0.908865     0.720015    0.0828943    -0.318006     0.114117    -0.942554     -1.10337   -0.0715951     0.414407     0.824147     0.218596     -0.34089    0.0457434
     0.33399     -0.48469    -0.675183    -0.642413     0.832761     0.104063      1.04061    -0.490275      1.31248    -0.445477     0.344609     0.455957    -0.938619    -0.326103     0.501663      -0.0946    -0.635697      1.35573    -0.378789     0.381858    0.0148777     0.217841    -0.179958    -0.714098     0.555597     0.737599     -0.35887     0.277125    0.0385403     0.580857      0.03754     0.712522
    -0.51028    -0.505289     0.313028     0.514562     -0.67027     0.146117     0.282365      1.70545    0.0538052     0.201929    -0.386716    -0.878362     0.611234      0.12367    -0.140567     0.814159      1.19441     0.212388     0.150608     -0.14086    -0.865318    -0.623255     0.126535     0.302141      1.13968      1.09064    0.0863862     0.366468      1.02557    -0.528712     -0.79632    -0.479429
     0.40436    -0.128109     0.292737    0.0593603      1.57258     0.208025     0.409274    -0.107521    0.0578598     0.365801     -1.35451     0.589503     0.427329     0.242273    -0.226475    -0.109358     0.250857     0.317161     0.561942     0.457871    -0.336702     0.172315     0.971229    -0.201847     0.552763   -0.0801609    -0.531886     0.441399     0.156013     0.306088     0.825733     0.757985
   -0.141582    -0.389693    -0.468444     0.547519     0.931793     0.922127     -0.40514     0.232474    -0.667775    -0.132237   -0.0614919     0.484581   -0.0376922    -0.706732     0.739992     0.226702    -0.467522     0.293724  -0.00382913    -0.484996     -1.15729    -0.452534     0.598905     0.359071     0.680369     0.383904    0.0464626      0.28068     0.381635    -0.523632     0.269283    -0.304505
  -0.0960199    -0.120924   -0.0178327   -0.0512049    -0.230596     0.278579   -0.0643022     0.330055     0.128195     0.374202      0.13004     0.490149    -0.166313    0.0285701    -0.170309    0.0847627     0.356023     0.233622     0.172596   -0.0632385    0.0225759     0.742593     0.389787    -0.335038     -0.80942    0.0400283     0.657687     0.884999     0.313296    -0.201675     0.428207     -0.34929
    0.877092     0.835157    -0.126554    -0.516504     0.607357     -1.50805     0.546663    -0.553999      1.11246    -0.924197    -0.727184      1.10071    -0.739561      1.04011      0.84318    -0.430584     0.112156    -0.239574     0.746255      1.33379     0.988508     0.384705    -0.525524    -0.618561     -1.44103    -0.403261     0.184421    -0.493996    -0.991734       1.3414    -0.772752     0.959955
    -0.28112   -0.0992222    -0.341539    0.0147412    -0.440075    0.0328017    -0.281111     0.260069    -0.483499    -0.346153     0.453642     -0.79811     0.620887   -0.0101621    -0.340456    -0.507837    -0.136169    -0.243783     0.448375   -0.0822227    -0.433846    -0.238206     -0.45198     0.339474    0.0126188    -0.233707     0.394492     -0.43259     -0.19538    -0.782175    -0.670526    -0.237474
     0.31448      -0.5942      0.34937    -0.841778    -0.600512     0.363997      1.71212    -0.367454    -0.520324     -1.14301    -0.248711    -0.227387      -0.7605     0.170209    -0.321519     0.797203      1.31133      1.47658     0.156742     0.842439    -0.145903     0.551924    -0.447741    -0.113439    -0.659372      2.03444    0.0305664    -0.527206    -0.827051      0.65324    -0.727017    -0.416954
   -0.448945     0.660608       1.2389    -0.017386     -1.05315     0.181614    -0.851609     0.615431    -0.470529     0.830343    -0.429581     0.550631    -0.746292     -1.12966     0.587011   -0.0523186     -0.34162    -0.721766     0.130925        1.278     0.234546      1.03053    -0.248674     0.889527    -0.583347     0.206496      1.04544     0.543078     0.126111    -0.639973      0.20009   -0.0991285
    0.296125      0.16693    0.0974613     0.154355     0.314138    0.0663406    0.0617408    -0.142804   0.00870867     0.168509     0.183044     0.635939    -0.501671   -0.0758539    -0.208931    0.0522253     0.351448     0.346269     0.110674     0.256217    -0.470893      0.35624    0.0107629    -0.192428    0.0398789     0.150483   -0.0345603     0.747175    0.0530019     0.165985    -0.236324   -0.0766846
    -0.21416    -0.525905     0.943306    -0.565382    -0.477008      1.04839     0.155254     0.747881      0.18273      -0.7096    -0.728993     0.137477     -0.36822    -0.640365    -0.693573      1.43682     0.636348     0.252699    0.0760847      1.11211    0.0685384      2.36554     0.805221     0.590309    -0.866192      1.46762     -0.32596    0.0365127     0.347663   -0.0632118    -0.599826    -0.615856
    0.138147     0.594564      1.10066  -0.00586171     -1.24106    0.0455333      1.58186     -1.52469    -0.517875     0.205019    -0.480559     0.927101     0.523155   -0.0952445    0.0032395     -2.09733     0.106433      0.33742    0.0445748       0.6131   -0.0225857      1.32245    -0.158076    -0.155708     -1.18839     0.202034     0.692641    -0.680409     -1.20533     0.632491    -0.678306     0.200336
   -0.198664    -0.189822     0.330614     -0.36024     -1.31587     0.562156     0.903265    -0.140684   -0.0229021     0.637017    -0.477601  -0.00104716    -0.583811     -0.50101    -0.689112     0.396486     0.633432     0.808778     0.299964     0.412511     0.413264      1.24159     0.304051     0.616698     0.118293       1.2883    -0.324968     0.643047     0.246154    -0.791546    -0.291759     0.176888
   -0.391577     0.566633     0.113999     0.293513     -1.22831   0.00925489    -0.708595     0.527744      0.15003     0.217772     -0.14962    -0.157526      0.59961     0.986669    -0.233065     0.337263      0.34047     0.163392    -0.316093    -0.634721    -0.313443    -0.736004    -0.372149     0.297033    -0.669957    -0.521944      0.25711     0.175224   -0.0984916    0.0981934     0.205603   -0.0844742
   -0.465534    -0.310016    -0.711826    -0.804718     0.364741      0.14225      0.31876     -0.34721    -0.528382    -0.294545     0.124206    -0.357134    0.0946715     -0.56839    -0.237719     0.272301    -0.405847     0.253746    -0.288258    -0.769252    -0.612818    -0.747826     0.276736     0.228345    -0.223863     0.709847     0.430419     0.573502    -0.261859   -0.0268128     0.448924    -0.388239
     -1.0146    -0.259686    -0.164224    -0.181789     0.416934     0.175085  -0.00195491     0.341411     0.412141     0.185641    -0.396541    -0.491873    -0.295098      0.56064    -0.149878   -0.0542017     0.168044     0.897959     0.488547     -0.38268    0.0093787      -1.0008    -0.372055    -0.511354      1.10878     0.193866    -0.620138    -0.746459     0.507636   -0.0299844     0.274203    -0.402902
   0.0427928    -0.540522     0.274868     0.811409      0.41884     0.226492     0.312436     0.348513     0.221633      1.03274     0.919845    -0.478702     0.671431     0.431306    -0.253451     0.151039      1.52176      1.20264   -0.0898312    0.0337134    -0.496626    -0.165386     0.619834    -0.395268     0.554934   -0.0518411   -0.0895591     0.573361    -0.402984   -0.0394348     0.581074     0.753786
     0.76038   -0.0117531      1.18683    -0.432383    0.0493172     0.617178   0.00218751    -0.703227     0.164219    -0.155185    -0.273329     0.854533    -0.202372    -0.182794    -0.530271    -0.635193      1.00908    0.0957423   0.00285965   -0.0430666    0.0692927    -0.230584     0.294435     0.523922    -0.101808     0.341282      0.51416     0.510626    -0.217206     0.190781    -0.210282    0.0619019
    -1.53547    -0.348108     0.610076     0.357732    -0.190504     0.247548     0.855403     0.276679    -0.253654      1.32437    -0.196154    0.0232099     0.944429    -0.101435    -0.274518    -0.757082    0.0951735    -0.363675    -0.349485     0.248421     0.159242   -0.0717305     0.490166      1.21249     0.966222     -0.60491      1.43018    -0.389695    -0.132337    -0.144522    -0.417397    -0.155289
   0.0255647    -0.262518      0.21541    -0.372532    -0.458069    -0.159927     0.427305     0.279676     0.592984    -0.176115    0.0464827  -0.00663435    -0.431824    -0.218346     0.185878   -0.0646287     0.291062     0.170681    0.0437277     0.441176    0.0823856     0.305639    -0.120783     0.411348    -0.272375    0.0298792     0.193039    -0.484842    -0.237079    -0.476707    -0.180368      1.04601
    0.219192    -0.699815     -0.83962    -0.373099    0.0956393    -0.148192     -0.31073     -1.21905    0.0451894    -0.452337     0.294543     0.575576    -0.744321    -0.410722    -0.177795    -0.899304     0.332768     0.502252     0.270801   -0.0868766     0.167521      0.41456     0.206398    -0.900294    -0.772677     0.248571     0.142793    0.0998148      -1.4755     0.463886     0.328357     0.306016
    -1.02828    -0.135508     -0.20953    -0.139839     0.326647     0.794755   -0.0885099     0.993158     0.721225     -1.26883     0.220329     -1.22185      1.03086      1.38833    -0.684013      1.18185    -0.867341    -0.675982    -0.304068     0.112798    -0.366781     -1.48276    -0.805518    -0.281999    -0.324873    -0.069769     -1.01892     0.787862    -0.352274      1.27607    -0.191478     0.635019
     1.26261    -0.384931    -0.659613     -1.18416     -0.63762     -0.48977     0.655197    -0.412403      1.34518    -0.436541    -0.385381       1.2198     -1.12224     0.374401   -0.0370291      1.13629    -0.216606      1.56184     0.231649    0.0776987      0.37443     0.351848     0.319372     -1.18545    -0.294632     0.808442    -0.267296     0.664232    -0.625436      1.74192      1.61158      1.34435
   -0.310088     0.125117    0.0985252   -0.0517891     0.258822     0.149446    0.0228983     0.159554    -0.760293     0.387319     0.278091    -0.902126    -0.360773    -0.194544    -0.564718    -0.886384     0.646537    -0.283569     0.224854     0.223214    -0.073192    -0.164236    -0.681479     0.843699      0.36128    -0.250533     -0.58863    -0.140609     -0.22939     0.538755    -0.592002     0.607691
   -0.641138     -0.53351     -1.19556   -0.0707324    -0.224956    -0.460278     0.563103    -0.434978   -0.0903426      1.19874      1.37887     0.893846     0.379068    -0.425057    -0.687524     0.133609     0.225559     0.819557     0.129658     0.319418     0.106518     0.334323     0.132219     -1.44485     0.246253     0.814992    -0.588318    -0.621601    -0.457595     -0.95794    0.0382058     0.297032
  -0.0389131    -0.284615     0.518573    -0.297337    -0.632731    -0.639652   0.00213585   -0.0430605    -0.181272     0.464666    0.0637415     0.834771    -0.337652    0.0467539   -0.0603746    0.0489176     0.216472     0.291956   -0.0749533     0.376118     0.578591     0.799217     0.430625    -0.129833    -0.491019   -0.0117466     0.122776   -0.0713072     -0.33032     0.628454    -0.358038    -0.335047
    0.339699      1.07479    -0.227872     -1.11915    -0.426674     0.478221     0.380962    -0.513221     0.347936    -0.894792    0.0376399    -0.191633    -0.172326    -0.269825     0.554188    -0.741886    -0.744738    -0.466256   -0.0746827     0.856569     0.353583      0.85653     0.486261    -0.360159     -1.35554    0.0143758     0.167969    -0.105784     0.285663    -0.375801    -0.577259    -0.598642
   -0.217628     0.271468    -0.284654    -0.391011     0.334772   -0.0236967    -0.186155    -0.316415     0.540335    -0.150067   -0.0545755     0.295205    -0.225704     0.424562    -0.246286     0.580466    -0.398687    -0.219628    0.0442749   -0.0295584    -0.191485     0.314085     0.365112    -0.620772    0.0334579     0.455521    -0.456708     0.561941     0.119798     0.062101     0.351384     0.577202
   -0.254482     0.708829     0.210037      0.10968     -0.31702    -0.110092     0.260208    -0.786381    -0.634138     0.131008    -0.298257   -0.0751096    -0.321007    -0.458614     0.207494    -0.568875    -0.458143    -0.397906    -0.641972     0.780147     0.515869     0.651014    -0.323124     0.686975     -1.23445     0.650263   0.00836214     0.035439    -0.113963     0.188333    -0.726098    -0.665029
    0.800109     0.534129    -0.502723     0.288251     0.501638     0.176426      1.87283   -0.0987552     0.165277    -0.912702    -0.284325     0.539022     0.460187   0.00917285    -0.391898    -0.351851    -0.380981      1.03444    -0.550994     0.692329     0.255558     -1.33865     0.139191    -0.905155    -0.129247     -0.25907    -0.822517    -0.375695     -0.23024      1.47157  -0.00278589   -0.0244962
    0.146037      -0.3633     0.519128     0.822398    -0.773932     0.316832     0.132214     0.249817     0.342294     0.492981     0.526397     0.464977     0.450043    -0.640271      0.20489     0.784313    -0.199765      1.57404    -0.815528    -0.355511    -0.204818   -0.0351144   -0.0188267    0.0521141    -0.389044     -0.67267     0.996172    -0.843449    -0.137781    -0.680235     0.995868     0.248841
   -0.265465    -0.858629     0.110656     0.246969    -0.745249   -0.0500937     -0.56749     0.708401    -0.121739    -0.247445     0.298576    -0.785251    -0.102011     0.572967    -0.586446      1.37039    0.0344538     0.159905     0.270958    -0.182206    -0.609786    -0.476818    -0.776875    -0.870786     0.707426     0.502163     0.160537    0.0280698    -0.350477    -0.536875     0.467564     0.362111
    0.150349   -0.0292191     0.142351    -0.230994     -0.24556    -0.116319    -0.293332   -0.0578324     0.141296    -0.160895    -0.149737     0.145845   -0.0441826    0.0320247     0.162601   -0.0257096    -0.225597    -0.154651     0.725087    -0.326182   -0.0397337     0.524067    -0.252302    -0.334968    -0.672596     0.106055     0.343836     0.108317    -0.313158     0.144383      0.23186    -0.148459
    0.852975     -0.89924     0.444656    -0.690888     0.153212    -0.152706    -0.523164    -0.312531     0.771488     0.222958   -0.0710877     0.444803    -0.441948     -1.07782     -0.29397   -0.0257644     0.364752     0.222223        -0.19     0.165247     0.151373      1.25905   -0.0643693    -0.226427     -1.52826    -0.113654     0.719792     0.310483     0.448082     0.777484    -0.396598   -0.0721203
     0.18907     0.715028    0.0381839    0.0899351    -0.459799    -0.145706    -0.109634    -0.253477    -0.112321    -0.401504      0.60784     0.761512    -0.215019    -0.224816    -0.521677   -0.0707736    -0.139272   -0.0177752     0.163393     0.707739    -0.143048     0.404742    -0.185568     0.170805    -0.742579    -0.206504   -0.0332851    -0.264239    -0.252031    0.0161864     0.226397     0.481423
     1.09886     0.227363       -1.367      1.23783    -0.192649     -1.49435    -0.361355     -1.76179    -0.711058     0.783112      1.15002    -0.453329     0.651066    0.0172305   -0.0531094    -0.591871    -0.553034     0.848603    -0.388113     -1.73542     -1.02027     -2.21902    -0.762898     -3.02827     0.535325    -0.921228    -0.246466    0.0540966    -0.606486   0.00169657      1.69164    -0.476319
 0.000634981     0.372584      0.14772    -0.274741     0.541651     0.164529      2.22419    -0.514317      1.28933     0.834519     -1.45704     0.928646     0.469124     0.729114    -0.167875    -0.504694      1.36857      1.53466     -1.12738     0.118305      1.01684    -0.503442     0.923159     -1.05756    -0.084423    -0.426607    -0.404029     0.749477    -0.283999      1.51298     0.534753      1.18866
   -0.389651    0.0211302     0.371482     0.135223   -0.0963158     0.550117    -0.298716    -0.573917    -0.812712     0.304455    0.0151123    -0.298642     0.500311   -0.0127294    -0.181024    -0.646119     0.336412    -0.694677    -0.120602   -0.0924622  -0.00907858    -0.289912      -0.4571     0.812196      1.07186    -0.323368     0.461892   -0.0772242      0.13924    0.0604046     -0.77015    -0.617578
   -0.678192    -0.344492    -0.579891     0.436576     -0.36615     0.254083     0.200879    -0.227592    -0.295022    -0.475471     0.192309     -0.53994     0.636481      0.13571     0.488411     0.305108    -0.107882     0.421086    -0.149867    -0.484569     0.389521    -0.829163     -0.35563     0.330762  -0.00985898      0.27512    -0.772545   -0.0856996    0.0885327    -0.158141     0.571409    0.0785068
    -0.37412     0.432275   -0.0414319    -0.228581    -0.154481     0.108643     0.342722     -0.38466    -0.113254     0.960902    -0.366864    -0.233615      0.19702    0.0952369    -0.254196    -0.219284     0.115073     -1.02442    -0.039667    -0.070392   -0.0358238     0.316688     0.630021    -0.471774     0.285085     0.128839   -0.0733812     0.872037     0.325801    -0.266637     0.518629    -0.100144
    -1.51852    -0.806161    -0.664075     0.355767     -1.02371     0.379796    -0.799485       1.1609     0.382223    -0.297447      0.52881     -1.46382      1.48374     0.400153   -0.0368397     -0.04553    -0.146285    -0.981687    -0.148434     0.457998    -0.404943       -1.558     -1.17698    -0.104316      1.07292     0.430033      1.61558    -0.164686    -0.451467    -0.301899    -0.390727    0.0302441
    0.523752   -0.0757377    -0.355669     0.123792      -0.2162      0.32436   -0.0794865   -0.0376131   -0.0855418     0.329522   -0.0284178    -0.309732   -0.0142747    -0.157656   -0.0233019    0.0678257   -0.0222941     -0.15244    0.0311931    -0.104119   -0.0593893    0.0865867     0.064364     0.901025     -0.37906    -0.177016     0.222782    -0.364141     0.112502     -0.27413     0.220138     0.110175
    0.845848    -0.512735     0.372826     0.111491    -0.807354     0.852987     0.276675    -0.156597     0.224182     0.694624    -0.968721      -1.0092    0.0270713     0.397035     0.705337    -0.299405      1.83477      1.76499     0.118299     -1.02431    -0.572457    -0.303423    -0.988818     0.013193      1.17649     0.914885    -0.057652    -0.154771     0.405734    -0.623607    -0.146299      1.54444
   -0.347369     0.213278     0.502898   -0.0232076   -0.0767578      0.28377     0.371989     0.394332     0.126046    -0.469624    -0.389146     0.564343    -0.239089     0.196922      0.14928     0.834997     0.149069      1.39123     0.272502     0.733232    -0.263875     0.247757     0.600534   -0.0865103      1.15398     0.423936     0.343112     0.502849     0.164646    0.0062498   -0.0904341    -0.241645
   0.0548212    -0.362118     -0.57037       0.6024     -0.16643    -0.682006     0.304734    -0.838198    -0.398685     0.151302     0.512194      0.71592     0.228943    0.0876389    0.0181744     -1.29987    0.0350963     0.378901    -0.450909    -0.276417    -0.329322     -1.17035    -0.945728     -1.67036    -0.194472    -0.802105     0.217124     -1.39679     -1.28743     0.610498     0.411203     0.344597
   -0.147618     0.254826    0.0772066     0.700704       1.1264    0.0699917     0.683281     -1.32195    -0.342307      -0.4875  -0.00141346     0.399534     0.357846     0.452886      -0.4492     -1.37605     0.553588     0.235452    -0.527201     -0.24525     0.365787    -0.805567     0.333038     -0.55019     0.378351    -0.710048      0.45978    -0.103239    -0.866936     0.829268    -0.839311    -0.005069
   -0.671245    -0.896098    -0.980241    -0.314671     0.209753    -0.714516   -0.0840399     -0.89472     0.306383    0.0915111     0.315384     0.303154    -0.768095     0.672032    -0.400495   -0.0592393      1.15421     0.792081     0.255834     -1.06573    -0.181286     0.316232    -0.278419     -1.50181    -0.122863   -0.0345871     0.782989     0.489619    -0.285207    -0.418973     0.495665     0.535734
    0.236964     0.719295     0.393232    0.0804534     0.527466     0.172963     0.728934    -0.841105     0.609813     0.242479    -0.345731     0.279633    -0.493988     0.471737    0.0245876    -0.480193     0.922568     0.361171    0.0980001     0.876518     0.367146      1.14897      0.66773     0.125111    -0.193322     0.479492   -0.0893935   -0.0675708    -0.111131    -0.372926     -0.32525    -0.217604
     0.46844    -0.455181    -0.029086   -0.0659511     -1.00021     0.326267    0.0523157     0.964387     0.652375   -0.0592715    0.0654794    -0.192218   -0.0597989     0.660712    0.0827117     0.689004      0.53407      0.23327     0.262722     0.122456    -0.378222    -0.518678    0.0045471    -0.300348    0.0335317    -0.517826     0.524647     0.306589    -0.584256     0.835297     0.883081     0.875884
    0.379658    -0.704807      -1.3097     0.417735    -0.762564    -0.425281     0.346717    -0.521201    -0.983247     0.310124     0.129527    -0.534083   -0.0380084     -1.49677    -0.172243     0.411235     -1.18618       1.0019    -0.720417    0.0835636     0.129724     0.021187    0.0589108    -0.345756     0.502164    0.0838032     -0.15219     -1.52977    0.0245847    -0.318434     0.448061     0.020597
    0.239905     0.428005    -0.164114    -0.618241     -0.59724     0.288503    -0.188324    -0.191205     0.316079      -0.2211     0.892397      0.40873     0.205796    -0.568878    -0.449483    0.0224484     0.408308     0.200026    0.0133989     0.361093     0.190667   -0.0401413    -0.445072    -0.174135    -0.848054    0.0432677    0.0972264      0.85133    -0.201881    0.0109964     -1.24331    -0.488261
   -0.548457     0.515486    -0.164896     0.253761      -0.3904    -0.396422     -0.63976    -0.668409    -0.453876   -0.0986671     0.421862    -0.474571     0.932971    -0.233432   -0.0890561     -1.33522     -1.08544    -0.962698     -1.02265     0.558972     0.531853      -0.0878    -0.690438     0.292179     0.208365    -0.252694    -0.205523    -0.222612    0.0343402     -0.20731    -0.610805    -0.269624
   -0.563279    -0.600278    0.0209003    -0.206153    0.0339022     0.640209    -0.343317     0.365976    -0.569892    -0.670979    0.0109552    -0.209008    0.0301559    -0.289215     -0.26914    -0.655219   0.00972376   -0.0777298     -0.32251   -0.0642229     0.444735    -0.723708    -0.235717     0.455305     0.517913      0.01193     0.568659    0.0885113     0.186809    -0.136693    -0.191406    0.0587353
    0.680845       1.2967    -0.427251    -0.685712     0.641475    -0.549523     0.422776    -0.757122     0.664932    0.0824263     0.851667      1.08333     -1.11723    -0.511597     0.613072    -0.772891    -0.113687     0.141028     -0.11979      1.12307    -0.445674  -0.00780381    0.0544966    -0.503771     -1.64375     -0.70301    -0.945894   -0.0918794    -0.245526     0.350086    -0.058419    -0.226496
     1.50431      1.98227    -0.786564     0.326055      1.17008     0.169083     0.622559     -1.88746    -0.652075     0.831985      1.05757     0.193466     0.871873      1.08784     0.071399     -2.24573    -0.317533   -0.0491991      -0.2726     0.196594    -0.622301     0.673771     0.857196     0.165288     -1.56317     -2.13707   -0.0836006     0.291736    0.0795049     0.885434     0.132738    -0.312081
    0.578163      -0.2132     0.453865   -0.0983776    -0.513066     0.249791     0.221872    -0.333081     0.384453     0.260815   -0.0201955    -0.219039     0.222462     0.302151    -0.586316     0.444477      0.64103     0.366521     0.249656    -0.330515      0.59109   -0.0147275     0.174743    0.0326801    -0.565511      0.46794    -0.159886      1.46411    -0.351371     0.598331   -0.0393092     0.204522
   -0.255787       -1.416     0.179964    -0.106378    0.0308875    -0.133061    -0.170822      1.65569     0.475019     0.249115    0.0519222      -0.2634      -0.6499     0.650127    -0.609982      1.67508     0.407026     0.445687    -0.120459    -0.818738     0.662275    -0.801336      0.12784    -0.414404      1.49812     0.892685   -0.0297773      1.16981     0.807555      -0.2809     0.729225     0.322307
   -0.651131    -0.701683    -0.100484    -0.454377    -0.144779    -0.107794   0.00799315     0.621919      0.22067     0.271418    -0.375254    -0.961601     -0.69752     0.521303    -0.612265    -0.236811     0.231878      0.17121    -0.494935    -0.616204     0.609507     -1.23021    0.0785397    -0.895864     0.684345     0.671019     0.756212     0.400069    -0.515925     0.273467     0.378213     0.213404
   -0.290679     0.031562    0.0875852     0.343939     0.300675     0.132511    -0.295915    -0.256855     0.164059    -0.260797    -0.231686  -0.00560867     -0.21059    0.0137561    0.0305417     -0.21913     0.449628     0.299411    -0.392977    -0.585709     0.143056   -0.0755494     -0.31783       0.3249     0.034976     0.251188   -0.0499259     0.393312    -0.115936    -0.259592     0.499891     -0.26152
    0.296512    -0.155427     0.219458     0.385914  -0.00368611    -0.776888    -0.300809    0.0511386     0.575647    -0.732052    -0.429641     0.104645    -0.653806    -0.185947    -0.192359   -0.0650036     0.200659    -0.603551     0.190731   -0.0371212    -0.459742   -0.0363595    0.0140409    -0.834162    0.0245006     0.395458     0.183819    -0.518432    -0.130693     -0.23213      0.37404    -0.165193
 -0.00134955    -0.238429    -0.319039     0.685947     0.330466     0.171079     -1.04985      0.55179     0.421321    -0.792854  -0.00443559   -0.0137596     0.171463     -0.50937    -0.152258    -0.564207     0.119569     0.821719     -0.32579    -0.501212    -0.374332    -0.058697    -0.635273    -0.482234    -0.461879     0.136951    -0.563323    0.0390536    -0.511896   -0.0665417     0.629761     0.709416
   0.0310651     0.682943     0.483645     0.206775   -0.0725205     0.807954     0.690427    -0.678898     0.173973    0.0599352     -0.21284   -0.0023193     0.587015     0.385136     -0.19892    -0.643349     0.174957    -0.129264     -1.40676     0.248459      1.05904    -0.606229     0.954263    -0.127025     0.573623    -0.373317     0.332951    -0.345406     0.243425      1.76708     0.479437     0.101037
    0.554988       0.2508    -0.560009    -0.028402    0.0350447     0.222708      1.27452     -1.33615    -0.811869     -1.09102   0.00227723     -1.10435    -0.153747     0.602428     0.423254    0.0691015    -0.420314     0.215739    -0.348358    -0.247543     -1.11665    0.0776033     -0.55806    -0.228194     -1.25294     -0.86878      0.18775     0.691387    -0.472465      1.14011     -0.68726      1.09103
      1.5623    -0.095209     0.101534    -0.449978     0.657721     -0.19523    -0.657674      0.13625    0.0414533     -0.27537    -0.135713    -0.424118    -0.923812    -0.190354     0.107247     0.243008     0.427449      0.16322      1.20611    -0.474033    -0.651901      1.47724     0.840114    -0.337004    -0.286408     0.479819     -0.81603   -0.0976181     0.451007    -0.666512      1.00086     0.581539
    0.595277    0.0981966    -0.185361    -0.449607       0.3129     0.226862    -0.836488    -0.472776     0.113393    -0.248347    0.0282404    -0.121911    -0.625893     0.349046      1.14026     0.133579     -1.58559     -0.88814     0.044895     -1.22491    -0.235913      0.85086     0.610347     0.405731     -0.64894    -0.575105     0.480968      1.39661      1.59817     0.520688     0.491416     0.858143
    -0.52106    -0.579373     -1.33529    -0.255373    -0.841201    -0.487996    -0.314492    -0.620389     0.244957      1.12372     0.541573    -0.687294     0.257023      1.12283    -0.789762    -0.622876   -0.0886177      0.85084     -0.40464      -1.5917    -0.635434     -1.04009    -0.557131     -0.65957      1.58578     -0.23227    0.0312698     0.270193    -0.143814     0.593134     0.384186     0.532506
   -0.502899   0.00494597      0.33296    -0.758172    -0.433583    0.0407304     0.219048      0.50999    -0.337986    -0.122796     0.153109    -0.661181    -0.576329    -0.339889    -0.116053    -0.522314   -0.0262174    -0.525602     0.382635     0.113996     0.153572     0.340236    -0.171574    0.0407595     0.238452     0.318999     0.267184     0.278842    -0.375439    -0.405724    -0.359906    -0.228013
    0.136982    -0.179714     0.409762    -0.686322    -0.325877     -0.57003     0.324624    0.0502853    -0.348296     -1.26352    -0.354774   -0.0191243    -0.656244     -0.31245    -0.520707    -0.414862   -0.0291585    0.0439202     0.299122     0.647054    -0.427655    0.0980884     0.949837    -0.976156    -0.284104     0.135553     0.413537   -0.0634097   -0.0472449     -0.17339   -0.0446878   -0.0369615
    0.434013    -0.367776   -0.0819979    -0.324463    -0.679141    -0.232292     0.160507   -0.0230938    -0.426376    -0.833221     0.181835     0.309479    -0.140331    -0.441498    -0.825884     -0.19003     0.199209     0.633693   -0.0964158     0.405887    -0.731064   -0.0093906    -0.407009     -1.98325      0.56112     0.352959    -0.923409      0.46603     -1.12065      1.22309    -0.288698    -0.549902
    0.181034    -0.268857      0.47375     0.350234     0.431428     -0.56986    0.0837037     0.245645    -0.248408     0.166798    -0.208591    -0.132409   -0.0379036    -0.878919     0.188387    -0.067473     0.198176   -0.0793929     0.374082     0.221064    -0.317569     0.244574    0.0639619     0.145808     0.254766     0.328472   -0.0603102    -0.417683    -0.509758    0.0869424     0.350195   -0.0779407
    0.118244    -0.252168    -0.664799     0.272515     -0.52415     0.241424    -0.446336     0.102754    -0.481778     0.249626    -0.133487      0.17699    -0.309767     0.103276     0.448104     0.912163    -0.335778     0.483566    -0.456284    -0.220637    0.0528457   -0.0364782   -0.0361337   0.00325451     0.377388     0.490108    -0.331458    0.0533534    0.0422186    -0.697688     0.339142   -0.0023391
    0.434704    -0.091193    -0.229204    -0.136187     0.122574     -0.44742    -0.499898    -0.102976     0.900315    0.0191462    -0.381344      1.14598    -0.789826    0.0047873     0.149398   -0.0187993    -0.356228     0.087573      0.33946    -0.160532     0.101516     0.379426     0.501075    -0.569026     0.421722     0.218828    -0.112529     0.259133    -0.292105    -0.343816     0.408415    -0.310325
    -1.37292    -0.274463     -0.20965     0.895298     -1.05516    -0.427581    -0.304945      1.06303     0.223071     0.351014     0.504337      -0.4088     0.692541     0.484893    -0.744141    0.0731558     0.314959    -0.256064     -1.77143    -0.675195     0.388955     -1.24638    -0.365265     0.358252     0.430688    -0.198963     0.809414    -0.401139     0.807583    -0.882624    0.0800551      1.01592
   0.0570876     0.209976    -0.451254      1.10014     0.612845    -0.111887   -0.0188972   -0.0157466     0.698034      1.14108    0.0767092     0.912966     0.463455     0.991065   -0.0673074    0.0455782    -0.105103     0.346912      1.17856    -0.188641    -0.563895    -0.148192     0.684075     -1.13942    -0.438965     -1.14718    -0.120217    -0.350348    -0.100961      0.27339     0.734419     0.148298
   -0.321337     -0.24455    -0.365197     0.616911    -0.403783   -0.0781874    -0.513374     0.208798     -0.08176     0.110847     0.922699     0.285233     0.181688    0.0742229     -0.39235   -0.0884167    -0.516443    -0.124957     -0.20091    -0.364869    -0.464259    -0.482914    -0.194917    -0.204387     0.195641    -0.159049     0.271332    -0.692227    -0.277101    -0.113848      0.64809     0.216927
    0.242862    -0.685084    -0.183214   -0.0628218   -0.0715795    -0.462638     0.212472   -0.0451262    -0.238303    -0.628677    -0.101389    -0.691635    -0.584592    -0.124156     0.407266    0.0670935    -0.241072     0.503858   -0.0286891    -0.566136    -0.515974    0.0945729   -0.0704976    -0.146586    -0.315286     0.723164    -0.400496    -0.175714     0.185734      0.33601     0.863536     0.546737
   -0.574865    -0.158902     0.315101   -0.0351099     -0.61001     0.211124     -0.56197     0.964913     0.183733    -0.570403    -0.436802    0.0749671     0.027529     -0.35936     0.171979     0.810859    -0.315133   -0.0113325    0.0942992    0.0396252   -0.0741886     0.113627     0.507535    -0.409124     0.171172     0.576355     0.157135     0.852091     0.226037    -0.375705     0.536927    -0.568414
   -0.197374    -0.565998    -0.329971     0.843617    -0.267298     0.204248      0.33677     0.881658    -0.742401     0.969985    -0.405095     -1.34406      0.69913     0.987241     0.312892     0.631126    -0.330223     0.697718     -1.16661     -1.41319     0.285566     0.291907     0.783239    -0.259886     0.303498   -0.0568162     0.822447     0.809794      1.38285    -0.243595     0.643241     -0.26385
   -0.175436    -0.378729     0.304843     0.282293     0.315114     0.259936      1.25031    -0.100068     0.316524     0.709152    -0.730897     0.131094    0.0347227    -0.263526    -0.467058     0.318743     0.935695      1.49561     -0.79876     0.458784     0.663761     0.015303     0.230886     0.193492    -0.151337    -0.076587   -0.0863279    -0.200271    0.0148778     0.681974     0.240754   -0.0825847
   -0.872733  -0.00815138    0.0219089     0.595966       1.1128   0.00914109     0.445828     0.244226    -0.449818     0.234746    -0.145271     0.387322      0.95629     0.173332     0.071367     -1.63812      0.12866    -0.986394    0.0351429    -0.625381     0.628371    -0.532598     0.347972     0.275877    -0.108793    -0.956548    -0.117405    -0.410073   -0.0116898     0.877921    -0.816789    -0.583078
   -0.370535    -0.417825    -0.891461    0.0578042    0.0527112     0.130463    -0.668102     0.604556     0.484774    -0.935083    -0.370076     0.061163    0.0192224     0.253059     0.242796      0.54008    -0.125111     0.771964    0.0184774    -0.765234    -0.270302   -0.0674053    -0.274831     -1.09904     0.938061     0.593999    -0.124625     0.382591     0.556516    -0.432464      1.25638    -0.199748
   0.0954548     0.175068      2.30361   -0.0993985     0.035032     0.192233    -0.130348    -0.651911    0.0263351     0.399104   -0.0387668     0.434665    -0.240294      0.32089    -0.536943   -0.0928504      1.94957     0.083352      1.24615    -0.973097    0.0549847     0.370925     0.219977     -0.32554     0.607234     0.481247      1.56616      1.56985     0.168339    -0.117422     0.347959     -1.47255
     -1.0432     0.456389    -0.408739     0.927684    -0.620661     0.372205   -0.0557148     0.774027    -0.139435      1.22207     0.275118      -0.9508     0.899205     0.378063   -0.0587833     0.591346     0.449784    0.0356729    -0.393338    -0.267943    -0.172892    -0.726179    -0.487544    -0.207179      0.11695     0.437535     0.397751    -0.623391     0.536162     0.070683      0.25725     0.207585
     0.84482    -0.128051    -0.607697     -0.43187     0.177941    -0.693452     0.400861    -0.598507     0.483601     0.256606     0.346325   -0.0812417    -0.713609    -0.815542    0.0831345       0.2907    -0.127502     0.128693     0.704219    -0.276346    -0.389789     0.431304    -0.928201    -0.730584    -0.262368    -0.401855    -0.506234     -0.27889    -0.653729    -0.146819    -0.168935    0.0253069
   -0.466861    -0.500069     0.172834     0.540319    -0.162002     0.179092    -0.232335     0.404257    -0.475497     0.384838     0.153702    -0.128581     0.327243     0.204391   -0.0848067   -0.0955141    -0.216025     0.138806    -0.118148    -0.434273     0.106717    0.0316683     0.210978     0.102796     0.410109     -0.34864      1.08335     0.293044    0.0841872    0.0333743     0.327831     -0.46269
    0.392123     0.556134     0.791949    -0.254556      -1.3818   -0.0909585    0.0918875     0.272826     0.136912     0.865586    -0.610291     0.461528    -0.364889   -0.0508796    0.0330706     -0.75961    -0.650308    -0.485388   -0.0391707      0.46982     0.355222     0.766788     0.475475     0.400349    -0.212993    -0.102727     0.833056    -0.545374   0.00645763     0.550383     0.309408     0.584128
   -0.456967      0.27215    -0.253636   -0.0319624    -0.165216     0.285477   -0.0150574   -0.0042064    -0.146853    0.0262066     0.165192     0.526791    -0.096604     0.241893   -0.0531823     0.644798     0.159148     0.101326     0.228278     0.487911    -0.160088    -0.143035    -0.407796    -0.147721     0.462756    0.0872932     0.321655     0.347201   -0.0531623    -0.205691   -0.0192192    -0.325849
    0.191546   -0.0104039    -0.792689     0.357539     0.845176     0.428646     0.815974    -0.798236    -0.398827     0.220354     0.173647      0.69226     -0.30433     0.094347     0.174015    0.0894801     0.498779     0.891969      0.63543     0.883328     -0.63898      0.50114    -0.195123      1.06858    -0.919796      0.33426    -0.281151    -0.431607    -0.495861    -0.551428   -0.0351123     0.498665
   -0.767583     0.567667     0.512959     0.725773   -0.0266785      1.41912    -0.143523    0.0291216    0.0158675     0.475483    -0.819411      0.40818      1.21851     0.888268    -0.404349    -0.403523    -0.304155     0.297777    -0.601446    0.0108908     0.564278     0.201376     0.440858      1.63251    -0.462851     0.622601     0.140772     0.652022     0.350463    -0.314743     -1.13913     0.105585
    0.839198     0.536921    -0.417443    -0.661085      1.62256      1.13311    -0.664611     0.536416     0.929407     -1.69559     -0.18928    0.0812973   -0.0434069     0.594311    -0.324344     0.839063    -0.128668    -0.244451     -1.06405    -0.894314       1.1754    -0.594749    -0.601543     0.515589    -0.481929     0.518844    -0.921526      1.89104      1.08434    -0.338522    -0.684702     0.222732
   -0.108848    -0.807227     -1.07116    -0.141888     0.485685    -0.132715     0.590223    -0.536431    0.0387106    -0.331428    -0.218957   -0.0599939    -0.302844   -0.0658965     -0.20963   0.00873251    -0.437733     0.632552    -0.382555    -0.299581      0.16928    0.0217953     0.137138    -0.207791    0.0233212    -0.397955    -0.677243    -0.575908    0.0884027    -0.321703     0.192234     0.095685
     1.02568   -0.0697711     0.164785    -0.552684    -0.590463     -1.08581     0.147732    -0.507445     -0.32448    -0.514945    -0.218494     0.315005     -1.90614   -0.0102322    -0.109905     0.567766     0.151623      1.03625     0.874872   -0.0983758    -0.340078     0.478034   0.00718427     -2.40344    -0.257661     0.955371    -0.605859     0.585542    -0.963786     0.693984      1.31533    -0.579657
   -0.329978    -0.510796     0.433038    0.0798044    -0.196842     0.696611     0.087617     0.384036     0.418009     0.386782      -0.9993     -0.82046     0.462473     0.766962     0.544896     0.439418     -0.37122  -0.00515327     0.140975    -0.913179    -0.214074    -0.449291     0.532122    -0.434239     0.870031    -0.540497      1.01962     0.419868       1.0456     0.440034     0.348106     0.948593
  -0.0202199    -0.342945   -0.0748612    -0.238529    -0.256261     0.250215     0.270667    -0.511145     -0.06048   -0.0357497    -0.360841   -0.0884676     0.135983     -0.41671    0.0665565    -0.115315    -0.664114     0.172316     -1.06582    -0.308192     0.193343    -0.418322      0.53819     0.624326    -0.401509    -0.433163      1.08454     0.477002    0.0605406     0.696215    0.0309874    0.0141509
   -0.112276     -1.02048      1.39367  -0.00943466     0.597011     0.746236    0.0597909    0.0987512     0.596834     -1.95131      -1.0702     0.367443   -0.0747908    -0.676383    -0.576901     0.438896     0.161106     0.374627    0.0512735     0.401695     0.294124     0.995412     0.330606     0.962284    -0.366006       2.0393     0.609291     0.298565     -0.82835    -0.557821     -1.13537     -0.71496
  -0.0422983   -0.0542087     0.205772    -0.506669   -0.0641311    0.0927719    -0.280875    0.0781969     0.191158  -0.00122437    0.0471332     0.248572    -0.523357    -0.188977      0.13381    -0.521274    -0.319566     -0.71612     0.242403    -0.102227    -0.282798    0.0313098    0.0695035     0.320162     0.617207    -0.264582    -0.435619    -0.013988   -0.0859835     0.102164    -0.282307   -0.0483493
    0.650613     0.180807     0.530712      0.44658    0.0342204     0.126192    -0.102752     0.398778    -0.921013    -0.163205   -0.0107484   -0.0463078     0.535794   -0.0151248    -0.442307     0.335909     -0.25221     0.159584     0.469966    -0.520391    -0.351511     0.116443    -0.351756    -0.760544     0.687973      0.16195     0.675908    -0.261949     0.574517     0.572894    -0.166766    -0.158936
    0.797006     0.305429     0.532682     0.274478    -0.927651    -0.618496     0.539673    -0.911257    -0.230223    -0.122602    0.0565356     0.080332    -0.379493    -0.799265     0.275836    -0.103958     0.608689     0.946615    0.0974743    0.0618528    -0.462661     0.940804     0.302108    -0.342133     -1.04003     0.481997    -0.228951   -0.0775423    -0.524456    -0.606558     0.110811    -0.417309
    0.425827    0.0156848     0.753302    -0.483061     0.367222    -0.310524    -0.862239    -0.323059    -0.673751     0.384836     0.318152     0.377808     -1.19829     -1.23043      0.71069    0.0310662    -0.651822    -0.776886     0.232017    -0.583563    -0.233625     0.401862    -0.247847    -0.595718   -0.0136536    -0.300739     0.210392    -0.461693     0.698616    -0.528724    -0.581803     -1.56744
   -0.292662    -0.478954     0.182861     -1.63538    0.0373337     -1.07414     0.141914     0.649161      1.15841     -2.01847     -0.94845    -0.734117   -0.0468452    -0.148103     0.957484    -0.525458    -0.799424     -1.43973     0.933224     0.799717     0.476643    -0.813983    0.0597656    -0.540064     0.661195     0.838662     0.230544     0.587558    -0.298894    0.0914281     -0.42246      0.16077
    0.144888     0.457344   0.00185984    -0.920161     0.104661    -0.155525    -0.120016   -0.0283869     0.270235    0.0704038    0.0751246    -0.278469    -0.231761     0.136087   -0.0189296     0.127011     0.512937    -0.678765     0.534594    -0.922247   -0.0161724    -0.182402      -0.9964    -0.475228   -0.0232948     0.243172    -0.439581    0.0205452 -0.000797243     0.206989    -0.185628     0.409451
   -0.436988     0.615668     0.989007    0.0908118    -0.598426    -0.461245    -0.870428    -0.585427     0.127168      1.39561     0.384789     0.581236    -0.161013    -0.152392    -0.132612     0.143846      1.57419     0.181933      0.57796     -0.34629     0.311492     0.846514    -0.297451     -1.04462     -0.23099    -0.250274     0.421439      1.16973     -0.59844    -0.677104     0.186381     -1.42746
