  0.0447773
  -0.836077
    1.00935
  -0.490157
    1.23389
  -0.392717
   -1.76528
  -0.875626
  -0.171639
   -1.98432
   0.370301
  -0.604739
  -0.391409
   0.407292
    2.03781
   0.219034
  -0.262965
  -0.138072
   0.280693
   0.592146
  -0.587851
  -0.861046
    1.18272
   0.240809
     0.7916
  -0.121763
   0.955161
   -1.09094
   0.831199
   0.458025
    1.27413
   -1.93027
  -0.408313
  -0.889324
 -0.0424217
    2.24431
   0.017747
    0.40144
  0.0137211
-0.00904707
    1.82001
   -0.55431
  -0.211922
    1.29079
   -1.24042
  -0.782703
    1.30088
   -2.55855
   -1.32094
  -0.140508
   0.137306
  -0.997985
    0.24518
     1.3289
   -2.06181
    1.42967
  -0.346969
  -0.304121
   -1.10252
  -0.810921
    3.47682
 -0.0948168
   0.131603
    1.08105
   0.639005
   -1.41767
    1.17422
  0.0683398
   -1.78125
    1.34627
   0.602979
  -0.670206
   0.199173
 -0.0560524
  -0.477086
    2.24676
    -1.1203
  0.0419603
   0.802769
   0.612022
  -0.338245
    -1.4526
   0.259708
  -0.201987
   0.567392
  0.0351251
   0.468875
     -1.098
  -0.995574
   0.794717
  0.0440562
  -0.262416
  -0.170493
   0.517752
   -1.39552
  -0.637276
   0.420401
  -0.177504
  -0.600817
   -3.28622
   0.367656
    1.21094
  -0.751978
    1.44995
   0.924699
  -0.961734
  -0.659615
  -0.400063
    1.62403
  -0.726016
   0.702135
 -0.0269547
   0.882168
  -0.374583
  -0.207801
    1.05699
   -3.36932
  -0.556703
 -0.0351981
   0.190799
  -0.149659
   -1.62818
   -1.33082
  -0.362371
  -0.894278
  0.0440037
  -0.247251
    0.38413
