   -0.289273
   -0.238938
   -0.175586
    0.101538
    0.439786
   -0.634562
    0.285493
   0.0455185
   -0.174722
  -0.0806236
   -0.127606
    -0.30101
   -0.365194
   -0.118041
    0.444815
 -0.00406474
    0.104983
    -0.45401
  -0.0666881
   -0.503271
    -0.46029
    0.428187
    0.141393
   -0.210143
   -0.175606
     0.21998
   -0.083457
    0.111054
   -0.206055
 -0.00835978
   -0.199494
   -0.100263
    0.219006
   -0.616294
   -0.139415
   -0.169811
    -0.26084
   -0.474961
   0.0444045
    0.218124
   0.0572436
    0.677234
  -0.0800954
   -0.145811
     0.29376
   -0.147498
    0.143416
   0.0743269
   -0.354364
   -0.587276
    0.377713
   -0.268059
   0.0302587
   -0.469762
   -0.449231
  -0.0613353
   -0.356277
  -0.0812859
    0.197895
   -0.216525
    0.107571
   -0.351937
    0.387405
   -0.192861
      0.2341
    0.114437
    0.171233
-0.000846449
  -0.0265845
    0.208278
    0.443361
   -0.331668
    0.290615
    0.243461
     0.14636
   0.0739594
   0.0814886
   0.0192976
    -0.14664
   -0.132469
    0.283649
  -0.0592973
     0.17661
  -0.0795127
    0.101558
   -0.298647
    0.048453
   -0.457273
     0.32545
  -0.0206084
    0.164717
    0.275156
    0.216046
    0.271554
   -0.312543
   -0.108262
   -0.169205
    0.118809
   -0.254613
  -0.0640012
    -0.48805
  -0.0917928
   0.0165125
    0.108239
    0.112156
  -0.0287151
   0.0659833
     0.13379
   -0.414399
   -0.156993
   -0.219064
    0.217022
    0.242952
    -0.12993
   -0.011755
  -0.0995874
    0.116738
    0.115875
  -0.0402338
   -0.831976
   -0.284685
    0.195294
   0.0712056
    0.418412
   0.0778011
    -0.27919
    0.248226
   -0.191671
