  -0.0989819   0.00346723    -0.306148     0.223049    -0.101862     0.115697     0.660617    -0.143567    -0.366766    -0.669983    -0.209047     0.579964    -0.353528   -0.0686919    0.0601163    0.0640835     0.581669     0.362963    0.0152929     0.150537     0.235279     0.123443    -0.207771    -0.161324     0.231181   -0.0806164    -0.402966     0.317342     0.141821     0.323853    -0.278447    -0.349029
    0.955614     -0.29829     0.293065      1.25672    -0.275971    -0.462435    -0.629732    -0.576085     0.186768    -0.131834    -0.202041     0.126512    -0.116532    0.0695696   -0.0257829    -0.345094    -0.137739      0.17802   -0.0137838     0.196882    -0.134362    0.0986963     0.495685   -0.0954617    -0.263875     0.578315     0.623404    -0.380901     0.304566    -0.686952     -0.34526    -0.261042
     1.14089    -0.344971    0.0755872    -0.142375     0.899011     0.692448   -0.0289004   -0.0329549     0.121301    -0.312109    -0.701963   -0.0634316     0.447539    -0.328144     0.586355     0.320762     0.407244     0.445947    -0.302387    0.0571627    -0.436626    0.0583031    -0.308651    -0.137927    -0.196044     -0.08806    -0.289103    -0.238264    -0.893307    -0.187836    -0.314558    0.0497026
   -0.228309     0.532811      0.31962    -0.303534      0.20042    -0.568881   -0.0306302    -0.211258     0.458088      0.14123    0.0565565    -0.181495    -0.306161     -0.73545    -0.110981     0.145584   -0.0580464    -0.553016     0.226985    -0.246647     0.277018    -0.575361      0.11808   -0.0201861    0.0768767     0.705611     0.410326    -0.143894     0.178085     -0.95491    -0.311478     0.262399
    0.441048     0.631466     0.487712     0.468697     0.439528      0.70996      0.11087     0.349191    -0.370509   -0.0718058    -0.294987     0.216512    -0.122745    -0.518316   -0.0385425    -0.283029     0.156256     0.121716    -0.736537      0.41385       0.1597     -0.23083    -0.160636     0.424536    0.0446562    -0.226194    -0.391517     0.195039      0.15191    -0.309492   -0.0557578    -0.336855
    0.545082     0.759209     0.416063    -0.319387     0.527682    -0.369819     0.463785    0.0700836     0.322228    -0.281016    -0.572416    -0.140131    -0.400978    0.0774903    -0.140809     0.195443     0.553041     0.328839     -0.04664    -0.189989    -0.307357    -0.463456     0.165674     0.682863    -0.422038    0.0442005    -0.127233    0.0341278      0.45595    0.0878782   -0.0450879     0.182951
   -0.314691    0.0473855     0.299843    -0.257025    -0.382255     0.208697     0.415336    -0.222541    0.0196253     0.229841    -0.323681    0.0593001    0.0957987    -0.217654    -0.236959    -0.206154    -0.304672     0.155469    -0.322313    -0.100464   0.00567055    -0.601357     0.101582    -0.225914     0.101813    -0.435166    -0.312105     0.137151     0.268759     0.397294    -0.124475    0.0728045
     1.01798   -0.0969402      0.14309     0.905071     0.253471    -0.771978    -0.347176     0.154788    0.0308356    -0.927722     0.665361      1.26077   0.00857314     0.244947  -0.00686896    0.0401043    -0.568647   -0.0777723     0.835367      0.42879    -0.653488    -0.500943     0.694705     0.155465     0.263532     0.627785     0.196601     0.660464     0.142207     0.260302     0.612179     0.445228
  -0.0571234    0.0110067    -0.129628     0.174935   -0.0649545   -0.0875216   0.00655094     0.396283     0.227074    0.0661929   -0.0355745    -0.115598     0.146836     0.415915   -0.0262325    -0.351246     -0.12624    0.0593884     -0.25352     0.026491   0.00223501     0.525195    -0.270518      0.19904    0.0101983    -0.641778    -0.165954     0.172967    -0.648507    -0.313587     0.635586    0.0246045
   -0.207687      0.56993     0.138708     0.597462     0.655452    -0.125978     0.221576     0.466084    -0.281567   -0.0343249    -0.136458     0.246103   -0.0572744     0.160534     0.224166    0.0487244    -0.143722    -0.733096    0.0405811    0.0857568    -0.159269    -0.223559    -0.234906    -0.276628    -0.669413     0.708422   0.00831129     0.225738     0.167412    -0.606957   -0.0120481    0.0746737
     0.35676    -0.231992    -0.111097   -0.0786211    -0.239058   -0.0203418     0.165115     0.139407   -0.0682639   -0.0677145    0.0315153      0.28741      0.41015    -0.101065    -0.040977    0.0177116     0.107094     0.258399      0.25957    -0.105359    -0.333008    -0.322156     0.229991    -0.267016     0.158375     0.292944     0.505309    0.0165859     0.353046    -0.215595    -0.176954     0.253918
  -0.0586255    -0.129953     0.109466    -0.285722    -0.390182    -0.722288    -0.755417     0.212676    -0.249449     0.583771     0.559479    -0.506969    -0.391344     0.120745     0.319466     -0.46674    -0.221809    -0.512613     0.368623    -0.204078     0.241228    -0.339155      0.22498    0.0403983     0.350136    -0.595689   -0.0698316    0.0406947    -0.529776     0.108391     0.221195     0.407938
   -0.206658    0.0125569      0.08506    -0.764463    -0.183525    -0.100304     0.473326    -0.322882    -0.227666    -0.220483    -0.416888    -0.352974    -0.330492     -0.14324     0.235146      0.22956      0.51349     0.149653     0.256322     0.293932     0.476493     0.205936     0.469723     0.597918   -0.0373957     0.103491     0.370109     0.307053     0.713813    -0.352341    -0.350534     0.472073
    0.217779    0.0928875    -0.116353    0.0376894   -0.0474696    -0.108775     0.153233    -0.131244     0.050425   -0.0852155      0.29978   -0.0858857    0.0486134    -0.224617      0.26819    -0.522947     0.314118     0.283268     0.336365   -0.0381346     0.215821    -0.390431     0.216191     0.204136    -0.144734  -0.00120005    -0.300001    0.0188598     -0.34222     0.205591    -0.212718     0.393907
   -0.153767    0.0377013     0.175391    -0.091646    0.0787492    -0.757664     0.215951    -0.288833     0.285633     -0.25964   -0.0961615    -0.107967     0.189642    -0.520136   0.00693611    -0.219971     0.432974     0.167847     0.206091     0.027074    -0.177558    -0.151476     0.282345    0.0823474    -0.105572   -0.0158581    -0.552782     0.297295     0.290585     0.235135    -0.628769   -0.0167274
    0.215288    0.0749075    0.0800203    -0.622512     0.228925    0.0800829    -0.144673     0.492694    -0.270562    -0.198244    -0.556544    -0.330647    -0.154103    -0.280425    -0.114945     0.665579     0.479746   -0.0235736    -0.390961    -0.563096   -0.0639824     0.239316    -0.706882    -0.259571   -0.0517904     0.469305      0.12904    -0.184892     0.141487    -0.325459    -0.540986    -0.555725
  -0.0286077    -0.199969    -0.228114    -0.229208    -0.617825    -0.666004      -0.1076     0.033599     0.206955    -0.184695     0.680199    -0.136115   -0.0727939    -0.242373     0.222854   -0.0286602     -1.28372    -0.869919   -0.0826635   -0.0639093    -0.319924     -1.02426     0.917799   -0.0922399    -0.266479     0.350608    0.0792826    -0.564804     0.423371     -0.39351    -0.186299     0.228969
    0.180048       0.8856     0.115725   -0.0717203     0.180798    -0.508949     0.365733  -0.00662152     0.237014    -0.439941   -0.0631568    0.0545168    -0.070225     0.139426    -0.575108     0.409365     0.104173     0.433403     0.747252  -0.00466836    -0.555677   0.00839686     0.222807     0.367177    -0.829431     0.307575      0.38361    -0.162161     0.577791    -0.467497    0.0533253     0.320318
   0.0938883     -0.16621      0.12795   -0.0828646      0.11853    -0.249387     0.578337     -1.19483     0.233883    -0.405178    -0.604278   -0.0878343     0.478256    -0.474639  -0.00648672     0.156362    -0.591134    -0.291832      0.26195    -0.169986   -0.0977689    -0.627992     0.283492    0.0064506    -0.287621     0.709744    -0.463677    -0.282354     0.212281   -0.0152384     -0.43022   -0.0513149
   -0.464712     0.136842    0.0520613     0.166441     0.302267    0.0766609    -0.248866     0.499405     0.575936      0.56761    -0.146607     0.340905     0.579506     0.125882     0.424728    -0.426752    -0.707832     0.163085    -0.177936    -0.143462    -0.461967     0.366852    -0.412173   -0.0541496   -0.0551655     0.313743    -0.809479    -0.393809    -0.716564     0.210321    0.0905379    -0.404988
   -0.271413     0.789546    -0.176921     0.620758     0.694433      0.91339      1.24515    -0.473852     0.253159     0.393978    -0.212917    -0.410798    -0.531528    -0.375521    -0.427313    -0.116347        1.363    0.0196211    -0.169293    -0.064205     0.779697     0.558006       -0.828     0.220503     0.388379    -0.471749  -0.00861882    0.0378722     -0.36346    -0.106773    -0.281462     -1.13449
   -0.125716     0.446123     0.442536     0.587199    -0.103826  -0.00700357    -0.755681     0.891802     0.177726     0.296548     0.521358     0.073419     0.391558     0.079547      0.15236    -0.413181    -0.169862     -1.22826    -0.371248    -0.291206     0.176502     0.288484    0.0172322     -1.28252   -0.0907506    -0.159404    -0.330383   -0.0725424   -0.0682398    -0.154263     0.283463   -0.0682282
   -0.381008     0.335986    0.0962115     0.295963     -0.67625     -0.50282   -0.0912481    -0.295658   -0.0669044    0.0993417     0.248754      0.57102    -0.117608   -0.0746548   -0.0795573    -0.122845     0.167461   -0.0173576     0.210754   -0.0716839     0.572033    -0.277698   -0.0395535    0.0497807     0.293893     0.593625   -0.0261824    -0.149121   -0.0392618     0.282712     0.263553    -0.343789
   -0.175704    -0.115544    -0.197243    -0.224478     0.711229     0.107463    -0.685482     0.617641     -0.20484     0.202659    -0.591811    -0.379587    -0.698738    -0.716802     0.114439    -0.439925      0.53907      0.14602    -0.272942    -0.289636     0.113904    -0.171487    -0.312172     0.097923   -0.0459212    -0.340215     0.108089    0.0993713    -0.259557    0.0767395      1.14724     0.202373
   -0.803187     0.589949   -0.0888983    -0.634839    -0.694333    -0.325804     0.189119   -0.0449002    -0.655725    -0.489516    -0.203045     -0.43698    -0.491671    0.0747186     0.167415     0.353659   -0.0449379   -0.0597395     0.416435    -0.493605     0.158043     0.460651    -0.133199    -0.202773    -0.214289      1.04229      1.05002    -0.170133     0.252105    -0.208133    -0.292017    -0.124493
   -0.680886    0.0356285     0.322135    -0.327453    -0.436296    -0.369984     0.251777    -0.510176    -0.860585    -0.256267   -0.0685024    0.0196311    -0.783307    -0.641916     -0.11921      0.31814     0.190086       0.3143     0.667175     0.330993     0.165709    -0.292736   -0.0853003     0.495638    -0.297613     0.770882     0.859886    0.0961074      1.08064      -0.3925     0.325005     0.387653
    0.295997   -0.0443301   -0.0669178   -0.0199911      0.17715    -0.493976    -0.394691    -0.110657    -0.485014     0.628704    -0.486247    -0.538985     0.195479    -0.157117     0.390488    -0.202772     -0.32569    -0.218526   -0.0142675   -0.0763355    -0.390268     0.128077   -0.0521545     0.246325    -0.413529     0.117379     0.391778     0.116673     0.356447     0.110425     0.463865      0.82616
    0.751339      0.53349    -0.163224    0.0941609    -0.140773     0.250234     0.833499    -0.873741    0.0377552    -0.869442    -0.414178     0.988174     0.155377   -0.0390837     0.149248     0.129281     0.179084     0.575245     0.222143      0.21611     0.118429    -0.110007    -0.279371    -0.451868    -0.450149     0.648402    -0.518132   -0.0606631     0.795466     0.277542     -0.92457    0.0716686
    0.656857     0.137861     0.392486    -0.483105    -0.816552    -0.424695    -0.394081    -0.484968     0.481652     0.245979     0.361887    -0.346627   -0.0770952     0.178949    -0.460055     0.300146    -0.821373      -1.0717     0.243283     0.362319     0.916889    -0.302842     0.522554     0.551746   -0.0767975  -0.00437869     0.137315     0.211128    0.0131203    -0.431864    -0.149818    -0.374666
   -0.551941     0.409767    0.0626773    -0.345656     0.156682     -1.12967    -0.364293        0.368    -0.255822    -0.422327     0.570588    -0.226655    -0.418981    -0.685113      0.30176     0.195063   -0.0807084    -0.324028   -0.0638523    -0.612074    -0.119536      -0.6656     0.387432    -0.222567    0.0683425     0.679292     0.864575     0.447341     0.467625    -0.197251     0.754604    -0.775301
   -0.812442     0.544509     0.127799     0.398585    -0.376117     0.117327    0.0432477    -0.928168    -0.182921    -0.460167      0.56338     0.568045     0.130111     0.146755    -0.158556    -0.427468    -0.800891    -0.466262   -0.0486698    -0.208192     0.283232    0.0194144    -0.425798     -1.18631    -0.216698     0.264529    -0.433095 -0.000602936     0.556227     0.283483    -0.220024    -0.800734
   -0.128181    -0.248917     0.594844    0.0193146     -1.22226    -0.903962      0.12808    -0.224093    -0.124833     0.250725    -0.303149     0.875386     -1.00119    -0.216446    -0.460724     0.334233    -0.603051    -0.522096     0.420565     0.143332     0.761992    -0.534684     0.360085   -0.0445582    -0.203166     0.893127    0.0515535    -0.289751     0.106662    -0.163464    -0.306174     0.054649
    0.544676    0.0531874     0.334194     0.116951    0.0121703    -0.159079    -0.412302   -0.0489683    0.0716044     0.177792    -0.674264    -0.140478     -0.43323    -0.156585    -0.510828     0.355103   -0.0367825   -0.0719449     0.820319     0.465198    -0.175155    -0.655959     0.745999     0.818598    -0.175713     0.130479      0.47263    -0.249641    -0.116744    -0.496103    -0.112659       0.5824
   -0.225352     0.697525     0.809913      0.38976    0.0838453   -0.0111388     0.134689      0.63699      0.17602   -0.0750385    0.0493104     -0.39286      0.34909     0.533654    -0.161533    0.0110148    -0.780336    -0.562002    -0.243158    -0.107337     0.343051     0.040848      0.21076    -0.891512    -0.752415    -0.670845    -0.880416    -0.417818      0.11006     0.305268      0.21031    0.0558189
   0.0666484    0.0405044   -0.0689006    -0.067239    0.0804158   -0.0710288     0.147581   -0.0702496     0.107088   0.00576796     0.167575     0.172947    -0.115573    0.0587967   -0.0949589    -0.137731    -0.124148  -0.00891753     0.095472    -0.200974    0.0415921    -0.137071   -0.0473959    -0.338966     0.112353   -0.0873432     0.006708     0.165346     0.120889    -0.232778     0.077849    0.0123625
   -0.279432     0.275835    -0.339949    -0.730738    -0.291331    0.0730818     0.646334      0.16758     -1.08776      0.10679    -0.192378      0.35459     -1.02466    -0.693772    -0.500817     0.580906   -0.0629428   -0.0819943     0.271718    0.0892954     0.402467     -0.14239   -0.0281044     0.487416     0.723982      0.25869     0.480482     0.572069     0.393995    -0.369059     0.138374    -0.166119
    0.139649    -0.761354    -0.356829    -0.303246    -0.265439    -0.253323    -0.293366    -0.910102   -0.0436375     0.107683     -1.01564    -0.383423    -0.277865     0.246232     -0.21388    -0.264209     0.323236     0.555651     0.580473    -0.365447   0.00979196     0.121733      0.17038     0.655828    0.0794856    -0.365087     0.555563    0.0469619     0.224957     0.314859    -0.412052    -0.165277
   -0.328591     0.353711     0.225812    -0.579593     0.297942    -0.511228    0.0421087     0.761844     0.353194     -0.42936     0.120811    -0.499447    -0.119643     0.164984     0.218727      0.16374    -0.108031   -0.0308042     0.312756    0.0217799    -0.121737    -0.493734     0.603058     0.692481     -0.18291     0.177365   -0.0295901    -0.192345    -0.152254   -0.0014977     0.170311     0.430594
    -0.66039    -0.471685    -0.250546    -0.473421   -0.0560589   -0.0109972     0.751268    -0.233473    -0.446996    -0.248658     0.147875    -0.188191   -0.0391266     0.209977     0.517736    -0.503621     0.434169     0.159642    -0.260168   -0.0401288     0.692542    -0.127877    -0.294877    0.0778915     0.608187     0.106208     0.234644      0.43788   -0.0506051   -0.0166453     0.456924     0.125073
   -0.148864     0.752167    -0.415575     0.046607     0.439511     0.674666     0.758841    -0.170036     0.215372   0.00658199     0.102673      0.41831   -0.0318278    -0.605944     0.193428     0.165407     0.367071     0.358996    -0.300751    0.0604815    -0.508466     0.472301    -0.975442    -0.254388   -0.0680433    0.0754766    0.0544488   -0.0428715    0.0694174     0.335146     0.483791    -0.184653
    0.226014     0.336106   0.00989291    -0.237452    -0.111552    -0.362523     0.396763    0.0665321   0.00601367   -0.0920036    -0.207563     0.345016     0.242495      0.26617     0.243215    -0.310596     -1.03713     0.270136     0.272989    0.0905752    -0.306858     0.264132     0.268653     0.188672     0.263542     -0.54231    -0.216458    -0.122448    -0.283155     0.711033     0.463542     0.716974
   -0.043376     -0.29068    -0.072648    -0.701875    -0.335114    -0.450832    -0.252949     0.809413     0.455545     0.222762   -0.0426587    -0.246462    0.0874148    0.0938765  -0.00727535   -0.0302014    -0.268668    0.0500899    0.0791208    -0.129327   -0.0662581    -0.291782     0.116025    0.0852998     0.499067    -0.241563     0.580864     0.067287    -0.184779    -0.633637     0.142886    0.0654728
   -0.489807      0.17444   -0.0885751      0.26708    0.0817741     0.407627     0.227671     0.135996    0.0357583    -0.127405    -0.167686     0.189661    -0.036213   -0.0542127    -0.443534    -0.485166    -0.188985    -0.281209    -0.353777    -0.121996     0.144902    -0.141715    -0.197645    -0.100703     0.123349   0.00379879    -0.187108     0.126639    -0.180658    -0.081959     0.115347    -0.485561
    0.146538     0.351722    -0.409292     0.151868      0.04959     0.239195     0.121794     0.474769    -0.197707     0.209232    -0.179262     0.212729    -0.277899     0.331885     -0.16387    0.0515842    -0.651385    -0.170575     0.127248     0.547468    -0.219654    -0.296631    -0.156132     0.316858     0.488435     0.213473     0.150387    0.0187715     0.123773    -0.203373     0.232639     0.535108
     0.46938     0.303611      0.18879    -0.497241     -1.14652    -0.244886    -0.201618    -0.139322     0.111691     -0.32917     0.157613     0.570765    -0.259993     0.502707     0.491931   -0.0829969    0.0420404    -0.154308     0.570446    0.0157022     0.232916    -0.649125     0.492759     -0.07587     0.032516     0.341718    -0.833263      0.26592    -0.213304     0.635692   0.00461844      0.13476
   -0.311751    0.0654697     0.347439    -0.571666      -0.4335    -0.577596    -0.080532    -0.203923    -0.189069      0.37324    -0.275061   -0.0349712     0.157865     0.161318    -0.436488    0.0553905     0.473184     0.209451   -0.0891493    -0.214304      0.34718    0.0438912     0.375471     0.514145    -0.457765      0.03184    -0.181497   -0.0154743    -0.223464     0.683887    0.0445152    0.0890816
    0.929802      0.58515       0.2351   -0.0479957    -0.239548     0.468009     0.501906    -0.514761     0.416342   -0.0464708     0.241173     0.618488    0.0875567    -0.230489    -0.122769    0.0374287    0.0199741    0.0960002    0.0361208     0.166246     0.656924   -0.0476435    -0.375577    -0.200462     0.923506     0.339612    -0.923923     0.684868     -0.36697     0.309806    -0.799921     -1.23436
   -0.401524      1.09065     0.429876    -0.346398      0.40112    -0.101175    0.0420637      0.43259    -0.360488    -0.079422     0.145062    -0.451132     0.263459   -0.0631017    -0.249796       1.0466    -0.472542    -0.450658    -0.159801    -0.524873    -0.262004   -0.0210887   -0.0426594     0.142411     -0.37019     0.982016     0.808208    -0.175401    -0.310477    -0.517995    0.0232745     0.557036
    0.170425   -0.0107268      0.13201     0.679001    0.0504116      0.16131    -0.259205   -0.0227126     0.511251     0.138232     0.188336     0.553255    0.0783142    0.0508778   -0.0333774   -0.0226878    -0.662563     0.274037    -0.147791     0.394743    -0.193845   -0.0828841    0.0255065    -0.593432   -0.0233434    -0.685013    -0.194749     -0.10487    -0.416413     0.450743       0.5316   -0.0686534
   -0.212436     0.272951     0.228342    -0.108354    -0.384096    -0.192633     0.238558     0.204957    -0.450817    -0.180443   -0.0300332     0.321899    -0.194214    -0.200403    0.0138393     0.263483    -0.177697       0.0295    0.0304521     -0.11627     0.194748     0.458214     0.103228    -0.163976     0.165884     0.931086     0.227736    0.0959834   -0.0188883   -0.0408809     0.078413     0.459817
   -0.176555   -0.0139946   -0.0939654     0.291151     0.308498      0.14715    -0.189445      0.12221     0.521937     0.344068    -0.320713     0.305192    0.0835462     0.207279    -0.103692    -0.176265    0.0956443     0.133593     0.429708     0.192918   -0.0116289    0.0652232    0.0628608    -0.254948      0.18874    -0.418486    -0.250131   -0.0654282     0.106711     0.146737     0.190264    0.0379941
    0.174123      1.00871     0.330023      0.33735    0.0454602      0.21379    -0.598324     0.430662     0.296131    -0.209956    -0.265334    -0.207639    -0.186726     0.100444    0.0989924     0.427281    -0.102705    -0.526527    -0.251203    0.0681264    -0.609417     0.458746    -0.323526     0.383851    0.0241385    -0.245266    -0.115909     0.176712   0.00531988    -0.174352     0.272668    -0.245296
   -0.326042    -0.427772     -0.47935    -0.317767     0.208592     0.532191     0.175006   -0.0443544    -0.432932     0.533699     0.329809    0.0234905    -0.719449   -0.0148729     0.128331     0.289703     0.295217    -0.236153    -0.330258    -0.232105   -0.0211144     0.161692    -0.243958     0.442088     0.172321      0.13642     0.474335      0.26415     0.638707    -0.662254    -0.156805    -0.230501
    0.178217    -0.312462    -0.132696    -0.396483    -0.123974    -0.342204    0.0759425       0.1667     0.236575     0.243409    -0.242529     0.451798    0.0551436    -0.846344      0.35094     0.351534    0.0163349    -0.140012     0.250388    -0.148321    0.0410192    -0.113806    -0.412886     0.135734       0.6972     0.337494   -0.0324495     0.227842    -0.546357     0.254725     0.122623    -0.493891
   0.0610512    -0.739692    -0.326323    0.0155532    -0.289593    0.0206249    -0.270319     0.521978    -0.256021    -0.160138    -0.288872   -0.0533645     0.109728    0.0240918    -0.129233    -0.458851    0.0684924     0.280571    -0.168632    -0.325897    0.0866434     -0.29904    -0.144363     0.182264     0.343942    -0.451991    -0.237672     0.178594     0.420195     0.544814     0.099622    -0.197631
   -0.314614    -0.469527    -0.108882    -0.287243     -1.90613    -0.906322     0.283166    -0.564069     0.169797    -0.272463      0.43506    0.0938512     -0.34104      0.12891     0.245627    -0.526899     -1.04269     -1.17408     0.413067   0.00914183     0.494116     0.154273     0.932847     0.124331    -0.114035    -0.261514     0.974242    -0.143544     0.527249    -0.247401     0.244892   -0.0111672
   -0.269372    -0.353094    0.0796171    -0.646922    -0.983067    -0.490752     -0.60356     0.209405    -0.599545     0.221005     0.173698    -0.292051    -0.261761     0.552598    -0.266373     -0.13855    -0.327571    -0.727624     0.068429    -0.304241    -0.117332    -0.176508     0.556567   -0.0507929     0.148948     0.263175     0.652079    -0.237774     0.620716     0.193241     0.366967     0.822968
    0.198434    -0.388673     0.170232      0.66925    -0.366427     0.263055     0.290908    -0.523297     0.468862     0.228033     0.691991    -0.304946      1.30895     0.573102   -0.0585746    -0.258283    -0.644421   -0.0579358    -0.121635   -0.0599328    -0.519158     0.619398    -0.211433    -0.428039     -0.27452    0.0860441    -0.486591    -0.246372     0.228615     0.612814     0.201803    0.0617995
    0.622818   -0.0216748    -0.401569     0.257391    -0.111348   -0.0499797     0.386025    -0.500553     0.332619    -0.808683   -0.0437763    0.0199453    -0.816968     0.301759     -0.38606     0.311631       0.7829     0.807354     0.625428     0.373047     0.394429    -0.292585     0.559793     0.604516    -0.283701    0.0615782     0.142262   -0.0543945      0.23333    -0.161562   -0.0968288    -0.206958
   -0.243961     0.890985    0.0737507     0.141861     0.807747     0.842621     0.565398     0.483054     0.129164    -0.100188    -0.187875   -0.0514767     0.262331     -0.87932     0.116796     0.500359     0.664896    0.0577357     -0.39537    -0.435326    -0.063047    -0.829067    -0.571019   0.00470459     0.292794     0.395656    -0.783821     0.159659     -0.38827    -0.571741    -0.424815    -0.233018
   -0.205506     0.532023     0.297154    -0.371672    -0.589883   0.00153748     0.457686     -0.17259     0.227429    -0.356637     0.288695   -0.0756836    -0.284527    -0.487579     0.475955     0.395671    -0.189946     0.225789    0.0674462    -0.472864     0.309098    -0.084775     0.319015    -0.549552     0.254633     0.127087    -0.559295     0.108501     0.836604     0.463251    -0.397368     -0.76494
    0.117895   -0.0193005     0.340378      -0.5244    -0.138884   -0.0158994   -0.0798323     0.013467     0.655439     0.303813    -0.543593   -0.0613637    -0.143902    -0.270818     0.361642     0.695311     0.138442    0.0909389     0.410659   -0.0897225     0.404131    -0.201682     0.747088     0.394285      0.56223     0.277056      0.65877      0.30014     0.705901     -0.40774    -0.211848       0.1471
  -0.0758135    -0.155131    -0.291802    -0.170823   -0.0641536     0.709094     0.900368     0.257019    -0.215636    -0.343625   -0.0896916     0.170772     0.738987    0.0962009    -0.484118     0.126337    0.0642965     0.880653     0.232915    -0.149302    -0.121404      0.21036     0.102636    -0.691027   -0.0645502     0.305876     -1.13275     0.205931    -0.602692      1.33755    -0.168597     0.802711
   0.0869396      1.09112     0.662955     0.181926     0.212781     -0.47893    -0.103883     0.805745     0.109795   -0.0535012     -0.43848     -0.18002   -0.0465408     -0.59315    0.0711415     0.281027     0.271235    0.0371767    -0.272423    -0.639486     0.341416    -0.860717     0.693908     0.433574    -0.155099      0.98899     0.429193     0.347238    -0.274724    -0.552186    -0.131659     0.219879
   -0.162657    -0.228301   -0.0229473    -0.237734     0.144086    -0.253061    -0.656403   -0.0443446   -0.0817464    -0.112945    -0.374138    0.0201408     0.271661   -0.0311015     0.313737     0.218672    -0.157345      0.17826     0.173038    -0.648433     -0.23921    -0.259414    -0.412158     0.137337    0.0537628       0.1004   -0.0479065   -0.0938643   -0.0898409     0.118708     0.167298    0.0246309
    0.772356    -0.296289     0.428237     0.142528    0.0887279     0.734096    0.0934291    0.0569135     0.994012   -0.0879799    -0.703152    -0.229573    0.0224339    -0.317612     0.128898     0.453546     0.210756    -0.394591     0.316359    -0.405549      0.05274    -0.692405    0.0795651    -0.350285     0.252519     -0.42778   -0.0959214    -0.408094     -0.62198   -0.0922157    -0.338528    0.0849389
     0.24978     0.369041    -0.344854     0.339874     -1.53418    -0.357393   -0.0820299    -0.630321    -0.278953    -0.330885     0.610362      1.05972    -0.577328      0.60815      0.69069     -1.30703     0.162765    -0.580615     0.563272   -0.0284279     0.679672      0.60554     0.712686    -0.736651     0.229742    0.0905334      0.10199     0.239556    -0.159037     0.234329      0.34093    -0.189119
    0.276139     0.408883     -0.62562     0.262025     0.749338    -0.281736     -1.47241     0.743108    0.0637399     0.805562    -0.326433     0.190781    0.0942053     0.294046    -0.203663     0.233229    -0.279996     0.175832    -0.339339    0.0426376    -0.895331     -0.55508     0.173026      1.01134     0.215681     0.142789     0.250454   -0.0587479    -0.268054    -0.422821     0.422863     0.608931
    0.418625    0.0727294    0.0663363      0.13541    -0.184233     0.190597     0.339925   0.00156513      0.63075    -0.336006    0.0654595    0.0523369     0.447614     0.115224     0.184261    0.0922157    -0.264847    -0.405493    0.0115644     0.215116     0.165734    -0.895951     0.113416      0.54024    0.0144042     0.991739    -0.414126   -0.0736291    0.0903481    0.0378416    -0.793518     0.241938
    0.142944    -0.248224   0.00311637    -0.421484     -0.14707   -0.0957302    0.0665373    -0.507914     0.449093   -0.0202139    0.0415894    -0.339128    -0.408534    0.0428137     0.115471     0.478524    -0.202014     0.293585    -0.138048     0.295561    -0.195385    -0.371146     0.494431     0.524168     0.428119      0.19093    0.0720907    -0.120851    -0.259385     0.248642   -0.0821925     0.223373
    0.225677    -0.166539   -0.0807985     -0.15687    -0.288826      0.14476   -0.0280379    -0.616749     0.316301    0.0733166    -0.198647     0.100052     0.479691    -0.139913    -0.274461    -0.172849    -0.307386     0.355817    -0.103209     0.192693    0.0499532     0.493618    -0.433376    -0.193485     0.143987     0.116661   -0.0990577     0.193471    -0.284475     0.109096    0.0855663    -0.428058
   -0.116707    -0.272812    -0.365525    -0.197934    -0.930839    -0.570225     0.183727    -0.669707     0.191739    -0.201847    -0.110771     0.308586     0.229902    -0.129732     0.524746    -0.551002   -0.0575053    -0.237272     0.454958    -0.326515     0.340617     0.430698     0.144991    -0.246665     0.490333    -0.578643    -0.800475     0.170529     0.050839     0.579914    0.0335941     0.251642
   -0.676206     0.160329    -0.615269    -0.366214     0.135993   -0.0344861     0.295917     0.148836     0.132882    -0.124753     0.287959     0.216259     0.325353     0.446914    -0.327726    -0.114706     0.103466     0.759444     0.102488    0.0744261     0.141185   -0.0181555     -0.21274     0.225424     0.526343    -0.509648    -0.496594    -0.088957     0.196515     0.750107    -0.223032    -0.319337
    0.419856    -0.214147    -0.108666    -0.804199      0.42843     -0.16088     0.409161    -0.240689   -0.0782596    -0.142883    -0.295974    -0.173118    0.0515225    -0.809506    -0.170656   -0.0636392     0.107382    -0.203762     0.100228     -0.22436   -0.0324769    -0.189671     0.254024    -0.152322   -0.0666946     0.425907     0.251754    -0.452199     0.468529    -0.525608    -0.422304    -0.146167
   -0.685002    -0.143665    -0.178184      0.14157  -0.00193167     0.125317     0.132225     0.111271     0.200646    -0.120168     0.639294    0.0460729     0.352018     0.212501     0.211466    -0.246251    -0.530688    0.0655832    -0.205625     0.185154    -0.233524    -0.222943   0.00146906    -0.424432     0.123066     -0.37726      0.31906   -0.0967893   0.00330142     0.269655     0.124972     0.099817
    0.299994    -0.507797    -0.295917     0.432757     0.438403     0.546709    -0.289868   -0.0949175     0.112476   -0.0407264  -0.00917362    0.0679137   -0.0491644     0.109284     0.438887    -0.517169   -0.0243063   -0.0277216    -0.193416     0.212566    -0.500455     0.423032    -0.454479    -0.328438    -0.375158    -0.913759     -0.46267    -0.339237    -0.782155      1.26262   -0.0776047     -0.47965
   0.0403608    -0.352811    -0.399332    -0.163423     0.312331     0.148471    -0.297066     0.591667     0.253437     0.302082    -0.504573    -0.142776    -0.016061     0.406102     0.229626    -0.152659     0.242669    -0.259145     0.340071    -0.354857     -0.23634     0.309129    -0.577602     0.156019     0.205799    -0.292484    -0.517118    -0.245093    0.0104213    0.0257311     0.279797     0.189778
    -0.39221    -0.518773    -0.189746    -0.219371    -0.352414   0.00810249     0.489824     0.266396    -0.318838    0.0776424   -0.0170494     0.217268   -0.0996784     0.341854    0.0280398    -0.698597     -0.61714   -0.0208914     0.159456   -0.0517903    -0.256527     0.106648   -0.0678909     0.268975    -0.014839    -0.767677     0.397096   -0.0500445    -0.623474     0.116577     0.773046    -0.545196
    0.732677      -0.2306     0.311334     0.308522    -0.143623    0.0754487    -0.977881     0.279712  -0.00897862      0.08437   -0.0396984    0.0771658   -0.0543536     0.231226     0.210233     0.569876    -0.289445    -0.430946    0.0049241    -0.388503    -0.134645   -0.0661924   -0.0821316      0.62768     0.153217     0.026335     0.974384     -0.40891     0.568555   -0.0111929    -0.515487    -0.702404
  -0.0144932     0.529869     0.177698    -0.207729    -0.747591   -0.0954844   -0.0245234   -0.0771664    -0.188874     -0.55343     0.278171   -0.0188862     0.189889    -0.157575     -0.27221    -0.782611    -0.525946    -0.456352    -0.298552    -0.230496     0.399562     0.680374    0.0365126    0.0207022    -0.562155    -0.409186    -0.416654   -0.0565633   -0.0918999    -0.262967  -0.00798393    -0.573719
   -0.436913      1.30803     0.179893     0.140656     0.172414    -0.370034    -0.186953     0.307752     0.241652   -0.0307441     0.316458   -0.0127305    -0.129823    -0.358634    -0.533451     0.760812    -0.190805     -0.53488    -0.114233    -0.340273     0.108964    -0.563583     0.193936   -0.0758403     -1.02609      1.33238    -0.217073   -0.0404862    0.0130363    -0.602844      0.56308       0.3001
    -1.44231    -0.523319     0.266552    -0.663075      -1.4153    -0.568504     0.279781    -0.941348    -0.384493     -0.79527     0.255764    -0.117795   -0.0251897     0.735296   -0.0790531    0.0315677    -0.538181     0.475953     0.658739    -0.156679     0.429213    -0.117975    0.0549384    -0.120545     0.450161     0.832776     0.407335    -0.118877     0.989178     0.271368     0.184883     0.772658
    0.218818     0.309217     0.595034    -0.257699     0.608052     0.109816     0.122226    -0.300508     0.356472    -0.509549    -0.165023     0.130095    0.0646516    -0.203976     0.249397     0.359335     0.730893    -0.310015    -0.335546    -0.129635     0.770303    -0.379736     0.333714    -0.407893   -0.0796714     0.396097    -0.158494     -0.14895    -0.144793    -0.407096    -0.340054     -0.93319
   -0.397601    -0.497548    -0.477009     -0.52747   -0.0899653     -0.34626     0.754162     0.550562    0.0894409    -0.151817    -0.485122    -0.206026    -0.243267     0.202165    -0.172561     0.260296    -0.102723     0.189085     0.528645    -0.624407    -0.164191    -0.359285     0.190095     0.831749     0.587409  -0.00486526     0.163394    -0.430211      0.42054    -0.207258     0.771653     0.429411
   -0.379258    -0.126428    -0.494392     0.183371     0.410998    0.0880361    -0.035076     0.200919    -0.393534     0.714917     0.501449   -0.0548678     0.357905     0.203568   -0.0508006    -0.671048    -0.336293      0.22967     0.322996     0.750553    -0.307811     0.146889   -0.0157112    -0.203491     0.434486    -0.164234      0.53812     0.472715    -0.883024    0.0996963     0.506554    0.0787815
     0.43054    -0.158355     0.186827    -0.246705    -0.789543    -0.344708    -0.768391     -0.62284   -0.0552244    0.0156351     0.652896     0.151925   -0.0425623        0.913    -0.394491    -0.414682    -0.817533    -0.431566    -0.312298     0.191278     0.383957     0.467087      0.21335    -0.603651    -0.977656   -0.0425441    -0.317332     0.200645    -0.166087     0.411609     0.309405  -0.00629279
    0.445877     0.174186     0.271437     0.591711    -0.344498   -0.0941981    -0.687062    0.0526089     0.230849     0.184099    -0.148394    0.0668139     0.070095    -0.435461    0.0596871     -1.16437  -0.00446907     -1.69061    -0.686171    -0.302644  -0.00352203     0.467683    -0.179683    -0.505463     -0.48152     0.054381    0.0469387    0.0540074     0.409389    -0.826853    -0.771722    -0.585095
    0.639033     0.163716    -0.709161      0.30862    -0.777434     0.585328     0.164483      -0.6531     0.145471     0.102077    -0.848777     0.837263     0.193195     0.280647    -0.227525    -0.054416    -0.240505      0.59751     0.038267     0.208044     -0.14081      0.27825     -0.55404    0.0863919    -0.601201    -0.739148    -0.247582     0.236508     0.470315     0.724505      0.48365     0.150882
    0.730417    -0.665688     0.335662     0.537312     0.894735     0.393779    0.0246251     0.474381    -0.122399     0.193996    -0.314053    0.0965492      0.19547    -0.599585    -0.103004    -0.203512      1.15852    0.0840327    -0.392589     0.180959    0.0294395     -0.21765   -0.0977063    -0.161396     0.187143    -0.252848    -0.772025    0.0752618    -0.885566     0.605168    -0.196037     0.298775
    0.192554   -0.0773771    -0.234794   -0.0253186    0.0578879    0.0655783     0.131041    -0.715088    -0.383073     0.310669     0.122406    0.0480577   -0.0652521    -0.246365     0.102431   0.00722958     0.300493     0.470391    -0.084722     0.353321    -0.547293     0.102394    -0.312454     0.313329     0.142531    0.0413576     0.410826    0.0795202     0.327978   0.00305572    -0.441144   -0.0437211
   -0.138582    -0.176746     0.319474   -0.0157861    0.0153098    0.0316002   -0.0112021    -0.278804     0.195491     0.183738     0.149178    -0.325855    0.0885377   -0.0782925   -0.0629135    0.0523088     0.584995     0.091337    -0.149104    0.0635558     0.297951    -0.353422     0.475318     0.249791    -0.301005   -0.0132613    -0.221641     0.104434    0.0224381    0.0233349   -0.0144621      0.10516
    0.840847   -0.0769841    -0.409606    -0.250602     0.136394     0.182916     -0.10789      -0.4357     0.294682      0.31697     0.081765      0.13831    0.0853946    -0.115102 -0.000815444   -0.0163462    -0.682414    -0.325526     0.551739     0.152907    -0.456776    -0.347271     0.096777     0.160224     0.367933     -1.00715     0.628731     -0.24842     0.213466     0.423294   -0.0729769     0.713391
   -0.805811     0.891273     0.496568      1.34983       0.3623     0.152351   -0.0295653     0.253702     0.109856     0.308693     0.577849     0.610631     0.156327   -0.0214282    -0.198862    -0.287339     0.291566    -0.112641    -0.461978    0.0960933    0.0140941    -0.226855   -0.0220805     -0.39735    -0.518282     0.750738     0.271651    -0.154695    -0.118339    -0.447532    -0.193554    -0.240134
    0.225506     -0.49282  -0.00613432      0.06782   -0.0257936    0.0902546    -0.217609     0.390058     0.374206     0.029888    -0.156209      0.16495     0.159071    -0.189509     0.206975     -0.14218    -0.235376  -0.00959623     0.308092    -0.143964    -0.153286     0.109479     -0.27459    -0.591233   -0.0593297     0.170539      0.12058     0.154885   -0.0854491      0.19562    -0.437353   -0.0883463
    0.302527     0.118217     -0.37833    -0.299521     0.299026    0.0980965    -0.485734    0.0872515   -0.0283097     0.344923     -0.34145    0.0513241    -0.115293     0.289209    -0.222558     0.183662     0.333391     0.328885     0.111689    0.0980637    0.0789575     0.164276     0.101244     0.520936      0.17227    -0.180819     0.104786     0.212153    -0.121091    -0.136575     0.110861    -0.350062
    0.389279    -0.703327     0.171633     0.180728     0.148027     0.181335     0.515627     -0.57594     0.224512   -0.0357843    -0.111773     0.378497    -0.532001    -0.372916    -0.341286     0.496671     0.617048     0.782828     0.532526      0.43334     0.560443     -0.33834      0.46396    -0.622354     0.151301     0.365764     0.355526    0.0712808    -0.112644    -0.380857    -0.912586    -0.951311
    0.930016    -0.478677   -0.0559494     0.141977      2.22581    -0.105512    -0.284047      1.07003     0.415419   -0.0898332    -0.260845     -0.72355    0.0934404    -0.928015     0.181567    0.0364142     0.333741     0.045447   -0.0403801     0.409604    -0.994376      0.14978   -0.0836074     0.442469    -0.237442    -0.387205     0.112193     0.318919     -1.03747    -0.582526    -0.448935     0.193716
   0.0307002     0.314415    0.0434757    -0.509283    -0.243626    0.0210545      0.39172    -0.251874    -0.184389     0.198083     0.453022     0.462653     0.257046    -0.635061     0.696439    -0.143304     -0.51963    -0.698647     -0.17471    -0.153666     0.450114   -0.0454152     0.186303    -0.151535     0.231741      1.05671     0.220885     0.861475     0.330343   -0.0490378    -0.112733    -0.405278
   -0.161644   -0.0404346    -0.133358     0.143699     0.188671    0.0465643    -0.186685    0.0235976    0.0695252   -0.0174813    -0.211016    -0.238019    0.0837112   -0.0321307     0.123324   -0.0371764     0.177764    0.0926608   -0.0157551    0.0319708   -0.0919376    0.0951812    0.0623671     0.311822    -0.052537    -0.048984   -0.0983777    0.0204412   -0.0865962    0.0118062    -0.185419   -0.0862164
    0.253723    0.0925826    0.0363945     0.118945    -0.373696     0.311563     0.140438    -0.676089    -0.124658    -0.130953    -0.655378     -0.42486    -0.477967   -0.0764026      0.21096    -0.486068     0.581158    0.0756172    -0.483831     0.399771     0.589089     0.561858     0.137172    0.0312089    -0.416613     -1.06752     -0.42568    0.0872225     0.370496    -0.369788   -0.0175344     -0.69826
   -0.606351    -0.655124    -0.569908      0.22043    -0.181256     -0.16144    -0.249651     -0.21596     0.251101    -0.242326   -0.0426581      0.25364     0.403977     0.724829     0.185659    -0.029273    -0.655516     0.183942     -0.24099      0.14302    -0.131443    -0.163597    -0.383376     0.284054   -0.0942344     0.373596     0.586987      0.25807     0.652146    0.0197565     0.442994     0.708634
   -0.575622    -0.467821     0.167613    -0.270531     0.304777    -0.339581  -0.00194748     0.295233    -0.331626     0.277208    -0.104829    -0.670424     0.028172    -0.220965   -0.0562612    -0.248377     -0.02249   -0.0505803    -0.557672    -0.125276   -0.0435442    0.0559274     0.119313    -0.287977     0.396301     0.249701     0.288661    0.0657946    -0.181989     0.030326     0.300873    -0.123788
  -0.0588718     0.163915    -0.216339     0.325191   -0.0323415    -0.302062     0.115854     0.454574     0.302247    -0.437024   -0.0203568     0.158014    -0.224001    -0.298756     0.187463     0.163242    -0.195739     0.116691    -0.251632   -0.0826347    -0.420695     0.238073     -0.15285    -0.262383   -0.0963392   -0.0617397    -0.233276     0.237601    -0.130872     0.541421     0.128664   -0.0832525
    0.241872    -0.129067     0.557147     0.441933    0.0845187    0.0689647    -0.244556   -0.0747849    -0.134543     0.037096    0.0272082   -0.0709349    -0.283432    -0.247547     0.138027    0.0225625     0.085569     -0.17651     -1.04956     0.165755    -0.322423     0.743192    -0.427588     -0.26292    -0.719443     -0.14114    -0.119677    -0.276694    0.0140095  -0.00109344    -0.406294    -0.378641
   -0.131656     -0.21478    -0.403598     0.425666    0.0601388     0.760411    0.0484273    -0.462699    -0.123664     0.217925   -0.0394387     0.407302     0.597919    0.0602967    -0.369626     0.095222    -0.290116     0.330307    -0.220085    -0.301758     0.105923    -0.176621    -0.346286    -0.693529   -0.0307578    -0.470309     -0.68902    -0.396747    -0.443785      0.22353    -0.757845    -0.531781
    0.800756     -0.11404     -0.16886    0.0800467    -0.322625     0.984514    -0.129965    -0.669612     0.324354     0.103304   -0.0939553     0.290709     0.504401     0.134688     0.159076    0.0379025  -0.00839166     0.443773    -0.503057     0.625726  -0.00224194     0.376149    -0.389308    -0.531497    -0.340078    -0.699449     -0.72401    -0.163524    -0.350813     0.512792    -0.213609    -0.725519
   -0.236888     0.260629     0.137551     0.400156    -0.123959     0.269212    -0.123397   -0.0260387     0.433263    0.0759868    0.0026471    -0.180437    -0.163095    -0.298491     0.216546   -0.0384337   -0.0738499    -0.110993    -0.311018     0.406159    -0.270079     0.119691      -0.2547    0.0292332    0.0840668     0.126685     -0.20293   -0.0337625     0.345211     -0.32578    0.0469432    -0.282808
    -0.28144   -0.0860111     0.315627    -0.214552   -0.0234479    -0.286862     0.334406     0.107925   -0.0304647      0.38224    -0.866636     -0.34095     0.531263     0.359923   -0.0465067    -0.168038     0.117975     0.512479    0.0735705    -0.171581    -0.346669     -0.10957   0.00489756      0.37469     0.157977    -0.386837     0.167715    -0.474217    -0.445309   -0.0730925     0.223286     0.487153
    0.281337     0.974648     0.136836     0.594026      0.15768     0.499518    -0.192406     0.154649    -0.197809   -0.0604875     0.175071    -0.602777    -0.579678     0.320401    -0.149106     0.305873     0.831788    -0.322041    -0.519856    -0.209448      -0.7367     0.748998    -0.200048     0.124584     -0.42289    -0.186348      -0.5034    -0.436759   -0.0687178   -0.0269772    -0.476271    0.0286084
    0.268736     0.168932     0.418885     0.234436    -0.518512    -0.106594    -0.740282     0.248814     0.348874    -0.503421   -0.0546411    -0.285044    -0.211423    0.0567376    -0.689529    -0.400073    -0.361534    0.0773758     0.429503    0.0324434    -0.126322     0.346705     0.555181     0.274172    -0.301298    -0.366151   -0.0370332    -0.340309    -0.549359     0.158793     0.188996    0.0531941
   0.0417471      0.12568   -0.0819983    -0.298782  -0.00671799    -0.146893      0.33296    -0.286208    -0.134509     0.130698     0.175288    0.0896704     0.335838    0.0060936     0.177413     0.300377    -0.250346   -0.0794124    -0.200228     0.376672    0.0979872    0.0983428    -0.445781     0.096025   -0.0101255    -0.043918     -0.24885     0.184499   -0.0218629   -0.0652263    -0.280873    -0.116408
    0.565122    -0.463006    -0.128897    -0.355563     0.478527      1.05817     0.160543    -0.166862    -0.636923    0.0907324     -1.09975    0.0760009    -0.154219     0.124763    0.0287754    -0.456516      1.30252     0.683646     -0.29007    0.0248397    -0.214802      1.25876    -0.759802    0.0458477     0.133604     -1.00959     0.217411    0.0201341  -0.00703292     0.855644    -0.716938     -1.03632
 -0.00435379    -0.663027    -0.526673    -0.411167    -0.277743     0.787992     0.309218     -1.13075    -0.505841      1.40067    -0.421611     0.673372   -0.0400319     0.302523     0.628791     -0.17465    -0.520269    -0.194433    -0.185269     0.587324     0.129636     0.597331    -0.911895    0.0130804     0.731535   -0.0377609     -0.37097     0.595437    -0.346474     0.078624     0.424412     0.111626
   -0.452571    -0.378722    -0.233631     0.597146     0.277254  -0.00014183     -0.14256   -0.0157772      0.23824     0.427794      0.34798     0.616167     0.598823    -0.501022    -0.392199    -0.309722    -0.357837    -0.112124    -0.239076    -0.271264    0.0906917     -1.01934   -0.0595806    -0.370789     0.626689     0.933581     0.172913     0.129535    -0.916058    -0.461991    -0.350046    -0.427933
   0.0955066     0.593181   -0.0385531     0.179925     0.374524    -0.537942     -0.29966     0.165282    -0.694108    0.0203463    -0.413562     0.179372    -0.426324    -0.403199     0.154224    0.0921984     0.331682    -0.173687     0.101822    -0.328921    -0.100928     0.219864    -0.341149    0.0530829    -0.174237     0.614915     0.421961     0.243332    -0.181201    -0.690108    -0.317403    -0.189859
   -0.902134     -1.22265    -0.182854    -0.538929     0.963987     0.606215      0.24895      0.85153     0.126429  0.000798493    -0.763602    0.0232453      1.07375    -0.078865    -0.302783     0.248588    -0.140133     0.654093     0.028359    -0.237148    -0.594157     0.338901    -0.427342     0.443036    0.0404368     0.259229    -0.613122    -0.661853    -0.612629     0.193922    -0.382991     0.237294
   -0.390837      -0.9064    -0.477476     -0.57894    -0.894057    -0.227648     0.457062    -0.524699    -0.279496    0.0894776    -0.073923    0.0421831     0.156698    -0.219983     0.415906      0.10132    0.0827779   -0.0504903     0.500073    -0.135245    -0.245046    -0.298999    -0.373526    0.0133626     0.759287     0.388106    -0.329885     0.281915     0.854881     0.418572     -0.15719     0.159899
    0.122786     0.321402   -0.0044623     0.227581     0.190353     -0.13029    0.0144096    -0.311676     0.135449   -0.0195485     0.213569    0.0427608     0.261142    -0.158218     0.215487   -0.0175421   -0.0730702    -0.103186    0.0190755     0.159086     0.042085    0.0455887      0.15809   -0.0298917     -0.16143    -0.156693    -0.315594    0.0751596    0.0506342   -0.0874772     0.209347     0.234441
   -0.177315     0.926695   0.00606941   -0.0102087   -0.0235631    -0.138209    -0.185093    -0.551882      0.39578    -0.193317     0.488313    -0.287822    -0.645839      0.20745    -0.198437   -0.0841978       0.3062     0.112226     0.444594     0.140281     0.133981    -0.411403     0.635287     0.733113     0.122677      0.24896     0.407096    -0.261505     0.306898   -0.0461966    -0.451375    -0.124379
  -0.0796801     0.542523    -0.157579     0.187392    -0.178976    -0.312706     0.123206     0.738772    0.0220027    -0.217495    0.0660882     0.317093    -0.245808    0.0588869    -0.517733    -0.176052      0.16628   -0.0547436    -0.463343    -0.123519     0.187919   -0.0677633     0.157615    -0.339321    0.0895818     0.381089    -0.131002    -0.413317    -0.738714    0.0527709     0.221735      -0.1367
   -0.580597     0.472104     0.934402     0.452419     0.290485    -0.743118    0.0795317      1.29156     0.477275    -0.394245      0.72537    -0.320645     0.437917     0.632987    -0.243136     0.254721    -0.493004    -0.758863     0.741155    -0.362724    -0.157235     -1.70612      0.45718   -0.0336541    -0.171716     0.586943     0.153533    -0.596131     0.241405    -0.167558     0.885185     0.730569
   -0.302504     0.559497     0.429883   -0.0528239    -0.947664    -0.440667    -0.746209    -0.673768     0.307723    -0.137456     0.589265     0.296502     0.128835   -0.0819326     -0.40145     0.517542    -0.864198    -0.321253    -0.165905   -0.0768453     0.259908     0.218241    0.0806538    -0.416174    -0.403694     0.402622   -0.0502691    -0.144089   0.00490483     0.318575    -0.600235    -0.451086
    0.159629     0.220778    0.0566017    -0.164873     0.366371    -0.114293    -0.511871     0.737946    -0.234007     0.419091    0.0496515    -0.371378    -0.181914    -0.294453    0.0263231   -0.0583037    -0.317401    -0.283241    0.0117938    -0.684231    -0.843063    -0.182708    -0.116999    -0.188029    -0.184249     0.409195    -0.198913    -0.397047    -0.119006    -0.237935    -0.105345     0.357872
   -0.389129     0.772449     0.416352    -0.237389     0.065607    -0.309162    -0.287784    -0.335365     0.150958    -0.231846     0.459414     0.236928     0.253482   -0.0811549     0.160701    -0.654067    -0.346368    0.0942692     0.125911    0.0555547   -0.0761254      0.34148    -0.231801    -0.520421    -0.459821   -0.0041241      0.39914       0.2432     0.356567    0.0844912   -0.0550616    -0.445333
   -0.160231   -0.0119625   -0.0126998    -0.157942    -0.203496    -0.162995     -0.62414  -0.00347843     -0.19907    -0.322726    -0.530027   -0.0108951    -0.352825   -0.0652257     0.238883     0.185281     0.203474     0.332642     0.283148   -0.0698849    0.0552438    -0.265257     0.219314      0.21519     0.063707     0.177938    -0.212163  -0.00734405     0.153349   -0.0465648    -0.823526     0.177443
   -0.335241      0.63089     -0.20171    -0.495062    -0.407616    -0.325771     0.343171    -0.153351     0.234657    -0.241657     0.461389   -0.0910129    -0.192885    -0.245059    -0.449377     0.334827    -0.246279     0.289511    0.0616706    -0.156839    0.0365482     0.111917    0.0644484    -0.215361    0.0869952     0.590133     0.280948     0.058544     0.175867     0.159851     0.460374     0.199912
   -0.345278    -0.914829    0.0615872     0.111074    0.0153973   -0.0197057    -0.241661    -0.230816     0.320612     0.311193     0.457618     -0.33835     0.758169     0.177975      0.10052     0.361518    -0.691903      0.43347      0.33391     0.549756    -0.448833     0.242166    0.0852106    -0.532885    0.0378225    -0.173065    -0.718566    -0.109154    -0.356288     0.900908     0.177362    -0.142814
    0.160605    -0.579131    -0.040331    0.0252476     0.225593     0.108873    -0.036128    0.0361516     0.435964  -0.00447312    0.0655646    0.0925554    0.0312738      0.31734    -0.223482    0.0709886    -0.395939    0.0897882    0.0659442     0.232035    0.0734982     -0.19614    -0.212825   -0.0109361   -0.0194742    0.0953847    -0.465113    0.0456569    -0.303605    0.0407034    -0.326689    -0.366803
