 -0.00775714   0.00121541  -0.00120075   0.00551687  -0.00554727  -0.00912342  -0.00363835  -0.00995253  -0.00402758   0.00560075   -0.0026626  -0.00972263  -0.00544842  0.000850029  -0.00815857  -0.00481146 -0.000687662   0.00359444   -0.0096159   0.00520524  -0.00896728  -0.00998678   0.00110626  -0.00291977  -0.00338816   0.00921588   0.00255898  -0.00511028  -0.00930411   0.00529758   0.00884833  -0.00706125
 -0.00348701  -0.00235242   0.00845562  0.000965718  -0.00147584  -0.00518273   0.00101319   0.00449658  -0.00958198   0.00835058   0.00477394   -0.0050304 -0.000799386   0.00661537  0.000158136   0.00851295  0.000209811  0.000542234    0.0037182   0.00124253  0.000555453  -0.00517554   0.00832277   0.00716729  -0.00595966  0.000881746  -0.00794299  -0.00526376  -0.00382067  -0.00909467  -0.00232502   0.00269231
  0.618745   0.740511 -0.0258106   0.496954  0.0516426  -0.499394  -0.139734  -0.582435   0.177893   0.112418 -0.0252271    0.17489   0.249054   0.248384   0.060736  -0.290657  0.0679119  -0.748465   0.287275  0.0914724  -0.157454  -0.233323   0.393076  -0.660822  -0.424347  -0.295596  0.0363521  -0.585695  -0.323239 -0.0434711    1.11289   0.193287
  0.162764   0.216504   0.190592  -0.309112  -0.606949 -0.0627788  -0.392197   0.931437  -0.520397   0.460867  -0.127504    0.42783 -0.0658479   -1.12562   -1.11323   0.429247  -0.717781  -0.591398  -0.566511   0.596701  -0.262875   -0.65756   0.166318 -0.0967122   0.387658  0.0701178  -0.215873   0.863871  -0.268841   0.686879   0.730982   -1.20934
 -0.142934   0.470958   0.113353   0.572625   0.442948   0.835381   0.772069  -0.192458   0.448007  -0.459343 -0.0695221   0.338193   0.617541  -0.647386  -0.288888  -0.318197  -0.374809  -0.239185   0.131413  -0.222011   0.535486  -0.604576  -0.321679    0.12584  -0.463562   0.726608  -0.228842 -0.0267954  -0.926903   0.321043   0.141603   -1.08336
0.00777962  -0.494427    0.88717   0.292148   0.313648  -0.141252   0.440437  -0.490084  -0.398566  -0.306341   0.215115   0.151383  -0.202721  -0.282552  -0.431707   0.360379   0.268697  -0.515466  0.0747847  -0.439373   0.135258   0.489608  -0.231055  0.0438379 -0.0191362 -0.0746142   0.363845  -0.219585   -1.08069   0.133362   0.242138   0.331629
   0.596878    0.470634    0.363634    0.059748   -0.187261  -0.0095551    0.299918 -0.00279368   -0.148156   -0.209225   -0.560262  -0.0786734   -0.282591    0.074217   -0.469555    0.695444  -0.0886332    0.238563   -0.173091  -0.0535337    -0.38031   -0.187429    0.196705    0.431885    0.497313  -0.0562399     0.16489   -0.939059   0.0511144    0.362343    0.453954    0.182121
 -0.263277   0.362845  -0.291838   0.694757   0.826507   0.297583   0.538191  -0.346624    0.20956  -0.194673  -0.543849  -0.548779    0.21554   0.352627   0.380565   0.387432    0.10938   0.477212  -0.494744  -0.347525  -0.230049  -0.251497  -0.427675  -0.102392  -0.174821  -0.245241     0.7698 -0.0230544   0.222685  -0.196909   0.615849 -0.0158336
  0.454098   0.727539   0.435751   0.664872   0.791585   0.425761   0.364598  -0.192953  0.0176892   0.274559   0.232429  -0.352741   0.575454  -0.177954 -0.0113326  -0.127265   0.277211  -0.114924 -0.0116275  -0.227907  -0.108771 -0.0393228   0.311206   0.466954 -0.0988676  0.0727656 -0.0772047  -0.317631  -0.557626 -0.0110903   0.170895  -0.775892
 -0.104797   0.229548   -0.18131   0.533654   0.513107   0.249355   0.342476  -0.346014  0.0655663   0.374488   0.245915   0.297634   0.462982  -0.347447  -0.178279 -0.0999615   0.096315 -0.0734462  0.0988713    0.02871  -0.127003    -0.2014  0.0886355   0.188607    0.42647   0.462324 -0.0201938   0.200786  -0.168809  -0.168054   0.218344  -0.416352
  0.193953     0.2392  -0.230787  -0.687877   -0.12874  -0.413913  -0.534321    1.01422  0.0301672   -0.24315  0.0767156   0.065927  -0.978832     1.0676    1.23538    0.65715 -0.0405004  -0.396064   0.735263  -0.151715  -0.088737 -0.0805989   -1.00627  -0.515004   0.555192   -1.05775   0.443723    -1.1524  -0.393198   -0.19981  -0.193161    1.00764
 0.0887382   0.259918   0.615014  -0.630964   -1.09087  -0.525166   0.756958  -0.109974  -0.791205  -0.843951  -0.818632   -0.27978   0.902554  -0.543907   0.228972  -0.621957  -0.661936   0.743692   -1.12673   0.392779  -0.938928 -0.0687949  -0.516038  -0.974012  -0.701232  -0.772429   -0.56204  -0.147352   -0.61951 -0.0261781   -0.51648  -0.230393
  0.450152  0.0039483  -0.503952    1.29884  -0.687319  -0.319565  -0.950305   0.100156    1.24096   -0.65265  -0.213647   0.617102    1.73754    -1.0498   0.853675 -0.0148411  -0.355817   0.504325    1.10631  -0.185026    0.12762   0.910195    1.21238   0.132524   0.547559     2.1362 -0.0578538   0.323372   -1.03588   -1.28675    1.57336   0.237974
 -0.0759268    -1.13703    0.435425    0.288029    0.317385  -0.0505285   -0.918588 -0.00256541   -0.343405   -0.873687   -0.230234     0.51102   -0.183363    0.324355     -0.5716    0.805207    0.633595    0.205431   -0.469199   0.0240357  0.00280058     1.43377   -0.665692    0.189526     -1.0128    0.347397    0.710935   -0.679759   -0.989155   -0.286597   -0.492698    0.450724
 -0.550127  0.0795857  -0.710183  -0.687408  -0.839522  -0.349985   -0.11648  -0.479076   0.566976   -0.76561    1.18268  -0.397729   0.856029   0.503762  -0.995153   -1.20317   0.508759  -0.731547    1.23699   0.655606  -0.962099   0.248585  -0.110543  -0.754638   0.382497 -0.0457848 -0.0635825   0.159329    0.49926  -0.789683  -0.632437   0.614906
 0.312923 -0.222071 -0.779241  0.391868  0.164828 -0.285391  0.379598 -0.146388 -0.276109  0.100597  -1.26088 -0.380423 0.0545916 -0.126039    1.0545  0.158588 -0.395943  -0.67412 -0.645171  0.540799  0.416618  -0.18747  0.581542   0.64687   1.24568   0.72956  0.031192  0.488066  0.393119 -0.143549 -0.039778 0.0695356
  -1.43807  -0.527335  -0.936844   0.227168   -1.88693    2.06125   0.710631   -1.08509     1.4602   0.541856    1.15382   0.154861 -0.0801352  -0.393853   0.838796 -0.0443845   0.168111  -0.591508   0.729915   0.353579   0.705197   0.735326  -0.214903    1.70614   0.597619   0.487444   0.944268  -0.426769   -1.20688     0.8585   0.010891   0.578094
   0.40463    0.31048   0.806502  -0.550207   0.428078  -0.107507  0.0970226  0.0878359   0.201441     1.7675   0.334379   0.617647 -0.0435688  -0.462894   0.104394   -0.25358  -0.646264  -0.325543 -0.0298373   -0.17809   -0.75133  -0.160933   0.110449   0.275616   0.403645  -0.505632   0.186066   0.528892   0.192774  -0.855131    0.93062   0.471551
 -0.232616   0.864441   0.656936  -0.948498  -0.763628   0.823322 -0.0800926   0.908596     1.0803     -1.502  -0.740728  -0.841533  -0.382097  -0.912671  -0.187237  -0.510447  -0.291251  0.0664745  -0.268171   0.473317  -0.201291  0.0213428  -0.271021  -0.498001   -1.71532 -0.0368918  -0.385095  0.0149669   0.659024    1.21662   0.199062  -0.918435
  0.435776 -0.0362755  -0.385281    0.69903 -0.0451576   -1.33331   -1.75586   -1.90757   0.165203   0.320156  -0.120667  -0.621719   0.773574   0.455821  0.0183297   0.477776   0.778273  -0.734704   0.941598   0.275213    1.34191   0.125651    1.90848  -0.897119  -0.348513   0.313172  -0.414012   -2.02298   0.358468   0.211278   0.806038   0.556585
 0.0341473   0.327803  -0.752542 0.00472984   -1.12573   -0.39135  -0.541622   0.967775   0.527519  -0.789764  -0.424712   0.245919  -0.696051  0.0568802  -0.600393   0.210884  -0.145746   0.192913  -0.806564   0.287901  -0.948828  -0.173388   0.534116   0.356085    0.17353   -0.59123   0.255838  -0.344979   0.899796   0.959709    1.18583    1.30483
  0.137828   0.923001   0.245997   0.292142  -0.115473  -0.991232   0.036893   0.116202  -0.705973   0.113937   0.337577   -1.24251    1.02796  -0.186288  -0.166008   -0.93127    0.64655   0.546381   0.889285 -0.0925892   0.256153  -0.379953     1.4797    0.53135  -0.803868  -0.276297  0.0582992   0.205812   0.319928 -0.0852646  -0.980386    1.12254
   0.76746   0.524687   0.412659  -0.787505   0.480739   0.648157   0.361142  0.0678599  -0.357663   0.558131   0.773946   0.100799  -0.704275   0.393213  -0.351018  -0.496678  -0.259923   0.577822  -0.099063 -0.0630053   0.655169  -0.396724   0.632193   0.733951  -0.706183  -0.512401  -0.315733  -0.555453  -0.333329  -0.230047   -0.73658  -0.702392
 -0.227747  -0.359277   0.165175   0.341294   0.477678  0.0856389  -0.236979  -0.381872   0.296889   0.173253   0.123544  -0.566702 -0.0268045   0.265999  0.0679885    1.29261   0.922759  -0.614645   0.409423  -0.101815   0.469401   0.326348 -0.0304551   0.398136   0.952754  -0.667104   -1.38882   0.156405  -0.426975   0.248346   0.502969    -0.3965
  0.0736436    0.884904    0.368115       0.832    0.503703   -0.330935    0.522231   -0.340819   -0.172783    0.513493    0.127612   0.0928963    0.867498   0.0863925   -0.157972   -0.651532    0.163335    0.146602    0.383483 0.000969654  -0.0213594   -0.620369      0.8847     0.56808    0.255385    0.687614   0.0878601   0.0697809   -0.596666   -0.051499   -0.290653    0.399744
   -1.2347 -0.0506469    -0.9783   0.624217   0.431713   0.796876 -0.0572609   -1.02492    1.60957  -0.465953   0.732603   0.154744   0.545546   0.120466     1.7685   0.602403   0.482503    0.33359  -0.291432   -1.03358  -0.279561  -0.417501  -0.187152  -0.674894  0.0883911   0.583461    1.55866   0.286154  -0.118081   0.978772   0.480472 -0.0643533
  0.824094   0.731299     0.3631   0.132382  -0.298182   -0.72581   -2.13842  -0.837934  0.0559724  -0.337385   0.345843 -0.0121737   0.460789  -0.361764   0.473113  -0.268252   0.170343 -0.0204737   0.246653  -0.365376  0.0543417  -0.286531   -1.20662  -0.636037  -0.427223    0.69151  0.0996959   0.557395   0.462063   0.292644    1.07066   -1.33407
  -1.28897  0.0583857   0.467251   0.747969   0.129331  -0.153641  -0.352093  -0.968603  -0.145171  -0.108247   0.803223    0.42145  -0.607058  -0.517855 -0.0416344  -0.856638  -0.270744     1.7878  -0.106504   0.586843   0.720405    0.52364  -0.127721   -0.14026  -0.249308  -0.145247  -0.399284   0.828921    1.31623  -0.355043  -0.440668    0.38657
   1.27403  -0.655953  -0.411971    1.11377  -0.495061  -0.566517    1.77412  -0.301505  -0.505535  0.0755236   0.511216   -1.47937   -1.14917 -0.0183695  -0.551958   -1.14844 -0.0985307 -0.0257238   -1.31021  -0.785906    0.75846  -0.284656   -1.40216   0.103953  -0.423625   -1.31594   0.825833  -0.860379   0.280166  0.0950018  0.0329497   0.213555
-0.739433   0.10367 0.0350583 -0.368184  -1.16757 -0.638104  -1.20693  0.647494 -0.195844  0.397597 -0.447364  0.830717   0.20803  -1.81146  -1.27466   0.98355 -0.872763 -0.520746 -0.165275  0.596324 0.0835991  -1.25856 -0.165065 -0.124944  0.684683 -0.485846 -0.534116  0.495006 -0.123054  0.935693 -0.155262 -0.906083
  -0.093835    0.210197    0.257752   -0.236266   -0.287125    0.728562    -1.06071     0.05897    0.611393    0.157992    0.158312   -0.516341   -0.348073    0.132454 -0.00197054    0.676134    0.359635     0.75594   -0.144484   -0.489461   -0.945963   0.0513591   -0.606272   -0.439408    0.222065   -0.740861    0.788236   -0.583737     1.06988   0.0179387     0.51606   -0.816244
-0.778518  0.557322 -0.878942   0.73562 -0.156971   0.29033   1.01451   -0.5904   1.07438 -0.971714 -0.781616 -0.363032  0.743743  0.664134  -1.17028 -0.894941  0.231171  0.223199  0.280496   -1.0875  0.445491  0.566397 -0.410555  -1.14668 -0.843921  0.364822 -0.774647 -0.245888 -0.975223 -0.539968  0.438801  0.171443
 -0.369291   -1.41956  0.0361537   0.589138  -0.863766    1.63395   0.251851   0.513218     0.2112   0.179952   0.320774   0.223638   -1.65389   0.333235   0.391444   0.295946   -1.07394  -0.706664   0.351166   0.157753 -0.0214579   0.914001  -0.535593    -1.3376  -0.134776 -0.0228639  0.0658386   0.414917   0.150402    1.05788   -1.34151   0.496397
  -0.296479   -0.451061    0.365931   -0.687685    0.357967   -0.312623    0.317801     1.22464    0.204908 -0.00719536   -0.169838     0.86954     1.04696    0.747643   -0.263588    -1.46092    0.715637    0.698892   -0.907889   0.0491156   -0.603508    0.872274   0.0251989   -0.373682   -0.364509    -1.13722     0.60676   -0.385322  -0.0820826   0.0959538    -1.96485   -0.834834
 -0.922217 -0.0601711   0.217331   -1.10063   -1.28718  -0.100009  -0.465131  -0.558906   0.671533  -0.687418   -1.01122 0.00685613  -0.588937 -0.0568295  -0.204697   -0.34718    1.27913  0.0372492    1.14646 -0.0214921   0.586294  -0.397592    0.12612   0.178527  -0.132087    1.34626  -0.282765    1.31918    1.10924  -0.454446   0.073793   -0.99782
 -0.644058   0.877475    0.16506  -0.364814   0.293977   0.143899  0.0882037  -0.409058  -0.355483  -0.466101   0.201124  -0.308651   -0.44082   0.663289     0.4544   0.799136    0.14594  -0.608066   0.783171   0.752697  -0.268678   0.188788  -0.305723  0.0668243  -0.220074 -0.0406931    0.46456   -1.03295  -0.408448   0.258386   0.415277  0.0601548
  0.568938   0.225872  -0.842227   0.757167   0.990849   0.949951   0.385951  -0.270117  0.0901977   0.334417 -0.0492294   0.366908   0.325343  -0.128591  0.0525318   0.226333   0.538222  -0.338075    0.35129  -0.349725   0.226337  -0.457901   0.203436   0.625023 -0.0790825    0.93005  0.0259514 -0.0797562  -0.205531  -0.470577   0.559906   -1.43945
 -0.666626  -0.509082   0.418476  -0.282091 -0.0914929   0.155871   0.439743   0.259344   -0.86133  -0.570872   0.242195  -0.568148 -0.0352182    1.36126   0.920335   -0.16848  -0.926822  -0.572756  -0.585671  -0.685558  -0.717416  -0.965802  -0.596603   -1.03718   -1.31688  -0.635726  0.0647568   0.240552   0.956147  -0.123664   0.707402   0.480016
 0.462642  0.743009 -0.511967  0.400499 -0.964696  0.691245   1.40038  0.322719  -1.25924 -0.389069   1.28637     1.544   1.61004  0.103581  0.737692   -0.3305 -0.184526 -0.413298  0.423307 -0.880554  0.315258 -0.794209 -0.233559  0.886742  0.975693 0.0484059  -1.49211  0.444065 -0.133194   0.25269 -0.337515   1.35729
 -0.235594   0.234239  -0.358346   0.225241    0.89496   0.190508    0.66293   0.175353   0.105395   0.783695   0.342958   0.661621   0.168686 -0.0843509   0.105883  -0.229932  -0.232725  -0.314537 -0.0949486  0.0207582  -0.236969  -0.393514   0.302555   0.700655    0.21081   0.705705   0.680484    0.14483   0.465723   0.107994    0.43072  -0.320451
 -0.318538  -0.317731   0.545226  -0.911145   0.366297  -0.855059   -0.26734   0.718475   0.127056    1.06782    1.02123    -0.1139  -0.439899    0.70939   0.503243  -0.303562  -0.701819  -0.170371  -0.061276   0.245571  0.0654594 -0.0812759   0.387512  -0.252905   0.256431   0.345543    1.57024   0.878809   0.670771    1.07036 -0.0515787  -0.688844
   0.286171    0.838148    0.604109    0.584345    0.385166      0.8903    0.213936   -0.403523   -0.603011    0.264054   -0.149717   -0.205462    0.147468  -0.0724323   -0.510049    0.654887    0.878115   -0.140993   -0.460742    0.520757   -0.856637   -0.744242   -0.605309  -0.0796968    0.209889    -0.17751    0.397501   -0.760857    0.155363 -0.00305723    0.463541   -0.224466
 -0.274095   0.271063   -0.52335   0.698773   0.764553  -0.360411  -0.381129   0.584669  -0.690915  -0.474234   -0.41996  -0.155099   0.501819  0.0277838  -0.766045  -0.274317 -0.0874486   0.855744   -1.17012  -0.244763  -0.411585  -0.292384   0.252581  -0.691644   0.652063  0.0129498    -1.2558 -0.0586981    1.25953   0.738341   0.966331  -0.324888
  -0.189497    0.122955    0.161469   -0.396414    0.145037    0.195415     0.35048    0.250027  -0.0673337     0.23427    0.231723   -0.107828   0.0171453    0.219664    0.238988   -0.280422   -0.214646    0.151405    0.188742   0.0963746  -0.0972562  -0.0663078   0.0924652    0.223123  -0.0826753  -0.0137968   0.0338869    0.020654    0.188145  -0.0751306   -0.370291 -0.00317654
-0.0486281   -1.66181  -0.367935  -0.127061  0.0386464  -0.307483    1.34337  -0.275137  0.0481405   0.203009  -0.314522   0.222685   0.307177  -0.546629  -0.630354   -0.03439  -0.265241   0.861348  -0.284561  -0.587352  0.0692373 -0.0838672  -0.475627  -0.333612  0.0456508    1.00628   -1.73393  -0.485528   -0.61154   0.771295   -1.22623    1.97229
   0.059387    0.487528   -0.926798    -1.32747    0.546416      1.1186   -0.398982    0.831842  -0.0430214    0.823047     0.89934   -0.817833     1.64033    0.830211   -0.452948 -0.00777283   -0.305353    0.440937     1.37185    0.187587   -0.268682    -0.51643   -0.124941     1.39481     1.91143     1.77616     0.30499   -0.414026     1.17013    0.135839   -0.301413   -0.859386
   -0.143531     0.175472     0.543367      0.20635      0.42585    -0.602575    -0.954419    -0.802494     0.337103    -0.402673    0.0806288      -0.1985       1.1258    -0.275483     0.306067    0.0207918 -0.000461484     0.151441   -0.0564816    -0.416834    0.0186528     0.473086     -1.54962    -0.420429     -0.51392     0.178689     0.206552     0.300139    -0.300138    -0.435459      0.19158    -0.596841
 -0.246185   0.272087  -0.383729   0.218793   0.760809   0.170406   0.665386  -0.855334   -0.41922  0.0324887  0.0419941  -0.291481   0.717084  -0.528283  -0.415136   -0.72887   0.244494   0.605358  -0.173049   0.485553  -0.084149  -0.278681   0.581211   0.514808 -0.0695619   0.849132   0.118143   0.767844   0.357156  -0.722898  -0.118607 -0.0982497
  0.647513 -0.0476466  -0.304935   0.225394  -0.710117  0.0174425  0.0124274   0.245751  -0.405677   -0.52086   -1.04597   0.493719 -0.0230107  -0.359337   -0.36956 -0.0393603 -0.0620123 -0.0272622   -1.00425  -0.204773 -0.0462504  -0.386642  -0.245991  -0.747527  -0.238528  -0.223403  0.0393289   0.401205  -0.270365   0.260364 -0.0379015  -0.366442
  0.552591 -0.0509238    -0.2491   0.511682  -0.674581  -0.201143   0.489322  0.0354958  -0.474972  -0.248049  -0.930139   0.314161  -0.112927  -0.548581  -0.565022  -0.348546   0.064744  0.0617699  -0.712985  -0.285286  -0.204193  -0.353184  0.0357159  -0.785053  -0.600419 -0.0275417  -0.289114   0.407622  -0.590188   0.155565  0.0527156 -0.0723577
  0.417426   0.119619  -0.484653   0.206098  -0.753384  -0.218452  0.0299303   0.327463  -0.034499  -0.558853   -0.73474   0.159321   -0.11571  -0.168203  -0.122847  -0.276601  0.0910287   0.230325   -0.42285  0.0511491  -0.154711  0.0121922   0.308473  -0.367872   -0.17978  0.0282361 -0.0425752   0.232247  -0.164057 -0.0476838   0.101994   0.104364
 0.0440474  -0.435013  -0.382408 -0.0779263   0.409596    0.72336   0.959167 -0.0775635 -0.0952967   0.246201  -0.324049   0.159479  0.0242914  -0.175416  -0.577713  -0.360483  -0.133251   0.545577  0.0763116    0.48098 0.00689833  -0.456393   0.490901   0.447667    -0.2289   0.945732  -0.711344  -0.190482  -0.459005 -0.0428565  -0.921037   0.574805
  0.106656   0.317623   0.107628   0.193155   0.108278    0.44115 -0.0303968 -0.0852876 -0.0850619  -0.135548 -0.0566856   0.267496   0.157534  0.0216535  -0.418619 -0.0266747  0.0884648   0.032023 -0.0838251  0.0831779  -0.201621  0.0188798  0.0805844 -0.0462108  -0.193471  0.0658338  0.0305655 -0.0806878  -0.355735 -0.0203161  0.0983551  -0.290115
  0.723921   0.507231  -0.376571   0.898676  0.0491301  0.0823317   0.240652  0.0474929  0.0409758  -0.255476   0.133261   0.723883   0.226852  -0.312174  -0.499089  -0.408899  0.0127432  -0.294805   0.301035  0.0178873  -0.342567  -0.325748    1.26172  -0.413358 -0.0586099   0.694259  -0.308821   0.760128  -0.757794  -0.498397  -0.365127 -0.0949312
  0.491851   0.226703  -0.365235   0.451196  -0.343325  -0.101691   0.268737  -0.235149  -0.415532  -0.351843  -0.659983   0.630205 -0.0443947  -0.262093 -0.0895928  -0.114452   0.110399 -0.0542969  -0.734358  -0.249156 -0.0831302  -0.376028  0.0205397  -0.651892   0.011491  0.0206424 -0.0964967   0.324977  -0.716448   0.127024   0.227936 -0.0610662
   0.723021   -0.072225   -0.753212    0.143039   -0.616383     -0.9379    0.439182    0.184454    0.328754   -0.604762   -0.729253    0.175345  -0.0878849   -0.393311    0.400044   -0.125028   -0.016168    0.547563   -0.650777   -0.686565   -0.593529    0.258563   -0.251334     -1.3866   -0.875446   -0.100347  -0.0708399    0.216388    0.047183 -0.00847321    0.454774    0.114425
 -0.154006   0.768227  0.0229681   0.686365   0.735431 0.00355005    0.38676  -0.712547   0.227958   0.105292   0.462974  0.0302968   0.494743   0.227004 -0.0813847 -0.0727107     0.6206  -0.763182   0.560652    0.28659 -0.0860759  0.0743183   0.127272   0.476448  0.0751561   0.211783    0.44638 -0.0395858  0.0912569  -0.359182   0.285683  -0.793877
 -0.247285   0.303665  -0.872373   0.391493  -0.469208   0.105979   0.485786  -0.648674    0.18087  -0.566748   0.224624   0.284329  -0.118756  -0.585889  -0.869831  -0.705546    0.41751  -0.273021   0.465869  -0.082047   0.115175 -0.0373044 0.00838552   0.487269  0.0297202   0.824297  -0.491652    1.04193  -0.075363  -0.665476   0.157736  -0.507748
   0.219066     1.01043   0.0140409    0.931548    0.189495    0.172141   0.0093861   -0.374309  -0.0872818 -0.00250572    0.277638    0.498338    0.345465   -0.239371   -0.109847   -0.591866   -0.111433   -0.374555    0.230636   -0.184367  -0.0279723  -0.0314906   0.0753228    -0.22842 -0.00537965    0.226445   0.0914875    0.148756   -0.573983    0.313022     1.29057   -0.695098
  -0.529596   0.0339855   -0.548972   -0.614474 -0.00383643    0.626806     0.62642   -0.125685    0.265995    -0.12462    0.750107  -0.0740814      0.2596    0.768145    0.942924   0.0828702   0.0553156   -0.308169    0.920378   -0.164728   -0.251767    0.519753    0.448491    0.138956    0.515012    0.390992   -0.265555  -0.0110349    0.255256   -0.613339    0.301995     1.19666
  0.527935 -0.0387753  -0.303256   0.204066  -0.164737  0.0048012   0.278393   0.111299  0.0793108  -0.327558  -0.691569   0.510526  -0.187726  -0.322954  -0.214123   -0.14827  -0.133007   0.651644  -0.751164  -0.451983  -0.112714  -0.277344  0.0195189  -0.811306  -0.607929  0.0257145 -0.0528594   0.397069  -0.361193 -0.0756486 -0.0533567  -0.133875
   0.279037    0.161168    0.435968 -0.00229687    0.123127    0.294356    0.592732    -0.18122   -0.137826   0.0469842    0.219326    0.620818 0.000908427    0.384949    0.404758   -0.573393   -0.142077   -0.217255    0.260005   -0.363455   -0.020489   -0.348975   -0.248813   -0.331301   -0.253842  0.00749729    0.130998  -0.0194503   -0.211049   -0.142567   -0.266073   -0.297659
0.0777891  0.236975 -0.170238  0.761222  0.639353  0.255507  0.211066 -0.424467  0.378872  0.291897 -0.213737  0.529422  0.574725 -0.101456  0.267868 -0.203583  -0.22516  0.395247  -0.10735 -0.340897 -0.140998  0.205127 -0.284585 -0.249398 -0.179518  0.519327 0.0847424  0.147452 -0.098914   0.12642  0.593961 -0.771513
  0.437497  -0.033692  -0.547608  0.0802636  -0.576589   -0.37266  0.0169887   0.173793  -0.134045  -0.549356  -0.964086   0.152048 0.00404596  -0.246526  -0.525809  -0.178181  0.0863044   0.251631  -0.573831  -0.163431    0.11276   -0.19729   0.286329   -0.49532 0.00581558   0.203839 -0.0733501 -0.0418184  -0.212159  0.0353361  0.0564767   0.365795
0.00081733   0.424637   0.157725   0.297588   0.434394   0.506033    1.14833  -0.336566 -0.0543527   0.476158   0.249418   0.164597   0.418406  -0.184157 -0.0182247  -0.401522  0.0807903  -0.265166   0.206594  0.0815093   0.324853  -0.153901  0.0508529   0.435349  -0.322162   0.254974   -0.33628  0.0354414  -0.704148  -0.173131  -0.160559  -0.439412
  0.115968    0.13182  -0.218451   0.669263   0.350326 -0.0337433   0.186159 -0.0741082   0.046584   0.183678  -0.112901   0.255352   0.654295  -0.196615   0.272484  -0.081096 -0.0727594  -0.188975   0.121444  -0.091823  -0.276355   0.149794   0.256833   0.159191   0.284121   0.588072 -0.0578001   0.347915  -0.197905  -0.292395   0.484167 -0.0994001
  0.151715   0.357579  -0.106911   0.632209   0.829632   0.454494   0.830365  -0.275287  0.0175178   0.540504   0.235317 -0.0710282   0.397813  -0.141533  -0.106717  0.0209519   0.153909   -0.39003  -0.105638  -0.112626  -0.134455  -0.313178   0.203391    0.40885   0.418845  0.0322561  -0.175559  -0.154225  -0.151029  0.0555169  0.0560831  -0.469391
-0.387316  0.316956 -0.386575  0.375018  0.802159  0.153276 -0.147765  0.026248  0.301314  0.557996   0.34103 -0.229016 -0.713139  0.542609   0.83371  0.407728 -0.490884 0.0277274 -0.519659 -0.523636 -0.535965 0.0810326 0.0692008 -0.950699 0.0788933 -0.146532   1.17085 -0.104493   0.12155  0.694536   0.31777  -0.34243
  0.396929  0.0338485  -0.245098    0.55885  0.0408839 -0.0681489   0.374499 -0.0879491  -0.295375  -0.334967  -0.010728   0.169685   0.118915 -0.0461491   -0.23822  -0.587582   0.219821   0.259247  -0.116773  -0.347904  0.0157532 -0.0770889   0.311564  -0.142987  -0.284877   0.163159  -0.236197   0.380853   -0.33581   -0.47846   -0.41678   0.122265
 -0.257938   0.262821  0.0812508  -0.237568   0.129677   0.380428   0.184826   0.172156  0.0998504  0.0195228   0.422504  0.0471983  0.0591258   0.238636   0.185613  -0.288635 -0.0540979   0.300557   0.374361  0.0296532 -0.0918317   0.100691  -0.119256   0.148581  -0.200359 -0.0442186   0.114243  -0.246255  0.0772867  -0.143722  -0.263977 -0.0783233
-0.0174608  -0.161548 -0.0313727 -0.0613493   0.238216   0.396665   0.294489   0.129307  0.0366658   0.235362  -0.258422   0.109721 -0.0209101  -0.175068 -0.0131729   0.184012 -0.0293453  -0.398407  -0.164748    0.13629   0.197102  0.0842422  0.0447077   0.130497  0.0909154  0.0250473  0.0765382   0.114724 -0.0860401 -0.0562347   0.248338  -0.667069
 -0.307271 -0.0145061    0.42694 -0.0234164   0.549885  0.0500859  -0.143855  -0.294862 -0.0180506  0.0413752   0.499407  -0.309343  -0.460677    0.28749   0.306199    0.11429  0.0920988   0.164393    0.20535  0.0474588 -0.0526044   0.638317  -0.312167  -0.214852  -0.596607  0.0447148    0.87106  -0.651962   0.152211   0.162495   0.114523   0.117105
   0.988943   -0.320453   -0.349757    0.282898   -0.369194    -0.22432  -0.0864017   0.0168503   -0.220723   -0.561053    -1.20693    0.145658   -0.366014   -0.270908 -0.00549909    0.427127  -0.0296871    0.115748   -0.884798  -0.0074988    0.487975   -0.106126   0.0938089   -0.420431   0.0888841  -0.0817098   0.0708173    0.374062   -0.077481   0.0908825   0.0101398   -0.434245
  -0.109701  -0.0312054   0.0670295   -0.115568   0.0304328    0.102314   0.0254947   0.0516287   0.0337207   0.0266488   0.0615167  -0.0139767   -0.122149    0.101077    0.113234   0.0426651  -0.0659142 -0.00392588   0.0144284  -0.0102946 -0.00709159    0.047002  -0.0958687  -0.0142407  -0.0394539  -0.0501602   0.0799605  -0.0556335   0.0370599   0.0763478  -0.0220491  -0.0237058
  0.747368  -0.248514  -0.505502   0.278312  -0.210525  -0.106489  -0.105655    0.18415   -0.28122  -0.345389  -0.734589   0.462295 -0.0178673  -0.199467  -0.437224 -0.0246119  0.0669554   0.321794  -0.651959  -0.198722  -0.124178  -0.022176  -0.084328  -0.565659  -0.128798   0.126401  0.0883745 -0.0732857  -0.667403  0.0070081  -0.215982   0.201723
 -0.531864  -0.235373  -0.406554   -0.16402  0.0233824   0.841049   0.120128   0.445403   0.424666  -0.020099   0.460528 -0.0422369 -0.0842578   0.633783  0.0612495  -0.144238  -0.178753 0.00176945 0.00449921  -0.347552  -0.477213    1.07633  -0.236667  -0.184705  -0.312053   0.102807   0.467226  -0.597144 -0.0937697   0.605548   0.105544   0.182603
  -0.36597  -0.200598   0.117297  -0.453368  0.0833277   0.349304   0.112433   0.128828   0.278827 -0.0363831   0.214454  -0.115855  -0.192916   0.282073   0.128464 -0.0181875  -0.210669   0.127116   0.125022 -0.0541562  0.0554492   0.255082  -0.387397  -0.105103    -0.2683   -0.11659  0.0568359  -0.263224  0.0383865   0.231263    -0.2025  -0.070782
 -0.173911  -0.327082   0.360187  -0.195984   0.341793      0.193 -0.0582532 -0.0599718   0.231679   0.125827   0.312544  0.0418731  -0.395344   0.215806   0.158799   0.129265   -0.24814   -0.17732 -0.0807955  -0.131472 -0.0592514   0.284772  -0.344223  -0.159137  -0.261232  -0.127856   0.187797 -0.0169278  0.0715595   0.111506   0.233876 -0.0963357
  -0.171549   -0.279015    0.111688   -0.121385    0.497336    0.260421    0.180011   0.0944224     0.20097    0.535902    0.266047  -0.0725411    -0.26672    0.137482    0.277511    0.346699   -0.247071   -0.188562   -0.295502   -0.118292   -0.115289 -0.00278597  -0.0915636    0.244633    0.305711  -0.0313818    0.264833    0.129165    0.264385    0.266282     0.14081   -0.179785
  0.747912 -0.0704003      -0.26   0.384096  -0.294477  0.0535459   0.188569   0.200105  -0.221306  -0.282448  -0.819751   0.473319 -0.0925566  -0.307267  -0.567749 0.00429747  0.0281964   0.121767  -0.702939  -0.135879 -0.0985052  -0.192319  -0.147394  -0.348419 -0.0676849  -0.073536  0.0379755   0.114379  -0.584694   0.075609   -0.19378  -0.110016
  -0.191369 -0.00731689    0.100869   -0.291655  -0.0318629    0.357724    0.204395    0.195018   0.0671853 -0.00192377    0.144804     -0.1135   -0.232376    0.204215     0.02757   -0.149748   -0.131563    0.110062    0.099786   0.0221663  -0.0297208    0.111122   -0.192574   0.0590563    -0.23669  -0.0582773   0.0835232   -0.152239  -0.0127834   0.0234345   -0.342555   -0.121657
  -0.101153   -0.189785    0.232034  -0.0773146 0.000623601   -0.271551   -0.351142   -0.283672   0.0842482   -0.239649   -0.219554   -0.226825   -0.287027   0.0154117    0.140987 -0.00177541    0.170833   0.0443821  -0.0478967   -0.098649    0.232282   0.0985932  -0.0139976   -0.333685   -0.419012  -0.0290734  0.00954827   0.0956523  0.00493058   -0.164787  -0.0203855   -0.186972
-0.0112416   0.136424 0.00287961   0.086593  0.0292926  -0.053878  -0.266016  -0.131105 -0.0379474  -0.153119 -0.0319679   0.140973   0.119266 -0.0630677  -0.269513  0.0854645   0.194797    0.10358 -0.0391274   0.120764 -0.0605482   0.106525   0.129477   0.176358  -0.243749  0.0797706  0.0777324  -0.103027  0.0591778 -0.0583581   0.233122  -0.117771
 -0.202307   0.118828   0.342012  -0.336985  0.0511829   0.158535   0.266124   0.161668 -0.0248011   0.416826   0.204504 0.00387571  -0.204233    0.18902   0.394479  -0.140149  -0.380849 0.00723652   0.127872 -0.0177099  0.0530679  -0.298654  -0.135593 -0.0736095 -0.0655358  -0.292307 -0.0135104   0.162889  0.0666979  -0.107041  -0.245127  -0.014743
  -0.20183  -0.339987  0.0733666  -0.309579   0.024481   0.462661  0.0786472   0.144897   0.154182   0.131619 0.00922044  0.0568976  -0.176175   0.319249     0.1222   0.328939  0.0254102   -0.11916   0.242536  -0.137389 -0.0496581   0.201832   -0.38672 -0.0688961  0.0606523    0.14842  0.0137374 -0.0724817  -0.104271   0.218806  -0.232731  -0.045291
   0.259486    0.100272    0.113021    -0.05335   0.0741268    0.098434    0.236551     0.18081    -0.22492    0.117541    0.155017   0.0392126   0.0737277   0.0156449   -0.277684   -0.180094   0.0364766   0.0890202  -0.0145753   -0.140607  -0.0156793   -0.123997  -0.0531373    0.150723   -0.108565   -0.159858   -0.205677    0.024936   -0.205119 -0.00355897   -0.220557  -0.0557374
  0.00746769   0.00371561    0.0113696    -0.010334  -0.00418291   0.00828676  -0.00725504   -0.0110347  -0.00999604  -0.00646342 -0.000529419   0.00280957   -0.0111373  -0.00968554  -0.00886186   -0.0265077   0.00215568   0.00759481   0.00688721    0.0029904    0.0164722  -0.00350467    0.0176639  -0.00134578   -0.0294686   0.00247066  -0.00951833   -0.0071844 -0.000551286   -0.0104093   -0.0177017   -0.0050246
  0.0639597    0.123171  -0.0052943    0.060228    0.104404   0.0449151    0.012177 -0.00544708  -0.0682493  -0.0105092    0.040048  -0.0172562    0.078442   0.0892685    0.111118 0.000869769   0.0722692  -0.0117977   0.0335309  -0.0212082   0.0543155  -0.0210165   0.0750639   0.0972959   0.0039075  -0.0224257   0.0873251  -0.0542526  -0.0343937  -0.0669154  -0.0159486  -0.0359203
   0.0167191   -0.0216395   -0.0104096   0.00050657    0.0176173    0.0463944     0.115373    0.0275695   -0.0642084    -0.017418   -0.0174462   -0.0225934   0.00356629    0.0636457    0.0345723    0.0309995   -0.0029144 -0.000620608   -0.0145768   -0.0577849    0.0587394   -0.0248556   -0.0166615    0.0327781  -0.00606933   -0.0354912    -0.092316   -0.0614596    -0.082936    0.0301033   -0.0938693    0.0532065
 0.00885361   0.0521905  0.00538037   0.0338665    0.034762   0.0164396   0.0317384  -0.0265043   -0.012325   0.0393294   0.0263742  -0.0506403   0.0120434    0.008377  0.00532254  -0.0317184   0.0253703  -0.0263499   0.0217862   0.0131468   0.0222161  -0.0466851   0.0587666   0.0403868  0.00961535  -0.0477743   0.0285962   0.0192063    0.028902  0.00187442 0.000832625  -0.0407312
  0.0492042    0.164817   0.0521234    0.063377   0.0139921   -0.131921   -0.120923   0.0150778  -0.0233374   0.0140395  -0.0157274   0.0120267   0.0870401  -0.0806963  -0.0347501  -0.0726333 -0.00288622   0.0881236  0.00742835   0.0154826  -0.0877342  -0.0254597    0.166165    0.065987    0.031556  -0.0519659  -0.0282983    0.163379    0.115907   -0.116663    0.157083  -0.0907094
 -0.441011  -0.102403   0.210602  -0.188149  -0.016238   0.389462   0.157129  -0.152911   0.218429   0.194193   0.524142  0.0329557  -0.125386   0.224877   0.344075  -0.150263 -0.0995402   0.201429   0.363318  -0.127055  0.0130329   0.048087  -0.230382 -0.0514019 -0.0611925  0.0181205   0.104617  0.0370388  0.0960312   0.109271  -0.210672   0.216828
-0.00354659    0.021759   0.0472148  -0.0270918  -0.0195592   0.0180674 -0.00676324 -0.00234797 -0.00642906  -0.0117232   0.0492755    0.033897  -0.0158368 -0.00936601  -0.0838113  -0.0586246  -0.0155886    0.059533  -0.0147308 0.000145827  -0.0262926 -0.00146056  -0.0138927  -0.0235321  -0.0961214  -0.0483733  0.00913214  -0.0358905 -0.00439123  0.00312946 -0.00230144  0.00546931
 0.00246496   0.0271412  -0.0143001     0.15157    0.111895   0.0713554    0.166571   -0.101094  0.00072277   0.0728602 -0.00392249   0.0594781    0.104306   -0.110795  -0.0480413  -0.0375794 -0.00493758  -0.0377315  -0.0168112   0.0107991   0.0582743  -0.0118116     0.12352    0.124384   0.0629662    0.134176  -0.0867601   0.0933586   -0.107456   -0.024761   0.0199914   -0.106558
 0.00493017 -0.00305043  -0.0513451   -0.137979  -0.0137536   0.0542577   0.0600961  -0.0432106   0.0574833  -0.0525419   0.0883673  -0.0773468   0.0766509    0.114875   -0.050719  -0.0512956    0.101737  -0.0596389    0.138963  -0.0100191   0.0215441   0.0814368   0.0433763   0.0373159  -0.0063851    0.071895  -0.0874764  -0.0822214   -0.102298  -0.0761417   -0.131335    0.107036
  0.0229861  -0.0384854  -0.0689319   0.0469519   0.0751104    0.091841   0.0487239 -0.00728992  -0.0129534   0.0813598   0.0141143  0.00218491   0.0214293  -0.0471163   0.0144429    0.047166   0.0248836   -0.066273  -0.0398855  -0.0280391   0.0322315  0.00310159   0.0493568   0.0633345    0.102153  -0.0182405  -0.0686277 -0.00730011  -0.0477345   0.0198417   0.0188053  -0.0112922
 -0.0022056   0.0110329  -0.0148767  0.00333417   0.0185477    0.008391   0.0067775 -0.00759075  0.00358472   0.0114898 -0.00195345 -0.00643881 -0.00150775  0.00540493   0.0118665  0.00257719   0.0161495  -0.0124905  0.00916461 -0.00158708   0.0135006  0.00464973  0.00644761   0.0144314   0.0105934  0.00589358 -0.00377735 -0.00295333 0.000406699  0.00244007 -0.00360438 -0.00189323
  0.00284216  -0.00272628   -0.0147978   0.00399112   0.00264349   -0.0054415   -0.0036249    0.0129587   0.00749464 -0.000949997   -0.0233223     0.016386   0.00329219  -0.00623564   0.00576855    0.0105347    -0.014442  -0.00409001   -0.0188501  -0.00598132   -0.0135604   0.00743842 -0.000862663  -0.00594846   0.00934857    0.0184631    0.0130919    0.0291797   0.00679198   -0.0170335    0.0234297   -0.0116582
-0.000939617  -0.00956567   0.00424543   -0.0055535   0.00286837  -0.00064898  -0.00803618  -0.00510307   0.00552351  -0.00419486   0.00823508    0.0056004  -0.00605384  -0.00871819   0.00247716 -0.000386718   0.00443826   0.00758254   0.00485565  -0.00713814   0.00127715   0.00682441  0.000740291   0.00214106  -0.00871495   -0.0042201  -0.00364159   0.00852345  -0.00309063   0.00950108  -0.00480538   0.00596975
  0.00993541   0.00944005  -0.00958375   0.00280378  -0.00120893  -0.00761993    0.0077007  -0.00568542   -0.0018148   0.00593578   0.00991498   0.00213136   0.00721759   0.00239214  -0.00825535   0.00165585 -2.53141e-05   0.00660029    0.0045177  -0.00874816   0.00342471    -0.004742    0.0033929   0.00470976    0.0010379   0.00975131   0.00323321   0.00794727   0.00925238   0.00842782   0.00391702   0.00918779
 0.00786787  0.00433327  0.00199157 -0.00334106  0.00671334 -0.00030773 0.000973519 -0.00510146 -0.00437195 0.000888502   0.0070299 -0.00715435 -0.00671936  0.00877455  0.00450149  0.00325533  0.00537484  -0.0009808  0.00450716 -0.00120045   0.0042772 -0.00209994 -0.00649069 -0.00468491 -0.00234863  0.00674251 -0.00673764 -0.00309625  0.00517033  0.00717938 -0.00390846   0.0030382
 0.00151265   0.0080831  0.00969714 -0.00177401 -0.00222463 0.000670662  0.00312453  0.00340343 -0.00844084 0.000154436  0.00624907 -0.00516019 -0.00107101 0.000750569  0.00809514 -0.00569617  0.00976977   0.0026023  0.00310338  0.00404697 -0.00949764  0.00661269  0.00936206 -0.00184627   0.0033552 -0.00737558  0.00505748 -0.00147447   0.0098038 -0.00885099 -0.00843626  0.00131646
  0.00923212  -0.00873912   0.00954245  -0.00299251   0.00193154   0.00266698  -0.00958908    0.0034907  -0.00717859   0.00665999   0.00833051    0.0017504  -0.00258944   0.00642565   0.00605423  -0.00281967  -0.00097205 -0.000842389   -0.0087727 -0.000469688   -0.0042297  -0.00941064   0.00768404    0.0091255  -0.00678622   0.00274152  -0.00234897  -0.00698242   0.00389053 -0.000785236   0.00433404   0.00312265
 0.000475643   0.00387648  -0.00986986  -0.00759282  -0.00345654  -0.00945894   0.00589789 -0.000635128   0.00720105    0.0042284  -0.00888473  -0.00538838  0.000654049    0.0071695   0.00179195     0.009682  -0.00367289   0.00301925 -0.000787688   0.00209741   0.00360861  -0.00310365   0.00122291   0.00682238   0.00963787   0.00887393   0.00983996    0.0035284   -0.0019113     0.004174  -0.00334895   0.00856434
