    0.255044  -0.00841569     0.839998     0.645655     -0.51815     0.083235     0.533945    0.0117521    -0.126188     0.187091     0.180843    -0.134249     0.292279     0.392675    0.0179063    -0.199642    -0.394291    -0.211041     0.220387    -0.456236    0.0818555    0.0964578     0.492657    -0.761664     0.423613     0.115058    -0.325804     0.362446     0.453479     0.116125     0.410688    -0.139124
   -0.139578    0.0768028     0.291192      0.31351    -0.307791     0.445532    -0.049146     0.076297     0.607513     0.123923    0.0860919     0.270554      1.02687    -0.400369    0.0310379    0.0618872   -0.0999291    -0.250742    -0.595347     0.357524    -0.030239   -0.0879181     0.301322    -0.254911    -0.256909    -0.293921    -0.697312      0.51668     0.417317   -0.0957557    0.0193662    -0.975986
    0.131876    -0.444037     0.170516    -0.388736     0.337877    0.0809064   -0.0956605    0.0367281    -0.901228     0.119415    -0.869892    -0.247073     0.242769    0.0212907     0.106935    -0.980015     0.174712    -0.888187     0.317721     0.316767     0.576138   -0.0897679   -0.0335703     0.203423   -0.0701046    -0.987672    -0.214672     0.228603     0.484616   -0.0194088    -0.352725    0.0849096
   0.0743142     0.397679     0.260255      0.59703     -0.48987    0.0568477    -0.848345    -0.820127    -0.151024    -0.180364    -0.038874    0.0257831    -0.776849    -0.445397    -0.561573   -0.0122802    -0.067957    -0.317191     -1.19208     0.336104     0.762745     0.350925       0.7791    -0.218371     0.562605     0.207065    -0.938937  -0.00249885    -0.388291      0.33082    -0.806599     -1.02313
    0.156222     0.177173    -0.624994     -0.81233     -0.34094     0.186073     0.542721      0.69319    -0.459569   0.00286165    -0.630474     -0.16592     0.122148    -0.505546     -0.12444     -0.73392   -0.0902302    -0.024712    -0.371975     0.733114    -0.118881    -0.481782 -0.000462079     0.372064     0.403575   -0.0651908    -0.701862     0.318794     0.494931    -0.506014     0.525146   -0.0707203
    0.658912   -0.0831768    -0.112433    -0.687208   0.00483335   -0.0307197    0.0394833    -0.128105     -0.26755    -0.232541   -0.0497107   -0.0593669     -0.37054     0.267277     0.161084    -0.469525    -0.368196     0.176976     -0.18898    -0.119913     0.101989     -0.19124     0.278691     0.146955   -0.0611408     0.029072     0.414587    -0.168337   -0.0950599     0.314571    0.0307622    0.0462369
  -0.0116988    0.0061309     0.312717     0.402998   -0.0283889   -0.0427397    -0.445057     0.320526    0.0631521   -0.0664452    -0.101625   0.00821634    0.0344384   -0.0578995    -0.203303    -0.346654     -0.12038     0.303612    0.0645453  -0.00357732     0.224248    0.0936838     0.233036   -0.0411293    0.0113492    -0.211371    -0.124464    -0.277619   -0.0566136    -0.405348     0.128794   -0.0337876
    0.942759     0.315757    0.0841909    -0.591348     0.166385    -0.518887     0.637217    -0.356778     -0.26498     0.337033     -0.59477     0.682319   -0.0342242    -0.713339     0.155529     -0.44356     0.330641     -0.72755     0.360702     0.260818   -0.0154405    -0.209001    -0.323509      0.30789     0.888365    0.0146763     0.801995     0.560651    -0.689631      0.09097     0.292353     0.207599
   -0.330816    -0.164245     0.239547     0.462787    -0.362935    -0.390909    -0.352057     0.102811     0.285285     0.283775    0.0135763     0.344412     0.273889      0.10952    -0.610021    -0.618465    -0.139594    -0.095727    -0.239267    -0.590308    -0.232805     -0.15635     0.194723   -0.0987874     0.145586    -0.379631   -0.0588864    -0.780272     0.236363    -0.395949    0.0719029     0.568597
  -0.0551279    -0.219643     -0.52569     0.102718    0.0256009    -0.152401    0.0414431      0.34168    -0.336888     0.211642    -0.323785     0.273704     0.349009     0.237116    0.0603458   0.00351498    0.0270373     0.111537     -0.31449    -0.289575   -0.0588154    0.0914899     0.658522     0.157856   -0.0481029     0.309709     0.187073     0.710991    -0.297788      0.34059     0.321274     0.185482
     0.22712    -0.449449     0.786889      0.26091      0.34251     0.190001     0.317661     0.608316    -0.818642     0.206746     -0.47218  -0.00632556     0.324175   -0.0919166     0.377338    -0.384594    -0.413621     0.262192    -0.331826    -0.418942    -0.332099    -0.606508     0.409519     0.316031     -0.41923    -0.537361    0.0827939    0.0610253     0.146992    -0.351518    -0.350003     0.179013
  -0.0124814    -0.620845    -0.159179     0.550674    -0.589386    -0.860567   -0.0594939    -0.143275    -0.467234      0.30569    -0.668197     0.183542  0.000202421     0.735083    -0.470941    0.0304769     0.502475    -0.498187     0.127036    -0.016836     0.464778   -0.0344066   -0.0485527     0.327502      0.92384    -0.178072     0.907638  -0.00227263     0.172292     -0.21826   -0.0906311    -0.210256
    0.193488     0.573015    -0.304272      1.04931     -1.14489     -0.82259     0.262925    -0.281039     0.706311    -0.635104     0.330767    0.0876721    -0.116204      -1.2102    -0.520972    -0.163554     -0.15606    0.0391281     0.143084    -0.296797    -0.561839    -0.320192     0.723715    -0.618772    0.0655411    -0.946048    -0.666083     -1.33797     0.712042     0.354335     0.860812     0.442435
   -0.230594     0.607451    0.0222089    -0.486251     0.520692     0.468597    0.0397389    -0.427508    -0.348836     0.495761    -0.474455     0.722438    -0.250407    -0.547476     0.446231    -0.602924    0.0825296   -0.0285377    -0.727135     0.098868     0.425964    -0.149437    0.0314965    0.0801601     -0.26791     0.083357     0.118153   -0.0929303    -0.551272     0.180745    -0.571602    -0.130328
   0.0848953    -0.364562     0.490248     0.504021     0.237049    -0.529875     0.150407    -0.381236   -0.0544077   -0.0627842    -0.841781   -0.0120086     0.844538    -0.329186    -0.294529    -0.273836    -0.577935    -0.374398     -0.78508     0.939558    -0.110945   -0.0290702     0.405131    -0.378908     0.901635     0.462898     0.141387    -0.136555     0.353583     0.253706    -0.103849    0.0468884
   -0.165646    -0.041763     0.363669    -0.462215     0.215765    0.0272263    -0.160997   -0.0649874    -0.122186   -0.0932005    0.0198256   -0.0113904    0.0552645     0.143335    -0.151282    -0.116343   -0.0495565     0.228141    -0.405053    -0.351615      -0.1011   0.00460605     0.186887    -0.364247    -0.211384    0.0324578    -0.194658    -0.552295    -0.048767      0.38193     0.184455    -0.078109
   0.0512091    -0.190179    0.0622111    -0.155552     0.445325     0.426907    0.0972224  -0.00237555    -0.327046     0.057573    -0.310666     0.088751    -0.454824    -0.662463    -0.560793    -0.373984     0.317735    -0.824753     0.489431    -0.045201    0.0154985   -0.0172055     0.358138    -0.168035    -0.105884    -0.129176     0.221834     0.461771   -0.0688642     0.271799     0.391164    -0.122188
   -0.107752     0.982856    0.0688947   -0.0596523    -0.203467     0.411621   -0.0179453    -0.532032    0.0215633    -0.159357     0.312708     0.160508     0.452985   -0.0292427    -0.415336    0.0545012      -0.5185    -0.137086    0.0536498     0.736143     0.172102   -0.0319744     0.107061    -0.124413    -0.582335     -1.05252      0.23903    -0.480428     0.675747    -0.834431     0.204873    -0.377749
    -0.32695    0.0343491     0.181205    0.0354835    -0.440635    -0.286522    0.0920141     0.108527     0.306872    -0.454128    -0.215515    -0.456146     0.109245    -0.114704    0.0302813    0.0260753    0.0284081    0.0630885    -0.194395    -0.054897    -0.327055    -0.261396    -0.119655   -0.0210451     0.355054    -0.459483    0.0139391     0.408113     0.673082     0.176709     0.111563    -0.262236
   -0.214042    0.0317657    -0.337228    0.0691547    -0.408961     0.168679     0.104208      0.30388    0.0624128     0.219892    -0.278947     0.205802   -0.0137396     0.809045    -0.305346    -0.186217    -0.175042     0.408013    0.0290158     0.233826     0.147797   -0.0733139     0.210799     -0.13769    0.0714717    -0.224204   0.00109035   -0.0159393   -0.0133168    -0.119364     0.364828   -0.0564374
   0.0757702    -0.620203    0.0731652     -0.71045    -0.326774   -0.0704878     0.426837     0.273505    -0.237237     0.164037      1.56373     0.193562     0.116956   -0.0633983   -0.0324426      0.50045    0.0423172     0.383332     0.499108   -0.0732996    -0.365847    -0.566722      -1.6284    -0.025566      -1.2095     -0.14172    -0.496553    -0.917092      1.14807    -0.613973     0.602343     0.763638
   -0.325046   -0.0501568     0.947508    0.0228254     0.234411   -0.0854113     0.511151   -0.0884715     0.198276    -0.627747    -0.478572    -0.753191     0.367141     0.435515    0.0582295    -0.305826    -0.447692     0.291644     0.403986   -0.0831829     0.394922    0.0527211     -0.18336    -0.296164    -0.073084      1.00413    -0.884076   -0.0244309     0.218059     0.113819     0.823536    -0.352259
   -0.350199     0.768113    0.0646604    -0.312602   -0.0706371   0.00970565    -0.112469     0.675694    -0.350408   -0.0124054    0.0571167     0.500232    0.0670176     0.171763    -0.155239    0.0562362    -0.457568     0.814293     0.367856    -0.252423    0.0576066     0.141939    -0.162871     0.163837    -0.506014    -0.451745    -0.384317    -0.507614   -0.0165486     -0.10181    -0.183554    -0.180191
   -0.832421     0.820057     -1.08047    -0.299656     0.162321   -0.0905172     0.175208    -0.620656     0.415769   0.00447957    -0.568684     0.388723    -0.072304     0.340229     -0.89553     0.198081    -0.580708     0.173657     0.766474       1.4436     0.273142     0.267397     0.887869    -0.138794     0.663623    0.0211753    -0.640382     0.154449      1.63043    -0.312657    -0.158192    -0.247139
   -0.315256    -0.562806     0.194853     0.062639     0.366106    0.0561998     0.611189    0.0426157     0.210809     0.406058     0.104324     0.146799     -0.54824     0.658372    -0.160138     0.189435    -0.218186     0.948328   0.00766126       0.1165     -0.20585     0.329728     0.139575     -0.18171    -0.168806    0.0254459    -0.547777    -0.290297    -0.128927     0.633004     0.157634     0.476583
    0.385125     0.120129    0.0830043    0.0667843    -0.139656     0.256364    -0.320297   0.00754003   -0.0186319    -0.195307     0.349906   -0.0647329     0.446369    0.0736337     0.016058     0.202283   -0.0968802     0.647572    -0.405751    -0.505993   -0.0322304    -0.301363     0.116488    0.0522231    -0.231926     0.684629      0.31031    -0.165916    -0.104722   -0.0218995    -0.264399   -0.0402003
    0.237417    -0.271518    -0.676045    -0.104451   -0.0431747     0.220903     0.285343    -0.511673    -0.160876    0.0963623    0.0997286     0.368264    -0.372464     0.408866    -0.217347    -0.122588     -0.30402    0.0646667     0.492722    0.0913096     0.102193     0.595046    -0.147775    -0.350864     0.222778     0.593269     0.335873     0.312989     0.700291    0.0689431    -0.123353     0.211298
  -0.0871243    -0.323162    0.0973733    -0.302398    0.0838205     0.458303      0.37062   -0.0309589    -0.258734    0.0924763     0.655549     0.176926     0.341044   -0.0619334     0.368472    -0.563012    -0.414374     0.269813    -0.107316    0.0729945   -0.0569541     -0.47819  -0.00939356    -0.445187    -0.322939     -0.45587      0.15879    -0.404325     0.208797     0.580714     0.559908     0.317941
    0.276982     0.075045   0.00954842     0.012595     0.097294     0.111928    0.0275216  -0.00673488    -0.537695     0.283095    -0.170029     0.400066     0.119086     0.430566     0.263168    -0.616729    -0.149003   -0.0553888     0.223555      0.30084    -0.653936   -0.0878218    -0.428708    -0.551434     0.179785    -0.036305    -0.153255    -0.135613     0.541758    -0.300488    0.0293544     0.107838
   -0.517264     0.177619    -0.524315     0.758346    0.0545818     0.597175    -0.352027   -0.0781387    0.0968498    -0.233918    -0.652304    -0.584462    0.0407989    0.0335187    -0.497201    -0.129534      1.24502    -0.212042    -0.240915     0.747453     0.428478     0.730984    0.0775629    -0.734864    -0.185609    -0.221624     0.217872   -0.0620153     -0.90138     0.857793     0.298875    -0.604433
     0.24036      0.21443    -0.352271     0.627802    -0.221639      -0.3492     0.388609    -0.408093   0.00880721     0.604534      0.75165     0.257399    -0.642983    -0.598438     0.490233    -0.149229    0.0455811    -0.295502     0.784399     0.953375    -0.179244     0.552534    -0.208057     -1.28743    -0.449359    -0.891186    -0.506708     0.560071       0.3266     0.288711     0.247676     0.692544
   -0.281341     0.681897    -0.505409    -0.375132   -0.0869613     0.844341     0.506123    -0.206216     0.248427    -0.611894      1.22132     -0.61141     0.549159      1.13923    -0.417337     0.779168     0.698241     0.129136      0.99088   -0.0628975     0.577787   -0.0703549   -0.0986815    -0.395678     0.100311      0.53635   -0.0277949    -0.060609     0.360005     -1.06437     0.730564    -0.477071
   0.0240227    -0.236727     0.975032      0.27292    -0.147923    -0.184332     0.231499   -0.0515339    -0.426961    -0.169897     -1.04069    0.0294425     0.129735     0.248528   -0.0820335    0.0480347    -0.744534     0.143815     0.344542     0.228123    0.0226467     0.127563     -0.78707   -0.0106744     0.299454     0.302109   -0.0737504    -0.385878     0.297864      1.34055    -0.337815    -0.287137
   -0.162767     -0.20398     0.546312    -0.176286     0.531183     0.590961     0.163966   -0.0443707    -0.269244    0.0649032    -0.215962     -0.47234     -0.33815     0.070056   -0.0506593     0.245327    -0.725771   -0.0365594    -0.463103    -0.366195    -0.212854     0.172177     0.265724    -0.393631    -0.545517     0.207267    -0.103055      0.49396       0.1947    0.0202987      0.14274     0.146936
   -0.221246    -0.920749    -0.210716    -0.339523    -0.617393    -0.167173   -0.0671431     0.582728     0.187122    0.0393448     0.283017    0.0968864     0.235966    -0.267433    -0.411833     0.273524   -0.0566549     0.167779     0.669834    -0.641489    -0.446846  -0.00249226    -0.591137    -0.278622    -0.164662    -0.625094    0.0163292      0.20327     0.390109    -0.368385     0.239546    -0.339914
   0.0625275    -0.384462   -0.0428278    -0.180925    0.0750873    -0.175171     0.208098   -0.0497301    -0.610477    -0.210165      0.71294     0.260314    -0.310502     0.284019    -0.243265     -0.67345     0.109807    -0.732293     0.588498    0.0537506    -0.213205     0.025679    -0.152835     0.174547    -0.218759    -0.912267   -0.0994938    -0.126143     0.318148  -0.00186592    0.0185161      0.10697
   -0.471886    -0.785578    -0.519089     0.678264    -0.578255     0.115642     0.357817    0.0362286    -0.224293     0.149779     0.525584    -0.473769    -0.516037    -0.957475   -0.0509731     0.729186    -0.752802     0.561107     0.140429    0.0622458   -0.0180682     0.415258     0.397596    -0.395892     0.606782   -0.0946545    -0.485732     0.161258     0.105178     0.492807     0.118417     0.547346
   -0.426791    -0.285401    -0.166292      1.44105     0.543501    -0.298888    -0.207603     0.198001     0.539326   -0.0940617     -1.15996   -0.0158314   -0.0623278     0.570473    -0.259945    -0.140085     0.933594     0.618267    0.0565014    -0.122207    -0.298592    -0.027499     0.192449   -0.0727874     0.365845     0.653994     0.980179     0.370227    -0.925063      1.26467     0.379982     0.229692
    0.157931    -0.259438     0.428207     0.179141     0.157522     0.345108    -0.266119    0.0665594     0.432251    -0.200447     0.247562     0.182379   -0.0343735     0.162638    -0.350024    -0.310319     -1.05429    0.0221525     0.284854    -0.123925     0.456864   -0.0602682     0.489948    -0.463309     0.435088    -0.241617   -0.0367296  -0.00418091     0.357299     0.717338    -0.388837   -0.0495647
    0.174777     -0.27795     0.427576     0.150805    -0.376708    -0.319097     0.171918    -0.197739     0.623362    -0.166515   -0.0230527    -0.105399     0.111939     0.262441    -0.344161    -0.180549    -0.245382    -0.533997   -0.0722009    0.0530641     0.580894    -0.187399     -0.26041      -0.3418     0.108464    0.0826367     0.036557     0.357912    -0.278222    0.0938655    -0.457826    0.0464111
   0.0832958     0.630517     0.166249     0.153757    -0.290201     0.112394    -0.206775    0.0229499      0.69956    -0.654464    -0.201343    -0.730165     0.577427      1.42505     0.291316     0.241216     -1.00175     0.972289     0.590003    -0.220249      0.68144    -0.381259     0.375448     0.262789    -0.473771      0.90865     0.109258  -0.00541941     -0.25323    -0.919478   -0.0589763     -0.90512
    0.481623     0.305919    -0.251157      1.23688    -0.799228    -0.571452     0.254118    0.0809926     0.339918     0.414226     0.471315      0.29656      0.50483    -0.518475      1.35821     0.326236      0.97784     -0.29804    -0.426633     0.174399     0.527649   -0.0672927    0.0422775     0.749278    -0.127137   -0.0972029    -0.564882     0.632822      -0.1126      0.17495   -0.0916474    -0.211529
   -0.144527     0.587989    -0.491412     -0.69297     0.909641      1.02966    0.0895674      1.01475     0.168752    0.0934887        0.767    -0.374257      0.19169      0.36388     0.473524    -0.892665    -0.275102   -0.0130953     -0.41737     0.545735    -0.371323    -0.337806    -0.629891     0.750352     -1.64577      0.36029    -0.705844     0.692732    -0.966357    -0.479551     0.473433      0.28486
   -0.583143     0.267594     0.336366     0.536161    0.0687873   -0.0203915    -0.143163    -0.180752    0.0712086    0.0170075     0.164112   0.00980116     -1.01024    -0.422469   -0.0838333     0.490245     0.396581    0.0247507     0.561864    -0.560416     0.257714     0.128509     0.513486    -0.310665    -0.244187     0.391085     0.273329     0.603026    -0.427466    -0.108064     0.731232     0.530071
    0.173146     -1.35101     0.264587     0.297086    -0.377487     0.198366    -0.156124      1.01089     0.290334      0.18511     0.272065    -0.277735    -0.220026    -0.388214    -0.155334     0.353353    -0.488941    -0.225836     0.280911    -0.270788     -1.01229     0.161434     0.688023   -0.0184659     -0.19571    -0.245255   -0.0311376      0.42617      0.18085    0.0176465     0.481007     0.776912
  -0.0947954      0.70003    -0.845211    -0.127685     0.333651     0.362271     0.484542     -1.01072    -0.191205      0.95939    -0.338454     0.488717    -0.195555    -0.281845     -0.60377     -0.32379    -0.218543    0.0611227     0.367508      1.48426    -0.244894    -0.162801    -0.281011    -0.655755     0.459599    -0.180553    -0.187632     0.543305     0.466717    -0.276367      1.21634     0.987966
   -0.982337    -0.556181    -0.271402     0.245366     0.390132   -0.0869685    -0.641937    -0.287689     0.288416     0.118401    -0.319722     0.477878     0.253388    0.0566529     -1.95444   -0.0545384    -0.153756     -0.24254     0.349369      1.10928    -0.364835     0.259087    -0.647881   -0.0470346     0.508755    -0.369674    -0.591318    -0.383251     0.628638    -0.604248     0.110415     0.256381
  -0.0257456   -0.0513295    -0.558908    -0.247289     0.480489    0.0456561    -0.180929    -0.109771     0.109286     0.036389    -0.466233    0.0899761   -0.0932104    -0.508346    0.0718431    -0.664233     0.345426    -0.189148   -0.0411165     -0.22802     0.225305    0.0344759     0.677782   -0.0828452    -0.289464     0.643078     0.270021   -0.0983609    -0.214378    -0.266048   -0.0321299  -0.00988605
   0.0271062       0.1674    -0.427164    -0.741016      0.17998     0.575338    -0.596397    -0.281136    -0.341765     0.382611    -0.330486      0.50991     0.292209     0.114981   -0.0375414   -0.0987496    -0.884624     0.521824     0.250741     0.349981     0.693888     0.248315    -0.326429     0.225193    -0.452253     0.605583     0.656555    -0.243401    -0.434249    0.0303529    -0.274603    -0.146721
   -0.349146     0.231623   -0.0219929  -0.00927583     0.118256     0.122721     0.108639    0.0280045    -0.253384     0.135751   -0.0331579     0.290672     0.181577    0.0494554   -0.0370081   -0.0594037     0.109781     0.159078    -0.330543    0.0694417     0.168215     0.188816   -0.0893746   0.00212709     0.331689    0.0874648   -0.0170727     0.201709   -0.0769211     0.204052     -0.14268   -0.0873389
   -0.374957     -0.83043    -0.502089     0.247431    -0.535698    -0.737569    -0.226419      1.09628     0.777302     0.178033   -0.0532503    -0.474229     0.960525     0.200456   -0.0300567     0.383269    0.0813137     0.479788   -0.0223235    -0.382687    -0.731078     0.116449     0.235283      0.62031    -0.411986     0.262328    -0.235687    -0.384957     0.484809     -1.15219     0.359191    -0.596743
   0.0245471    -0.317233    0.0109476    -0.367409    -0.207675    -0.434214     0.306606     0.198936     0.664405    -0.344481    0.0128989    -0.178249     0.061395      0.53524    -0.128512     0.449224     0.176432     0.720505    0.0321875    -0.689162     0.481119    -0.725939   -0.0608086     0.225463     0.593755      0.48339    -0.288893     0.182219     0.151331     0.558279     0.343279    -0.324499
     0.13019     0.245037     0.101716    -0.492581    0.0243797     0.612584    0.0370896    -0.342126    -0.595075        1.053     -1.55665     0.536467    -0.517311    0.0951862    -0.262692     -0.54099    -0.364145    -0.511463   -0.0423978     0.516241   -0.0453055    -0.156805     0.284892     0.620903     0.794786    -0.662708     0.767933    0.0680763    -0.663274     0.483633    -0.843136     0.144441
    0.387205    -0.400816      0.37648   -0.0937661      0.17463    -0.248501    -0.236597    0.0713044    -0.470974    -0.222805    -0.314541     0.101561     0.520796     0.444921    -0.290634     0.179134   -0.0919907    -0.391973     0.222121   -0.0654541    -0.115801    0.0632333     0.368924    0.0738277    -0.103551   -0.0631496    0.0882444     0.120865     0.374773     0.482315     0.165475    -0.319774
    0.479716    -0.027755     0.269861     0.286835    -0.217096     0.187411    0.0675604    0.0944166    -0.496692    -0.096083    -0.343293    -0.018735     0.273945  -0.00137254    -0.312328    -0.746006    -0.204902   -0.0790865   0.00278954     0.185009     0.293098    0.0695898   0.00492507     0.275756     0.352202    -0.536407   -0.0400866     0.165078    0.0124759    -0.152617    -0.213915    -0.188135
   -0.141494     0.412717     0.529806    -0.239662    -0.152665   -0.0657888    -0.511345    -0.332758    -0.588526     -0.53562     -1.07895    -0.158286    -0.382237   -0.0832757    -0.766258    -0.336975     0.288341    -0.271504    -0.410982    -0.496233     0.140829    0.0195555    -0.437012    -0.216531     0.542104     0.272328    -0.216601    -0.411917     0.245107    -0.107684     0.189526    -0.826434
   0.0945952     -0.92221     0.139027     0.207798    0.0625272    0.0079263    -0.195532     0.140818    0.0511885     0.149299     0.732103    -0.479061     0.059292     0.433107    -0.243952     0.601632    0.0702151     0.388347      0.30979     0.605482    -0.177173     0.159867     -0.20048    -0.071549    0.0692223    -0.219219    -0.673473     0.674095    -0.372391    -0.183001     0.570809   -0.0874949
  -0.0547631     0.152077     0.445549     0.340109     0.329759    -0.149618    -0.154984    -0.422991    0.0881319    -0.113037   -0.0873174     0.292582     0.194604     0.545377    0.0541146   -0.0752004    -0.393802     0.071878     0.208481     -0.16432    0.0906405      -0.1157    0.0301111    0.0919708     0.127051   -0.0204486      -0.1018     0.286493      0.33993    -0.238644   -0.0713195    -0.243695
  -0.0102235     0.406055    -0.118135    -0.333344     0.289015      0.80147    -0.813753     0.256712     0.107983    -0.294346     -0.18257     -1.01969    -0.281976    -0.142859     0.180667      1.32254    -0.245834     0.917675    -0.634993     0.417553    -0.457062     0.342373   -0.0189121    -0.296613    -0.747676     0.119798     0.250539    -0.210828    -0.777527      0.31236    -0.695774   -0.0821147
    0.372757    -0.680329     -0.76122     0.189365    -0.590977    0.0395653    -0.407448     0.285197     0.105357   -0.0945784     0.581644     0.160661     0.318207   -0.0219294     0.373752    -0.223406     0.314973    0.0186703      -1.1187     0.156899    -0.378418     0.231805     0.188906    -0.346926    -0.652781     0.462332   -0.0693573   -0.0458355   -0.0608947     0.464123    -0.645262     -1.43317
    0.568483   -0.0524411    -0.569236     0.425849   -0.0466877    -0.427892    0.0684669    -0.461812     0.442285   -0.0688399     0.297565    -0.410127    -0.388497    -0.761945   -0.0608717     0.345414     0.782969    -0.161464     0.177424   -0.0545475    0.0556227    -0.177425     0.456719    -0.129707    -0.302073   -0.0235004    -0.220456   -0.0350226    -0.339221    -0.136476     0.382435     -0.18689
   -0.581146     0.440888     0.361243     0.397274     0.049434    -0.197556     0.336274    0.0428729   -0.0617228    -0.199649    -0.386487     0.228287    -0.297555    0.0647511    0.0512844     0.321192     0.651485     0.433801    -0.228606    -0.512347    -0.190405     -0.49617     0.674954    -0.381623     0.033048    -0.484123     0.103095     0.438875   -0.0698816    -0.231388     0.435942     0.108817
   -0.683349    -0.089928    -0.884146   -0.0478612      0.30589     0.304401     0.735516     0.373222    0.0102245     -0.49034     0.780536      -0.3566     0.386223      1.00732     0.257605    -0.383921     0.391986     0.506904    -0.244203   -0.0705961    -0.669599    -0.617164    -0.114092    -0.493214     -0.57035     0.341712    0.0112967    -0.694055     0.600185     -1.00346       1.0623    -0.267338
   -0.315074     0.214832     0.445244    -0.514967     0.138369     0.463938   -0.0251006     0.324522     0.333313    -0.125145    0.0809453    -0.178948     0.583824     0.387794    -0.502518     -0.25875    -0.289195     0.587959     0.597381    -0.498188    -0.307409    -0.128633     0.237941       0.1448     0.457756     0.232991    0.0236049    -0.316228  -0.00369457  -0.00513765    -0.138142      0.36286
   -0.333334     -0.65232    0.0121712     -1.02756    0.0664241     0.392553    -0.390439      0.78411   -0.0723231    -0.364064     -1.06823     -1.51167   -0.0465032    0.0387133    -0.378618     0.223905     0.366738      1.04238      -1.0653    -0.463636      -0.4301    -0.236402     -1.22486     0.211532    -0.154961    -0.426794     0.087555     0.980967    -0.325235     -1.04754     0.517253     -1.19442
  -0.0693127     0.697593     0.279786    0.0897341    -0.719874     0.331954     0.250093     0.465179    -0.548459     0.145862     0.306109     0.159999   -0.0751518     0.453179    -0.302916    -0.116012     -1.07203     0.942118   0.00785088    -0.171474    0.0973457     0.284573     -1.18686    -0.245143     0.346604     0.291187    -0.541967    -0.287952      1.37054    0.0380465     0.577569    -0.666539
  -0.0901901     0.799521     0.032613      0.26997     0.108994     -0.02511    0.0663426     0.208106     0.332109     0.151809     0.418651     0.259709     0.326348      0.38106    0.0738154   -0.0400256     0.560805    -0.451729     0.226638     -0.38885      0.44174    -0.300972     0.387158     0.749936    -0.116169      1.01668    -0.591015     0.301782    -0.376314    -0.663499    0.0367944    -0.381628
    0.293774     0.285318    -0.350805     -0.45119     -0.55501     0.594591     0.330523     0.262677   -0.0589466     0.463152      1.73796   -0.0197452     0.414872    -0.517248     0.364007    -0.236519     0.391687    -0.454206     0.691103    -0.430414     0.383806    -0.100708    -0.702217     -1.07906    -0.821731    -0.789973     -0.52028      1.11611     0.933108    -0.775915      0.43837    -0.414658
   -0.594747     0.171519     -0.67787    -0.301216     0.375461    -0.283661    -0.324521     0.337097     0.226402    0.0680833    -0.331112    -0.374028    -0.501819     0.145893     0.104094     0.133476   -0.0747716     0.434418    -0.494284   -0.0781177     0.255652     0.151543    -0.102433     0.484561   -0.0655908     0.567841     0.102331    -0.513131      -0.2599     0.758547    -0.118811      0.60045
    0.330552    -0.606635     -0.27492    -0.366667    -0.636549    -0.778466     0.385402     0.437226     0.338153     0.216932     -0.59454     0.124535      1.64846     0.397252      1.03476    -0.391275      1.00406     -0.52668     0.138906    -0.171215     0.184794    -0.419678    -0.740697      1.40024    -0.600587     0.788552     0.409438    -0.615335    0.0676336     -1.24781    -0.748064     -0.80668
   0.0163954   -0.0476479    0.0584774    0.0436016    -0.158123     0.134803    -0.273623     0.311624    0.0148424   -0.0140401   -0.0844269    -0.173461    -0.251334   -0.0439824     0.548596      0.58278    0.0812171     0.302617     0.290505     0.245599    -0.349082     0.610176   -0.0493891    -0.476983     0.162297    -0.257252     0.333615    0.0435684     0.263302     -0.25793    -0.618794     0.503015
   -0.158676    -0.232999     0.468711    -0.259551     0.198025     0.871187    0.0894671    -0.737188    -0.217161    -0.192896    -0.800888     0.154023     0.501591   -0.0743039      0.28664     0.448382     0.137957      0.35518     0.684029      0.23294     0.802299    0.0123998    -0.400112    -0.586183    -0.816853    -0.331815     0.534863    -0.309463  -0.00148903    -0.090107    -0.198854    -0.568899
   -0.115077    0.0882794     0.115049   -0.0551569   -0.0181002      0.26226     -0.44633    -0.531967    -0.139435    -0.212137     0.352931     0.151322     0.482354    -0.192991     0.107939    -0.164035    -0.172682     0.451023     0.324231     0.126618     -0.18449     -0.11572    -0.261633     0.146486    0.0414183      0.16395   -0.0806847    -0.292679     0.537474    -0.192041     -0.16037     0.174241
    0.127022     0.239957      0.37132     0.682755     0.403402     0.875687    0.0327804     0.531706     0.290781   -0.0436284    -0.372993    -0.473952     0.408807    -0.215479    -0.590584     0.138299     0.107341      0.37697    -0.397665   -0.0132991    -0.258903    -0.760476     0.557468       0.3614    -0.675892   -0.0332975     -0.11625     0.896828     -0.92418     0.252455     0.343486   -0.0377261
   -0.217417     0.102531    -0.573167       -0.158     0.427451    0.0193117     0.566046    -0.307692   -0.0696799   -0.0902707     0.313171   -0.0247865    -0.271408     0.400584     0.215868     0.103046     0.102505    0.0921188     0.409865     0.290957    0.0801407    0.0318623    0.0766261    -0.333035    -0.276259    -0.291882     0.615987   -0.0760214     0.651858    -0.288856    -0.258032     0.105809
   -0.675388     0.206901    0.0113439    -0.215606    -0.368063    -0.395869    0.0305102    -0.271468    0.0854145     0.377069     0.145874   -0.0384288    -0.312138    -0.248423     0.194879    -0.120633     0.428645     0.466229     0.285672      0.11531     0.232742     0.478764    -0.575482    -0.082875     0.147949     0.014684      0.10593     0.372853     0.402463    -0.666528     0.113127     0.206291
   -0.232948    -0.249939    -0.360915    -0.326612     0.513707    -0.273656    -0.296444     0.660047     0.632016    -0.609101   -0.0493611    -0.290551     0.233322     0.444815     0.169132    0.0692972     0.731496    0.0241604     0.345781     -0.85268    -0.236708    -0.592095     0.313885     0.444781   -0.0912135     0.528612     0.122694     0.615407    -0.851334    -0.645005     0.221806    0.0759229
   -0.104275       -1.114    -0.387792     0.103772    -0.237402    -0.351224    -0.727825       0.6263     -0.30508     0.651465    -0.269728    -0.368656    -0.428515     0.242647     0.154585     0.379264     0.434857    -0.807732    -0.249165    -0.323194     -1.14974     0.669915   -0.0847645     0.136997      0.41097    -0.841061    -0.130781      0.60956    -0.410449   0.00192663    -0.105065      0.53836
   -0.342438     -1.13081     0.257083    -0.157824    -0.115893    -0.525679      1.11377     0.862258    -0.207969     0.216173     0.501477   -0.0767981      0.14664     0.234648    -0.646847    -0.867286    -0.496512    -0.320518     0.353555   -0.0660335     -0.22748     0.329573  -0.00546169     0.373761    -0.203484    -0.127548    0.0235789     -0.91049     0.107897     -0.31378   -0.0807692     0.507931
    -0.02116    0.0976416    -0.292006    -0.218868   -0.0372392   -0.0343299    -0.257688    0.0766022     0.288182    -0.242932    0.0800834   -0.0552403    -0.411939    0.0459146    -0.102478      0.29017     0.127542    -0.119975   -0.0704436    -0.411241    0.0379609     0.248648   -0.0897763    -0.411464     0.148955     0.232248    0.0422116   -0.0722088   -0.0774675     0.454406     0.179782     0.161569
  -0.0414556    -0.226908     0.270651   -0.0405299    -0.138142     0.404811     0.531504    -0.351134    -0.182849    0.0784128     0.115423    -0.111694     0.223061     0.324115     0.270189    -0.891766    -0.580566    -0.377612    0.0415623     0.650584     0.416736   -0.0834862    -0.234565    0.0140558   -0.0449191   -0.0236392    -0.490499     0.418108     0.375099    -0.815512    -0.157746     0.393206
   -0.499285     0.604324    0.0217169     -1.31766     0.544962      1.02099    -0.291369    -0.781716    -0.323642    -0.523241    0.0737257     0.316755     0.109903     0.334624   -0.0255044     0.309432    -0.158107     0.166456   -0.0608751    0.0687863     0.326137     -0.19507     -1.25854    -0.224519     -1.00361    -0.172367     0.041958     -1.04591      1.01521    -0.593594    -0.253854   -0.0854735
  -0.0335911    -0.142015    -0.500121     0.304229     0.159282    -0.208707     0.611863     0.131937     0.233071      0.13702     0.238577    -0.190055     0.409235     0.213624     0.573422    0.0560008    0.0861155     0.159092     0.766713     0.251296     0.506959      0.14769     0.451643   -0.0885238    -0.340111     0.504571   0.00225463    -0.180554  -0.00745133    -0.389752     0.418255     0.225872
    0.225873     -0.35662     0.490701    -0.269794     0.439292     0.230573     0.151318     0.197283        0.193     0.339479       0.3538     0.613026     0.169579   -0.0828906    -0.439442     0.169665    -0.595985     0.879239    0.0171993     0.266597    -0.562642    -0.138382     0.464871     0.187793    -0.460944     0.511423    -0.223712    -0.595859     0.591081     0.253851     0.130139     0.524014
   -0.829229    -0.191844   -0.0214952     0.186469   -0.0301943     0.110454    0.0871957     0.825521     0.204992     0.104279     0.153247    -0.473441    0.0565745     0.382844    -0.808046    0.0108617     -1.43506      1.03505     0.247055     0.686215    -0.607851   -0.0509569    -0.226555    -0.124496    -0.751479     0.397862    -0.493513      -1.0219      1.39863    -0.579384     0.527553     0.176708
   -0.789375    -0.544199     0.141464      1.36535    0.0528881    -0.314157     0.406036    -0.333905     0.427583     0.446963     0.428533    0.0672752     -0.36241     0.702911    -0.866273    -0.925781    -0.364364    -0.857566    -0.283413      1.15311    -0.359709     0.617376    0.0553305   -0.0989275    -0.223744    -0.861962     -1.32755     0.405331    -0.143311     0.362091      1.00047 -0.000619494
     1.11127     0.219512      1.01828     0.934563    -0.197248    -0.302393     0.217837     0.503221     0.163576   -0.0917089     0.513902    -0.701008   -0.0304876    -0.409734     0.677771     0.193382     0.630874     0.233104    -0.176334    -0.425767   -0.0173928    -0.199693    0.0913675   -0.0607648     0.139435     0.852061    -0.266507      0.35888    -0.813433     0.622077     0.151719   -0.0196526
 -0.00516656    -0.397949    -0.122409   0.00437799     0.115205    0.0161875   0.00218682    -0.175641      0.48404     0.301509     0.182966     0.724639     0.428938    -0.187693     0.474113     0.344737    -0.266597     0.321037   -0.0523568     0.580602     0.542714     0.422934    -0.146124   -0.0980116    -0.147057     0.450676    -0.466884     0.247225     -0.02263     0.170207    -0.145367     0.812041
   -0.263123    -0.387661    -0.463156     0.114835    0.0607711     0.320509    -0.687706     0.307659    -0.258453    0.0837522     0.590689    -0.383005    -0.944711     0.300773    -0.788454   -0.0559252    -0.700087     0.401133     0.351651    -0.368301    -0.704986     0.136137    0.0909743    -0.605044    -0.478503     -0.51315    -0.824798    -0.111211    -0.157401    -0.268931     0.332895     0.842415
    -0.65739    -0.557824     -1.21865     -1.28268     0.035121     -0.93502     0.597455     0.180108   -0.0103673     0.163556     0.109548   -0.0952671    -0.497866    -0.722886     0.342422     0.178802      1.50315       1.2825     0.256596     0.194346     -1.07561     0.222132     -1.11494     0.762013    -0.562465    -0.151281     0.971161    -0.309393    -0.256914     -1.43599     0.856859      1.09982
   -0.337939    -0.489639    -0.738604    -0.227058     0.195963    -0.325086     -0.29606    -0.448747     0.321262     0.031089    0.0787829   -0.0712989    -0.369973     0.347598    -0.141369     -0.13205     0.129802    -0.439452    -0.238313     0.469256    -0.737222     0.369778    -0.364139   -0.0590801    -0.799824    -0.308184     0.355819    -0.470531    -0.095853   -0.0128713     0.085852     0.359779
   -0.249364   -0.0350844    0.0145074     0.137881    -0.206612    -0.171779    -0.156234     0.075791     0.220267    -0.229238    -0.193668   -0.0350316   -0.0177584     0.235377    -0.237544     0.199658    0.0437089    -0.215952    -0.177497   -0.0171245     0.177488    0.0772024    0.0823201     0.110439     0.433031    -0.340001    0.0113461     0.119323    0.0627599   -0.0708787 -0.000461557    -0.140493
   -0.341878    -0.208006  -0.00712195   0.00189393    -0.256544    -0.108057    -0.023814    -0.108266    -0.196992     -0.35695    -0.169978    -0.677486     0.155738     0.424031       -0.501     0.143833     0.445559     0.254657    -0.324686     0.566654    -0.852281    -0.273007    -0.688491    -0.114009    -0.123932     0.413977     0.060241    -0.628643    0.0578223    0.0157475    -0.330322    -0.500865
   -0.988004      0.26496     0.980822     -1.40094     0.303927     0.615752    -0.159916     0.290274     -0.20379    -0.230555    -0.434518    -0.223072     0.143004     0.474917     -1.44918  -0.00893341    -0.744706     0.481185    -0.237129    -0.722648   -0.0391962    -0.418938    -0.272602    -0.597853    -0.195664   0.00667232    0.0162053     -1.23474     0.309637    -0.881604    0.0400771    -0.272429
    0.464568     0.313531      1.18274       1.6994    -0.818648     0.176803    -0.588278     0.424495     0.482906    -0.341912     0.201849    0.0730538      1.30268      0.84221    -0.128342    -0.153022     -1.32858    -0.610047     -0.49493   -0.0622763      0.70002    -0.135498     0.836602    -0.177066     0.981053     0.254989    -0.938782     0.717792     0.276003     0.851986     0.321391     -1.92989
     1.10883    -0.199606     0.829823     0.148982     0.126794     0.507107    0.0764741     0.484144    -0.560624    0.0857447    -0.471339    0.0915535  -0.00542731      0.19612      0.24478     0.256007    0.0982141     0.122194    -0.750605   -0.0246116    -0.310264    0.0374858     0.241879   -0.0151805    -0.215368    0.0314317    -0.416642    -0.383691    -0.669423     0.949776    -0.930801    -0.305587
   0.0342197    -0.161526     -0.40512     0.702526    -0.735618    -0.886031     0.224105     0.330339    -0.302718     0.129536    -0.919352      0.11426   -0.0975163     0.571042     0.331108    -0.406487    -0.457305    -0.513662     0.342522     0.139374    0.0653835    -0.098225     0.564202     0.282395      1.60347   -0.0599121    -0.050753      1.00935   -0.0248992     0.566882     0.419599    0.0276566
     0.73468    -0.849663     0.309441      1.00228    -0.963118    -0.186323      1.32484     0.325117    -0.225642     0.214032    -0.519469    -0.385728     0.314957     0.828805    -0.260727     0.192512    -0.036743     0.789965    -0.380029     0.011831    -0.118766    -0.462611      0.39422    -0.278589    -0.605992    -0.474403     0.438123     0.381319    -0.262036     0.298998     0.228081    -0.298995
   0.0904672     0.422269    0.0657107     0.089047     0.107555      0.85703    -0.152736   -0.0147748    -0.260268     0.285771    -0.565919     0.175426    -0.121108    -0.111294     -0.38807    -0.158825     0.292027    -0.130138    -0.311351    -0.610245     0.713142    -0.102574     0.289322   -0.0841542   0.00563944    0.0487274     0.355604     0.436143    -0.349987     0.260923    0.0351799     0.213319
   -0.337161   -0.0653249      0.15518     0.315093     0.344485      0.50299     0.388378    0.0997686    -0.176821    0.0169399    -0.121603    -0.168716     0.604611     0.322161    -0.253484     -0.36222    0.0993114    -0.267707   -0.0078267     0.318145   -0.0551351     -0.29527     0.564207     0.278504    -0.281991    0.0710997     0.295466     0.455544    -0.434651    -0.370334      0.54263    -0.276196
   -0.225055     0.491743     0.234696     0.296857     0.293522     0.454155   -0.0284155     0.268024    -0.260401   -0.0536888     0.783407    -0.218541    -0.299581     0.159708     0.411941     0.268815     0.200339     0.370985     0.494661     0.342377     0.430428    -0.123493     0.113322   -0.0709484    -0.958291    -0.126686   -0.0792518     -0.50535     0.246065    -0.466408     0.352432    -0.144739
    0.191204     0.285532    -0.222121   -0.0957044    -0.102425    -0.101356     0.185853    -0.138993   -0.0150146   -0.0707122   -0.0305461    -0.107589     0.241849   -0.0334354     0.154126   -0.0891062     0.113777   -0.0350659   -0.0222582    0.0815701   -0.0320987     0.157738     0.195175     0.168357    0.0471532     0.366726    -0.179994    0.0770321    0.0261447      0.22556    -0.141872   -0.0930799
    0.776457     0.419252     0.576595     0.447359    0.0547983    -0.299927      0.16647    -0.368662    0.0607671    -0.218763    -0.101091     0.230811    -0.172078   -0.0156946      0.10685   -0.0931982    -0.227063    -0.153035     -0.36137   -0.0462323     0.061225    -0.313769     0.130598    0.0234934     0.373081     0.219545    -0.280458    -0.411537     0.419238     0.440862    -0.201808    -0.207491
   -0.162874     0.267932   -0.0421495     0.751532    -0.806388    -0.261185     0.525605    -0.251072     0.390897   -0.0897303     -0.26452   -0.0768484      0.14943    0.0804201    -0.797572     0.217928     0.700906    -0.231416     0.199485    -0.207872     0.778664   -0.0197548      1.01219    -0.322925    -0.449678     -1.21429     0.299136    -0.667708    -0.860323    -0.824255      -0.2276     -0.64451
    -1.62825     0.693919     -1.01392    -0.442106    -0.389861     0.456859     -0.52574    -0.067265     0.602517    -0.653699    -0.521174    -0.173132    -0.156227     0.338389    -0.590639    -0.708442     0.727706     -0.37461     -1.15516    0.0811675   -0.0305297    -0.234742    -0.333294     0.756374     0.288306     0.540809    0.0470537    -0.563697     0.223125    -0.493851    -0.419802     -0.54311
    0.501576     0.700031     0.218837     -1.52528     0.928347       1.1133     0.340645     -1.01389    -0.579655    0.0109189     -1.34346     0.414833   -0.0682531     -1.28781     0.680716    -0.547558   -0.0733572    0.0339138   -0.0367751     0.533866     0.627581    -0.318347    -0.815895     0.265155     0.958008     0.341331    -0.624222       1.3908    -0.283676     0.710201    -0.327895     0.704262
   0.0768857    -0.648987   0.00199309      -0.4573     0.060208    0.0841668     0.345095     0.386017     0.061353    -0.067541     0.273732      0.13278     0.113502   -0.0866338     0.329636    0.0626932   -0.0802451    -0.308424     0.902461     0.396645     0.216646    0.0613396    -0.421104   -0.0189563    -0.203139     -0.35206     0.188424     0.147707     0.211113    -0.204766    0.0496539     0.184252
    0.186677     0.612466     0.146713   -0.0692708     0.982458     0.280716    -0.254571     0.353253     0.091781      -0.6687     0.414598     -1.19987     0.557853     0.117966   -0.0533257      0.12633     0.349674  -0.00406416     0.307765    0.0280804    0.0150258    -0.623572   0.00317086    -0.471551     0.218027     0.615286    -0.749518     0.845734     0.513728   0.00808914     0.546015      -1.0165
   -0.267719    -0.410997     -1.01718    -0.489748     0.178818    -0.302101     0.475058    -0.295566    0.0950863   -0.0162424    -0.203972     0.165817      -1.1574    -0.334002     0.141585     0.255686     0.419666   -0.0561007       0.3696    0.0989768   -0.0919776     0.102482    -0.624704       0.6409    -0.260948    -0.292524     0.534173     -0.57473     0.379059     0.155003     0.279872     0.633245
   0.0847574    -0.471001   -0.0748999     -0.23098    -0.125263   -0.0702219    -0.207837     0.306663    -0.551747     0.697044    -0.502289     0.480846    -0.559255     0.195857    -0.128842   -0.0921274     0.339484    -0.450091   -0.0114628    0.0658117    -0.584742     0.629791   -0.0893946   -0.0539928     0.201175    -0.376117  0.000218215     0.554422      -1.2133    -0.451347   -0.0758125   -0.0853118
   -0.321107     0.127404     -1.05218    -0.229435   0.00826515    -0.359714    -0.187023    -0.292487     -0.31858    0.0915182     0.053082     0.194931    -0.883655    -0.182827    -0.678788     0.310263     0.462342     0.109145   -0.0426916    0.0808575    -0.863932    -0.144866    -0.596876    -0.305661    -0.318041    -0.319345     0.328185    -0.120261    -0.190988     -0.87021    0.0318828     0.319363
    0.164196    0.0297438    -0.181891    -0.341409      0.75975     0.626179   -0.0452785    0.0606716   -0.0963621    0.0165803     0.264179    -0.385603    0.0660217     0.130625    -0.471751     0.091193     0.516599      0.45864     0.161648   -0.0270951    0.0101323    -0.164991    -0.717436    0.0387207    -0.856968    -0.724394     0.011571     0.455515   -0.0809372    -0.249286     0.267162    -0.360843
    0.256532    0.0350024    -0.507522    0.0596664   0.00421752    -0.491041      0.54998    0.0822099    0.0743343     0.442282     0.380179     0.112734    -0.976077 -0.000831434     0.251575     0.349543     0.747831    -0.354061     0.559629    0.0135442    -0.438023     0.593795   -0.0855512     0.182065     0.255413     0.438086     0.302642     0.395665    -0.683023    -0.117344     0.434087      1.02529
  -0.0270324     0.219625    -0.397772   -0.0981068     0.367487    -0.289669    -0.255069     0.654094     0.244023    -0.301313     0.101194     0.195435    -0.115924    0.0992596    0.0306776    0.0489185    0.0610758     0.616448    -0.511752    0.0509625    -0.427485     -0.12173   -0.0579505     0.325997     0.252168     0.246158     0.306599   -0.0438228     0.224827     0.720804    0.0627723    -0.171519
     0.11235    -0.210109     0.231823     0.216437    -0.231648    -0.100986    -0.374655     0.484452     0.344455    -0.330719    0.0965428     -0.15206     0.313855    -0.255545    -0.359864  -0.00719781    -0.024561     -0.16452   -0.0583064      0.32815   -0.0906898     0.209976     0.101641    -0.269444    0.0510438    -0.293322    -0.637947     0.562745    -0.277249     0.186301     0.362777    -0.406883
  -0.0367455     -0.29676    -0.291997    -0.239644    -0.218603    -0.523843     0.196056     0.099912    0.0854662     0.223789     -1.03505     0.491412     0.151113     0.308627    0.0547626   -0.0572509     -0.28406     0.151075    -0.658774     0.583626    -0.202516    -0.289099     0.300458     0.526039     0.310228    0.0132838      0.13065     -0.24764      0.49437     0.208027    -0.142835   0.00338874
   -0.332938    -0.200207     0.560338    -0.373299     0.284645       0.2837    -0.270632    -0.788266     0.380556    -0.226978    -0.606203     0.602441      0.38414   -0.0776055    -0.890637    -0.863012     0.405728    -0.341237     -0.28222    0.0409921     0.585284     0.217578    -0.222453    -0.687552   -0.0599043     0.852857      0.85911     -1.24298    -0.494312  -0.00258836    -0.345231     0.424424
   -0.157621    -0.141766   -0.0676885    -0.595102   -0.0489024     0.659046    -0.176994     0.386854   -0.0378948    0.0010531     0.162959    -0.246741     -0.49512   -0.0908921    -0.158484      0.51306     -0.61489      1.00318     0.624998    -0.435657   -0.0173347     0.319615     0.231207     0.273486    -0.120113     0.515555    0.0875121     0.385654     0.364538    -0.173749    -0.054086    0.0767115
     0.40669  -0.00740581     0.267359    -0.359331    -0.156765    -0.183083    -0.260584    -0.303091    0.0147301    -0.489972    -0.628621   -0.0975149    0.0985114     -0.53986     0.344906     0.228655     0.180538      0.27091    -0.603256    -0.840998     0.116167    0.0941992    0.0151656     0.861641     0.425197     0.563657     0.085193     -0.43397    -0.652616     0.670212   -0.0962462    -0.286314
   0.0097653     0.135232    -0.493637     0.745569     0.291689    -0.108429    -0.102445   0.00636792     0.376161      0.53415     0.379086     0.791702    -0.263422    -0.451423     0.125144    -0.459628     0.431826   -0.0637055     0.660706   -0.0407561   -0.0862834   -0.0597628     0.515783    -0.350662     0.382909    -0.113886    -0.192648    -0.457522     0.286157       0.4197     0.353626     0.170466
    0.164055     0.537104    -0.376953    0.0644119   -0.0275336     0.190954    -0.211822     -1.02188     0.118325     0.504116     0.714045     0.420236    -0.337483     0.382779    -0.199347     0.355001    -0.259315    -0.226056      -0.1843    -0.786938     0.545614    -0.072558     0.950465    -0.380302     0.570636     -0.42744     0.345042      0.20624     0.604886     0.539614     0.204798       0.5567
    0.396233   -0.0593798    -0.208968     0.325987    -0.557831     -0.57467   -0.0675113     0.339649    -0.224668        0.157    -0.307064     -0.45264    -0.131477    0.0121832     0.446536      0.22729   -0.0283094     0.452988    -0.270413     -0.10275   -0.0523253     0.033435     0.147497     -0.23091     0.171593     -0.04498   -0.0330802     0.667609      0.58136     0.313478    -0.107503   -0.0199715
   -0.130146    -0.731894    -0.134614     0.507813    -0.536029    -0.606739    -0.423284     0.125348     0.160212    0.0925904     0.296796    0.0860893    -0.198551     0.300972      0.24963    -0.618439    -0.345568   -0.0201357     0.115945    -0.243449     0.603706     0.420906     -0.33525     0.286983      1.15221    0.0656378    -0.317942     0.409024    -0.237642     0.853629    -0.340354     0.290111
   -0.814561     0.107629     0.141985     0.112309     0.204265     0.892756   -0.0224455     0.418462     0.411826     0.363185       1.1677      0.13807     0.805654     0.159135    -0.277346      1.23803    -0.787877     0.626941     0.849667    -0.239569   0.00827967    -0.548532     0.838522    -0.184378     -1.30195    -0.415443    -0.881959    0.0966538     0.835797    -0.706568     0.542191    -0.335618
  -0.0971256     0.830058     -0.26399       0.2229     0.169946     0.762974    -0.152918     -1.10796     0.135876    -0.135953   -0.0404944     0.347873   -0.0651623    -0.753076   -0.0985414   0.00359022     0.925054    -0.876827    0.0424344     0.384985     0.611706    0.0761289     -0.30118    -0.636515     0.790727    -0.859554     0.890172      0.59175    -0.947377     0.819751     0.116451    0.0531561
   -0.463007    -0.278154     0.179668    -0.233413    0.0384967     0.544839     0.365025     0.602999   -0.0777625   0.00133943     -0.16836    -0.430067    -0.122116       0.7791     -0.61225    -0.933028     -1.31623    -0.645775     0.418366   -0.0534453    0.0962295     0.421435      1.03471     -0.66262    -0.107963   -0.0990797     0.654922    0.0154097     0.451306      1.26868    -0.189612     0.988757
   -0.246478     0.246138    -0.349879   -0.0190905     0.242226   -0.0975908    -0.109414     0.127864     0.649559    -0.288101    -0.217003     0.224425      0.70298    -0.116243     0.270182    0.0445879    -0.221266    -0.368494    -0.144802    -0.173093     0.426354     0.277879   -0.0360633     0.590936    -0.244669     0.261179     0.210899     0.181554     0.185072    0.0372707    -0.166033     0.135212
   0.0979222    -0.542449    -0.451549     0.914832    -0.642333     -1.29904     0.161029    -0.322657  -0.00474495    -0.372185      1.11979    -0.148637    -0.400121       1.5086     0.535536     0.344773    -0.334588    -0.494444     0.775194      0.34532 -0.000235017  -0.00655884     0.239041     0.162112     0.131878     0.290729     0.333171    -0.328635     0.519756    -0.628067     0.353133    0.0754609
