    0.141693    -0.766309     0.208919    -0.188481    0.0787272     0.364871    -0.257206     0.174878    -0.459134     0.321042    -0.311469    0.0917988    -0.433076      0.33693     0.448863    -0.105047      0.07169    -0.941344     0.223329     0.171439     0.743424   -0.0324706   -0.0307674     0.252589    -0.132026     0.230451    -0.932946     0.278694    -0.228966    -0.291713   -0.0406167   -0.0101606
   -0.711675    -0.742096      0.22529    -0.394004    -0.149763    0.0616031    -0.329772   -0.0233068    -0.365865     0.161609    -0.414249     0.455589     0.238623    -0.186149      0.34603     0.108813  -0.00458636    0.0754132     0.106482     0.210415     0.215997    -0.404914    -0.293578    -0.101783    -0.412479     0.296616    -0.326497     0.288013    -0.347003    -0.450206   -0.0562522     0.528226
   0.0855656   -0.0845051    0.0805024     0.245236     0.349677   0.00945764     0.122805   -0.0577863   -0.0283785    -0.068702   -0.0430536    0.0364162     0.269084    0.0568413     0.485264   -0.0985727     -0.17671    0.0105796     0.151418    -0.330483    0.0519537     0.330144     0.101283    0.0541199    -0.103269    -0.165331     -0.72477     0.110258    -0.328774    -0.626652     0.178593    -0.382713
    -0.22444    -0.676623   -0.0798374    -0.124293   -0.0524246     0.359077    -0.329757     0.260729   -0.0615176     0.439466    0.0849491     0.623091    0.0528099    -0.569104     0.239782    0.0682524    -0.348988     -0.35133     0.113838   -0.0916683     0.677179     0.495762    0.0284855    -0.795219  -0.00717748     0.379033     -0.59602    -0.169931     0.209226    -0.394432     0.433469      0.76648
    0.301347    -0.889466     0.397118   -0.0363198    -0.413003      0.23778    0.0983476     0.406933    -0.168976     0.154877    -0.546736     0.278838   -0.0652834    -0.420628     0.397507     0.226867    -0.220199    -0.150985     0.306884    -0.457166     0.190789     0.275909    -0.538979     0.499729   -0.0399442     0.313446    -0.486862    -0.204099    -0.105326     -0.90937    -0.223875  -0.00924718
    0.229155    -0.459922    0.0926783     0.205699     0.443466     0.203359    -0.314149   -0.0695833     0.564219    -0.237842      0.28497     0.224932     0.107756    -0.273265     0.267459     0.161026   -0.0751344   -0.0706673     0.223538   -0.0220027     0.141546     0.202306    0.0848943     0.427105    -0.127776     0.414056    -0.237152  0.000732249     0.130594    0.0170837     0.104572    -0.450677
  -0.0163153      -0.1452    -0.127904     -0.49693   -0.0923574     0.172767    0.0535763     0.282649     0.409253     -0.31545    -0.282064    -0.697708    0.0296034    -0.279833    -0.543356    -0.136681    -0.528403   -0.0240227    0.0206406    -0.102063    -0.594642     0.704485     0.146561     0.173168     0.469047     0.122444     0.338037    0.0367705     0.950807    0.0531497     0.297403     0.074501
   -0.068491    0.0600402  -0.00113035     0.310211     0.125885    -0.296487    -0.165751     0.274049     0.310959    -0.222898    -0.421304     0.239745     0.287042     0.518946    -0.401515   -0.0671547    -0.135435     0.029005    0.0751734    -0.121182     -0.32492    -0.163463      0.35576     0.345146     0.510192    -0.218605    0.0151932    -0.179971     0.188984     0.276127      0.15355     0.146296
   -0.266718      -0.1727    -0.282129     0.152115     0.292756    -0.186624    -0.137997    -0.328973     0.371228     0.365681    -0.154393    -0.450579   -0.0388275      0.10984     0.716857      0.28767     0.294085     0.588355     0.638303     0.473478    0.0301732     0.857863    -0.208774      0.36782     0.324378    -0.274895     0.178335     0.364668     0.414292   -0.0292533     0.344991     -0.76647
    0.121106     -0.30305    0.0512235     0.599437    0.0124965     0.446894    -0.126466    -0.292087     0.117689     0.102099    -0.642888     0.390049     0.414769     0.245522    -0.319867    -0.094839    -0.339791    -0.439493    0.0483474    -0.343472    -0.140285     0.230582     0.476797     -0.28177    0.0156856     0.342139     0.176657     0.182102       0.1312     -0.32085     0.157621    0.0212259
   -0.375352     0.150139     0.165248     0.251124    -0.668621     -0.29688    -0.118239     0.130143   -0.0344744     0.178613    0.0509714    -0.440483    0.0953752    0.0594253    -0.153379   0.00383869     0.117943      0.43492   -0.0176493  -0.00330086    -0.170757   -0.0188938    -0.404402    -0.158344     0.145653    0.0459204     0.228475     0.295787   -0.0954881     0.152592    -0.290425     0.160162
    0.428354    -0.191978     0.196054    0.0712973    -0.149981    -0.165221    -0.176153     0.189268     0.354505     0.423131     0.241122     0.192633    0.0102159   -0.0384357    0.0096339    0.0917054    -0.120064    -0.119838     0.247661    -0.640644    -0.223118   -0.0570868    -0.324815     0.342568    0.0159598     0.220554    -0.306439    0.0871666    -0.339185    -0.563816   -0.0379702    -0.223267
    -0.39722    -0.614229    0.0179942     0.237497    -0.192779     0.194318    -0.143304     0.392153    0.0780086    -0.150686     0.102554     0.150279     0.508043    -0.434468     0.362737   -0.0209053    -0.245451    -0.534959     0.426995     0.090823     0.751512     0.119692    -0.140989    -0.413644     0.443029     0.744421   -0.0307481     0.200731     0.442213    0.0673283     0.106848     0.356169
    0.260229     0.552256     0.325491     -0.20562    -0.201987    -0.216437     0.326837    0.0481709    -0.178183    -0.334213     0.219968     0.145533     -0.55493   -0.0389103    -0.302098    -0.338091     0.285344     0.254164   -0.0852649    -0.126726    -0.271047    -0.117502     0.212105    -0.313034    -0.657826     0.248846     0.117381    -0.271563    -0.488463     0.655858    -0.298843   -0.0908725
   0.0584746   -0.0960076     0.185732    -0.183024     0.273694     0.392473      0.34168    -0.267456     0.389458    -0.307998    -0.225494     0.194055     0.347901    -0.242006     0.968997    -0.472171    -0.259329    -0.344651     0.179194    -0.183904    -0.166926     0.264191    -0.149449     0.224636    0.0801691     0.241088    -0.229373    -0.263324    -0.189189    -0.261626    -0.460419   -0.0468663
    0.382224     -0.16701    -0.115103     0.155102    0.0866094    -0.312781    -0.223066     0.383711     0.232116     0.150973    0.0617087   -0.0884409    0.0255142   -0.0809935     0.165595    -0.216058    0.0776563   -0.0674456      -0.0555     -0.38313   -0.0466464   -0.0685872    -0.133331    -0.157026    0.0687275    -0.285693    -0.147634    -0.229437     0.157137   -0.0283044    -0.454329    -0.543791
 -0.00247975    0.0681027   -0.0193323     0.139906    -0.070206  -0.00394038    -0.463433    -0.385577     0.135272     0.157855    -0.135844     0.396403    -0.209709    -0.371535    0.0266684    -0.152839     0.139405     0.183636    -0.329687    -0.256313     0.384262     0.341356   -0.0890992     0.291292    -0.153051   -0.0873238    -0.056972     0.237795    -0.217472    -0.223592    -0.180876     -0.25496
   -0.592812   -0.0740082     0.275689     0.251031      1.20606     0.111604    -0.786674    -0.306172   -0.0340088     0.265214   -0.0640087     0.342051     0.136512    -0.547117     0.871892     0.202042    -0.348154   -0.0529377     0.272505    -0.237207     0.457931   -0.0151079     0.182126    -0.303987    -0.340794     0.852862    -0.103647    -0.218453     -0.14451    -0.122879   -0.0887984     0.390777
    0.411606   -0.0134217    -0.365364    0.0877295    -0.213659   -0.0171864     0.077893      0.22344     0.316138     0.355527    -0.221075     -0.17716     0.130271     0.339975     0.264234    0.0710375    -0.155183    -0.193986     0.114551    -0.270258     0.058469     0.142107   -0.0758026   -0.0529953    -0.136697     -0.21248   -0.0602164     0.303255   -0.0208939     0.357478    0.0255358    -0.208193
   -0.399861      0.27447  -0.00759024    -0.323683   -0.0681278    -0.231672     0.525884    -0.558119    -0.299223      0.36088      0.34506   -0.0963411     -0.21658    -0.308213   -0.0855588    -0.125913    -0.276426    -0.427231    -0.490561     0.134539     0.414706     0.305148    0.0302704     0.135669     -0.34617     0.421631   -0.0413219    -0.129376     0.169656    -0.236166    -0.427897    -0.555819
    0.606154    -0.181752   -0.0314147     0.152198   0.00334876     0.225511    -0.122502   -0.0813576    0.0458654     0.169167    0.0760656     0.186944    -0.386139   -0.0282516     0.302403    -0.110582    0.0165132      0.20493   -0.0121509     0.150383     0.395436    -0.106436    0.0732424      0.21203    -0.134193    -0.103562    -0.126675    -0.341013    -0.329555    0.0904018     0.125364     0.347575
    0.246482     0.196174    -0.122443     0.324254    -0.229197     0.207832    -0.285772    -0.496671     0.542251     0.132747    0.0890834     0.205164     0.328654     0.284184     -0.31845     0.247386    0.0634251  0.000682298    -0.169031    -0.174115    -0.125395     0.282843     0.459604    -0.295779     0.263876    -0.379164     0.149197     0.371211     0.584137     0.806836    -0.129038    0.0894174
    0.224071    0.0249764   -0.0546821      -0.1559     0.131659    0.0467425     0.070071    0.0223222      0.39257    0.0443481    -0.631558     0.316632     0.103316     0.158442     0.126225    -0.184941    -0.233292    -0.235541   -0.0518818     0.427525    0.0978547    0.0616462     0.510681  0.000240347     0.143458     0.218439     0.357875        0.107    -0.574271    -0.294734    0.0812318    -0.189674
   -0.344117    -0.267985   -0.0878603    -0.157425    0.0221001     0.342027    -0.197303     0.128861    0.0898841    -0.200541     0.042999     0.333666    -0.190723    0.0708494     0.748161   -0.0736691     0.100886   -0.0103932     0.212061     0.426523     0.631616     0.566387    -0.305268    -0.671587    -0.505341    -0.293522    -0.273057    -0.132326     0.188493    -0.483685    -0.457982    0.0826277
   -0.287449     0.104966    -0.381312    -0.236364    -0.529593     0.465041    -0.362217     0.201389      1.20012     0.593548    -0.130974    0.0484556     0.314154    -0.413898     0.537007   -0.0476637    -0.399259     0.198506     0.382507    -0.138129   -0.0920796     0.409194     0.128372     0.325833      1.98335      0.35384    -0.408231     0.678167     0.510367     0.253284     0.500612     -1.18218
    -0.30013    -0.640632    0.0886609     0.309323     0.622881     0.190833    -0.303021    0.0565848    -0.373344     0.296005     0.354742      0.14755    -0.176856     -0.60102     0.200238     0.193257    -0.198795     0.390781     0.222827   -0.0638698     0.141844      0.39802    0.0807523     0.018749    0.0605144     0.384298    -0.174912    -0.213956     0.284877    -0.364688    -0.205334     0.142897
   0.0229438    0.0367886     0.202882 -0.000988684     0.419891    0.0965847    0.0536941      0.23604    -0.336381     0.060347    -0.254202    0.0468093    0.0423568    -0.157949    0.0184655     0.345676    -0.605114     0.287641    0.0473131     0.137048    0.0586263     0.248113     0.308177    -0.580044    -0.301418    -0.128866   -0.0177222   -0.0713809   -0.0227107    -0.187674    -0.022782     0.598024
    0.217421     0.192338     -0.37125    -0.288788     0.174898    -0.388213     0.233921    -0.021962      0.32746    0.0121314     0.146937     0.814485    0.0734247     0.272357   -0.0831287    -0.125514     0.173926   0.00685719    0.0994627   -0.0423456    0.0843107     0.336749    -0.032234    -0.510014   -0.0989736   -0.0800447     0.415419    0.0584237  -0.00126563    -0.201309     0.288387    -0.266845
    0.166553    0.0721797   -0.0600846    -0.138861     -0.19325     0.084604     0.548712    -0.181806    0.0973022    -0.475343    -0.129814    -0.435955   -0.0904842     0.434226    -0.282814      0.27192     -0.39613      0.44972    -0.158131     0.259509    -0.314076   -0.0702397    -0.139844    0.0985595     0.207372    -0.332413     0.440795   -0.0826581       0.9037     0.800762     0.237734    -0.163062
  -0.0208426    -0.162688     0.161299    0.0882494     -0.44679     0.392507  -0.00803401    -0.380337   -0.0323319     0.184151    -0.371531     0.224574     0.282755     -0.12957  -0.00822647     0.132356    -0.204866    -0.258108   -0.0146309     0.310428    -0.578316    -0.136867     0.174342    0.0546299     0.107558    -0.417866   -0.0290608    0.0501086     0.270406  -0.00422051     0.463945     0.118724
   0.0448852      0.16306     0.073507     0.339318     0.211944    0.0958605      0.23349   -0.0919621   0.00715614    -0.116399   -0.0928458      0.21236    -0.166583     0.131992   -0.0351117    -0.299525   -0.0684379    0.0276913    0.0826181   -0.0174709    -0.369856    -0.209661     0.367259     0.313146    -0.411104    -0.196936    -0.150153     0.266924     0.411667    0.0425263        0.284     0.338847
    0.158097    0.0447162    -0.126104    -0.746758   -0.0526579     0.805144   -0.0730628     0.734017      0.96711     -0.21054     0.420031     0.351519     0.530749      0.31223     0.476746     0.471469    -0.143973      0.37212     0.354281     0.429949     -0.45661      0.44247     0.366677      0.45105      1.96271     0.546889    0.0990903     0.559437     0.463026     0.652216     0.249801      -1.0264
