  0.364528
  -0.53406
 -0.521035
 -0.586377
 -0.341138
 -0.802416
 0.0840403
 -0.491452
 -0.731208
  -0.11247
 -0.314058
 -0.509349
  0.409608
 -0.166111
 -0.522663
 -0.512503
   0.69668
 -0.326531
 -0.274547
  0.046077
 -0.343658
 -0.117666
 -0.429835
 -0.432992
-0.0156256
  -0.69072
0.00722317
 -0.424505
 -0.154172
 -0.931174
 -0.684834
 -0.109953
 -0.106684
 -0.597849
 0.0291165
 -0.398245
  -0.49808
 -0.303065
  -0.16399
 -0.620684
 0.0188675
 -0.886539
 -0.640942
 -0.725197
 -0.666349
 -0.323274
  -0.41953
  0.262972
 -0.188176
 -0.577759
-0.0795226
 0.0903061
  -0.29519
 -0.391968
 -0.125078
 -0.955839
 -0.782499
  0.416514
 -0.586505
  -0.38927
 -0.611992
 -0.554397
  0.240627
 -0.702695
 -0.568639
 -0.388206
 -0.436696
 -0.401797
 -0.441454
  0.112977
 -0.629285
  -0.50231
 -0.921921
 -0.433475
 -0.351623
  -0.53858
   0.11628
 0.0428525
 -0.118683
  0.246635
  0.207956
 -0.390675
 -0.402958
 -0.248597
 -0.344922
 -0.351541
 -0.534527
 -0.666031
  -1.08983
  0.148853
 -0.406751
 -0.356753
  0.286428
-0.0589191
-0.0256064
 -0.625308
  -1.31883
  -0.36149
 -0.323294
  -1.18646
 -0.495723
 -0.862468
 -0.787493
 -0.328094
 -0.454996
 -0.206853
 -0.673212
 -0.567691
  -0.14165
 -0.145473
 -0.617376
 -0.213976
 -0.190237
 -0.150566
 -0.257596
 -0.323179
   -1.1702
 -0.367939
 -0.555232
 -0.294665
   0.44528
   0.21143
 -0.281165
 -0.135352
 0.0916674
  -0.70083
 -0.403952
 -0.864923
