    0.45229
   0.190549
   0.372151
  -0.420383
 -0.0859192
  -0.125903
  0.0438015
  -0.295746
  -0.115617
  0.0554128
  -0.115666
  -0.521756
   0.337963
 -0.0572219
  -0.213279
   0.168718
  -0.409747
 -0.0503661
  -0.132493
   -0.40853
   0.265391
   0.303602
  -0.030036
 -0.0939831
   0.010649
 -0.0455015
  -0.601275
   0.697569
   0.443632
  0.0938198
  -0.232571
   0.136352
   0.023193
  -0.309629
   0.261886
  -0.475451
   0.189653
  -0.162607
 -0.0660779
   0.242842
  -0.153472
  -0.411508
  -0.031389
  -0.164846
   0.039644
   0.389119
   0.116125
  -0.227666
  -0.222948
  0.0583518
   0.331991
   0.280274
  0.0530733
 -0.0933095
   0.208816
  -0.109974
  -0.309323
 -0.0949651
   0.320043
  -0.159833
  0.0252466
   -0.14111
  -0.135585
  -0.316069
   0.231106
 -0.0289686
    0.18007
   0.303854
  -0.267749
  -0.317216
   0.309279
 0.00240781
  -0.146215
   0.226173
 -0.0891719
  -0.180212
 -0.0164548
   0.394228
   0.324338
   0.288171
  0.0737325
  -0.139678
   0.257478
  -0.150095
   0.058363
   0.288453
   0.194026
 -0.0497319
 0.00545528
-0.00657165
  -0.145572
   0.315943
 0.00247034
  0.0354489
  0.0317425
   0.240112
 -0.0917464
  -0.174238
 -0.0126355
    0.24858
   0.106245
  -0.356654
  -0.422653
  -0.364624
   0.215561
 -0.0551421
    0.10052
  -0.368067
    0.38951
   0.230311
   0.189155
  0.0825623
   0.144724
   0.232181
   0.182538
 -0.0418215
   0.417814
   0.069359
   0.413534
   0.286764
   -0.02101
  -0.286577
  -0.414138
   0.191598
  -0.172704
  -0.502629
  -0.398098
  0.0841074
