    0.273488      0.54486   -0.0330695   0.00409444    0.0848957      0.20571   -0.0222604    -0.162934     0.168912   -0.0919571    -0.140817     0.570163    -0.205863     0.216809    -0.411736      0.42617     0.277257     0.144703     0.188743    -0.249576    -0.210791    -0.213081     0.171277     0.342198    -0.432687    -0.121672     0.409556   -0.0298384    -0.282148    0.0868056    -0.177717    -0.154479
   -0.330463     0.134439   -0.0928591     -0.12696     0.245851    -0.105256     0.355683     0.244703    -0.107083    -0.325282     0.477976   -0.0737353    -0.465681    -0.257358      0.29602     0.123457    -0.364059     0.216026     0.296888    0.0648306     0.185746   0.00125555    -0.716193   -0.0616487    -0.345498     0.170944    -0.349758     -0.17217     0.334965    0.0187616   0.00874859     0.174337
 -0.00925059    -0.176587     0.610865     0.406879     0.233097     0.141131    -0.195665    -0.297867     0.534084    -0.312497     0.416751     0.190787     0.130614    0.0735316     0.102133     0.314904    -0.149275    -0.348273     0.285893     0.343718     0.249554     0.318347     -0.30049    0.0193138     0.301131     0.331368     0.187339     0.284902    -0.201661    0.0679525    -0.234295     -0.68195
    0.348281    -0.493605    0.0821929    -0.405807    0.0530831     0.310644     0.112684    0.0833854   -0.0577859    -0.387902     0.109087     0.567573     -0.57241    0.0534838    -0.469025    -0.414954    0.0368622   -0.0277687    -0.418827    -0.140073    -0.102186    -0.137394    -0.202034    0.0860576   -0.0985396   -0.0176344    0.0793091     -0.49194    -0.228559    0.0121408    -0.194843   -0.0758327
   -0.663345     0.107278     0.268063    -0.194285     0.206615    0.0159686   -0.0486146     0.454948     0.209114     0.339102    -0.170304    -0.386655    -0.106399    -0.413928      0.74104    -0.255529     0.020535     0.206017   0.00641357    0.0919243    0.0498472   -0.0644046    -0.218584     0.126558     0.640724   -0.0463566    -0.330988     0.126553     0.254363    -0.393619  -0.00584486    -0.312269
     0.29053     0.375241    0.0433839     0.351739    -0.170199   -0.0062006   -0.0847433    0.0316283    -0.123409  -0.00315926    0.0172891     0.514899    -0.381674   -0.0343224     0.187328     0.226954      0.19115     0.440407   -0.0710174    -0.231772     0.196561     -0.44116    -0.666154    -0.339055    -0.497553     0.363156      -0.1767    -0.275103    -0.244235      0.25187     0.156394    -0.256288
  -0.0716734    -0.325436     0.263282    -0.211273   -0.0661555      0.26028   -0.0604525    -0.242538   -0.0285468   -0.0953947     0.266921     0.521641     0.211983    0.0323646      0.13175    0.0655354   -0.0992314    0.0776172    0.0499296    0.0641651     0.202124   -0.0654955     0.234607     0.193509    -0.486079     0.154337    -0.174114    -0.251309    -0.319838     0.160779    -0.224659     0.206693
    -0.26342     0.135791     0.378196    -0.175785    0.0945938   -0.0488758     0.167719     -0.22431     0.719853     0.287315    -0.246546    0.0790808     0.643582     0.157787    0.0143335    -0.460041   -0.0740905     0.277197     0.045317    -0.443849    -0.366254     0.462334    -0.114136   -0.0885689     0.986552   -0.0977671    -0.402754     0.824537     0.611016    0.0427728     0.290329    -0.961762
   0.0197773    -0.354763    -0.656258     -0.21071   -0.0411584    -0.152234    -0.118019    -0.100255    -0.015707    -0.109349    -0.262531     0.196991     0.739661     0.149565    -0.400604    -0.249956     0.270731    -0.552122    -0.101432    -0.240435   -0.0585852    0.0561541     0.465255    0.0544691     0.473872    -0.243716    -0.212093  -0.00221821  -0.00113387    -0.171615     0.182753    -0.165772
   -0.115353    -0.346168    -0.420514   -0.0897891    -0.147016    0.0612956     0.268033    0.0012389    0.0880251   -0.0598715    -0.163847     -0.20147     0.477489     0.120261    -0.212325      0.13738    -0.143737     -0.30034    -0.294206    0.0446005    -0.149923     -0.15251    0.0898838    0.0193335     0.364668     -0.30985   -0.0423724     0.161075     0.533908     0.202083     0.135919     0.344746
    0.549197     -0.22799    0.0871073     0.215422    -0.140346    -0.140949     0.017802    -0.086782    -0.472424    -0.252896    0.0722984     0.420139    -0.432346     0.278116     0.018287    -0.225454    0.0321561   -0.0416241     0.515015    -0.357754      0.12431    -0.671904    -0.524802   0.00757997    -0.142951      0.28061     -0.28256   -0.0325412    -0.239945     0.109913    -0.199488    0.0833917
   -0.121651     0.353476     0.246841    -0.300937    -0.433604    0.0491443   -0.0361127    0.0181047     0.116156      0.14663     0.223813    -0.202727     0.150991     -0.31545    -0.278166    -0.181071   -0.0642161     0.419691    0.0143165     0.397983     0.437759   -0.0535429    -0.178346     0.251381    0.0855594    -0.183836     0.574452     0.277931    -0.228735     0.263823    0.0990384     0.302329
   -0.367098    -0.118634     0.624179    -0.437844    0.0845488     0.337679    -0.217074  -0.00523437    0.0323495     0.160433   -0.0551844    -0.140566     0.419816    -0.123348     0.409958    -0.327629    -0.434327    -0.165871    0.0904483    -0.216936     0.727551     0.294583    0.0196975    -0.103366     0.660333     0.137173    -0.156228    0.0404316     0.290977     0.124465     0.278223    -0.486507
   -0.231287       0.2815     0.400289     -0.29814      0.39101     0.220202     -0.37474     0.136154    -0.100621     0.103655    0.0440406     0.339854    0.0254424    0.0974943     0.228987    0.0240765    -0.477282    -0.415046     0.235168    -0.207346     0.124221    0.0514465     0.262497     0.089514     0.201048    0.0126706     0.178037     0.451985   -0.0655037    -0.293338   -0.0445556     0.306079
  -0.0464228    0.0592548     0.317447   -0.0519891     0.514321     0.310987    -0.014828    -0.260857     0.105315      0.14222   -0.0158878    0.0972478    -0.280701   -0.0847727     0.302735   -0.0231631    -0.417028    -0.242667    -0.210398     0.214321     0.235815    -0.146342     0.412218     0.129134    -0.169129     0.330877    -0.111815    -0.099396    -0.407815    -0.152168    -0.651116    -0.370509
   0.0340198    -0.245671     0.105669     -0.44269  -0.00825367   -0.0676974    -0.275926    -0.386099    -0.442668  -0.00204952   -0.0202075   -0.0887854    -0.123004     0.226051    -0.422796    0.0602865    -0.441083    -0.214237    0.0228036   -0.0923743     0.442495    -0.290315    -0.541625    -0.294245    0.0378879   -0.0540795   -0.0957498    -0.192114   -0.0180191      0.50305    -0.442843     0.403406
    0.105049      -0.0161      0.11887    -0.268479     -0.23616     0.196886    -0.290271     0.519131    -0.389185     0.373378   -0.0154694      0.31987   -0.0957349     0.241466   -0.0110502    0.0928179    -0.149872    0.0959197   -0.0707954    0.0113587    -0.278842    -0.167152     0.127302     0.149403    -0.235415     -0.20351    -0.137552     0.267772    -0.109835   -0.0789498     0.115993     0.939105
   -0.493671    0.0728389     0.043222    -0.200726    -0.365795    -0.287555    0.0989352    0.0143724   -0.0234861    -0.325477     0.207025    -0.256778    0.0114525      0.10158     0.517706    0.0147042    0.0579205    0.0849561     0.140248    -0.110602     0.354112    0.0475369    -0.111823    -0.141733     0.515094   -0.0389521    0.0220779     0.125166     0.132803     0.345567   0.00570541    -0.562965
   -0.120849       0.1383    0.0898309     0.854356    0.0148624    -0.250388     -0.57725    -0.157055     0.424572     0.453477     0.664233   0.00202257     0.231375    -0.193247    0.0194021    0.0645219    -0.203163    0.0910946       0.1748    -0.330571    -0.457333    0.0383959    -0.319997    -0.153916    -0.302348     0.144303    -0.127615    0.0210311     0.155932   0.00570631      0.15635    0.0124977
 -0.00841902   -0.0695694     0.203835     0.011638     0.406426     0.189691    -0.350416    0.0453197      0.31241    -0.101078    0.0233115    -0.322317  -0.00274388   -0.0922362      0.19702   -0.0811836   -0.0712738     0.187017    0.0224775     0.067777      0.35371      0.18263    -0.244269    -0.391706      0.06599     0.111285    0.0954861    0.0502288     0.388685    0.0653049      0.32109    -0.294793
   -0.509532   0.00725275     0.597228   -0.0779037    0.0805683     0.588424     -0.36622     0.120283    -0.049096     0.310508     0.266461     0.356045     0.834253    -0.352905     0.467053     0.159971   -0.0377175     0.355783     0.427831    -0.132096     0.448715   0.00361689     -0.46623    -0.267552   -0.0287511     0.225724    -0.111674     0.432576     -0.20246   -0.0176636    -0.120213     0.169917
  -0.0224661     0.198142  -0.00663654   -0.0402245     0.188015  -0.00959134    -0.135217    -0.234877    -0.566866   -0.0163048     0.192192    0.0383008     0.196064   -0.0319658    0.0583315      0.29849    0.0891768    -0.220326    -0.117347    -0.044518    -0.154988    -0.224794     0.251469   -0.0162691     -0.90724   -0.0346831   -0.0187445    -0.357161    -0.370799    -0.137074    -0.212005     0.598823
    0.403217    -0.270084    -0.349623    -0.337391    -0.338515    -0.300538     0.142951    -0.315398    -0.216097    0.0265667    0.0432442    0.0912086    0.0197313     0.157873    -0.325191    -0.187958    0.0507687    -0.337899    -0.261682    0.0361655   0.00676665   -0.0260674    -0.226627     0.441172   -0.0620658    -0.343177     0.285957    -0.105115    -0.100079     0.170788   -0.0614344     0.790713
   -0.146944    0.0426159    -0.171284     0.166803     0.215192    -0.124405     0.294811    -0.511565    -0.223934    0.0200678    -0.252262    0.0214162    -0.226171      0.19566     -0.12832    0.0214552   0.00741544    -0.348766    -0.424425     0.178446     0.400512    -0.210497     0.311767     0.418821   -0.0933952     -0.12949    0.0064062     -0.28811    0.0572383     0.110466    -0.139737     0.490389
   -0.243018   0.00893858    0.0632296     0.157618   -0.0428627    -0.206053   0.00613617   -0.0384841     0.208144    0.0485137    -0.267952    -0.429635     0.453403    0.0115873    0.0991175     0.106647     0.164938    -0.105397    0.0988545    0.0773663     0.222276   0.00694906     0.465533     0.130221    -0.190727    -0.332185   0.00727579    -0.173105   -0.0704699    -0.145053    -0.159688    -0.167661
   0.0521608    -0.204644    -0.194496    -0.748895     0.267425     0.252473    -0.186227     0.473642    -0.162355    -0.317489    -0.225498     0.250943    -0.215132      0.23502     0.134719    -0.143235    -0.239493     0.316076    0.0857653    0.0824537     0.148392    -0.250455     0.040263    -0.153493     0.109664     0.258739     0.198107    -0.423775    0.0397632     0.116729     0.285673     0.195559
    0.134368      0.17867    -0.150885   -0.0805796     -0.37565     0.316822  -0.00360677      0.11236     0.281359     0.433243    0.0494168    -0.322168    0.0333189    -0.273036     -0.25648     -0.09999    -0.193695    0.0112491   -0.0241727     0.194706     0.594256    -0.251539     -0.33751    -0.165562    0.0736204     0.131884     0.175056     0.267694     0.251867     0.194579    0.0556778   -0.0739377
    0.123375      0.06573     0.225434     0.046715    0.0375763   -0.0658144    -0.682075     0.118632     0.487074     0.285762     0.347059     0.169834    -0.526791   -0.0973381     0.247108    -0.196084     0.169494     0.221404     0.371454     0.409784    0.0666452    0.0710148   -0.0736519     0.228311    -0.180116     0.351878    -0.351179    0.0391807     0.308731     0.221972     0.584162    -0.319571
   -0.196194     0.157375    -0.235475    -0.346429    -0.284014    -0.156835    -0.276419     0.356298     0.115143    0.0531389   -0.0844878    -0.263963      0.29455   -0.0509403    -0.113308    0.0328742    0.0262773    -0.136848    -0.172238    -0.144229  -0.00506906    -0.272106   -0.0818331     0.296163     0.383969    -0.151219     0.156038     0.139191     0.018574     0.377264     0.503578     0.212493
    0.414708    0.0431868    0.0399317     0.820929    -0.369953    0.0200623    -0.299959    -0.161708    0.0934102     0.243306    -0.151696     0.110789     0.341595    0.0093921    -0.306139     -0.31021   -0.0894099    -0.557271   -0.0556231    -0.319249    0.0825138     0.237172  -0.00579951    -0.367406    -0.342919     0.258984    0.0262509    0.0423803        -0.09    -0.272656    -0.422734     0.174313
   -0.246049     0.186862    -0.013497     0.378108    -0.293754     0.012428    -0.225993     0.225247    -0.123439    -0.270952     0.327794    -0.380138    -0.278659     0.258611    -0.169061     0.136168    -0.286931    -0.209339    -0.159721     0.241775     -0.24117   -0.0557895     0.191243     -0.53347   -0.0230532    -0.166323     0.245045    -0.311217     0.192127     0.219448    -0.443884     0.096862
   0.0386238     0.111708    -0.167071    -0.065139     0.361664     0.126882    -0.371888      0.13173    0.0110294    -0.316275     -0.14322  -0.00317146     0.312029   -0.0708409    -0.076286     0.225334    0.0840589    0.0884603     0.237417     0.387811    -0.444798     -0.17608    0.0715647    0.0855468     0.554756    -0.209093     0.165273     0.101632     0.551972     0.232302    0.0543345   -0.0524317
   -0.532474    -0.250921     0.418333    -0.318438     0.207774     0.184901     0.559602     0.151088    0.0241251     0.131455     0.417985    -0.269615     0.105451    -0.153712     0.631449    -0.144024    -0.227753    -0.250552     0.596512    -0.424788     0.471004     0.038547    -0.258487     0.111345     0.548156     0.113926    -0.138455     0.419408    -0.303373    -0.184826    -0.342569     -0.30281
    0.152127     0.294803    -0.158763    -0.217329    0.0175545  -0.00326713    -0.290277    0.0995069    -0.487927    -0.204037    0.0687018     0.467862    -0.216782    -0.274674    0.0398567    0.0822799     0.206896    -0.202239  -0.00756858    -0.110161     0.024835    -0.494536    0.0092866     0.342729    -0.742145     0.079624   -0.0383803    -0.641871    -0.466288    -0.531437  -0.00785374      0.26097
   0.0741966  -0.00122716     0.173152    -0.470874   -0.0351975     0.364771     0.192546     0.161349   -0.0466627    -0.688795    -0.087961     0.217608     0.209692     0.299674   -0.0919393    -0.014586   -0.0720299   0.00584376    -0.157635    -0.288586    -0.178935    -0.145865    -0.267733     0.100286     0.820813     0.236104    0.0500295     0.193651    -0.127372     0.168689    -0.117789     0.138536
    0.184883     0.368683     0.239709    0.0796912    -0.328477     -0.23906    -0.170871    -0.236014     0.035989     0.139584     0.561458    -0.308545    -0.136372     0.071434   -0.0752465   -0.0599679    -0.222419     0.111251   -0.0158919     0.299962     0.160257   -0.0385439    -0.113208    0.0269485     0.381485    -0.238439   0.00698412     0.304351      0.31441    0.0799222    -0.222432    0.0160767
   -0.243906    0.0498582     0.237309     0.508007     0.390745     0.109925    0.0374978    -0.116054    -0.303787    -0.178524    0.0144422    -0.217098    -0.258219  -0.00434671     0.142687   -0.0898746    -0.187719    -0.238584     0.254163     0.333869    -0.149436    0.0810588     0.153821    -0.481344    -0.241719    -0.124932  -0.00872745    -0.368369     0.253622   -0.0647101    0.0934922   -0.0475153
   -0.467419   -0.0311839   -0.0692725     0.309868   -0.0840606    0.0489418    -0.137473   -0.0497721     0.281982     0.193521    0.0911932    -0.196213     0.131055    -0.209902     0.184499    -0.220575    -0.239987   -0.0654137     0.298301     0.407019     0.145388     0.183294     -0.25468    -0.157664     0.505412    -0.211977     0.229495     0.248926     0.489369   -0.0910187    0.0785634    -0.766108
  0.00652342     0.321698     0.256082     0.132596    0.0930728      0.21797     0.275842    -0.443864     -0.47847    -0.318022    -0.388686     0.235521    -0.105484     0.249694     0.168668    -0.209863    -0.354876    0.0416807    0.0385822     0.123107  -0.00728804     -0.11291    -0.469432     0.149754    -0.265976    0.0581339   -0.0634958    -0.300762    -0.342671     0.145927    -0.297388     0.778027
   -0.460228    -0.233133    -0.345869   -0.0551723     0.252714     0.236542     0.207954     0.411004    0.0620656   -0.0289225    0.0883523    0.0186477    -0.256273    -0.226256     0.128828     0.115788    0.0677349    0.0689106     0.122027    -0.346372     0.443476     0.315822    -0.152649    -0.287167     0.295374     0.191307     -0.12606     -0.25447      0.40368      0.01075    -0.110039    -0.523145
   -0.213419    -0.598158   -0.0179033    -0.104995     0.750407    0.0530359   -0.0644108    0.0366121     0.136047     0.272699    -0.281968    0.0485783    -0.124767     -0.47022     0.792247    -0.259093   -0.0957275    -0.028117    -0.121134    -0.153146     0.252583     0.273178      0.10146    -0.241763    -0.118158    0.0284708    -0.149201    -0.344748    -0.150036    -0.161798    0.0298065   -0.0664101
   -0.860077    0.0265392    0.0238262    -0.108058    0.0791211     0.394707    0.0534815     0.165314      0.59478     0.255984    -0.235523     0.152506     0.832124    -0.209813     0.502794     0.393998    -0.427205    -0.608324     0.229841    -0.178289     0.230218     0.264922    0.0443035    -0.413824      1.49448     0.168264     0.100933     0.350421     0.472694     0.284625     0.211481    -0.483001
    0.225642     0.200711     0.273269   -0.0114718     0.153192    -0.234155     0.466905    -0.454132    -0.515234    -0.123694    0.0583549      0.15486    -0.140338     0.079886    0.0825463     0.193928  -0.00408369    0.0176977   -0.0422669    -0.188095    0.0852675    -0.185768    -0.249385    -0.182315    -0.628908     0.204538   -0.0952665     0.125763    -0.139771    0.0213485    -0.319401     0.146797
   -0.139812    -0.288888   -0.0484662   -0.0106528   -0.0192793     0.103625     -0.26526    -0.143919     0.356355    -0.215454    -0.210988     0.362054     0.318796    0.0951473     0.242732     0.157374    0.0160874       0.3122    0.0997059     0.236721     -0.22373    0.0618354     0.117178   -0.0641798     0.369789    0.0210331     0.175653     0.113995     0.111046     0.284431     0.115205    -0.134848
   -0.122015     0.113856     0.244588     0.146457      0.18543     -0.11844   -0.0479231   -0.0612069    -0.112367    -0.527254      0.11564    -0.115182   -0.0747523   -0.0151233    0.0251263     0.167498   0.00263743    -0.163707     0.061939     0.301019    0.0173065     0.153067     0.222229     0.099788     0.319815     0.314881    -0.376443    -0.312677     0.162113     0.171775    0.0379401    -0.247335
   -0.549043     -0.24123     -0.25133    -0.207535      0.11899    0.0141563     0.184495    0.0685774     0.541161     0.121511    -0.388922     0.172571     0.423562  -0.00750955    -0.142345     0.373988   -0.0410089      -0.3464     0.256842    -0.103727     0.180556     0.259396   -0.0291514    -0.168696      1.14129     0.130476    -0.441385     0.740957     0.421733     0.146813     0.800838    -0.318035
    0.201595    -0.179047    -0.116571   -0.0762362    -0.246173    0.0371068     0.124005     -0.33963    -0.444352     0.432272     0.076611   -0.0590097     -0.42743    -0.436399     0.220534    -0.389732     0.120247     0.349481    -0.238749   -0.0340065     0.490561     0.119442    0.0495955   -0.0810049    -0.448705     0.108113   -0.0354714   0.00416146     0.322077    -0.133734    0.0464934     0.293093
   0.0929733     0.626365     0.208919     0.392235   -0.0642985    -0.339078     0.119203   -0.0274562     0.188059    0.0637366    0.0114867     0.269048    -0.610306    -0.304085     0.572332   -0.0514264     0.115444     0.093603     0.064989     0.144322    0.0566095    -0.506377    -0.915254    -0.497989    -0.438369    -0.324911    -0.417339    -0.120331    -0.433431    -0.238194    -0.109241    -0.164732
   -0.168059   -0.0839948    0.0283136    -0.210799     0.502546      0.11161     0.318776   -0.0185372     0.261199    0.0675494    -0.585339   -0.0969921     0.133804    -0.304965   -0.0944644    -0.605265    -0.318052    -0.143006    -0.389958   -0.0627229     0.240943      0.16277     0.170995      -0.3176     -0.22745    -0.321445    0.0640473     0.105847    -0.071096    -0.158585    -0.277569     0.621803
     0.17792   -0.0644339     0.333669     0.232312   -0.0687078    -0.063045    -0.209409    -0.178345    0.0671492     0.248334   -0.0149857      0.16878    -0.192604    -0.215642   0.00983008    0.0100784    -0.158064     0.586823     0.159994    0.0952527    0.0299156    -0.167759   -0.0397096     0.204936    -0.509327    -0.196459    0.0985261    -0.304439     0.312146    0.0446132     0.413322    0.0530622
    0.330862    -0.347569     0.052911    -0.303304    -0.459518   -0.0322005    0.0722005     0.107663    -0.226288    0.0715578    -0.424981     0.143096    -0.352532     0.225482    -0.011539    0.0178867     0.023155    -0.124734   -0.0483733    0.0883748   -0.0644653    -0.372086    -0.173139     0.472079     0.184821   -0.0828454  -0.00064585    -0.217203     0.229886      0.16312     0.440195    0.0507766
    0.265833    0.0868108    0.0437934     0.474621   -0.0216037   -0.0288479    -0.279155    0.0131147    -0.315746    -0.437529    -0.022823     0.234034    -0.345423     -0.10442    -0.160543    0.0322632    -0.324032      0.18089  -0.00277759    -0.104286     0.107272    -0.245093     0.154296     -0.27962    -0.194434   0.00436353     0.259946     0.178305    -0.443338     0.132458   -0.0336268     0.103817
   -0.302783     0.164214      0.10274    -0.190342    -0.146521   -0.0497358     0.317371    -0.138448    0.0721394     0.341358    -0.245223     0.128109     0.044922    -0.141937     0.042968   -0.0797033    0.0611303     0.289553    -0.135975     -0.14761    -0.124727    -0.213515    -0.090302    -0.196883     0.330782    -0.186177     0.117611     -0.15681     0.177197    -0.160886    0.0311752   -0.0390123
   0.0346092   -0.0281683     0.172781    -0.180911     0.148758     0.233504   -0.0902306     0.374489     0.179892  -0.00390951     0.303867      0.61444    0.0311389   -0.0970824    0.0923082     0.375191     0.227918     0.232727     0.255804    -0.387765   -0.0668148    -0.135058     0.112067     0.153601     0.321681     0.303923    -0.386029    -0.241284    -0.162951     0.209824     0.146395     0.102599
    0.291944    -0.138846    -0.154936   -0.0314204   0.00686891    -0.339458     0.464277    -0.412744    0.0488703     0.162703    -0.394027    -0.255581    -0.125947   -0.0750818    0.0680327    -0.117861     0.217268   -0.0964131    0.0694194    -0.177359    -0.379234     0.122539    -0.110335    -0.224799     0.116659    0.0570922    0.0961256     0.204544     0.109037    0.0961896     -0.26543     0.112292
  -0.0903693   -0.0852133     0.359402    -0.156084     0.551576    0.0204838    -0.252188    -0.624006     0.260707   0.00936262    -0.149463     -0.19816   -0.0816845      0.24118    0.0136865     0.125897    -0.174482    0.0483284    0.0566872     0.160552     0.474918     0.266817    -0.233587     0.410306    -0.388563     0.424987    0.0534732      0.22656     0.135649   -0.0431484    -0.064183     0.144646
    0.308395     0.404192    -0.200998    -0.177186    -0.110855    -0.181579    -0.198387    -0.223634    -0.127312     -0.45479   -0.0496225   -0.0559704    -0.218069     0.143596    -0.217888    -0.165528    -0.385274     0.627687    -0.152199     0.492466    -0.215696    -0.342715   -0.0871899   -0.0821052    -0.311596    -0.155074     0.321681    -0.465112    0.0240867     0.130711     0.100004   -0.0989033
   -0.223162    -0.383254     0.199074    0.0965254      0.19778     0.155896     0.331002    -0.344969     0.349025    -0.271946   -0.0032453     0.763286   -0.0743447    -0.121814     0.143862      -0.1457      0.15328    -0.494454    -0.016596    -0.363249     0.232914       0.5546      0.50845     0.117986     0.374096    -0.262994     0.233238     0.159197    0.0588117   -0.0668638    0.0532596    -0.762584
  -0.0448993    -0.375134    -0.148911    0.0397049    0.0923686     0.285886     -0.02754     0.358396     0.602363    0.0286663    -0.189535    -0.369528    -0.238153    -0.146439    -0.145442    0.0527062    -0.130525    -0.218018     0.210823    -0.644744     0.126979     0.495113     0.368504    0.0429596     0.824949     0.274444    -0.123425     0.468815      0.63522    -0.129892    -0.343707    -0.561714
   -0.317609  -0.00337003    -0.051232     -0.12923   -0.0993957    -0.246476     0.210472    0.0371452   -0.0210578   -0.0224739    -0.192496   -0.0662322    -0.114971    -0.095444   -0.0418738     0.174265     0.221198    0.0486606    -0.148915   -0.0275449    0.0734601   0.00258037     0.503075   -0.0415995       0.3762    -0.150645     0.387051    -0.205197     0.234828    0.0976442    0.0660907     0.295442
   0.0834458    -0.293746    0.0810451     -0.09654    0.0281191   -0.0298417     0.257577   -0.0272109   -0.0887759     0.285669     0.189179    -0.118702    -0.403447     0.218888    -0.227403    -0.171382     0.109786    -0.161165    0.0622724   -0.0660765   -0.0661163     0.251978    0.0831287     0.208838    -0.293084    -0.325532   -0.0612804     0.208793 -0.000973764   -0.0482436    0.0707199  -0.00457493
  -0.0428536    0.0362194     0.320901    0.0938603    0.0630636    0.0766609     0.242263   -0.0903925     0.432233     0.224268   -0.0469191      0.15745     0.132315    -0.286526   -0.0285157     0.323664     0.131012   -0.0336207     0.214184    -0.283455     -0.15936     0.386697     0.376159  -0.00263893     0.732196     0.163509    -0.451266     0.704834     0.119179   -0.0919095   -0.0211063    -0.345167
    0.248432    0.0143505    -0.112147     0.506092    0.0586161   -0.0940982    0.0173725    -0.283866    0.0752421      0.22355     0.284562      0.24087     0.037282     0.209182    -0.142227     0.240173    -0.015773    -0.273717    -0.186945    -0.147804  -0.00933699     0.298513     0.029764    0.0303148    -0.536722     0.183404     0.043653     0.406963    -0.426993     0.222887     0.132673     0.149266
    0.274986    0.0719282  -0.00541066   -0.0956447     0.228737     0.180787     0.127555     0.123848    -0.165789    -0.335698   0.00137656     0.217457   -0.0141099     0.319394    -0.246979    -0.276961 -5.36358e-05     0.145581     0.343438    -0.604343     0.273698   -0.0146958     -0.14651    -0.294868    0.0871958     0.413284    0.0236641    -0.323877      0.16372    0.0979754     0.435639     0.132392
   -0.569268    0.0925204    0.0949182    -0.204066    0.0124078     0.174743      0.27711    -0.053438    -0.103142  -0.00317683     0.193299    -0.218591   -0.0643061    -0.499749      0.19687     0.179858    -0.164086     0.407104     0.157898     0.125591     0.547649     0.246376    -0.271259   -0.0151502     0.674518    -0.103807    -0.104128     0.152996     0.240953    -0.621611    -0.407551    -0.574018
   -0.496763      0.54603     0.344867      0.01646    0.0607325     0.104721     -0.22802    -0.239569    -0.802895    0.0595515     0.431104     0.104458    -0.421117    -0.191949     0.314662    -0.239239   -0.0354861     0.194176     0.199797     0.255778      0.35183    -0.245174    -0.472465    -0.651183    -0.755079     0.304418    -0.130211    -0.154431    -0.472013     0.141898    -0.402009     0.733604
    0.295452    -0.241659     0.321325     0.255357    0.0321715     0.103673     0.119366    -0.368514    -0.320924    -0.122269     0.243027     0.230006     0.354861     0.260647    0.0535844     0.131203      0.15966     0.166949    0.0208195     0.190106     0.205483     0.318083    -0.393755   -0.0403038    -0.384541   0.00769438     0.212423     0.345279   -0.0240318    -0.244077    -0.277945     0.165154
     0.26943    -0.079938     0.174683    -0.397456    -0.209122   0.00280823    -0.215043    0.0958855    -0.144565     0.144668     0.518525     0.128274    -0.126828     0.123714  -0.00601537      0.46118     0.132694     0.079424     0.182887   -0.0149848     0.149001    -0.243122    -0.233365    -0.666659    -0.165471     0.177112    -0.280257    -0.190823    -0.498534     0.259929     0.379353     -0.15964
  -0.0553831    -0.412436   -0.0315644   -0.0505013     0.485385   0.00442509    -0.100199   -0.0762864    -0.245473      0.12462     0.504645     -0.19054    0.0435629   -0.0642436   -0.0509746     0.254397    0.0574748    -0.397701    -0.132077      0.32955      0.29902    -0.618502     0.149763    -0.175716    -0.853002    -0.170676     0.155943    -0.378214    -0.489385   0.00926901    -0.104863     0.487506
   -0.137822     0.035544     0.323902   0.00516503     0.189107     0.104122     0.105923    -0.298321    0.0201223    -0.115656   0.00322485   -0.0692784     -0.29735    -0.509243   -0.0727728    -0.380903     0.184815    -0.172103    -0.149772     -0.29165     0.542804     0.345289    -0.484683   -0.0157346    -0.270059    -0.118373    -0.260867    0.0740556      0.06928    -0.153642     -0.22218    -0.260729
   0.0770549    0.0686672     0.461756    -0.175944    0.0182997     0.306966     0.434805    -0.252897   -0.0207234    -0.416067    -0.140843     0.291653   -0.0864409    -0.185508      0.18266   -0.0877152     0.405215    -0.193603    0.0117176  -0.00163459    0.0174224     0.195411   -0.0350684    -0.165602   -0.0532342     0.157217   -0.0114075     0.071698    -0.302149    0.0235365     0.270655    -0.534842
   0.0192102   -0.0410877    -0.101117    0.0344935    -0.407755    0.0373753     0.241002    -0.440953    -0.191359    0.0487308   -0.0673701     0.116587    0.0038841     0.097404      0.15336     0.149148    0.0855539    -0.279691   -0.0465054   -0.0173992     0.211173    0.0746349    -0.173408    0.0293918    -0.305017    -0.168258   -0.0529893     0.191184     0.246859   -0.0761029      0.12142     0.225334
   -0.333556     0.196947    0.0501313     0.303962    -0.198366     0.690532    -0.149996     0.258908      0.85374    -0.343847    0.0175271     0.135699      0.05419     0.053438     0.036974     0.278645    -0.306239    -0.183223     0.325103    -0.132837    -0.170715     -0.17187   -0.0889619    -0.505157      1.49768     0.468959    0.0750835     0.349883     0.596846     0.214787     0.268595     -1.05772
   -0.264525   -0.0357341    -0.247964     -0.16733    -0.137369     0.112463    -0.166489    -0.163807    -0.343237    0.0713782     0.122288    -0.196987     0.300287   -0.0842665      0.18293   -0.0987832    -0.211153     0.249115    -0.302043    -0.231976     0.156171    -0.143402    -0.298609     0.254029   -0.0407723    -0.160961      0.13088     0.176018     0.260229     0.121487    -0.560102     0.208908
   -0.268496    -0.298366     0.176056     0.169211     0.259112     0.510215   -0.0771693    -0.196927    -0.041919     0.321173    -0.385091    -0.367394  -0.00208355    -0.286087     0.293904    -0.257771    -0.207477    -0.205107    -0.243192    -0.146624     -0.34739     0.189657    0.0726698    0.0429556    -0.118974    0.0319709   -0.0219759  -0.00565673     0.227889    -0.184549     0.202694     0.132868
    0.198626       -0.093     0.110402     0.498858    0.0820741   -0.0710734   -0.0593577    -0.255794   -0.0938418     0.514401     0.145493    0.0667944    -0.211004    -0.232329    0.0952649     -0.20499    -0.397808    -0.203214   -0.0943794    -0.324341    -0.126081    -0.448396    -0.369081    -0.188376    -0.359009     0.269293    0.0849473      0.32825    -0.175789    -0.374423    0.0918743    -0.347246
   -0.188479     0.350903      0.35422    0.0227533    -0.232814   -0.0692783    0.0145379     0.177699   0.00821784    0.0637359    0.0184007    -0.372905    0.0762767     0.189793    -0.541901      -0.2493   -0.0732284    -0.363284    -0.202646    -0.260173    0.0242114   -0.0120045    -0.220008    -0.172333  -0.00162933     0.144904     0.518504    -0.040915   -0.0704777   0.00548725    -0.222956    -0.309543
  -0.0288906    -0.178567     0.386413     0.479968   -0.0710654    -0.372022    -0.108657    -0.596883     0.198169    -0.227836     0.134491     -0.44842     0.101273   -0.0419792   -0.0672792     0.204809    -0.154912    -0.360354   -0.0111073    -0.238746     0.101839      0.10587    -0.117917     0.150931     0.176016   -0.0029953   -0.0998584     0.195466    -0.577597     0.195897   -0.0757896    -0.232329
  -0.0895947   -0.0562252    -0.262967     0.275038    -0.138661    -0.214904    -0.441251    -0.106642    -0.197727    0.0808924     0.235254     -0.21949   -0.0586114     0.140722    -0.253085    0.0705207     -0.22718     0.184454     0.165912     0.112654   -0.0324669    -0.310717    -0.119823     0.487694    -0.182007    0.0210612    0.0759414    -0.239367    -0.249128   -0.0693207   -0.0863773     0.137422
   0.0350435     0.219919     0.524063      0.35408      -0.2693     0.105733    -0.106376    -0.477476    -0.152945    -0.121296    -0.451288    -0.329202     0.511294   -0.0213779     -0.24376     0.411256    0.0797274    -0.153284    -0.324932     0.176113    0.0136123     0.341513     0.390727   -0.0406559    -0.372198    -0.400719     0.109436    -0.268768     0.179573     0.215055    -0.523224     0.518527
   -0.064628    -0.158604    0.0743775     0.225528     0.684324   -0.0615198   -0.0545348   -0.0337162     0.302308     0.191435   -0.0732553    0.0354635    -0.171537    -0.177809     0.346404    -0.257826     0.130376     0.534186    0.0157268    0.0933349    -0.185546     0.552725   -0.0378097    -0.362653     0.267983     0.215017    -0.657448    -0.214525    0.0669547    0.0195224      0.47543    -0.515677
   0.0678253    -0.629546     0.232484     0.232109     0.139485   -0.0433276    -0.310964     0.187929      -0.1376     0.302558   -0.0655414    0.0151098   -0.0523637    -0.259516     0.138001     0.288312   -0.0929316   -0.0654548   -0.0467046     0.027494   -0.0532431    -0.189047   -0.0231111     0.127492    -0.299169     0.485539    -0.309465    -0.119479   -0.0138546   -0.0279721    -0.183347       0.2368
    0.121973    -0.299647    -0.364733    -0.416552    0.0851893    -0.100538    -0.099652    -0.274157     0.237591    0.0791091     0.244129  -0.00324784    0.0357761   -0.0856159     -0.12803    0.0418719    0.0750773    -0.132634     0.386231    -0.253515   -0.0938475    -0.304528     0.139205     0.662504     0.454666     0.187507     0.445661      0.19258   -0.0418906     0.244572      0.10777     0.168513
    0.174015     0.123428     0.248605    -0.149824     -0.26134    -0.218913    -0.132832     0.515276   -0.0273814    0.0761443     0.115897    -0.174392     0.383229     0.137448    0.0769464   -0.0326744     0.146969    0.0222613    -0.295097      0.15825     0.213127    0.0253798     0.582223    -0.131519    -0.269121    -0.141716     0.446276    0.0674297    0.0104258    -0.300974    -0.178126     0.285104
    0.332284     0.289538    0.0663369     -0.15143     0.123688   -0.0787937    -0.279376     0.456003    -0.577673    -0.404689     0.570219     -0.25333    -0.381214     0.325912    -0.186891    0.0282921  -0.00745629      0.73234     0.231033     0.286115       0.1153    -0.528146    0.0618878    -0.424101    -0.486303    0.0300248    -0.430996    -0.132858    -0.505092   -0.0794567     -0.61881     0.829259
  -0.0636297    -0.177013    -0.249008      0.18816     0.254737    -0.265941     -0.20772    -0.173925    -0.408443   0.00260475    -0.462608    -0.258689     0.229191   -0.0938043     0.125415     0.155475    -0.388108    -0.556765    -0.144767    -0.391906    0.0443001    -0.494303     0.730229    0.0739971    -0.549092    -0.163866  -0.00140705     -0.25674    -0.216581    -0.185466    -0.195914      1.10265
   -0.610151     0.375041     0.064984    -0.362165     0.208486     0.282468     0.618031     0.454293     0.164665    0.0990256     0.178405    0.0654846    -0.108856    -0.174818     0.622744    0.0646121    -0.197121    -0.140324    -0.162739     0.160352     0.241379     0.468006    0.0959962    -0.342632     0.933753    0.0497693     -0.13473     0.534007     0.851297     0.190231     0.279232    -0.322595
    0.158896    0.0567104    0.0439532   -0.0957132     -0.18599      0.14538    -0.232982    0.0845334     0.130452      0.11424   -0.0509988      -0.2959      0.14846     0.398797    0.0401536     0.172299     0.187391     0.150818     0.098918     0.369131    -0.214886    -0.249279     0.064293     0.265204     0.107571     0.154308   0.00752579    0.0215027     0.406916     0.219702      -0.1811   -0.0801966
    0.176647     0.568331     0.253706     0.287375     0.347453     0.352812    -0.283169    -0.176939  -0.00247631    -0.408908       0.2737     0.452171    -0.310427    0.0461161     0.293357    -0.148412    -0.105187   -0.0630544   -0.0222027    -0.196469     0.374376    -0.140801    -0.437211     0.305676    -0.657493         0.33     0.151554    -0.115053   -0.0288039     0.170682   -0.0803299    0.0889788
   -0.330674   -0.0254456     0.116356      0.39698    -0.247002    -0.304165    -0.162901    -0.352821   -0.0083984  -0.00125928     0.221142     0.122962     0.423961    -0.483615   -0.0671063     0.145746    -0.077283    -0.210212    -0.277245  -0.00959191   -0.0998024     0.317581    -0.150854    -0.235907    -0.122729   -0.0470687    -0.267327    0.0882064    -0.559674    -0.127369    0.0127264     0.280897
   -0.446582    -0.251819    0.0717036     0.077259   -0.0235599     0.379158     0.109047     0.249782    -0.252335    -0.249752     0.202373     0.132293    -0.384276    -0.625411     0.402598    -0.035403    -0.248885    -0.244869    -0.112476     0.217559     0.359937     0.246216    -0.519281    -0.293398    0.0214087    0.0240385    -0.269694   -0.0252217     0.380358     0.243207    -0.125761    -0.116853
   0.0175524     0.430301    -0.144269   -0.0888207    -0.052167     0.140405     0.419402     0.170907     0.131653     0.111712     0.228135    -0.173914  -0.00114903    -0.353703   -0.0260199  -0.00330685   -0.0278601     0.198328     0.573758   -0.0700171     0.138142    -0.235653     0.224854    0.0259972    -0.115221    -0.086645     0.132829   -0.0852406     0.343854      0.11697      0.23558     0.251819
    0.091105     0.117649   0.00834313    0.0931276    -0.861588    0.0967255     0.396877    -0.374974     -0.09111       0.1818    -0.486551     0.266081    -0.111495    -0.499344      0.27714    0.0401864     0.148817     0.077377    -0.111258     0.270484     0.193781     0.432058    -0.475334    -0.245354     0.213447     0.283346    -0.158593     0.181376      0.23116     0.512722     0.423596    -0.169914
   -0.183476    -0.161071   -0.0756244     -0.24179    -0.107989     0.549074    -0.396386     0.222943     0.893577     0.232149     0.126804    -0.118028     0.308066     0.482087   -0.0102408     0.204366     0.263772     0.363111   -0.0717447    0.0578729    -0.276622     0.229527     0.180908     0.262186       1.1858    0.0590878    0.0300907     0.322181     0.502935     0.214117     0.129002    -0.778469
   -0.236632     0.119266    -0.247173   -0.0945706     0.393662    0.0598432     -0.60374     0.517296     0.181404    0.0884802    0.0134668     0.185941    -0.270022   -0.0223213     0.295236     0.123291    -0.105496     0.305529     0.108118     0.229571   -0.0737693    -0.152314    0.0837778   -0.0473288    0.0742875     0.121696    -0.098232     0.224242   -0.0699122   -0.0732636     0.226731    -0.139638
  -0.0196074   -0.0809971     0.169304    0.0445064    -0.127377    -0.254994    0.0592161     0.417999    -0.104899     0.246206    0.0435849    -0.222614    -0.377454    -0.487542     0.175256    -0.160082     0.337616    0.0403792    -0.344168    -0.417287     0.175734      -0.1997     0.138073    -0.248029    -0.357306    -0.181274     0.092472     0.388374    -0.290585    -0.106339    0.0338059   -0.0815622
  -0.0801191   0.00962718     0.185043      0.16913    -0.203564      0.38169     0.025987   -0.0164412     0.244158     0.388117    -0.151066     0.316637    0.0950071    0.0782593     0.244119     -0.16733    0.0872798    -0.312754   -0.0478848      0.15055     0.264286      0.47735     0.178336    -0.268784     0.198666   -0.0971841    0.0917411     0.343945    0.0187415   -0.0504314      0.18433    -0.431357
   0.0803458   -0.0127139     -0.18111    -0.582798     0.109509     0.183544    0.0286543     0.692241     0.346597     0.107613    -0.238442     0.224941    -0.645675    -0.141077    -0.361349    -0.293523    0.0826572    -0.106111      -0.2925    -0.192787    -0.242472    -0.297048    -0.226164    -0.176545     0.396652     0.119111   0.00967175    -0.109289      0.29878     0.258595     0.602848    -0.534388
    0.114061    -0.173224      0.42739        0.573    -0.320438     0.270922    0.0874109    -0.288455    -0.271394     0.681244    -0.392985    -0.107478     0.108602    -0.470646     0.275563    -0.134344     -0.31669   -0.0471192    -0.373167    -0.319554    -0.382824   -0.0454998     0.157043    0.0231476    -0.553406   -0.0535527    -0.444167    -0.502144    -0.188867    -0.203791     0.146272   0.00561583
   -0.168437   -0.0389699    0.0293689     0.192965    0.0459098   -0.0320911     0.111042   -0.0889172   -0.0228861    -0.147944    -0.069798    0.0606134    0.0801413    -0.429719     0.242157      0.10701    -0.136569    -0.399074     0.366482     0.294748     0.125515     0.134226     -0.26301    0.0223425    -0.264473   -0.0490665     0.348129    0.0443772   -0.0974709    -0.324458    -0.188513     0.100695
   0.0900361     0.163869     0.424467     0.732652    -0.525127     0.110889   -0.0832469    -0.203508     0.462327   -0.0119213     0.239762     0.432508   -0.0255584    -0.294753     0.158144    -0.106171    -0.172525     0.359136    0.0744455    -0.243081    -0.128465      0.18685    -0.364684     -0.55436     0.154059     0.560167    -0.221151     0.134139   -0.0319495    -0.140678     0.155454    -0.636831
    0.369175     0.513081   -0.0695163     0.383501     -0.43176    -0.540742    -0.202365   -0.0780011     0.379758    -0.129565    -0.202073      -0.2581    -0.373364     0.703167    -0.237149     0.251874    -0.117282   -0.0491882    -0.110684     0.179642     0.120086    -0.148403    -0.227769   0.00551379     0.316953     0.288241     0.111653    0.0016682    -0.168504   -0.0120815     0.232792    -0.315601
    0.146176     0.301191     0.407891    0.0334761    -0.175699    -0.189638    -0.180035   -0.0967352    -0.310649    -0.252615    0.0707719     0.386708    -0.109001    -0.299055     -0.12404   -0.0836499    -0.232038    0.0763804    0.0822412    -0.303445    -0.307444    -0.308173    -0.122429      0.13558    -0.322536     0.158958    0.0993626    -0.601439   -0.0442115   -0.0722066   -0.0872812     0.852458
   0.0167508     0.399418   -0.0937879     0.308946     0.109086     -0.17814    0.0817461     0.102844    -0.399154   0.00303053    -0.235108    -0.128072     -0.12107  -0.00573086    -0.122405     0.174605   -0.0165495     0.633808   -0.0397702   -0.0165588     0.217062     0.463145     0.436075    -0.182138     -0.72749    -0.314462    0.0488566    -0.177875   -0.0476695    -0.143976      0.17946     0.681928
    0.266696     0.434374    0.0713215     -0.38469   -0.0311023     0.191468    -0.246032     0.519696    0.0105578     0.171364     0.552549    -0.414675    -0.901832     0.188852    -0.138268    -0.081573     0.325718     0.350087    0.0496112    0.0715049    0.0735219    -0.520718    -0.180087     0.578171     0.400013      0.31854     0.135334     0.253762     0.133693     0.229386     0.230009    -0.344544
    0.259324    -0.084554   -0.0703318    -0.478133     0.261324     0.393902     0.213991     0.233968     0.324699     0.302615    0.0402811     0.156198     0.328891   -0.0812314     0.148131    -0.171981    0.0308765     -0.28956    -0.066708    -0.171646   -0.0735709     0.174969    -0.296925    -0.125975     0.546603     0.295189    -0.103948   -0.0398002     0.291799     0.280894     0.559176    -0.189115
   -0.449422    0.0687194     0.460448     0.476204       1.1093     0.132254   -0.0909272   0.00679089    0.0174623    -0.203154    -0.294855     0.169409    -0.666441   0.00702825     0.536578     0.211639    -0.112232     0.239554    -0.123998    -0.363194     0.360456    -0.296098    0.0796425    -0.220711    -0.567607     0.277939    -0.258391    -0.455934     0.351813    -0.814964    -0.236865    -0.251045
   -0.200076    0.0838468   -0.0503063     0.277265     0.406059    -0.393483  -0.00266171    -0.180421      -1.1158     -0.21872    -0.279093      0.10919     0.138801  -0.00704383     0.305823     0.311587    -0.127509  -0.00422117    0.0735926    0.0590488     0.223717    0.0183135     0.490752   -0.0512341      -1.4674     -1.14734   -0.0974958    -0.715842   -0.0221654   -0.0885561     0.138368      1.05369
    0.109492    -0.017205     0.436527    0.0477511    -0.180177     0.195939     -0.27365     0.234059    -0.459639     -0.32493     0.342638   -0.0715638    0.0657735     0.136472  -0.00112034     0.194648    -0.184027    0.0151079    0.0187787     0.247445   -0.0478178   -0.0896634      0.17322     -0.15693    -0.377827     0.100838    -0.152528     0.104839    -0.238724     0.263068    -0.184492     0.361992
   -0.471263    -0.414157     0.157007   -0.0219897     0.324731    0.0911861   -0.0473486   0.00705828    -0.437971     0.219059   -0.0919205     0.070843    -0.107064   -0.0400002     0.261015     0.257067    0.0435207    -0.471683   -0.0954021   -0.0126072    -0.302956    0.0798051     0.673928       0.2481    -0.365884    -0.644715    0.0605364    -0.142519   -0.0765363   0.00247646    -0.416309     0.444515
   0.0752691   -0.0277138   -0.0539094    0.0506429     0.183872     0.169007     -0.30769      0.35143   -0.0468323     0.327957     0.333494     0.194917     0.114325     0.134109     0.151368    0.0466323   -0.0705772     0.402019     0.210865    -0.284288    0.0407013    -0.134188     0.159747    0.0710593   -0.0206017   -0.0207968    -0.273769 -0.000688562   -0.0048635     0.161376     0.344715    0.0388618
 0.000170442   -0.0842385     -0.21961    -0.102461    -0.237347   -0.0435658    -0.195576     0.474258    -0.389032    0.0943626     0.180943    -0.311332    -0.288871      0.13418    -0.121732    -0.275918    0.0387688   -0.0495478   -0.0810298    -0.313123     0.164402    -0.419392   -0.0395979     0.522697   -0.0375943   -0.0224029    0.0491097    -0.341626     0.138815     0.325647    -0.184041     0.352698
    0.645455      0.39605     0.256626    -0.247767    -0.302191     -0.11966      0.20884     -0.32384    -0.340613    -0.336958     0.294718     0.809095   -0.0784896     -0.18492     -0.18447    -0.016362     -0.11832    -0.051136     0.276499    -0.154331     0.251114    -0.514055    -0.196978    -0.221953     -0.15273     0.347829     0.019651    -0.133659    -0.278821     0.733739    0.0671429     0.363082
   0.0601817      0.50945    0.0306006    -0.222337   -0.0277028     0.243248     0.149809    -0.191485       0.7435    -0.475494   -0.0932899     0.378675   -0.0101234    0.0600622    -0.377322   -0.0265053     0.251209     0.175858     0.100495     0.238778    -0.201402    -0.269251   -0.0989306    -0.447627      1.28455     0.361504     0.332861      0.11545     0.212742     0.267841     0.322878     -1.49717
   0.0846514    -0.164206     0.240769     0.159125    0.0949026     0.212722    -0.287783   -0.0261709    0.0246858    -0.222381     0.268857     0.187498    -0.186926    0.0115399     0.422468      0.11694   -0.0720693    -0.317718  -0.00789916     -0.42026     0.105166     0.465451    -0.350559    -0.133058    0.0388129     0.585213    -0.602751      0.23568      0.36968    0.0114558    0.0444084    -0.183401
    0.468948    -0.159468   -0.0428767     0.109241     0.231949     0.224887     0.131324    -0.105775     0.210395   -0.0363331    -0.341345   -0.0187215   -0.0639092   -0.0942679    0.0209835  -0.00443827   -0.0469237     -0.18431    -0.150407    -0.539909    -0.269424    0.0149366     0.497863     0.301953     0.211441    0.0632592    0.0512967    0.0965786     0.118348     -0.37515    0.0940253    -0.140011
   0.0823814   -0.0775228    -0.149634     0.204077     0.019088     0.287046    -0.353521    0.0771987    -0.208214     0.373721     0.322609     0.387154     -0.12369    -0.265096     0.191752     -0.46673   -0.0722219     0.322373     0.071651    -0.179084    0.0737476    0.0153848    -0.261119    -0.319911    -0.436326    0.0386082    -0.372969     0.139712    -0.116875   -0.0684183    -0.163233     0.405535
   -0.215498    -0.312346     0.190438     0.343392    -0.069639    -0.081509     0.194564    -0.121708     0.348138    -0.181091     0.241431    -0.306083   -0.0620524    -0.176239     0.635308   -0.0376769     0.198605     0.580137     0.120794    -0.584486     0.557812     0.297626    -0.234246    0.0468513     0.430524     0.536237    -0.603806      0.43475   -0.0769917     0.151559     -0.17109    -0.935351
    0.428372    -0.123934    -0.107353  -0.00941566    -0.469585    0.0250124     0.117545    -0.450375    -0.565753    -0.548556    -0.182181     0.156237      0.19524     0.353363    -0.603555    0.0623913   0.00201774    -0.579675    0.0197476   -0.0923375    -0.236013    0.0159703   -0.0288733     0.012176    -0.217862    -0.284124    -0.252762     0.118328     -0.18956     0.598426    -0.180377     0.503143
    0.163843     0.105681     0.245385     0.308567     -0.14511    0.0510497    -0.301538     0.250366     0.247199    0.0452258      -0.3301    -0.249342   -0.0139289    0.0491333     0.224323   -0.0999134    -0.189673    -0.277348     0.200882     0.245813     -0.16251     0.302236    -0.396474    -0.365756     0.864762     0.274785   -0.0168604     0.438464     0.496941     0.099742     0.546598    -0.472623
 -0.00224033     0.256907    -0.285256    -0.249341    -0.446724    -0.150619    0.0453609   -0.0983361     -0.47032   -0.0700997     0.150145     0.182351    0.0453128   -0.0187486    -0.138636    -0.100537      0.13192     0.206283    -0.113949     0.189446    -0.139711   -0.0718409     0.442646   -0.0616208    -0.321684     -0.45587    0.0538507    -0.583835      0.16649    0.0968913   -0.0751922     0.293625
    0.556961    -0.382771     0.647959     0.216824    -0.132758    0.0199462     0.145726    -0.102519    -0.708117     -0.22882      0.24012     0.335187    -0.312102     0.461046    -0.156311    -0.537866     -0.29647     -0.58205    -0.122164    -0.581214     -0.14983    -0.405523    0.0413955     0.249298    -0.611638     0.148064    -0.218373   -0.0914803    -0.210707    -0.113614    -0.910376     0.969597
    0.269961    0.0227116    0.0549856     0.156728    -0.400119    -0.255183     0.477148    -0.454679   -0.0482508     -0.16695   -0.0724063    -0.136428    -0.332347     0.282542     0.132536   -0.0355734    0.0509826    -0.212282   -0.0144028     0.274467    -0.418716     0.228546     0.473941    0.0354393     0.150523    -0.424044     0.132667     0.267043     0.182443      0.02708    -0.344429     0.523091
    0.135267      0.22522   -0.0627734     -0.31167    -0.141938    -0.320039       0.1889     0.509826     -0.23061   -0.0498232     0.118444    0.0428964    -0.137431   -0.0216353     -0.63118     0.136588   -0.0128761    -0.286254     -0.39039    -0.403748     0.184812    0.0237441    -0.193259     0.157357     0.279989    -0.401192    -0.248854    -0.038661    -0.138059     0.168264     0.296246     0.242182
  -0.0222854    0.0737124     0.212764     0.197395    0.0902488     0.133784     0.103321      0.16356     0.683077     -0.17847    -0.413749     0.102401     0.100809    -0.265549     0.486954     0.016727     0.104171    -0.455387    0.0189933    -0.204675    -0.012205     0.264709     0.152454    -0.119828     0.177428     0.245261     -0.43525     0.315136    0.0869859    -0.171918     0.222609    -0.921593
  -0.0932116     -0.40598     0.499354     0.255853     0.249185     0.187759    -0.210954    0.0669579    -0.339752     0.394323     0.038269     0.245612   -0.0871381    -0.210507     0.403847    -0.662132    -0.117983    -0.345877      0.24625     0.222916     0.228206     0.571459    -0.426428    -0.270444   -0.0455048    0.0503508     0.217945   -0.0154919    0.0720854     0.289491    -0.260701    -0.567768
   -0.313164      0.11192     0.337312     0.177776   -0.0236236    -0.207737    -0.104753    -0.211049    -0.137738     0.145395    -0.102152     0.204166     0.102475    0.0869867    -0.219406     0.191023   -0.0981017    -0.302928    -0.407562    -0.194016     -0.15199    -0.105015    -0.200656       0.2094    -0.361864    0.0395156     0.163359    -0.142022    -0.236454    -0.260076    -0.213939     0.522559
   -0.213043    -0.277977    -0.131188  -0.00456761    -0.212078    0.0170595 -0.000884668    -0.025661   -0.0595492    -0.440951    0.0824515     0.143776     0.197726   -0.0896176     0.180443     0.166928    -0.127932     0.116901     0.292623   -0.0992597   -0.0437386     0.498311   -0.0371978     0.166518     0.178875    -0.186033    0.0129986     0.382504    -0.267641    0.0300014    -0.276959     0.183564
