    0.015064    -0.708137     0.233507     0.191211     0.239329    -0.605102    -0.511362    -0.483173    -0.361332    -0.309178     0.173899    -0.106838   -0.0839273    -0.284603    -0.050896    0.0135541     0.057395     0.137691   -0.0721925     0.511742     0.421408     -0.30297     0.621797    -0.051662    -0.131217   -0.0490081    -0.402361    -0.354235    -0.541083   -0.0134521    -0.410293    0.0429427
   -0.387869    -0.770333    -0.347267    0.0226254    0.0308276     -1.26859    -0.564833    -0.375431   -0.0863094    -0.712356     -0.26178    -0.580059     0.100359    -0.143537     0.328189    -0.204443     -1.05824     0.496706     -0.48146    0.0654718     0.913543    -0.096516 -0.000285237   -0.0956013     0.341558    -0.490237     0.510889     0.589434    -0.916738    -0.144208 -5.44186e-05    -0.157818
   -0.119074     0.782331    -0.573481      1.04813      1.19988    -0.192553    0.0735554     0.319598     0.375298      1.06611     0.235099     -1.83807    -0.138151     -0.85161     0.104764    -0.869327   -0.0115221    -0.176335    -0.419991     -2.21008     0.534479     0.467331    -0.163001    0.0941432     -1.58832      1.27312     -1.17605     0.336296     0.598114     0.395708     0.476624    -0.395681
   -0.934007    -0.312391    -0.308292    -0.495376     0.539897    -0.321824    -0.101217      1.13264    -0.101403     0.242412    -0.360236   -0.0758496    0.0748113     0.456441     0.337602    -0.182335      0.75264    -0.600377    -0.557977     0.992186    -0.331481     0.553968    -0.535683   -0.0678601    -0.589973     0.386805     0.217974     0.502834   -0.0483204    0.0716127   -0.0978799    -0.216621
   -0.781153    -0.808407    -0.306645     0.341476     0.650697     0.239969    -0.162801    -0.398591   -0.0399136     0.119282   -0.0372236    -0.551632    -0.404546     0.137639     0.535357     0.290773    -0.294644     0.382454     0.282776    -0.093742    -0.107244     0.724785   -0.0981224     -0.13126     -1.09726     -1.38559    -0.857602    0.0648421     -1.17179    -0.433307     0.489364    -0.911187
    -1.29071    -0.748104    -0.141136     0.591581     0.829707      0.20531     0.282724    -0.455292     -0.27305      1.52494     -0.16798    -0.516068      0.51719    -0.480174    0.0448552    -0.504276    -0.909766    -0.305097      0.66885      1.41276    -0.690098     0.891338    -0.314434     -1.30467     -1.60716    -0.281496     -2.09998    0.0482945    -0.608749     0.946181    -0.211073    -0.295741
    -2.51639    -0.163425     0.169425    -0.139833       0.1481    0.0970435     0.187031    -0.310485    -0.175743     0.555579    -0.860873     -1.40092    -0.658494    -0.448727    -0.344848     0.155749     0.344784     -1.70058     0.347087     0.570502     0.644814     0.751968     -0.30897    -0.369876    -0.758515     0.171763    -0.664038   -0.0676329    -0.454809      0.60154     0.450988    -0.269254
   -0.531736    -0.451672    -0.163556    -0.211371     0.553178   -0.0750701    0.0476332    -0.156534     -1.14222     0.757752     0.196424      -0.5964      1.02975       0.8104     0.244762     0.321643    -0.613138   -0.0557213     0.192147    -0.297759     0.431754    -0.314402    -0.947956     -1.16997    -0.397972     0.932791     0.139901     0.716251    -0.116537    -0.720578     0.521626     0.249071
   -0.471003     -1.66323     -1.14437     0.149947     0.150745   -0.0832187     0.413237     0.104572     0.119323    0.0515622     -0.39608    -0.901834     0.179427     0.432585     -1.30487     -1.30991     0.534738     0.265317    -0.079705    -0.481949    0.0158651      1.31867    -0.433303      0.23085    -0.753391    -0.334869      0.12192   -0.0577312    0.0955178     0.725533     -1.09322    -0.677782
     1.03259      1.08128     0.100651     0.803561     0.289247    -0.851432     0.125167      0.12168    0.0467611     0.426785  -0.00582517     -0.51753     -0.28804     0.590493    0.0624252     0.153663    -0.508884     0.265995    -0.869248     0.281845    -0.256108     -1.16557    -0.442381    -0.744643     0.051282    -0.420749    -0.486134     0.167922     0.497104      0.13129     0.189442     0.351018
    0.134432    -0.237063     0.283204     0.141254    -0.176105    -0.340339     0.487133     0.993367     0.434958     0.500659     0.128229    -0.122091     0.301748     0.369969    -0.392405     0.437224     0.255537    -0.092603     0.283046     -1.11427    -0.337434     0.283605     0.322361   -0.0859206    -0.172549    0.0920624    0.0279305    -0.334535    -0.363947    -0.272597     0.932666    -0.805636
   -0.613314    -0.274248    -0.649425    0.0339288    0.0875016    -0.788539    -0.188968    -0.557255     -0.31249    -0.148862     0.121641     0.793714     0.899589     0.489662      1.15537    -0.511951     0.405434     -1.04955     0.767704    -0.431526     0.955514   -0.0932228     0.438646      1.15344    -0.198941     0.552342      1.06699  0.000545809      0.42261    0.0636565   -0.0455433     0.860237
   -0.843791     0.531956     0.172693    -0.348696     0.376888    -0.840923     0.708122      1.06913    -0.334221     -0.23246    -0.490851     0.337543     0.825394     0.107789    0.0233172    -0.327645      0.25039    -0.242802    -0.541363     0.338433    0.0078187     0.753988     -0.40606    -0.480754    -0.235042    -0.104871     0.364609     0.251126     0.151396    -0.916443     0.441267    -0.120457
  -0.0503859   -0.0229923    -0.947857     -1.12978      0.53956     -1.00483    -0.109527     0.094731     0.339292     0.264121     0.963614    -0.283479     0.104684    -0.755317      0.36162     0.263499     0.490341    -0.793893     -1.34217    0.0701272    -0.390829     0.158319      1.37205     0.338321    -0.496498     -0.54272      1.06919    -0.326826     0.172015    -0.396647     0.209427     -0.96965
   -0.585305      1.10195     0.194738    -0.250339     0.820328     0.570407     0.289461    -0.246147    -0.150545     0.648327    -0.340147     -1.06487    0.0484666    -0.574074     0.277685     0.379408      -0.5354    -0.425462     -0.43754     -1.50685     0.858375   -0.0905163   0.00782757    0.0317229    -0.723004     0.679893   -0.0941869     0.350316    -0.123086    -0.420037     0.987724    -0.879889
   -0.866567      1.38432     0.797381     0.283378   -0.0364071     0.289943     0.186274     0.697535     0.215667    0.0584862    -0.415586     0.636692    -0.169377    -0.333807   0.00383077    -0.413456    -0.730507    -0.011943   -0.0964712     0.522718   -0.0656379     0.356741    -0.324936      -1.2522    -0.313461    -0.258702    -0.390469     0.649142    -0.490145    -0.372241   -0.0452598     0.836599
   0.0293006    -0.054718   0.00734791    -0.322837    0.0011626     0.312237     0.850567     0.968704     0.219544      1.09363      0.41166    -0.537784   -0.0500991     0.541643     0.311849    -0.246298     0.236407     -0.63728     0.320008  -0.00905011    -0.325523    -0.341134    -0.587828    -0.276934    -0.691739     0.472783      0.27757     0.659827     0.239548    -0.426831      -0.3023    -0.388876
   -0.340751    -0.130934     0.506369    -0.233302     0.581118     0.586475     0.414323     0.556633    -0.936264    0.0851121   -0.0459421     0.239107     0.501982     0.222045     0.326283    -0.201563     0.747887     0.125636     0.201148     0.330506    -0.555821     0.576964    -0.170546     0.139572     0.199137     0.346921     0.362098     0.720948    -0.133675   -0.0637487    -0.175482    -0.454642
   -0.694644    -0.744404     0.630796     0.507615     0.374036     -0.92805      1.03094     0.795732     0.464128     -0.87142    -0.628486     0.331774  -0.00470906    -0.190356   -0.0692552    -0.286984     0.202601      1.50769     -1.02459      0.17159     -1.57802      1.06559     0.880088    -0.474347    -0.760398    -0.425949     -1.58146    -0.353308     0.186986      1.06378     0.104351    -0.144035
    0.603083    -0.760259    -0.942277   -0.0659617     0.174818     0.294975     0.107714   -0.0173505    -0.689286   -0.0989691   -0.0272613     -1.41616   0.00593994        1.508    -0.137258     -0.73948    -0.495219     -1.82777    -0.174322   -0.0133116     0.337853    -0.279396    -0.126611     0.403824    -0.677584      1.38951     0.358759   -0.0879053     0.793293     0.236633     0.471723    -0.499644
  -0.0266344    -0.532712    -0.179476      1.02528       1.0982    -0.635524    -0.814328     -0.35916    -0.614298    -0.387365     0.417399    -0.674835     0.803588    -0.183005     0.607653     -1.25543    -0.501859     0.187778     0.100638     0.509138    -0.507915      1.00359    -0.180272    -0.377594    -0.666299     0.321968    -0.242499    -0.260598    -0.170348      0.29966    0.0684964     0.413074
    0.260445    -0.878652     0.654376     0.518613    0.0293577    -0.578221     0.177577    -0.188194     -1.00685    -0.753343    -0.817755    -0.576488     0.255474     0.384185    -0.933537    -0.186467    0.0133353   -0.0611142   -0.0340372    -0.144195    -0.346454     0.279157   -0.0316561     0.581183    -0.445456     0.497556     0.422732     0.213575     0.659571     0.435604     0.164684    -0.104694
   -0.118622    -0.601582    -0.146226    -0.168974    -0.233864    -0.679475   -0.0797028     0.862062     0.489245   -0.0386597     -0.14097     0.300968     0.677428     0.216812    -0.857615     0.326778     0.703297  -0.00817673   -0.0773138    -0.409676    -0.230705     0.140925     0.195848     0.205585    -0.264399    -0.441141     0.386863     0.570721     0.438931    -0.548999     0.630148     0.448152
   -0.849496    -0.369469      2.17011    -0.390522     0.226737     0.353572      0.58069      1.07746    0.0278076      1.25646    -0.527098    -0.779551    -0.627182     0.181539   -0.0146558    -0.261429    -0.818519    -0.605372    -0.458426     -1.29749     -1.69037     0.929846    -0.351155     -1.44622    -0.667909      1.43648    -0.948202     0.724108    -0.673561     0.130951      2.02391     -1.24003
   0.0281368     -0.67975    -0.116615  0.000866244     0.204849    -0.785152    -0.241025      0.68691     0.306107     0.466847    0.0822876     0.121142    -0.133037    -0.153459     0.124911    -0.743326     -0.34829      1.03233     0.529654     0.101994     -0.47977     0.861034     0.581555     0.637136   -0.0712837    -0.466166    -0.846101    0.0714072     0.441568     0.596937    -0.233968    -0.138154
   -0.116284    -0.609842       -1.502     -0.37511     0.229065    -0.727333    -0.881598    -0.216835    -0.621229    -0.311951   -0.0507387    -0.584534    -0.888929   -0.0883097      1.83237    0.0339879    -0.738278     0.333599  -0.00922163   -0.0188736     0.365875    -0.310775     0.476694      1.18419     0.363483     0.630135     0.857796      0.59473     0.603431    0.0164456    -0.398955 -8.24437e-05
    0.552856    -0.197764     0.299529     -0.28043     0.455364     -0.29467     0.187444    0.0880781     0.583045    0.0590854      1.15355     0.992826     0.212473    -0.233465    -0.229415    0.0690858     0.657151    -0.936078   -0.0724974    -0.513568     -0.61647    -0.163555    -0.138396    -0.153365    -0.286411     0.590114     0.694664    -0.518759     0.520222     0.287637    -0.234557    -0.320643
    0.335441      0.88398    -0.319804    -0.184008    -0.118467    -0.357404    -0.420269    -0.132934     0.481296     0.219838    0.0231839    -0.728685     0.540789     -0.31592    -0.178675   -0.0837631     0.297541     -1.02621    -0.192085    0.0900403     0.341285     0.649301    -0.907401    -0.597039    0.0770726     0.317037    -0.375086    -0.353873   -0.0576608   -0.0582331     0.371407    -0.528307
   -0.568627     0.902834     0.078942    -0.153518     0.318805    -0.733305    -0.296687    -0.610211    0.0233578     0.225911    -0.170803   -0.0126299        0.315    -0.299474     0.040352     0.508805     0.249754    -0.232708     0.356935     0.357109     0.392758     0.245978    -0.705806     -0.46378    -0.818406     -0.70034    -0.111745    -0.302297   -0.0958478    -0.823221     0.354272    -0.489655
    0.043594      0.27167     0.377381     -1.05272     0.601288   -0.0951539    -0.023303    -0.066694     0.209415     -0.17903    -0.498906     0.129628     0.467409     -1.12988    -0.510909    -0.054508    -0.525721     0.321228     0.368947    -0.141076    -0.521985     0.898992    -0.624603     0.334035    -0.169163      0.16225     0.185474    -0.516811    0.0900083    -0.353219    -0.160556     0.241458
    0.081238     -2.07809    -0.609095     -1.14805      0.50459    -0.299153    -0.700287     0.522149     -1.07424    -0.345564     0.129639     0.183745     0.606874       0.3833      1.02986    -0.712738     0.503877      0.93774    -0.211781      1.11032   -0.0549434      0.50698     0.264227     0.527098    -0.363163     0.030446      1.41362      1.25933     0.376889     0.156243    -0.158423      1.11032
    -1.34221     -1.28301     0.778236    -0.335434     0.714653      1.71475    -0.448024    -0.765156     0.474113    -0.149824    -0.122436     -0.10051     -1.07754      1.03809    -0.175213      0.19075     0.390144    -0.324682    -0.895491     0.429144     0.432768      1.02175     0.600552    -0.385586     0.026663    -0.400277    -0.147556    -0.285127     0.575377    0.0893116      -1.0823   -0.0891361
