  -0.0271574   -0.0811538   -0.0807728     0.210422   0.00652442     0.182293    -0.168105     0.377014     0.194797   -0.0274418   0.00829962    0.0510001    -0.880309   -0.0149624      0.34617     0.406462    -0.181794     -0.51373     -0.32849   -0.0672839    -0.196366    -0.277153     -0.50174   0.00522437   -0.0822167     0.341534   -0.0403408     -0.21065   -0.0510205    -0.273447    -0.149445    0.0381393
   -0.437991    -0.122407      0.11435    -0.251537    0.0267689       0.0531  -0.00782318  -0.00414012    -0.357332    -0.365869    -0.422339     0.307987     0.056383    -0.252798    -0.274821     0.292601    0.0242276    -0.482021     0.195728     0.984391     0.353845   -0.0790395    -0.411426     0.578457    0.0412218     0.260588    -0.477071    -0.505279      0.13863     0.139545   -0.0700497    -0.258996
    0.178855    -0.655594     0.200254    0.0497715     0.288362    -0.223351    -0.197271     0.114038     -0.21118    -0.493246   -0.0460256   -0.0668017    -0.314615     0.218268    -0.193806    -0.191446    -0.292611      0.12407      0.34664   -0.0254729      0.29923     0.358441     0.570998    -0.197294    0.0551904     0.208585     -0.36916    0.0308508    0.0843326   -0.0318077   7.2008e-05    -0.134044
   0.0575626    -0.141706     0.106931    -0.086509    -0.128773   -0.0510387    0.0996835    -0.080809    -0.114118     0.109243    0.0277204    -0.222324     0.495122     0.450805     0.287117    -0.362006   -0.0131942     0.293855  -0.00568543    -0.173596     0.357989   -0.0252568     0.264543     0.373143      0.03008    -0.100611    -0.572867    -0.276093    0.0254366     0.203157    -0.190354      0.52625
   0.0282643     0.473702     0.187757     0.333512    -0.177025     -1.32721     0.223519    -0.576885   0.00657359     0.648753    -0.286534    -0.174194    -0.195085    0.0287159    -0.381262     0.126957   -0.0211543    -0.656459    -0.729745   -0.0336866   0.00695814     -0.50703     -1.04827    -0.479388    -0.301491    -0.882074    -0.156861  -0.00193684    -0.295305   -0.0539795   -0.0234073     0.426509
    0.249213    -0.363326   -0.0550413    -0.157932     0.019528      1.19115     0.109827     0.628306    -0.496289    -0.252384    -0.569108    0.0728285    -0.514248     0.258371   -0.0237756     0.234355    -0.296899 -0.000423854     -0.13334     0.796636    0.0863465    -0.279437    -0.262352        0.978     0.359794     -0.13371     0.291904    -0.153138     0.130622     0.355014     0.146259     -0.30058
    0.387022    -0.448132     -0.60857     0.699741     0.128222    -0.822524    -0.499486     0.111213    -0.132962    -0.234071     0.298367      0.33829    -0.421726     0.453792    -0.106691     0.126121   -0.0993429    -0.120239     0.256022     0.173831    -0.562377    -0.112511     0.313226     0.192462    0.0817106     0.020131     0.461322    -0.436784    0.0789178    -0.178387    0.0289733   -0.0308654
    0.118641    0.0773175  -0.00737574   -0.0819455      0.55545    -0.310145    0.0546153     0.381612   -0.0338278    0.0611395      0.37594     0.197306     0.239178    -0.116489     0.176008   -0.0496009   -0.0945257    0.0919617      0.67175    -0.265545     0.149405     0.332513     0.507192   -0.0326995   -0.0402563    -0.104763    -0.231556     0.104813    -0.395108    0.0156637     0.025625  -0.00983038
   -0.344026   -0.0519873   -0.0772381    -0.415244     0.539857     0.139193      0.43287     0.251238     0.192015     0.141538    0.0718505     0.186151    -0.627091    -0.107587     0.493889    -0.128677   -0.0109549    -0.437537   -0.0258504      0.18198     -0.48587    0.0493135    -0.077252   -0.0287004    -0.584415     0.331362    0.0110565     -0.28666     0.120303     0.239384     0.308473     0.307346
    0.425438    -0.433449    -0.239088    0.0510199     0.113933     0.538465    -0.307697    -0.120002     0.111537     -0.47798     0.410299    -0.382962    -0.356203     0.168845    -0.195971    -0.157149     0.336011      0.31241     0.676788     0.174496     0.731033   -0.0109132     0.588467  -0.00726348     -0.25809   -0.0138855     -0.38967    -0.151817     0.513445     0.203806     0.190813   -0.0616101
    0.140557    -0.254107      0.23337    -0.122721    -0.185685     0.305318     0.387362     0.300543   -0.0824756     0.278088    -0.038464    -0.189838    -0.513635     0.174544    0.0254885      0.36403    -0.297974    -0.970817    -0.052892      0.55959     0.388223    -0.060591     0.186628    -0.123875     0.161564     0.186763    -0.176101    -0.485937   0.00410049     0.264694     0.484313     0.167958
    0.338865    -0.357488    -0.267902     0.314871    -0.144025     0.416801    -0.484588     0.264539     0.541006     0.249133     0.194264      0.28346    -0.735488   -0.0988148      0.23239    -0.354544   -0.0525202    -0.886889    -0.273107      1.00339     0.845742    -0.360433     0.266686     0.488582   -0.0565591     0.102968    -0.363066    -0.107474     0.314275      0.40166    -0.147928     0.438024
   -0.181465   -0.0604608     0.685278     0.120819    -0.303804    -0.575379     0.160172    -0.519304    -0.378257    -0.527179    0.0715551   -0.0259521     0.225201    -0.324301    0.0691954    -0.181482     0.136572     -0.33494    -0.485536     0.283468     0.290231     0.413686      0.08062     0.117624     0.317427    -0.283966    -0.107036    -0.127265    0.0182613    0.0527623    -0.339657     0.599087
    0.498739     0.258334   0.00817536     0.399658    -0.120461     -0.12237     0.112604      0.10555     0.316358    0.0770318    0.0734025     0.124845    -0.452018    0.0615915      0.10874     0.281215   -0.0159825    -0.718739    0.0365361     0.074842    0.0939635    -0.712573    0.0405763      0.58807     0.148543    -0.745836     0.149305     -0.33494     0.283626    0.0443444    -0.598046   -0.0538236
   -0.476242   -0.0983555    -0.389782     0.544428     0.659204     0.119162    -0.389765    0.0402377     0.071942    -0.532857    -0.595807     0.625412    0.0542074    -0.501219    0.0339757     0.145122     -0.55951     0.128583     0.025874     0.386046     0.662706      -0.2623     0.279159    0.0852783     0.449242   -0.0580525     0.308657    0.0397849     0.508126    -0.689849    0.0962448    -0.143829
   0.0374571     0.131005    -0.475432     0.126068    0.0266295    0.0173779     -0.32486     0.349864     0.224976    -0.277724  -0.00229651     0.342019    -0.548529     0.286936    0.0671381   -0.0220648    -0.483942    -0.325201     0.673807     0.259757   0.00182861    -0.246228     0.152627    0.0439777     0.836736    -0.261338    -0.041983    -0.382445    0.0857751   -0.0223017     -0.09518      0.28336
   -0.244159     0.246411     0.535104     0.234645     0.222937    0.0511585    -0.112753 -6.82745e-05     0.110348   -0.0441939    -0.214345     -0.11248    -0.386956     0.495049    -0.291912     0.109476    -0.411161    -0.289993     0.319672       0.1598     0.322481   -0.0928724    -0.130638    0.0481041    -0.589775     0.125005    -0.384326    0.0159539    -0.482544    -0.287776     0.434223    -0.482665
    0.255912    0.0593549    -0.159618    0.0606869     0.847947    0.0651748    -0.355333   -0.0625024     0.394283    0.0448746    -0.126463   -0.0351016   -0.0804619    0.0347291    0.0912098    -0.603868    -0.335027     0.101107    -0.275285   -0.0425483   -0.0100912    0.0407257   -0.0831032    -0.326449    0.0919618     0.502984     0.035357    -0.131524    -0.193661    0.0271808    0.0882077     0.192654
    0.412489    -0.159268   -0.0237982    0.0196374    0.0916254     0.257741     0.287938      0.25775     0.107005    -0.168353    -0.314623    -0.314457    -0.461016    -0.470077     0.706385    0.0784762    -0.745146    -0.520113     0.127313     0.183767    0.0558725     0.157003    -0.100805    -0.119211     0.024887     0.416452    -0.469465     -0.18752     0.346852    -0.130293    0.0788119   -0.0878865
    0.283378   -0.0973643    -0.222522     0.158612    0.0346945    0.0635821   -0.0186661     0.141804    -0.158349     0.301494   -0.0498126     0.134503    -0.268273    -0.113305     -0.41301    0.0932581     0.659527    0.0108484    0.0715868    0.0549128     0.223523     0.603843     0.293615     0.118866    -0.492251    0.0230592     0.425263    -0.326179    0.0903629   -0.0617815    0.0795635    -0.676294
   0.0216817     -0.13015     0.605107    -0.270684     0.312698    -0.373619    -0.515793    -0.283833     0.506506     0.143386    -0.274875   -0.0855107    -0.291834     0.201756    -0.335209    -0.193932     0.164115    -0.455254      0.20273    -0.385209     0.399828     0.469943    -0.268324     -0.10353    0.0835452    0.0260605    -0.776358     0.339215    -0.145512    -0.135153   -0.0162068     0.475626
    0.668159    -0.447947     0.088231    -0.265162     0.224885     0.460624     0.338504   -0.0873356   -0.0637677    0.0900926      0.21512     0.144141     0.394655      0.25299    -0.154657    -0.309464    -0.587423     0.877806     0.223968     0.137555     0.229406    -0.669878      0.59705     0.220497   -0.0949364     0.319623     0.246937    -0.687646    0.0531993     -0.27655  -0.00366514   0.00592299
    -0.23042     0.605943     -0.16081    -0.280243     0.258675    -0.674786     0.116741    -0.249479      0.19398     0.279999      0.58529   -0.0930367     0.489219    -0.258024     0.189908    -0.503605     0.198528    -0.100105    -0.364149    -0.271256     0.251039     0.124103    -0.653921     0.267328    0.0932709   -0.0843252     0.454197    -0.171165    -0.298673    -0.109374     0.656128     0.605485
    0.336234    0.0745659   0.00659988     0.503898     -0.12204     0.235368    -0.391527     0.307124     0.358086    -0.221393     0.554946     0.519728     -1.35155    0.0642999     0.149228        0.541      0.29575    -0.620167   -0.0137208     0.270426     0.210229    -0.355681   -0.0487116    0.0357472    -0.299633    -0.348778    -0.390365   -0.0977801    -0.666381    -0.669055   -0.0356097    -0.890063
   -0.180757     0.278283   -0.0313583      0.44481    -0.180352    -0.189555    -0.622957     -0.51289     0.299353     0.213737     -0.21683    -0.471709    -0.450094     0.398492     0.535143    -0.230396    -0.311642     0.112733    0.0126805    -0.210081    -0.488627    -0.530817     0.390326    0.0988928    -0.354095     0.200671     0.100964    -0.663492    -0.484025    -0.242445     -0.29032     0.127316
    0.944294    -0.419935    -0.960543   -0.0950527    -0.124571     0.525685    -0.835043     0.630192    -0.123335    0.0602082    -0.120978     0.161951    -0.720468    0.0817833     0.405789    -0.156649    -0.784265    -0.240104    0.0291553     0.784055    0.0749922    -0.449228     0.239153     0.750012    -0.319004     0.371541    -0.799147    0.0952974    -0.335784      0.16258   -0.0758268    -0.302353
    0.162982    -0.627315     0.166311    -0.801352    -0.575635     0.172967      0.17987      0.59461    -0.209202     0.465073    -0.472739     0.319836        1.132    -0.254116    0.0552616    -0.231719    -0.638778     0.787944     0.382032     0.415057    0.0732843    -0.842432     0.602052     0.404435    -0.566152     0.485346    -0.360416    -0.170972     0.529477    0.0517586   -0.0278965    -0.167406
  0.00553146    -0.255072     0.324643     0.327141    0.0424331    -0.482852    -0.298161   -0.0105062    -0.275108    -0.583619     0.214851    0.0871637     0.584954   -0.0390995    -0.700488   -0.0909462     0.491434     0.369978    -0.385363     -0.16568    -0.126135     0.291054    0.0895406    -0.132298    -0.201861      0.19359    -0.411108     0.320426    -0.058966   -0.0904008    -0.314102    0.0183338
  -0.0343267    -0.446767     0.122025    -0.304156     0.260257    0.0479637     -0.28559     0.196162    -0.275908    0.0877594    -0.234336     0.545797    -0.396749    -0.103086     -0.29028     0.236429   0.00138521     0.257029     0.186105     0.476989     0.438861   -0.0451373      0.10249     0.418408     0.132243     0.235697   -0.0761197    -0.502471    0.0228097   -0.0710727   -0.0694178    -0.437387
   -0.654239      0.62912    -0.198506    -0.545921      -0.7635    -0.231221      0.41867    0.0413326     0.329972     0.267361     0.159141     -0.23467      1.04929      0.70081    -0.229496   -0.0304085    0.0893854     0.429244    -0.152361   0.00816904   -0.0486099     0.146397    -0.341322     0.165949    -0.429582    -0.238642     0.122509    0.0740912    -0.615462    0.0181255    -0.582224      1.09154
    0.420455     0.154496    -0.339422    -0.109009   -0.0483335      0.47491   -0.0286342    0.0514625     0.252831    -0.305005    -0.147659     0.310183   -0.0793075    -0.141282     0.356919    -0.199275    -0.218008     0.269479    -0.382677     0.535396    -0.225002     0.211398    -0.405517     0.661134     0.337907   -0.0205477     0.434697    -0.066772     0.350978     -1.03322    -0.196439    -0.369129
    0.462651     0.728055     -0.66256     0.726425    -0.641317    -0.267035    -0.353944     0.315712     0.402881     0.194025     0.330826    -0.401897     -1.52932   -0.0073108     0.185328    -0.146573     0.152071    -0.773802    -0.729189     0.198505    -0.148791   -0.0478116    -0.174434      1.08314    -0.196054     0.106206     0.530858    0.0991989    -0.059207    0.0275562    -0.184702    -0.205096
   -0.104652      -0.3116     0.149935     -0.59891     0.184376     0.797202     0.175843     0.460915     0.155629     0.266171     -0.53948     0.251203     0.192264    -0.098474    -0.270096    -0.468723    -0.350988     0.261466     0.267979     0.393752     0.508304    -0.382379     0.572076     0.788815    -0.260365     0.138099    -0.537574     0.131243    0.0119492      0.36143     -0.15057    0.0623997
    0.801296    -0.124206     -0.91185    -0.358238    -0.708122     0.286703     0.052687     0.606522    -0.504143    -0.136862    -0.037458     0.612036    -0.159957     0.184632     0.277945    0.0796626   -0.0998298   0.00754388   -0.0841889     0.358277    -0.328688    -0.232941     0.122723     0.234523     0.281469   0.00385712     0.148341    -0.389581     0.634949    -0.159035     0.154262    -0.599153
     0.17222    -0.220197    -0.194304    -0.386859    -0.204536   -0.0573039     0.601833     0.136399    0.0321987  -0.00559258   -0.0518991    0.0710387      0.92397    -0.259901  -0.00100582    -0.302216    -0.166436   -0.0487004    -0.414116     0.104947     0.538178     0.155083   -0.0248082    -0.233272     0.165501    -0.170199    0.0889425  -0.00224978    -0.329316    0.0658156     0.095279     0.203997
   0.0327428    -0.476554    0.0645358    -0.270966    -0.167542    0.0733301   0.00913885     0.396572    -0.749035     0.119225     -0.26259   0.00324241    -0.109707      0.22919     0.526635     0.170562     -0.31557     0.671675     0.673539     0.394064     0.147039    -0.650437     0.340007     0.594711     0.139928     0.122945    -0.359846     0.142308   -0.0689068     -0.19041    0.0619543   -0.0548707
    0.405459    -0.478106   -0.0251023    0.0128517  -0.00738669     0.471629   -0.0586948     0.280211    -0.240827     -0.22333     0.254035     0.286373     0.192115    -0.138122     0.182993       0.4292    -0.159811    -0.243066     0.133582     0.344536    -0.250641    -0.491935     0.590527    0.0607952     0.332174     0.127578    -0.486129    -0.134493  -0.00540361     0.443508    -0.236753    -0.515873
    0.397531     0.165064    -0.204587    -0.249466     -0.40095    -0.330229     0.749218     0.279481     -0.23483     0.247251    -0.185055   -0.0866294     0.183883    -0.171798     0.285343    -0.194649     0.136347      0.26312    -0.356327     0.903934    -0.205314    -0.259425     0.400511    -0.286117    -0.472712    0.0876832   -0.0466681      0.25104     0.323613     0.215464     0.129594     0.183136
     0.45127     -0.56413     0.178948    -0.489482    -0.447114   -0.0207301     0.735054    -0.216333    -0.388266     0.183512     0.461351    -0.193883      1.85462     0.443403    -0.184868     0.236297     0.471386      1.06761   0.00799318     -0.10306     0.589572    -0.286174     0.503552     -0.53023    -0.142572    0.0529748     0.476399   -0.0327608    0.0703445      0.12627    -0.543784    -0.237074
    0.261509     0.365705    -0.579493     -0.70573     0.240391     0.289268     0.664102     0.428323     0.158331     0.380308     0.228883     0.044291    -0.195058     0.237941     0.706127     0.416919    -0.192095    -0.199411    -0.516165     0.284226    -0.017521   -0.0436126    -0.383369     0.186763     0.163092    -0.100993     0.291939    -0.226776     0.544903      0.22248     0.569988    -0.254641
    0.169577    0.0628129     -0.17371    -0.457935     0.532389     0.400048    -0.182316    -0.252451    -0.279183     0.277446    -0.242256   -0.0117384     -0.56612    -0.600432     0.373309    -0.125621    -0.337223    -0.242641   -0.0605852     0.707549     0.324862    -0.313946   -0.0349043  -0.00268768     -0.20165    -0.233072   -0.0176114    0.0940034    -0.667005    -0.445587     0.378198    -0.204093
   -0.237794     0.548831    -0.655325     0.566391   0.00737403    -0.129181     0.343667    -0.323073    -0.132466    -0.046911      0.22505    -0.655323     -0.32341      0.25517   0.00816959    -0.527989     0.158436   0.00210649    -0.496458     0.203964     0.131211     0.833319     0.130534     0.329979    -0.338755     0.449947     0.609316    -0.196433      -1.1187     0.353721     0.129638     0.638545
    0.394056     0.300841     -0.56675    -0.167179    -0.195179    -0.114854    0.0814425     0.129497     0.374943     0.323382   0.00641906     0.011008    -0.607692   -0.0913902    -0.229315    -0.143187    -0.300629    -0.518739    0.0350789    -0.260088     0.320435   -0.0497278    -0.497154     0.346277    -0.114642   -0.0324582     0.339042    0.0449285    -0.287319    -0.310911    -0.186355     0.654333
   -0.319168    -0.316066    0.0500372    -0.386832    0.0977581     0.348611     0.651437     0.527826    -0.333811    0.0251392     -0.35364     0.253172     0.398124     0.112472    0.0255832    0.0554344    -0.241504      0.21078   -0.0804612     0.755605     0.163083    -0.226469     0.333791     0.475167  -0.00332977     0.220034     0.717459    -0.594286     0.491692     0.510586   -0.0137517    -0.149752
    0.438792    -0.338538    -0.204953    0.0408649  0.000907757     0.779548   -0.0146936     0.209179     0.184917    -0.233006    -0.223794     -0.42449     0.172604   -0.0889859     0.562579    0.0571027    -0.331822    -0.129491    -0.847548     0.478204   -0.0787435    -0.519523    -0.321544     0.240652    -0.261255        0.115     0.642008    -0.615216    0.0134261   -0.0637766      0.39673    0.0776123
   0.0507118     0.199538     0.658808    -0.330892     -0.53149     -0.71779     0.455834   -0.0881745    -0.239113     0.660275    -0.082682    -0.274881      1.19605      0.21139    0.0248164    -0.877613     0.136881     0.609156    -0.396881     0.303709     0.218836    -0.637481     0.284608     0.167772    -0.373372     0.510464    -0.490631   -0.0660704   -0.0991733    0.0778867    -0.206619      0.36585
    -0.84649     0.191726    -0.178717    -0.359053    0.0969481    -0.781216      0.13138    0.0535162    -0.502209    -0.265752     0.217789   -0.0411123     0.695521    -0.251481    0.0392319    -0.734985    -0.225243     0.655346    0.0116215    -0.290136    -0.401949    0.0482272     0.333748    0.0465703    -0.310891    -0.173922   -0.0277924   -0.0649677    -0.458958   -0.0272896     0.472866     0.788237
   -0.723843     0.885163     0.994775    0.0217226     0.715066    0.0596732      0.38551    -0.142588     0.505102     0.144857   -0.0957378    -0.640202     0.256988    -0.544899    -0.212046   -0.0874408      0.84501     -1.21113     0.691967    -0.621528   -0.0901237     0.762305   0.00257365    -0.532452     0.128236    -0.686425    -0.360131     0.261767     -0.36256    -0.316989    0.0577307      0.48072
    0.152283    -0.117214     0.568764    -0.595785    -0.187432    -0.485023   0.00475797      0.42831     -0.24636      0.33134     0.325437    -0.237755     0.876389    -0.388824     0.266675    -0.354629    -0.598534     0.650115     0.331137    -0.273056     0.933472     -0.13702    0.0287035   -0.0180235    -0.375591     0.444707     -0.48678     0.237474    -0.512981      0.57067    -0.201619     0.966568
     0.07182     0.225627    -0.523823     0.301474    -0.285981      0.47386    -0.163502    -0.111817    -0.229963     0.192711     0.221078    -0.135818     -1.08789    -0.106707    -0.242555    0.0645581    -0.212516    -0.211252    -0.129028   -0.0390554    -0.096324    -0.315348     0.235401     0.118782     0.300337    -0.108284    -0.698298     0.601402     -0.35267   -0.0894476    -0.227519     0.462768
    0.910587    -0.401054    0.0523505     0.548889    -0.442042     0.580277    0.0776648     -0.23426    0.0770691     0.115468    -0.230489     0.378631     -0.69743     0.493166    0.0597612    0.0387306  -0.00640233     -1.07429    -0.229233     0.725245  -0.00818711    -0.436257    -0.513142     0.522733   -0.0934416     0.180721    0.0903108    -0.223411     0.159562     0.022592     0.246924    -0.435762
   0.0525127    -0.208947   0.00700665     0.707249    -0.680581    -0.328211    -0.279779    -0.117798   -0.0427162    -0.430908   0.00328909     0.244234    -0.615864    -0.547607    -0.467202     0.346767    -0.230115    -0.178518    -0.204961    0.0502058    -0.299716    -0.382982     0.196068     0.321931    0.0869146     0.372111    -0.359735    -0.138674    0.0748101      0.44195   -0.0625319    0.0244208
 -0.00519472     0.147673     -0.15345     0.114422     0.121606    -0.119578    -0.221435    -0.314414    -0.104427     0.128461     0.187576    -0.246237     0.233811    0.0401465    0.0348687    0.0359176     0.658982    -0.102297    -0.199862     -0.66269     0.387354   -0.0870735      0.14541    -0.298518     0.219321    -0.425469     0.252941     0.331494    0.0410603    0.0317781   -0.0710449     0.363516
   0.0482842    0.0917772     0.169118    -0.571035   -0.0934534     0.140807   -0.0811852     0.419181    0.0628376    -0.231789    -0.161104     0.260628     0.140828    -0.229943   -0.0265462     0.760497    -0.357488    -0.211682    -0.170505     0.153881    0.0334945   0.00560931    -0.593263     0.497697     0.139849    -0.453603    -0.403017     0.324444     0.315808     0.102463    -0.404242    -0.469497
   -0.229901     0.355124   -0.0328795     0.329606     0.424624     -0.29741    -0.237871    0.0812358     0.325941     0.225692     0.148752     0.129066    -0.600779    -0.340997    -0.318892   -0.0322207      0.24639    -0.389203     0.728043  -0.00532784    -0.194409     -0.25409    -0.212923   -0.0176352     0.145541    -0.235059     -0.28692     0.267789     0.115915    -0.669152     0.361798   -0.0246469
    0.445253    -0.119769    -0.451965    0.0328373    -0.335566     0.076958     0.349695      0.44079   -0.0778873    -0.324325    0.0277879     0.672325   -0.0506316     0.083495    -0.156372   -0.0203034    -0.558454     0.343759    -0.338014     0.617382     0.495789    -0.526439   0.00881298     0.397497    0.0906565    -0.297558    -0.101062  -0.00902816     0.283489    0.0855836      0.26792    -0.132119
   -0.124245     -0.47488   -0.0724071     0.284108     0.154008    -0.297032   -0.0799759   -0.0648831   -0.0855068    -0.204153    -0.649001     0.131893    -0.286787    -0.115451    -0.445833    -0.214978    -0.403687    -0.175032     0.618751     0.384921     -0.12834    -0.463306   0.00494519      0.60656     0.126374    -0.186088    -0.282463     0.101271    0.0523946    -0.276774    0.0578417    0.0463005
    -0.38301    -0.629566        0.485    -0.150607     0.845674    -0.385462     0.108789     0.463457     0.366455   0.00570052   -0.0437801   -0.0995793     0.244885   -0.0650503     0.010698     0.208746    -0.491727    -0.641325     0.489181    0.0697496     0.686952     0.213909     -0.12351    -0.326545      0.20057   -0.0469251     -0.42173    -0.171479     0.210004    -0.140982     0.274149   0.00382629
   -0.826362     0.866228     0.633822    -0.352114    -0.113075    -0.997532    -0.103068    -0.597799     0.186634     0.121624   -0.0923135    -0.341918      1.05458    0.0167324      0.48585    -0.178131     0.825932     0.345534     0.081328    -0.788122    -0.433486   -0.0907494    0.0923164    -0.609452     0.140835    -0.250461    -0.194908     0.713527     -0.71068     0.219585    -0.683084     0.658235
    0.454761    -0.104276    -0.526346      -0.2562    -0.527789   -0.0674689    -0.334871    0.0144776     0.582796     0.190403    -0.262544   -0.0240143     -0.24348    0.0637325    -0.772475     0.262555     0.227487    -0.237348     0.125856     0.052455    -0.239899    -0.128078   -0.0913316   -0.0213162  -0.00669574    -0.219099    -0.695183     0.378401    0.0585295    -0.312333     -0.11867     0.267136
    0.231232     0.339424    -0.216767     0.488987   -0.0669227     0.688602   -0.0427749     0.375266     0.109777     0.129949    0.0839776   -0.0804729    -0.584126     0.504714     -0.25911     0.700283     0.227197     0.150154    -0.669574    -0.224778   -0.0777521    -0.402234    -0.208626    -0.153637    -0.331371   -0.0743977      0.13651     0.179759    -0.384812     0.117251    -0.313519    -0.733773
   0.0430243     0.193241     0.313495    0.0464733    -0.209635     0.126281     -0.12032     0.104566     0.297304    -0.652603    -0.463554     0.283798    -0.217994   -0.0471182    -0.353443     0.053486     0.252045    -0.744662     0.087575     0.259977    -0.083063    -0.168292    -0.248982     0.190195     0.511255   -0.0183028    -0.461998     0.690931    -0.176699     0.195607     0.145687     0.045489
    0.113709    -0.238401     -0.12657    -0.080101     0.524959     0.184862    0.0253898    -0.257762  -0.00332218     0.291484    -0.413907    0.0178209     -0.23565     0.190041     0.132235    -0.409986   -0.0376989    -0.148545    0.0361548     0.142223    -0.788352     0.155922    -0.298344     0.188455    -0.132044    -0.363741     0.143498    -0.528686   -0.0722424    -0.745568     0.242159    -0.267997
    0.105335    -0.302554     -0.24864    -0.167066    -0.460718    0.0299242  -0.00633064     0.415222    -0.038037    -0.652965    -0.363047     0.499848    0.0831795    -0.117833   -0.0574349   -0.0708533    -0.376899     0.433387     0.187082     0.244875    -0.272792   -0.0215609     0.213423     0.132496     0.431526    -0.131232    -0.232653     0.510162      0.39454     -0.30634   0.00357325    -0.241893
    0.207662     0.536204    -0.405281   -0.0326487    -0.401553    -0.428143    -0.165432   -0.0533268    0.0909562   -0.0512904    -0.124003   -0.0891879      0.39005     0.451224    0.0463611   -0.0248396     0.147924     0.180478   -0.0173196    0.0715563     0.167971    -0.220922    0.0363035      0.49126     0.333327    -0.116416    0.0121169    -0.164038    0.0573578    -0.132776     -0.33567     0.333171
    0.617431     0.140405    -0.745006     0.485114     0.425624     0.660831      -1.0669     0.490126     0.493193    -0.330567    -0.244345     0.395637      -1.6466     0.105302     0.563319    0.0463236   -0.0585264    -0.861777     0.123456     0.943881      -0.1288    -0.337857     0.285428     0.112957     0.632808     0.561267    -0.575575     0.118677    0.0866334   -0.0143736   -0.0420976    -0.557518
    0.162195    0.0917795    -0.851957   -0.0491002    -0.559509    0.0810313    -0.123543     0.416714   -0.0631204   -0.0153448     0.133628   -0.0733523    -0.507148     0.697943    -0.418861     0.511934     0.139643     0.538719    -0.167014     -0.48713    -0.176821   -0.0128902     0.273389   -0.0843591     0.275735     0.479321     0.458475     -0.13197    -0.275635     0.182014    -0.410374     0.161799
    0.876962    -0.332848   -0.0814198    -0.449404    -0.304349     0.306787     0.376686     0.101328     0.397524     0.197743     0.313865   -0.0624551     0.103474     0.467867    -0.271359     0.130663    -0.601518     0.126726    -0.309877     0.491297     0.616153    -0.393895     0.412605     0.201212     0.222192      -0.2813    -0.161179   -0.0191485     0.174131    0.0498881     0.127232    -0.271966
  -0.0772635    0.0932101    0.0907704    0.0384296     0.448272     0.595223    0.0626666     0.718092    0.0111663    -0.164914      0.15857      0.12816    -0.345376    0.0491294   -0.0159324   -0.0245002    0.0327643    -0.226201    -0.458605     0.348094     0.483626    -0.074863     0.139552    0.0980518     0.142254    -0.391514    -0.742061     0.011084     0.342359   0.00253501    0.0424993    -0.724363
     1.05228    -0.537008    -0.424258     0.187297    0.0787395     0.385634   -0.0312964     0.417547    -0.198279    -0.889092     0.127122    -0.048143    -0.406912  -0.00134782     0.478038    -0.648414    -0.711027     0.458182    -0.394064     0.938613     0.464468    -0.505605     0.687382     0.743367     0.275414     0.104949    -0.148528    -0.117778     0.491773     0.201235    0.0848338    -0.418199
    0.758832     0.210547    -0.378694   -0.0915673    -0.343244     0.116121     -0.11741     0.226036    -0.231359   -0.0305061    0.0801637     0.118194    -0.192164    -0.213327     0.123376     0.178233   -0.0337339    -0.216525    -0.343318     0.329523   -0.0140429    -0.754437     0.129503    -0.159038   -0.0454208    -0.113767     0.390547    -0.163185     0.358923    -0.107982   -0.0572748    -0.472315
    0.258326    -0.161324    -0.859704     0.142591     0.140896     0.463117    -0.270718     -0.39648     0.205123     0.101442    -0.211724    -0.271769     0.314015     0.233533     0.689977    0.0175265   0.00370201     0.090284     0.500558    0.0639861   -0.0315805    -0.129627     0.204939    -0.645255     -0.38461    0.0307702   -0.0719045     0.299177   -0.0248105    -0.402957     0.417295   -0.0439981
    0.359736    0.0990102    -0.485231    -0.249317    0.0576021    -0.890084    -0.468257    -0.358087    -0.174581   -0.0573141    -0.254344     0.167262    -0.759072     0.125612   -0.0443058     0.213276    0.0574114    -0.200531     0.873043    -0.220343    -0.353464     -0.11323    -0.176735    0.0703661     0.374344     -0.46806    -0.226838    0.0526864     0.287297    -0.531568    -0.202277    -0.164671
   -0.272465    -0.230088     0.347056     0.333362     0.362019    -0.225749    -0.375308    0.0957556     0.521937   -0.0585254     0.135646     0.262683     0.161954      -0.4619    -0.787493    0.0229451    0.0698793    -0.466027    -0.947162   -0.0854775     0.389801   -0.0642581    -0.522301     0.499972     0.689465    0.0229491    -0.067703   -0.0817117     0.221621     0.198502    -0.779101    -0.219732
    0.521874    -0.251814    -0.120004   -0.0801811     0.153866      0.27917     0.218578     0.543013    -0.323751     0.373415    -0.113224     0.366182    -0.212361    -0.131653    -0.257344    -0.486217    -0.335726    -0.177812      0.28892   -0.0810687     0.235364     0.081627    0.0895055     0.273465    -0.114048    0.0893405    -0.357641    -0.130299      -0.2187     0.147688   -0.0345103    0.0361679
    0.672799     0.304314     -1.01753      0.20058    -0.658345    -0.619003    -0.582381     0.385653    -0.148452    -0.292884    -0.279022     0.105845    -0.824255     0.702592     0.463138   -0.0474618     0.123008   -0.0108793     0.560659     0.339943    -0.335701    -0.106028     0.513142    -0.228206    -0.289398     0.584621     0.435468     0.446318    -0.199521     0.456004    -0.314692     0.135117
   -0.496631     0.335001  -0.00287614    0.0861153    -0.137195   -0.0855043    -0.253868     0.445845    -0.069019    -0.269991      0.43925     0.433847    -0.390087    0.0213233      0.58462   -0.0927839   -0.0635323     0.405615     0.488165     0.143964     0.022414     0.169571     0.663538   -0.0754289    -0.101934     0.338161    -0.216336     0.273466   -0.0694038    -0.126507    -0.152791     0.317976
   -0.261628     0.164219    -0.109556     0.274368   -0.0289663     0.436847    -0.170181      0.47681    -0.112557    -0.240809     0.182574      0.13907    -0.237371    -0.176053     0.280724    -0.213774    -0.321301     0.269998    -0.184015     0.254868      0.50828     -0.20363     0.379609     0.930627     0.379074     0.412099     -0.14765     0.313764     0.158927      0.14128   -0.0270421    -0.140352
   -0.757964     0.797161     0.176171   -0.0716087     0.737407    -0.738369     0.206496   -0.0509674    -0.033041    -0.322905    0.0157372    -0.164217     0.338017    -0.476958     0.763352    -0.234826     0.284115    -0.460732    -0.131414    -0.506154    -0.380654      0.17102    -0.445125    -0.157666     0.386999    -0.508325    -0.287352     0.425491     0.175383   -0.0280638    -0.183261     0.447678
    0.158185     0.441194    -0.141503     0.369832     0.159854     0.200467    -0.450633     0.197709    -0.143929    -0.297012     -0.17778    -0.085302     -1.12671     0.201378     0.495512     0.436455    -0.514843    -0.199972     0.122701     0.633853     0.622771     0.301626    -0.740228   -0.0587776    -0.476787    -0.885756    -0.306269     0.262028    -0.188554     0.016577     0.400196    -0.369385
    -0.31455     0.925741     0.153626     0.147112   -0.0413539    -0.139841    -0.242916     0.172633    0.0481825   -0.0676347     0.290053    -0.186558   -0.0273607     0.215733    -0.450859    0.0935636      1.02175    -0.619001     0.104412    -0.683503    -0.495267     0.542757    -0.318827     0.209535     0.324444     0.121429    -0.123061     0.298172    -0.247788     0.474632     0.335545     0.603114
    0.380992  -0.00940446   -0.0107451    -0.176566     -0.54747   -0.0416861    -0.242986     0.295758    -0.400537    -0.570257    -0.146243    -0.158878    -0.630925     0.448881     0.122863     0.079948     -0.54694     0.432897      0.20233     0.769437    -0.572787    -0.125066     0.198938     -0.48727    -0.198224     0.501124   -0.0498219   -0.0576682      0.32366     0.284074    -0.446317     0.283392
   -0.389948   -0.0544106    -0.151965    0.0511057    -0.629496   -0.0722314     -0.32605     -0.25183   -0.0241154    -0.355248   -0.0431335   -0.0577415     0.169147     0.155504    0.0937549   -0.0635329    -0.061408   -0.0538355     0.368675   0.00609021    -0.319487   -0.0689883      0.70017     0.177583    -0.144398     0.040518    -0.309024     0.135866    0.0838434    -0.157974    -0.465534 -9.39121e-05
    0.134196    -0.823118     0.207911     0.051375    -0.277643  -0.00615634   -0.0997396     0.552115    -0.195922    -0.204454     0.117422    -0.044022     0.263371     0.167936     0.134258    -0.185879   -0.0757735     0.895932   -0.0441595     0.227396     0.600413   -0.0875626     0.659005     0.158474    -0.380636     0.758197    -0.532113   -0.0576552     0.111566     0.317288    -0.491891   -0.0736526
    0.162798   -0.0877448    -0.242324    -0.113027     0.318364     0.178776    -0.135904     0.546458     -0.20813     0.162618    -0.337605    0.0864146    -0.256024     -0.14573     0.217681    -0.576808     -0.48078     0.131403    -0.259161     0.138585    -0.103818      -0.2027    0.0157176      0.85606    -0.074525      0.27898     0.477613    -0.269376     -0.48853     0.454902   -0.0622653      0.20832
    0.175178     0.188617    -0.769356      0.11095     0.279305    -0.237327    -0.376047     0.223978     0.139152    -0.201334    -0.371703     0.222107    -0.377412    -0.110457     0.742883    0.0602439    -0.111711    -0.289355     0.389684     0.157466   -0.0860401     0.064635   -0.0911472     0.223009     -0.21739    -0.106386     0.573811    -0.551092    -0.201363    -0.410646     0.430729   -0.0719168
    0.137612     0.303097    -0.219216      0.16804     0.165075    -0.184446  -0.00692528     0.169093   -0.0225509    -0.135683     0.108696     0.338841    -0.106027    -0.269849     0.299017   -0.0835592    -0.206074     0.389026     0.248746     0.522353     0.129964    -0.459888     0.268583   -0.0433672    -0.176174   -0.0942426    -0.417749   -0.0112331     0.479641    -0.217221     0.100207    0.0699486
  -0.0114307   -0.0398834      0.51629     0.298979    -0.107007    -0.615385    -0.355815     0.120141     0.527936     0.120164   -0.0971184     0.425343    -0.117432    -0.283571    0.0431449     0.592878    -0.709167    -0.759765    -0.471357    -0.202629      0.41404    -0.458253    -0.302347     0.626098     0.717641    -0.249161     -1.38862     0.147017    0.0754758     0.215983    -0.469454   -0.0196564
    0.223289    -0.371099    -0.210099    -0.530738     0.366951    -0.182135   -0.0683822     0.484926     0.187517   -0.0157187    -0.126928    0.0144673    0.0171068    0.0772995     0.257563    0.0440185    -0.122416     0.316806     0.889075    0.0720747     0.107166   -0.0491577     0.461533    -0.053576     0.289471    0.0862873    -0.285846   0.00791956     0.256047     0.303581    -0.107063     0.213407
    0.244174     0.133267    -0.590693    -0.141781     -1.09484     0.235381      0.36434    -0.128786   -0.0706081   -0.0771374    -0.611932     0.298269   -0.0117465    0.0764641     0.209169     0.453533     0.366649     0.257168   -0.0836365   -0.0218269    -0.230004    -0.124784    -0.615931     0.242958     0.180941      -0.4303 -0.000667275     0.615214      0.26017   -0.0349453    -0.163227    -0.195327
    0.796864    -0.136552    0.0966622     0.456844    -0.027159     0.409036    -0.326923     0.307798      -0.3954     0.160417    -0.709099     0.372851    -0.328078    -0.393864   -0.0927566      0.18005    -0.334552    -0.927402     0.168742     0.352465    0.0615474    -0.261638    0.0245008    -0.043807   0.00762155     0.273553   -0.0382677    -0.119997    0.0405353    0.0867015     0.237151    -0.440969
    0.454869    0.0927832     -0.12695     0.044745     -0.41607     0.380737    0.0502659    -0.260554     0.260691    -0.263942   -0.0619555     0.367669    0.0716394    -0.157719     0.409263     0.218479   -0.0167428     0.101343    0.0204873     0.511072     0.315675    -0.194891    0.0604786     0.297757     0.253302     -0.28456     0.257714    0.0368768     0.254449     0.335492     0.376411     0.139756
   0.0373662     0.445606     0.438807    -0.286936   -0.0963463     0.375102     0.134366   -0.0326224    0.0135753    -0.124969    0.0947632    -0.108999    0.0368288   -0.0109859   -0.0951183     0.377232   -0.0795696     0.355819    -0.197784     0.176267     0.580691   -0.0170057     0.186624     -0.21062    0.0012423     -0.39939    -0.130519     0.318351    -0.134377     0.139324     0.245974    -0.160297
   -0.260449    0.0461569      1.12744     0.144682     0.530027   0.00420852    0.0281074   -0.0050226    -0.371036    -0.188707    -0.407523   -0.0440023     0.989012    -0.449479    -0.377422   -0.0900925    0.0208843     0.237327   0.00443106    -0.341318    -0.177721    -0.628808    -0.150966    0.0372332     0.617873  0.000614975    -0.487195    0.0161856     0.247106   0.00756832     -0.54775     0.279828
  -0.0273458    -0.265068     0.842243     0.218238    -0.402032     0.417797     0.459701    -0.224721    -0.548993    -0.462507    -0.168323    -0.369354     0.277967    0.0414817      0.10827     0.318633     0.294829     0.275329    -0.293444     0.122087     0.556163   -0.0587961     0.120159    0.0763218   -0.0718023     0.388722      0.13818     0.328531   -0.0761433   -0.0434425    -0.596165    -0.224547
   -0.142649    -0.276896      0.43302   -0.0983522    0.0101471     -1.00011    -0.540845   -0.0252231     0.202437   -0.0121742    -0.193856   -0.0298166    0.0310075    -0.261097   -0.0358243    -0.513664     0.397393    -0.213392      1.07124    -0.551444    -0.417937     0.313289     0.114134     -0.02098     0.125539     0.128925    -0.344296    -0.206271    -0.463336    0.0046818   -0.0444447      1.38477
    0.274671    -0.673064    -0.390651     0.387871     0.590484      1.24486    -0.882409    -0.010275     0.275276    -0.272705    -0.148842     0.281096    -0.330787    -0.476615     0.228252    -0.389901    -0.350243    -0.644871      0.52215     0.086812     0.573757    -0.201702     0.241285     0.297028     0.347945   0.00292202    0.0910032    -0.134514     0.194653    -0.224443     0.558177     -1.30972
   -0.241657     0.431534      0.01303     0.536988    -0.330788    -0.657413    0.0531905    -0.796791     0.388148      0.15377     0.281103   -0.0806204    0.0689605     0.590462     0.531749    0.0211416     0.448249    -0.262248    0.0647605    -0.109576    -0.179813     0.384189    -0.492024    -0.134263    -0.477623    -0.638528     0.199341     0.195628    -0.603176    -0.460794     -0.31568     0.298738
 -0.00752798    -0.036289     0.451191    -0.177489     0.309963     0.327543   -0.0027054   -0.0295691     0.323768    -0.527262    -0.171755    -0.077556     -0.50836   -0.0212458     0.097634     0.325048    -0.352573    -0.049168  -0.00894308     0.206076    -0.109543    -0.245232     0.160879   -0.0901749    -0.272289     0.225619    -0.119517     0.530275    -0.408735     0.131383    -0.507569   -0.0531421
  -0.0698614    -0.287818    0.0760522    -0.440871    0.0782263     0.129178     0.745277   -0.0425051    -0.336625   -0.0259009     0.299207    -0.259542     0.176982    -0.270359     0.424072     0.175125    0.0610691     0.203469   -0.0484782     0.489819    -0.012957    -0.218572    0.0684968    -0.139076     0.267367    0.0614984   -0.0306691     -0.33834     0.481583    -0.218342   -0.0205721    -0.223152
    0.482038     0.179677    -0.215171     0.221661    -0.374849      0.03947     -0.05945    -0.084951   -0.0863746    -0.305461   -0.0954533     0.261994    -0.684518    -0.471727    -0.821682     0.560393    0.0469611    -0.234248      0.12829     0.627399     0.428691    -0.634547    0.0945253     0.792691     0.367831     0.333133    -0.522245     0.322556    -0.326283    -0.162552    -0.478219    -0.459324
    0.275998     0.445617    -0.499439    -0.209504    -0.162991    -0.220766    -0.502261     0.128706   -0.0130138     0.228956     0.326076    -0.161488    -0.165324     0.289424    0.0843365     0.140171    -0.412515     0.201198    -0.311554     0.298976     0.024306     0.260135    -0.331749     0.463417    0.0583565    -0.424643    -0.136652     0.406878     0.230872     0.419888     0.389434     0.459944
    0.438119     0.307138     0.107842   -0.0743402    -0.884924     0.176178     0.442653     0.423522     0.252776   -0.0590425   0.00670796     0.122477    -0.150419   -0.0488934     0.375756     0.201057   -0.0371782   -0.0506921    -0.354166     0.147354     0.336494    -0.370007     0.148534   -0.0514705    -0.143368     0.325895    -0.270571    -0.387926    -0.118659     0.494414     0.185128      0.22422
    0.164293    0.0725851    0.0778581    0.0856156   -0.0581179      0.62178   0.00756376    -0.133665     -0.11839     0.497907     0.147538    -0.247654   -0.0592937    -0.169504    -0.191723  -0.00451992    0.0589075    -0.576728    -0.374544   -0.0525149     0.217635     0.313386    -0.013552    -0.460569      0.04148    -0.242039    0.0196526    -0.568101    -0.375076    0.0838157    0.0629688    -0.317217
    0.454599     0.462883    -0.127546     0.256522     0.649609   -0.0779567    -0.126785     0.135788      0.33749     0.299102    -0.391595     -0.10346    -0.779461      -0.3721     0.564523   -0.0948458    -0.355342    -0.304862    0.0584389     0.226796      -1.0058    -0.324031    -0.623669     0.063251     0.195418    -0.281719    -0.118887     0.114181   -0.0862977    -0.739437     0.276525    -0.020929
    0.373612    -0.816597    -0.490383   -0.0970353    -0.240959     0.180137    -0.147791     0.394067     0.250981     -0.59959    -0.689927     0.575897  -0.00225927     0.495261    -0.191889      0.15568    -0.101375   -0.0444374    -0.529006     0.591352     0.304613   -0.0149176     0.138051     0.167611    -0.161065     0.327851    -0.781993     0.197411     0.856301     0.314524    -0.316521    -0.282847
   0.0887014    -0.238992     0.342479      0.40057     0.293536     -1.14035    -0.125694   -0.0505022     0.462688   -0.0127394    -0.307483     0.251098     0.740697    -0.318749    -0.366175    -0.246768    -0.810997     0.445958     0.558057    -0.442366     0.248715     -0.19346    0.0998942     0.341095     0.588715     0.191549     0.142004     0.344029     0.253093    -0.535525    -0.419854     -0.10254
   -0.731487     0.433093     0.867842      0.21077     -0.21362    -0.781877     0.320527   -0.0838566     0.259715   -0.0665907    -0.281418    -0.157412    -0.385985    -0.237146    -0.507002    0.0688499    -0.177495    -0.779424     -0.03373    -0.155018    -0.110891   -0.0847435    -0.288174     0.567215     0.123691    -0.132143    -0.253458    0.0163637   0.00483193    -0.313709    -0.273463     0.401646
     0.25834     -0.45278    -0.226978    -0.475736      0.10856     0.361683     0.122759     0.520096      0.23421    -0.019632    -0.109327     0.876956     0.203762    0.0265821     0.316205     -0.21925    -0.376089    -0.221605    -0.256262     0.575172     0.277411    -0.503589    -0.131282     0.542842     0.043991    -0.073858    -0.772944    0.0929223    -0.487823    -0.245181     0.146104     -0.73728
   -0.649685      0.15575    -0.155358     0.159063    -0.372538    0.0794819      0.28901    -0.573985     0.178234    -0.104689    -0.134145     0.339078    -0.149411    0.0217995    -0.136904     0.493831     0.295915    -0.402174   -0.0326715    0.0373334     0.394747     0.392289     -0.14523    -0.114289     0.131412    -0.725579    0.0757268    -0.273535    -0.214729     0.218634   -0.0726151      0.25385
    -0.19954    -0.171795      0.26477   -0.0480087     0.428054    -0.789144    -0.560363   -0.0971753    0.0804402    -0.333879   -0.0388991    0.0370325     0.190065    -0.449523      0.37238    -0.537836     -0.27957     -0.11024     0.177529   -0.0405894    0.0152347   -0.0889698    -0.193987    -0.200467   -0.0431187    -0.324383    -0.654605      0.32024    -0.130206    -0.373072     0.479955      0.54101
  -0.0117517    -0.262756    -0.375907      0.19707   -0.0408231    -0.815171    -0.276589   -0.0676091    0.0228443    -0.231856   -0.0275656     0.225598    -0.213127    -0.146915     0.213123   -0.0994626    0.0766385     0.178419    -0.180407    -0.305045    -0.535039     0.197578     0.389947    -0.194862     0.150394    0.0432222     0.201652    -0.513406     -0.40658   -0.0944364    -0.654874     0.253675
   -0.240986   -0.0706244    -0.015644     0.104936     -0.34175     0.465976    -0.419009    -0.295081    -0.151605    -0.669266     0.685923     -0.25939    -0.041522     0.174915   -0.0351497    -0.226811    -0.138669    -0.277508    0.0355038     0.187093    -0.200131    0.0502884     0.297136     0.160755     0.305554    -0.190399     0.226422    0.0135835   -0.0392942    0.0491473     0.342561     0.132053
    0.042435    -0.321069    -0.150991     0.164156    0.0680743    -0.305583     0.299517     0.077236    0.0593658    -0.543855     0.060238      0.15498    -0.482743    -0.172407     -0.11516    -0.475219   -0.0604189     0.417619     0.345933     0.421117   -0.0648431    -0.405577     0.848579     0.164201 -0.000857409    -0.331023     0.177613  -0.00160366    0.0748408     0.638362    -0.203669     0.432832
   -0.326892    -0.527681     0.396715     0.470831     0.131493    -0.104206     0.422433     0.127522     0.147547     0.154904    0.0330905     0.387149     0.229267   -0.0336207    -0.306647   -0.0501796     0.150693     0.195054     0.040958    -0.282566     0.183293    -0.509371    -0.114916    -0.332091   -0.0437121     0.429128    -0.359327    -0.304173     0.403096     0.192346   -0.0287396    0.0862807
   -0.119751   -0.0538189     0.410378    -0.528412   -0.0867217     0.267333    0.0133022      0.52084   -0.0806147     0.163924    0.0222712     0.392591     0.481452    -0.510228    -0.476439    0.0899586    -0.296935     0.235947     -0.11872     0.594935     0.318124   -0.0638449    -0.203143     0.595028     0.577421    -0.159383    -0.618247     0.189571     0.473892   -0.0227653     0.565721   -0.0720813
    0.300376   -0.0252882     0.181218    -0.538315     0.299324   0.00810953    0.0756393     0.724236     0.193296     0.378115   0.00975679      0.33709     0.857556   0.00750701     0.286983    -0.210173    -0.448713     0.556624    -0.644029     0.472543     0.205775     -0.43354     0.339521     0.558155     0.798687     0.114438   -0.0233437    -0.320649     0.361808     0.152618    -0.218453     0.131285
     -0.1379    -0.640237    -0.154264   -0.0132201     0.433753     0.729754    -0.182028     0.406343    -0.301203    -0.123436      0.14942    -0.137788      0.10925     0.343207   -0.0956025     0.175262     0.102675     0.273173     -0.20513     0.370689     0.106178    0.0393509     0.840574     0.295421    -0.634283     0.238494   -0.0556648     0.135559    -0.201891     0.646152     0.142708    -0.291547
  -0.0873837    0.0546522     0.630761    0.0278586     0.577807   -0.0580572    -0.192357     0.196007     0.285427     0.364787    0.0521155    -0.342347    -0.260101   0.00276413     0.318882    -0.418471    -0.682123    -0.424616     0.486301    0.0945088     0.403375    0.0794099    -0.272657     0.450108     0.286123    0.0811059    -0.270055    -0.157761    -0.125809    -0.128264    0.0360414   -0.0232537
    0.279239    -0.154962    0.0771646    -0.360081    -0.629592     0.608528     0.390047     0.156305    -0.177357    -0.651996     -0.47161     0.268349     0.390107    -0.185461     0.147241    -0.109055    -0.363992     0.295565    0.0178415     0.575142     0.911273   -0.0996277     0.386484     0.362403     0.526231     0.470618    -0.410467      0.25767     0.393773     0.102122    -0.208611     0.117425
   0.0352674      0.36303     0.257121     0.261247   -0.0678356     0.199316    0.0859155   -0.0566749    0.0411438     0.214537     0.417844   -0.0561828    -0.307547    0.0117522 -0.000987997    0.0564049    -0.544721     0.534827      0.13263    0.0856773    0.0594309     -0.16889     0.170195     0.314035    0.0979886    -0.257112    -0.215534     0.670009    0.0684881   -0.0605053     0.109614    -0.419459
   -0.214195     0.323908    -0.444937    -0.466132   -0.0227762   -0.0771797    -0.126707    -0.274994     0.269628     0.136201     0.231121    0.0220894     0.134592     0.174511    -0.165913    -0.100497     0.241483     0.306731     0.173507    -0.248733     0.336392  -0.00660306     0.321141   -0.0664501     0.301495    0.0533773     0.166581       -0.421    -0.191463    0.0484311    0.0990564     0.586131
   -0.434902   0.00548093      0.48342     0.186854      -0.6978    -0.559067    -0.252354     -0.22692     0.482682    -0.416727     0.279418    -0.734953    0.0612634     0.147414    -0.393792    -0.445948    -0.196672     0.184361  -0.00282761    -0.274483    -0.282942    -0.197324      0.61693     0.077603    -0.455774     0.563589    -0.701697     0.385972    -0.120979     0.649549    -0.623474      0.68053
     0.41955    -0.328737    -0.183097     0.310327    0.0782997     0.406316     0.375829     0.250432    0.0499219   -0.0936125    -0.329652     0.315831    -0.497426    0.0790751     0.336758     0.289745   -0.0909198   -0.0453931     0.155414      0.65529    -0.261236   -0.0762721    -0.106701     0.590948    -0.326746    -0.431295     0.363774    -0.308654    0.0459052   -0.0165169     0.317207     0.448375
    0.170223    -0.236398    -0.701742    0.0487772     0.125233    -0.210037   -0.0619961     0.272229   -0.0333765   -0.0468305    -0.199397     0.465116     0.363423      0.19447     0.655897  -0.00109631    -0.320299    0.0711908   -0.0756308     0.344498     0.165153    -0.298082     0.313827     0.566325     0.248565    0.0508531    0.0592361    -0.372412     0.348453   -0.0732457    -0.182056    -0.277092
    0.633796    -0.215614    -0.538824      0.42539   -0.0973357     0.421719    -0.224193    -0.148051    -0.441002    0.0302687     -0.37739     0.359733     0.036333     0.462328    -0.408873     0.308836    0.0425822  0.000891918    -0.306257     0.631008    -0.156952    -0.345342     0.275129     0.114067    -0.312783     0.103346    0.0425763    -0.461043    0.0520647    0.0366907    -0.241356    0.0780223
  -0.0411412     0.464071    -0.151712     0.628963    -0.794708    -0.286442   -0.0495697  -0.00831889    -0.387765    -0.335639    0.0763684    -0.134874     -0.12511     0.120673     0.124386     0.325749     0.372545      0.33563    -0.375739    -0.199925    -0.406131  -0.00549158      -0.1545    -0.102699   -0.0877783    -0.250424     0.764026   -0.0828509   -0.0452513     0.397981    -0.250562     0.061989
     0.46285    -0.452329   -0.0722406    -0.383305    -0.266132   0.00470867     0.319718    -0.264078     0.150794    0.0985838     0.162494     0.289432    -0.197475 -0.000954182    -0.116003   -0.0880038   -0.0160659     0.119173    -0.140622    0.0393246     0.308109    0.0237914     0.242573    -0.245795   -0.0949032    0.0700623    -0.147297   -0.0144742   -0.0272147    -0.171615     0.306287     0.378804
