    0.166779     0.233365     -0.36662    -0.183692    -0.187804    -0.148815    -0.357912     0.321229     0.343997   -0.0214702    -0.219571    -0.478464     0.331594    -0.123873    -0.720946    -0.368497     0.281335    0.0113246     0.565796      0.10946     0.183177    -0.157632   -0.0229102     0.549286    -0.205255    -0.554524      0.37234    -0.433401     0.475048     0.614649    -0.179554    -0.110208
   -0.508707    -0.966671     -1.07752    -0.941577    -0.793026      1.07102     -1.53005     0.579391    0.0870464      -1.0202      2.04592     0.979803   -0.0963295  -0.00234424    -0.854927      0.27164    0.0670365     0.465327     0.353198   0.00702663        2.007     -1.07617    -0.724451      1.36587      1.14124     0.550064      1.05764     0.260393      -1.2398    -0.777321    -0.440784   -0.0342612
     1.48186     0.376274      1.37217    0.0878333    -0.542765    -0.196509      1.34532    -0.941608     0.508906     -1.19294     -1.24783     -1.53237   -0.0110584      1.17207     0.600261     0.784232    0.0426405    -0.201749     0.764692      1.00218     0.387886     0.231231    -0.244076     -2.27111    -0.780788      1.22012     -0.20264     0.989148     0.351158    -0.433087    -0.954988      0.42764
   -0.708541    -0.243775     -0.32353     -0.76949     0.015699       1.7015    -0.254684    0.0424613    -0.207323     0.181827      0.46201     0.204924    -0.649263    -0.996367    -0.945601   -0.0201918     -0.13033     0.763144    -0.473176     -0.26481     0.803909      -0.6765     0.202711     0.942856      1.19402    -0.536186      0.27885     0.155431     0.847907     0.432601     0.450702      0.76767
   0.0706177     0.945148     0.871195      -1.3031      1.17842    -0.930428     -0.83805    -0.108238     0.576406      1.43962    -0.326171    -0.702873     0.119611    -0.440355     0.133926    -0.328928    -0.853545    -0.729888       1.1303    -0.614652   -0.0961406    -0.155313    0.0765918     -1.10953      1.14332     -1.80537     -1.19161      0.41923    -0.613203    0.0933156    -0.460175     -2.03229
   0.0694204  -0.00799742     0.767666     0.169693     0.508616    -0.214508    -0.377093    0.0487947    -0.180182     0.825545   -0.0598363     0.243203    -0.532404   -0.0805854  0.000898796     0.178072    -0.229003    -0.341739     0.532219  0.000952094     0.231061   -0.0762261    -0.367227    -0.237711     0.486378   -0.0874436     0.491346    -0.192914     0.478115     0.308936     0.268421     0.305828
   -0.865539    0.0423201    -0.293257      1.13177     0.530468    -0.257343    -0.204955     0.438942   -0.0719717    -0.242587      0.13433    0.0786443   -0.0199493     -1.00949     0.171366    -0.221039    0.0324619    -0.462004    -0.471211     0.467839    -0.795591      0.44558     0.166875      0.09374    -0.466373     0.334544      0.15939     0.211498      1.16474    -0.322089   -0.0179099     -1.45692
   -0.356035     0.525687    -0.641268     0.206171     0.430914     0.140263   -0.0436819    -0.226597    -0.210844     0.340147    -0.391229    -0.182978    -0.343783     0.393274     0.676474     0.501864      0.52746   -0.0419917    -0.465769     0.539975     0.588102    -0.900819     0.480198    -0.602619    0.0270811     0.719539     0.576767      1.09942    -0.534133    -0.266481      -1.3443     0.117623
   -0.170552     0.771165     -0.61669     0.910697    -0.244239    -0.183644      0.43137    -0.372726   -0.0391687    -0.437712     -1.24244     0.354204    -0.640117      1.68368    -0.193927     0.927793    -0.801858    -0.419604     0.866415     -1.15746    -0.563233    -0.335869       0.7137    0.0700678    -0.204595    -0.508802    -0.693871     0.656161    -0.419341     -0.37901   -0.0585099      0.14324
    0.293644     -1.17543    -0.389269     0.865261    -0.234468     0.125266    -0.156729    -0.365975    -0.620959    -0.121209   -0.0413202     0.160958    -0.460906     0.135977     0.300621      1.15573     0.397378     0.042311     0.144797   0.00745025     0.497163     0.220178    -0.535209     0.557103    -0.892412    -0.117205    -0.322176     0.592645      1.06197    -0.243001     0.525032     0.157601
  -0.0636781    -0.239629      1.18495    -0.198581    -0.919062     0.279233    -0.118789    -0.818778    -0.188589    -0.123513     0.910872    0.0524251    -0.287886      -1.4701    -0.427897    -0.253884    -0.942666    -0.439184    -0.370624    -0.555245      1.19372     0.401014   -0.0249133    -0.796204   -0.0586886    -0.134227    0.0740057     0.546989     0.625078      0.41626    -0.124386     0.941672
   -0.434769    -0.842053     -0.35336      2.47545    -0.827131      1.35225      1.02461       1.0343    -0.552022    -0.496213     0.416238    -0.374633     -2.57117    -0.855223    -0.225409     0.695572    -0.293262      -1.4227     0.323313     0.937524     0.087658     -1.81346     0.318002      2.24155    -0.915337     -1.45291      1.32352     -1.26747    -0.378496     -1.23886     -0.64452     0.150868
    0.177995     0.433564     0.361861    -0.308675   -0.0465036     0.253719    -0.673874      0.29351     0.604697    -0.461655     0.233556    0.0176202    -0.300584     0.383982    -0.130572     0.036488    0.0364584    0.0704025    -0.191945     0.248696     0.516548     0.322508        0.209    -0.200827     0.270457    -0.446347     0.504104     0.193721    -0.331537   -0.0638244     0.222853    -0.499849
    0.639313      1.18478     0.399302     0.357565    -0.600134     0.835968    -0.471526    -0.280618    -0.437868    -0.164312    -0.909297     0.603977     -0.99605      1.20299     0.957522    -0.495555     0.184427     0.496284     0.731781    -0.206687     0.864753     -1.27085    -0.419622    -0.304645     0.465297    -0.318798    -0.129229     0.520564     0.389882     -1.20497    -0.382929      0.13229
    0.789102     0.315307     0.818339     0.136337     0.188165    -0.198117     0.172516   -0.0866727     0.562147    0.0716447    -0.816713    -0.345771   -0.0193847    -0.432009     0.354699     0.175622   -0.0583666    -0.945859    -0.629311     0.139622    -0.110319     -1.11967      0.84532    -0.609983   -0.0916228    -0.361709    -0.413008    -0.286052    -0.560047    -0.673236    -0.750459     0.364375
    -1.52615    0.0513548    -0.112452     0.354475      1.92969     -0.26033      1.51901     0.860061     -0.23112    -0.392666     -1.07876     0.566709     0.548068      0.40921 -0.000377358     0.511576    -0.359399     0.355306     0.644535   -0.0129261      1.20013    -0.398405     0.373569    -0.665181     -0.16988     0.196763    -0.632241     -1.34381    -0.619639     -1.08043     -1.38969     -1.17533
  -0.0473842     0.185888    -0.710331    -0.357587   0.00108506     0.579328   -0.0835387     0.972664     0.317552    -0.380826    -0.281109     0.133355   -0.0139761    0.0361419    -0.380209     0.784494    -0.686443     0.049315    -0.134539   -0.0423101     -0.40328   -0.0177187   0.00747772    -0.622547     0.253395     0.193572    -0.772783    -0.499071     0.212237     0.137861     0.234709     0.125879
    0.233757    -0.636402     -1.25875     0.630581   -0.0588107    0.0113605     -1.17816     -1.21535    -0.687404     0.441202     -1.31028    -0.506372    -0.411475    -0.804553    -0.106508    -0.136218    -0.210413      0.29732    0.0889494   -0.0622512      1.46086      1.07641   -0.0377341       0.4793     0.411583     -1.22085     -0.45528    -0.173515     0.893157    0.0704593     0.247174    -0.656183
     1.38731     0.244982      0.31838    -0.915184     -1.59213      1.04606     0.912302     0.118975     0.481529      1.75445    -0.625852     0.214239     0.176963    -0.414688  -0.00093946     -0.16081    -0.778243    -0.153858     0.113781    -0.297006    -0.872668     -0.84736     -3.24941     0.134775    -0.129924    -0.302802     -1.14908     -1.27796     0.649976     -1.01723     0.289708     0.190183
     1.20777    0.0786703    -0.579428    -0.897591    -0.631002     0.216943   -0.0409382      -1.0787    -0.313209    -0.406442   -0.0333305     -0.66445      1.38642     0.513344    0.0368733      1.11175     0.982499     0.602482    -0.611071    -0.629964    -0.974582     0.889205     0.152439     0.568764   -0.0371005    0.0774557      0.32434      1.13832    -0.806778     0.931712     -0.17103    -0.121548
   -0.285674   0.00675359     0.789012      0.27899     0.977766    -0.566298     0.803605     0.285683      0.12376    -0.810319    -0.127877    -0.603071     0.429318     0.283569     -0.24938     0.720017     0.806521    -0.553156     0.155198      0.15665     0.171325    0.0671598   0.00512964   0.00570138    -0.554385     0.805543     0.474857      1.03168    -0.306823      1.01436     0.312938    -0.863946
    0.102566    -0.323537    -0.216207      1.05706     0.108731    -0.095636    -0.811749   -0.0199987    -0.387015     0.302622    -0.122673    0.0660717     0.240592    0.0778791     -1.03463    -0.152278     0.424002    -0.138077     0.157637     0.487687      1.26172   -0.0696682     0.189837     0.555835    0.0124054    -0.286359    -0.218131    -0.304203     0.317367    -0.446604     0.303497      0.28618
     1.53461     0.509629      0.65277     0.174108     0.615494    -0.106453     0.693239    -0.642666     0.414055    -0.435959     0.501404     -1.61126     0.484262    -0.185776     -1.01607     -1.29368     0.264538     -1.68974    -0.589091      1.06465    0.0269718     -0.11267   -0.0772389     -1.52974     0.635448    -0.817053     0.397235     0.637418    -0.307001     0.231501    -0.867658    -0.138799
    0.170048    -0.241177     0.438437     0.337016    -0.525191    -0.325201    -0.486542    -0.703038     -0.55191     0.215989     -0.44749     0.226037     0.226024      1.12801     0.607423    -0.418152     0.303755    0.0758189      0.46674    -0.138609    0.0293691     0.864156    -0.453817      0.24434    -0.542986     -1.04101     0.829747     0.689223    -0.227977     0.324322    -0.303998    -0.188252
    -2.16986    0.0366913      1.25999    0.0986363     0.779526      0.53247     0.311848     0.686901    -0.917916    -0.528478     -1.94957     0.710514     0.549021     0.433316  -0.00255603     0.624433     0.408418     0.663058    -0.466051      0.10659     0.204608      0.79085     -1.34481     -1.05133     -1.38704    -0.580896    -0.729028     -1.52687     0.748198    -0.100536     0.711315    -0.733425
   -0.094303    -0.180108    -0.381593    -0.219425    -0.351798       0.5637     0.339918      0.20375     0.205374    -0.552546     0.400562     0.168898    -0.568329   -0.0551485    -0.359459     0.515204    0.0440463      0.47674    -0.499067    0.0386523    -0.663763    -0.552045     0.984204     0.145988     0.456451    -0.484925     0.545251    -0.554588    -0.100754    -0.257829    -0.547375    -0.237337
   -0.530911     -0.43043      1.19076    -0.412491    -0.263855     0.971745     0.235862    -0.229337    0.0150131      0.14966     -1.42128    -0.190834     0.199894    -0.193082     -0.33284    0.0694103   -0.0640523     0.324802     0.130478      1.08566     0.504131     0.335593    -0.943816    -0.628177    -0.748807     0.256493    -0.075107    -0.649017     0.387391      0.80701    -0.242952     0.968651
   0.0117556      -1.1943     -1.11589      1.19317    0.0356429    -0.297241     0.465259     0.531589    -0.875937    -0.527842    -0.643875     0.567363    -0.381061    -0.565063     0.371129      1.23075     0.295633    -0.452129     0.195991     0.870761    0.0907643     0.361551     0.270229     0.592588    -0.185122   -0.0071861    -0.027554    -0.660506      1.32967     0.447799    -0.486485     -1.05706
    0.348386    -0.365328     0.580301     0.190046     0.977874    -0.753615    0.0706218      0.56761    -0.852998     0.053143    -0.857044    -0.693354      1.01231    -0.172389     -0.45358     0.553698    -0.477309      1.06975    -0.364296    -0.173658    0.0475956    0.0575996     0.205622     -1.07358      0.75649     0.124139    -0.471449    -0.457583     0.395235     0.843169     -1.36465    -0.694429
   -0.620666     0.350316    0.0985056    0.0916067       1.0478     -0.60215    -0.685862    -0.101455     0.430418    -0.165637    -0.155352    -0.472764    -0.194633    -0.268172    -0.397073    -0.749303    -0.750768     0.631196     0.672385    -0.363916    0.0918354      1.24427      1.38042    -0.602799     0.962404   -0.0378286    0.0389802    -0.146633   0.00517104     0.107374    0.0540412      -0.0911
   -0.498023     -0.44481     0.561019    -0.597953     0.917336    0.0565145    -0.246453     0.150793     0.688008      1.18539    -0.329499    -0.448341    -0.905632    -0.246927    -0.112966    0.0173836     0.403931     -1.36001    -0.239711  -0.00955962    0.0184728    -0.315989    -0.860011     0.464132     0.421466     0.133692     0.308573    0.0449082    -0.514765     0.502339 -2.59485e-05     -1.34909
     0.17607     0.749708      0.10213    0.0338025     0.394113    -0.214554    -0.266381    -0.879419    -0.340567    -0.279768     0.176872     -1.18633    -0.232763     0.499908      1.19784     0.746352     0.225142       0.3879     -1.02452     0.317832     0.970396    -0.695088     0.473716     -1.24874     0.272601     0.217497    0.0323208     0.207129    -0.205698     -0.68346     -1.95792    -0.495513
    0.550128     0.385789     0.943187    -0.392353    -0.213384     0.228988     -1.54098    -0.380227    -0.297307    -0.277503    -0.439864   -0.0233725    -0.015739    -0.128696     -0.63225     0.580056    -0.189003    -0.745165      1.17533   0.00361696    0.0627666     -0.49537    -0.618007     0.211649     0.465527    -0.182825    -0.156822     0.535336    -0.776669    -0.329717     0.444552     0.539079
    0.616517     -0.61105    -0.476586    -0.468552   -0.0550807   -0.0393921     -0.75736    -0.764923     0.574714    -0.681532    -0.185293    -0.208683    -0.513558    -0.628773     0.691168    -0.290234     0.585368     0.356365     0.145923     0.544982     0.812325     -1.21305     0.513423    -0.490102    -0.706993    -0.104573     -1.00264    -0.192908     0.882541    -0.300127     -1.25857    -0.121103
   -0.942156      0.49608     0.285466     0.176892    -0.357876     0.877698      0.98924     0.660357     0.835618       1.4799     -0.33125     -1.03843    0.0586476     0.195984     0.218879     0.250429    -0.827506    -0.201903     0.169621     0.237857    -0.336739      1.08232      1.00733     0.265704    -0.246532   -0.0332796    -0.306377     -0.18972   -0.0904716   -0.0528264     0.577009     0.476639
     2.17083      1.05976     0.586058     0.578032    -0.378271     0.666639      1.78361    -0.714848     0.540024      1.37441    -0.364153     -1.04703   -0.0952286      1.35019    -0.929899  -0.00588717    -0.875285     -1.11976     0.410352      0.78603    -0.363067    -0.261178     0.228787    -0.519745    0.0058525     -1.33971    -0.263863     -1.80202     -1.06545     0.388025    -0.775407     0.440452
    -1.32054    -0.927309      1.35293     -1.23263      1.45229     0.657782     -1.18848     0.522831   -0.0535492     0.970398    -0.656623     0.179129    -0.101493    -0.870978    -0.679813    -0.488782     -0.74372    -0.531518   -0.0962944     0.616957      1.16778    -0.438517    -0.924984     0.609083      0.63017     0.412733      1.17549   -0.0776619      0.81412      1.53623    0.0413496    -0.151896
   -0.211724       0.8909    -0.171604    -0.298345      1.14605    -0.510623      -1.2028      1.32752     0.513437    0.0244807    -0.220876     -1.21694    -0.149705      1.26712    -0.587581     0.703427     -1.91874      1.98563     0.430944    -0.111623    -0.380113   -0.0886678      1.04214     -1.13733     0.349844     0.982454     0.891622     0.165726    -0.365714   -0.0873472    -0.465479      0.05103
     -0.9055   -0.0740962    -0.256319     0.132685   -0.0525121    -0.476695     0.367934      0.18531    -0.935698    0.0798327     0.358123    -0.145211    0.0487301     -0.55447    -0.725503     -1.45255    0.0194255    -0.299172     0.179455    -0.158433    -0.832611     0.286151     0.495925     0.388713    -0.384705      0.57278    0.0133378     -1.60244     0.708025    -0.191299     0.289127     0.483876
   -0.638052    -0.396702    -0.593093     0.646987     -1.10137     0.665448      0.17945    -0.732059    -0.305843     0.455197     0.133499     0.598762     0.765949     0.123312     0.836521     -1.52942      1.18717     0.177791     0.979073    -0.621427   -0.0941751    -0.586126    -0.255819   -0.0983806    -0.761841    -0.534151   -0.0120803    -0.471607     0.216286     -0.99956    -0.952214     0.745321
   -0.415914    0.0537994     0.272598    -0.660486      -1.4587     0.878441  -0.00744614    -0.144212    -0.869859     0.580215      1.07777    -0.127418     0.821154    -0.181074      0.39521      0.10918     0.532525    0.0882551     -1.13479     -0.47747     -1.35129      1.06013     -1.19387   -0.0679308      0.27686     0.202688     -0.45567     -0.19662      1.53403     0.938522      0.89617     0.691878
     0.71476     0.115623      0.32696    0.0133396    -0.850495     0.313445    0.0380742    0.0328418     0.702499      0.30247    0.0577405     -1.36755     0.070289   -0.0550155    -0.495699    -0.375868    -0.575414     0.746218     0.675893     0.600797    0.0460013     -0.50837     0.599832    -0.776481    -0.785749    0.0460063     0.481017     0.496377    0.0387732    -0.277204   -0.0753864    0.0659981
   -0.274873    0.0614331     0.241803     0.720687     0.383988    -0.215808     0.171883    -0.314032    -0.143234      1.01782    -0.400742    -0.681084    -0.574068     -0.48928      0.25449     0.399777     0.220225    0.0340287      1.10959    -0.291798     0.497658     0.361186     0.453907    -0.795151    -0.352407    -0.307526     0.199959   -0.0719555     0.777886    -0.513347   -0.0993883     0.116187
     0.87464      1.36192     -1.59479    -0.134068    -0.798896    -0.140485     0.475628     0.500483     0.116292     0.508008    -0.429396    -0.310275     -1.00898      1.12536     0.139121     0.105642    -0.259675     0.933316     0.619932    -0.210481   -0.0219543     -1.02944    -0.368774     0.106714     0.271193    -0.452115     0.221138     0.178289     -1.31349    -0.675213   -0.0568735     0.366006
   -0.617471    -0.657085     0.569268    0.0336679     0.729365   -0.0474422    -0.748367     0.295202    0.0278298     0.357771    -0.103836     0.678891    -0.123711    -0.741675   -0.0440351    -0.699513    -0.267754     0.657738    -0.345983     0.314229     0.382728     0.122721     0.202694     -1.17912    -0.562966     0.578222   -0.0419836    -0.823772     0.680966    -0.601207     0.605628     0.962278
    0.972422    -0.283792      1.21266    -0.368143    -0.985487    0.0732033     0.670933    -0.822681     0.887455      1.10586     0.652353    0.0470748    -0.396759    -0.208279     0.334111     0.925278     0.473844    -0.166674      0.09221     0.950622     0.659992    -0.355853    -0.691478     -0.79852    -0.592496     -1.00232   -0.0853908    -0.498973     0.395271   -0.0186543   -0.0392993    0.0627338
    0.372961    -0.226439    0.0359052     0.180382     0.280795     0.557133     -0.21276    -0.290453     0.317719     0.402414      0.59555    -0.357749    -0.410458    -0.517735    -0.355552    -0.156469    -0.214843    -0.242173     0.433477   -0.0879933   -0.0493623    -0.676399    -0.203909     0.131536    -0.502117     0.352093   -0.0867664    -0.504798    0.0902528     0.274234     0.131651     0.756606
   0.0850965     0.858994   -0.0971402     0.314493     0.512393      1.09338     0.524924    -0.152996     0.383998     0.448738     -1.55281    -0.368878    0.0322137     0.325893    -0.404479   -0.0221485     0.120757    -0.290565     0.419202    -0.219478    -0.321238      -0.1472   -0.0942444     0.182092    -0.256676     -1.06995    -0.396646    -0.218265    -0.424495     0.847351   0.00617303    -0.572175
    0.130688    -0.776518      0.22576     0.700755    0.0963404     0.942254      0.63594    -0.744551     -1.34147     0.413595    -0.437187   -0.0476458    -0.799869     0.890588     0.737217     0.831356    -0.688086     0.179978     -1.05873     0.320657     0.524442     -1.58223    -0.114772    -0.733447     -0.34677     0.679403    -0.341545     0.396662    0.0480524    -0.725183    -0.828196    -0.151927
    0.019179     0.426727    -0.875751     0.287944    -0.676826    -0.638136   -0.0253832    -0.316826    -0.459723     0.145214     0.409134     0.102103    -0.841109   -0.0306549    -0.278777     -1.05516     0.188304     -0.70446     0.268284      1.10239   -0.0952017    -0.209999    -0.396251    -0.277749     0.039396    -0.137545    0.0942984    -0.626714     -1.35537     0.239974    -0.696747     0.172311
    -1.57591    -0.233208      1.33921     0.616662     0.652046      1.37252    -0.531494    0.0536803    -0.697326    -0.880149     0.333432     0.145998     -1.06675      -1.3646   -0.0340126       0.5053     0.339659     0.771648     -0.65572    -0.590918      1.21318     0.221233    0.0172659    -0.643455   -0.0330397     -0.34721    -0.209484    -0.992899      1.77075    -0.417358     0.678863      1.15522
    0.359595   -0.0848175    -0.527664   -0.0847042     0.339416    -0.480295     0.893335    -0.250652     0.190886     0.549651    -0.191259    -0.713695   -0.0454468     0.399625    -0.182931    0.0282653     0.458543    -0.419552    0.0823401     0.277302     0.798165     0.627121    -0.838813    -0.514249     -0.16196    -0.852622      0.83879    -0.815552     -1.01591    -0.285998    -0.163165     -1.08248
    0.105292    -0.574577   -0.0452001     0.068856   -0.0377863     0.231187    -0.428979    -0.279787     0.216939     0.411557    -0.363252   -0.0911652     -0.55775    -0.312852     0.473129     -0.16546   -0.0195526    0.0116533     0.685523     0.812713     0.338374    -0.137276    0.0256453   -0.0614362   0.00389693    -0.520446     0.581362     0.331406     0.534853     0.220259    0.0977622    -0.352994
    0.724066     -1.66405     0.988554   -0.0536207    -0.298342    -0.937868    -0.680456    -0.461415     0.869556    -0.993267      1.68213       2.5975    -0.320804     0.433438     0.218818     0.690946      0.97127      2.30314      2.29709      -2.8595      1.33392     0.116854     -0.69288   -0.0465012       1.0173     0.355003    -0.562863     -2.59584      1.94237     -1.93234    -0.217948    -0.460961
     1.08872     0.072623     0.229033      1.05316     -0.41212   -0.0867061    0.0478248     0.541086     0.223108     0.282501     0.465693     0.998167     0.215552    -0.146238     -1.53995     0.416023      0.38062    0.0351299      1.48412    -0.278803    -0.734394      1.18015    -0.678216    -0.704205     0.466154     -1.15668    -0.803177     -1.04562     0.332081     0.101454    -0.908668     -0.41041
    -1.40485      1.32207   0.00911108     -1.48474    -0.339338     -1.35341     0.406938    -0.717709     -0.88943     -1.17942      1.15387    -0.343356       1.7092      1.57437     0.195916   -0.0561651     0.734324      2.78619    -0.126364     -1.19916     0.874693    -0.218907    -0.561634     -1.47715     0.866658      1.19158      1.20261      2.14505      -2.3572       1.0582     0.139352    0.0937031
    0.518664     0.749204     0.313963    -0.335909     0.238321    0.0325957     -0.11024    0.0478348     0.261162    -0.329375    -0.387889    -0.263271     0.246311    -0.105158    -0.243037    -0.253666     -1.15821     -1.00192    -0.268361    -0.267123     0.755655    -0.619405     -0.11054    -0.987908     0.406748    0.0398973     -1.06919     0.285097    -0.592887    -0.306577   -0.0852055     -0.66864
   -0.374416    -0.109101     0.467266     0.470177     0.272932     0.449775    -0.156448   -0.0735849    -0.287417     0.273661    -0.836222    -0.274121    -0.280578     0.148282     0.457861      0.35507    -0.167015    -0.684584   -0.0411085     0.613892     -1.42766    -0.271645      0.37947    -0.116294     0.398008    -0.351724     0.314331     0.748118     0.491535    -0.664902      1.07734    -0.545482
    0.236753     0.640637    -0.425389     -1.54096     0.545471    -0.978139     -1.14305    0.0997739    -0.309199    -0.840557     -1.08851      1.60385      1.13814     0.581088     -1.15384     -1.08902     0.495695     0.686026    -0.353449    0.0466343    -0.181616     0.336508    -0.565874     -1.36978    -0.383621      0.46961    -0.170668     0.293689     -1.53192     0.192174    -0.243836     0.631478
    0.307186      0.14561    0.0276518     0.212991   -0.0203214     -0.21366   -0.0472946     0.620967    -0.142061    -0.223539     0.490979     0.461515    -0.381368    -0.110316    -0.784541     0.109051     0.303363    -0.488374     0.243368   -0.0990257    -0.420461    -0.129756    -0.282838     0.802853    -0.185969    0.0318893     0.601287    -0.142765    -0.309365      0.11987     0.479317      0.40212
    -2.62829    -0.187811     0.159924     0.999189      1.19061     -0.58459    -0.106258     0.678274    -0.372726     0.825478     0.416151    -0.528474      0.82079     -1.88048     0.977999     -1.40296      1.17294     0.219408      1.40791     0.524794     -1.14521      2.77234      2.20916      1.32653    -0.406167      0.76751    -0.138688     0.993259       3.3445     -1.50587    -0.402944     -1.18686
    0.768803    -0.766144     0.616069     -1.03595     -0.17554     -1.25448     -1.37648     -2.24783    -0.321581     -2.37326    -0.518225      1.31577       1.0033    0.0399413      1.06801      1.42616     0.265674      1.40604     -1.12309    -0.715616     0.971526     0.460681    -0.825335   -0.0856915     -1.10278     0.737152     0.226483       1.6844      1.05322      1.91867    -0.828673    -0.552238
   -0.462419     0.251198    0.0841615     -1.48853    -0.240609     0.228622    -0.333545    0.0931806     0.607211    -0.158226    -0.254752    -0.716253     0.899691    -0.134399      0.30282    -0.559903    -0.489429    0.0996931    -0.481394       1.1084      1.00007     0.563259     0.549547     -1.05692     0.427902     0.180951     0.790696     -1.24958   -0.0566695     0.914328   -0.0715701       1.1004
     1.35209    -0.903975   0.00991065     0.406146     -1.25344     0.932201     0.798988    0.0155617    -0.177241    -0.255209     0.542903     0.677433   -0.0885768     0.287243    0.0787557    -0.495364     0.132335    -0.598216     0.797682      0.18068    -0.228516    -0.832119     -1.24889     0.396046     -1.21171    -0.184385    -0.669351     -0.79148   -0.0921029    -0.213777     -0.13393    0.0972304
   -0.166131    -0.237669     -1.89535    -0.937821      1.02952    -0.663473    -0.196055      1.09811    0.0321256    -0.270046     0.153848    -0.576342     -1.63493     0.246993     0.455904    -0.203929    -0.482183    0.0537008  -0.00658445     -1.00083    -0.463499    -0.115947       0.6375     0.995157      1.33634     0.331001     0.739967    -0.530942     0.205309     0.118105     0.274141     -1.41345
    0.750182     0.243027     0.489288    -0.578887     -0.27523    -0.670269     0.149854   0.00993162     0.297811    0.0998508    -0.488691  -0.00073847      1.43574     -0.43652    -0.869925     0.428463    -0.310328     0.279578   -0.0549171     0.864882     0.055735     0.236923    -0.287407    -0.673732    -0.233681   -0.0825075     0.116758    -0.750193    -0.155242     0.718182     0.103148     0.565583
    0.236637     0.989606     -1.20225    -0.884956   -0.0626988    -0.352308    -0.174139   -0.0211721     0.131094    -0.262357     0.923728    -0.184473     0.891959      1.14711     0.790695     0.446246     0.515676   -0.0432581     -1.00765     0.247275   -0.0574664     -1.71512     -1.12704      1.29885      1.04803     0.989368     0.733996       1.1336     -2.06025    -0.163953    -0.111457    -0.807937
     1.18002     0.960107    -0.483692     -1.38718     0.442784    -0.246215     0.346554    -0.475856    -0.958072      1.37716    -0.752881    -0.783754      1.62004     -0.33436     -1.47888     -1.76923     -1.05691     0.587236      1.09612    -0.231396     -2.24228      1.27638      0.42289     0.918208    0.0770163     0.162255     -0.18362     -1.06095    0.0184851      1.43168      2.93624     0.331168
    0.577938     0.388751    -0.502884    -0.218747    -0.480866     0.159229     0.947409     -0.70696     -0.29145     0.153423    -0.204034    -0.259645      0.68046  -0.00181767   -0.0687884   -0.0414579    0.0164657    -0.323855  -0.00820754     0.362718   -0.0228384    -0.175295    -0.556505    -0.929771    -0.116555   -0.0492459    -0.644635    0.0225868    -0.730382    -0.763091    -0.353875    0.0883307
    0.114575      1.35758      2.57591       1.8309    0.0937789     -3.33478      0.60805     0.392948     -1.13841      2.13099    -0.587281      1.91449      2.37182     0.766762      2.95678      1.07747     0.363663      1.04229     0.525452     -1.09511     -1.83885    0.0883338     0.698291     -1.72042     0.166533      -1.4543     -1.02736      2.78943     -2.46804    -0.544496     0.621323      1.28749
     1.21347     0.893902   0.00764017   -0.0237204     0.208146     -1.47415    -0.624308     0.141899     0.525677   0.00150331      -1.1972    -0.217378     0.372053    -0.629271    -0.484381     0.591107     0.393827    -0.675581    -0.738428     0.614949    0.0891747     0.316321   -0.0648407    -0.500203    -0.195277     0.644762     0.593845     0.597777   -0.0576283     0.561848    -0.419024    0.0301431
     1.06403     0.864994    0.0614793     -0.19304     0.299298    -0.768153     0.218552     0.156603   -0.0830798    -0.459076    -0.425423     0.132815     0.567659     0.513163    0.0749233    0.0620419     0.434918    -0.654138    -0.658131     0.434088   -0.0445756     0.672656    -0.591746     -1.24337    -0.294613     0.374167     0.458953    -0.635567     0.216723     0.164788     0.433371    -0.319557
    -1.53742    -0.867798     0.167261    -0.635319      1.53303      1.77806     0.302696      0.78487    -0.439104    -0.356246    -0.282947     0.107193    -0.380824    -0.801986    0.0474497    -0.903337     0.144165    -0.417814    -0.269478     0.887444     0.780264     -1.21859    -0.803028     0.878953    -0.676924     0.519322     0.234172    -0.109806    -0.615958    -0.354306    -0.239474     -1.29516
   -0.666054    -0.244176    -0.448994    -0.335506    -0.197326     0.850963     0.155947    -0.186327    0.0132471     0.259347     0.138407      0.53891     0.520971     0.243235       0.9679     0.603236      1.02734     0.412713    -0.124958      0.07051    -0.817045     0.418743     0.538731     0.388032    -0.993093    0.0334866     0.225437     0.688513    -0.286991    -0.474343     0.313779     0.499415
 -0.00971483     0.466452    -0.402082     0.225824   -0.0622689   -0.0531542    0.0286703    0.0610225    -0.173793     0.535105    -0.458539    0.0941429      0.43813     0.756206     0.443866    -0.197709     0.147774     0.622382    -0.657764     0.190389    -0.320064    -0.171852   -0.0819573    0.0818984    0.0298446    0.0225524     0.450821    -0.468023    -0.296171     -0.26954     0.295245    -0.288066
 -0.00677739    -0.482172    -0.820005     -1.12562   -0.0435076     -0.73694    -0.978942      1.16775     0.357788     0.141873     -0.18213    -0.746118     0.401544      1.69779    -0.202989     0.849549     -0.99108      1.20567      1.27272    -0.824661     0.838696      1.24077    -0.449587   -0.0264685     0.598877     0.683679     0.657413     0.424271    -0.333755      1.06606    -0.230791    -0.589586
   -0.710367     0.927288      1.58153      0.70815     0.570769      1.05223     0.748137     0.647869     0.818242    -0.928939    -0.494456   -0.0319398    -0.649122     0.863139    -0.842019     0.082222     0.270999     0.193197    -0.260639    -0.204199    -0.146223    -0.783277      0.27519    -0.226559     -1.53261      1.41862     0.765873     0.776288     -1.36585     0.760993     0.252419    -0.134531
    0.872021      1.61248    -0.517742    -0.295985     -1.50826     0.576722     0.441358    -0.606212    -0.324714   -0.0169487      1.30553   -0.0190954      2.46141     0.343802    -0.952076     -1.50724      1.05752      0.50422    -0.603144     0.875061      -1.4873     0.583539     0.166305    -0.588565    -0.179649    -0.988489    0.0799479   -0.0301549     0.689787     0.772211    -0.367945      1.76536
    0.260168     0.235915      0.34698    -0.398485     0.303558    -0.276988      0.18548     0.564386      1.28437    -0.516898     0.988645    -0.531156    -0.186484    -0.299835    -0.990273    -0.365306      0.20284    -0.483645   -0.0275533     0.494505    -0.571285     0.428661     0.184427     0.262247    0.0636506    -0.341645    0.0681493    -0.588215    -0.142896     0.963453     0.484248    -0.536981
    0.484092   -0.0121824   -0.0375603    -0.160853     0.560185     0.198949      1.12862     0.373373     0.374467     -1.33875    -0.206399    0.0845343    -0.528127    -0.208029      1.44961    -0.561855    -0.483553    -0.256137    -0.870509     -0.35892     0.269703    -0.337651    -0.127004    0.0206071     0.017114      1.15793     -0.28981   -0.0675054     -1.34886     -1.21362   -0.0984627    -0.620565
    -1.22097    -0.521698    -0.192164     0.360148    -0.177339     0.203146      0.30576      1.17273   -0.0199927     0.844649     -1.14926     0.333008     -1.21754    -0.626581    -0.226107     -0.32226    -0.934011     0.207617    0.0343084    0.0622485     -0.22911    -0.166872       0.1047     0.696606     0.866448    -0.518773     0.162451    -0.938501     0.838654    0.0121974      0.55823     0.466487
    0.647412     0.201089     0.480365     0.355293    0.0195025    -0.948399     0.997227    -0.559824      0.83027    -0.350408     0.778799      0.80279   -0.0616345     0.216312    -0.491524     0.712903     0.300142     0.698421      1.00427    -0.809784    -0.166641     0.272284    -0.151061     0.548648      0.76233    -0.180986    -0.152763     -1.08425    -0.467575    -0.716397     0.298942    0.0128807
   -0.931067     0.590684     0.377898      -1.3257      1.40456      -1.7641      -1.6415   -0.0387385    -0.218112    -0.199687    -0.238973    -0.231835     0.261346    -0.386586      0.26999     0.291836    -0.595449      1.23231    -0.255292    -0.479194    0.0747059     0.428746     0.308494     0.157286     0.648466     0.963891      1.31824     0.924333    -0.853258     0.842834     0.813512     0.209405
    0.925304     0.114109    -0.374247     0.158178    -0.671543    -0.713126    -0.852568    -0.571513    0.0104684     0.656921     0.939951     0.574671     0.164132    -0.479337    -0.472087    -0.374119     0.334014     -0.16802   -0.0143849    0.0426924    -0.179839     0.318184    -0.189864      0.88741    -0.057447     -1.20301    -0.186763    -0.766703      1.16832    -0.528285      1.13267    -0.659884
    0.873503   -0.0740667      1.62094      0.30522   -0.0403659     -1.50092     0.196638    -0.445892     0.259938     0.367494    -0.522595   -0.0557616    -0.036953     -0.32759    -0.885627     0.611358     -0.21172    -0.756395     0.752923    -0.738885    -0.323878     0.679143    -0.179065    -0.485603     0.824666    -0.491662     -1.72409     0.864565     0.507382      1.03744      0.76683     -0.39152
    0.177809     0.272876    -0.121021      0.18677     0.267431     0.357893   -0.0518538    -0.352765    -0.124557    -0.334892     0.377762    -0.195424      0.43097     0.184071    -0.316656   -0.0423829    -0.216192    -0.137156    0.0154478    -0.257021     0.361035      0.33615     0.188583     0.210291    0.0849085     0.556655    -0.127541    -0.337955     0.662984     0.378691    0.0942082   -0.0218362
   -0.421857     0.353075      1.49177     0.437095     0.966997     0.874183    -0.174328    0.0696132    0.0377658     0.544804     -3.01002     0.145825     0.384773    -0.990529    -0.294938    -0.857777     0.144028     0.533229      0.38933     0.497816      1.04837    0.0635955    0.0504397     -1.11701    -0.255166    0.0811616    -0.819349     -2.05406        1.735    -0.818964     0.612458     0.816954
   -0.462364     0.430978    -0.510367     0.359308     -0.26904      1.44499     0.165329     0.522355    -0.233535    -0.463911    -0.918394     -0.81388     -1.36868    -0.916841    -0.251484    -0.147642     0.488997    -0.306736    -0.841729     0.312095    -0.752061      -1.0966   -0.0372632     0.667649     0.141166     0.391227     0.271065    -0.674168    -0.735916   -0.0541453     0.959872   -0.0595762
  -0.0803101     0.428667   -0.0902424      0.20368     0.367279    -0.362304     0.156143     0.714326      1.24805    -0.425649     0.286008    -0.246245    -0.970652      0.57027    -0.634908    -0.513919     -0.96882    -0.553735     0.990438    -0.894655   -0.0136263    0.0026458    -0.540848    -0.399818      1.15372    -0.888679    -0.435926    -0.721511    -0.934813    0.0103006     0.211273    -0.521397
  -0.0754606    -0.434933    0.0716453     -0.11713   -0.0294559    0.0261235    -0.188022     0.196329    -0.400772    0.0407665    -0.412447    -0.219089     -0.05894    -0.416509    -0.494221   -0.0203031   -0.0982198    -0.383073    -0.257441     0.271359     0.192229     0.438237    0.0299975    -0.233671    -0.459374    -0.209023   -0.0803887    -0.164327     0.816609     -0.23464     0.524957    0.0395557
    0.464737    -0.176957     0.270977     0.200181    -0.570688    -0.109967     0.719032    -0.670146     0.339091     0.434502    -0.759132    -0.372819      1.13387      1.47411      1.53166     0.993907    -0.331437   -0.0552599    -0.154475    -0.650391    -0.535597    0.0204836  -0.00984767     0.893854     0.402962   0.00939356    0.0596592     0.186357      -2.1866     -0.43182     0.504789    -0.982114
   -0.871052     0.479106    -0.574162    -0.981155     0.275151    -0.381469    -0.289191   -0.0201683     0.630864    -0.164379     0.101996    -0.702605      1.35377      0.16478    -0.185142    -0.589064     -0.37095    0.0398563   0.00987371    -0.451019    -0.858443     0.732412    -0.200729     0.565312     0.841012    -0.570577     0.442188      0.56105    -0.908065     0.538834     0.956074    -0.232053
     -2.4553     0.443537     -1.00556      -3.7492    -0.793517     0.679224     -1.94344    -0.415086      1.27102     -1.78265      1.96305     0.573409      2.65323     0.668584    0.0683009     -2.73801     -2.05174     0.801479    -0.525404     -1.19566     0.568023    -0.666355      1.08375    -0.825446      1.05695      2.13461      1.49571     0.678784    -0.188695     -1.55283     -2.03491     0.691375
    0.296124    -0.423868     0.751432      2.16053    0.0172647    -0.173361      2.57616      -1.4031     0.179916    0.0656566     0.655516     -0.57545    -0.339743   -0.0582568      1.45263     0.489873      1.68731      -1.4301    -0.130035    -0.352962     -1.81515     0.457592    -0.511998      1.13051    -0.762721     0.173351     -1.79213     0.537066      -1.3429    -0.199297    -0.509344     0.360592
     1.56324    -0.486626      1.84616    -0.338759    -0.375929     -2.42219     0.837022      -1.4392    -0.609465     -2.10471      1.80167     -1.32408     0.759908    -0.839501   -0.0260501    -0.446021     0.831403    -0.277353    -0.337644      1.75655      1.00486      1.94321      1.32903     -1.59204     -2.00697      1.10206  0.000306102     0.581155    -0.437602    -0.691316     -1.20176     -1.04873
    0.629379     0.536448     0.392947    -0.559964    0.0926692     -1.10351    -0.476169    -0.324069      1.08622     0.317972     0.480074    -0.315497     0.783773     0.816608     -0.21335   0.00835239    -0.227186       0.1804   -0.0132252    -0.666542    -0.871516     0.743502    0.0232631     0.158959     -0.31287     0.363801     0.277564      1.38693     -1.07898      1.16706     0.235726     0.134083
   -0.743134    -0.370609    -0.435393     0.529393    0.0648283     0.626854    -0.243304    -0.833539    -0.351335     0.294627     -0.73765    -0.818307    -0.290166    -0.420167    -0.374105    -0.535928    -0.205744     -0.99342      1.22466     0.485826      0.71834      1.14188     0.647195     0.109737     0.365121    -0.421039      0.52439     0.109018    0.0695765      1.07074    -0.240812     0.136031
     1.82968     0.714341    -0.238771      0.62021    -0.673471     -0.75432      1.29174    -0.882709     0.164406     -0.61835     0.362385    -0.168697    -0.023852     0.791121     0.566028     0.690642     0.714136    -0.242449   -0.0557553    -0.363381    -0.140312     0.924181     0.597082     -1.14711     0.127348     0.156448    -0.779004     0.376092    -0.393414    -0.745354    -0.232827    -0.618753
   -0.531215    -0.521891      0.48056   -0.0168791     0.671605     0.447463     0.671207     0.682023     0.360598    -0.140127     0.360584    -0.493793    -0.422534     -0.61941    -0.304906    -0.191425     0.431905    -0.147134   -0.0172545    0.0153691     0.281759     -0.65454     0.209276      -0.1659    -0.304204     0.875935     0.206696    -0.358206      0.10169    0.0462406     0.370201    -0.288985
     1.19754     0.927258     0.135676    0.0328476     0.569356     0.513445     -0.56965    -0.284587     0.366805      0.47098     0.200654    0.0944898     0.470374    -0.375519     0.124506    -0.250808     0.168698    0.0909213     0.328935     0.443023     0.598064    -0.440961    -0.695428     -0.13987    -0.658475    -0.336605     -0.60725    0.0422593    -0.355079     -1.41538     0.405243    -0.133726
   -0.989622    -0.545967     0.217016     0.401457      -0.1781     0.163591   -0.0208905   0.00385439     0.511132    -0.967882     0.901896    -0.139405     0.394085     0.458195    -0.909788     -0.17283    -0.282259     0.892401     0.308885    -0.808016     0.241386     0.693159    -0.358569     0.807199     -1.90753     0.294192   -0.0795206    -0.632754     -1.04996    -0.187997     -1.12335     -0.52415
    0.411734     0.167592     0.974135   -0.0346292    -0.479839    -0.197319    -0.688345    -0.454815    -0.378124    -0.131807   -0.0673873     0.313462    -0.219895     0.403569     0.336754     0.258783     0.749824     0.724268     0.250873     0.210562    0.0324833     0.322541     0.152664    -0.458449  -0.00532674    0.0894137     0.320954     -0.13432     0.391481   -0.0451443     -0.28185    -0.193118
     1.09975    -0.338951     0.471991     0.184369    -0.502218    -0.398967    -0.455793    -0.920761    -0.469692    -0.186085     0.757437    -0.752443   0.00629335     -1.30491    -0.453566     0.301679     0.623341     -1.03401    -0.423528     0.956769     0.293018     0.892611     -1.65027     -1.02658     0.493355    -0.207003     -0.63632     0.052297     0.867481      1.33785     0.275067     0.148225
   -0.387197    -0.504938     0.305403     0.132098    -0.599263     0.849849    -0.237214    -0.238932    0.0576279     0.141822    -0.350728     0.526185    0.0706331    0.0885887     0.407093        0.288     0.395257   -0.0871891     0.439462    -0.588243     0.481135    -0.083015    -0.866162   -0.0507475      -0.5341    -0.117159     -1.14547     0.398672    -0.373119    -0.527111    -0.080435    0.0155243
  0.00401901    -0.597596      1.52621     0.623313     0.397494    -0.765311    -0.545196    -0.632729    -0.537553    -0.187097    -0.337487        1.353     0.645398     -0.34143      1.06021      0.14941     -1.28407     0.467892     0.766109    -0.879717     0.212562     0.272969    -0.122358      -1.1002    0.0463612    -0.253541    -0.114223      1.99915    -0.693288     -1.58922     0.558687     0.285273
    0.716051    -0.295611    -0.355833    0.0158178   -0.0750252    -0.837991    -0.218828   -0.0183842     0.385789     -0.12927     0.427831     0.454168      1.33191    -0.375453    -0.160979     0.287464     -0.06462     0.271273     0.125491   -0.0803345     0.452676   -0.0209345     0.205593     0.217161   -0.0183986    -0.020054   -0.0643662    -0.163363     0.561327    0.0318205   -0.0559583     0.305458
    0.536272     0.483917    -0.543633     0.914861   -0.0982569    -0.840091       -0.121    0.0919708       0.4732    -0.281992     0.285768     0.124352    -0.357284     0.737527    -0.234862     0.645937     0.115234    -0.585263       1.0387    -0.402146     -0.32818     0.561675     0.519083     0.883952    0.0271552    -0.331024     0.131824   -0.0682557    -0.492883    -0.589139     0.325287    -0.357757
    0.403745     0.935732     0.644166    -0.157788     0.616612     -1.05257      0.15948     0.193293   -0.0725726    -0.204411     0.273214   -0.0673533     0.149424     0.191816     0.480318    -0.431911     0.370327    -0.236071     0.450664     0.137679     0.116563     0.744721     0.381756     -0.39758     0.683613   -0.0251874     0.979471      1.11537    -0.820862    0.0397271    -0.399916     0.522443
   -0.642035   -0.0193339     0.217663    -0.382863     0.399873    -0.933523    -0.942682     0.590788    -0.496203      0.34812      0.27571     0.033439   0.00568242    -0.592073      0.37633    0.0941588     0.094423     0.683656    -0.746279     0.193226      0.45292  -0.00278508     0.857557    -0.337094    -0.408918      1.43824     0.325176    -0.807144      0.50371     0.525792     0.206069      1.00555
    0.541547     -1.74692      0.59219      0.58344    -0.219187     0.602571    -0.181268     -1.26264     -1.15485      1.31347     -1.26513     0.932976     0.625922     0.463427      1.66253      1.01764     0.466289    -0.487933     0.933408     -2.03202    -0.270268    0.0409505    -0.211574     0.383475    -0.988209    -0.569316     -1.33297      1.58256      1.58826     0.243633    -0.387817      1.89963
   -0.422625     -1.08252    -0.226696      0.41682     0.293403     0.976722    0.0646931     0.339777     0.278609     0.607499    0.0500899    -0.105276    -0.333436    -0.297089     0.580067    -0.671446    0.0865961    -0.525728     -1.12676      0.69199      0.14947    -0.810546    -0.163073     -0.66565    -0.617937     0.531172      0.15341   -0.0624217    -0.601655    -0.120289       0.2569     0.877816
   -0.144753     0.138329    0.0581206   -0.0126663    -0.663079     0.358977   -0.0517269     0.409013    -0.138285    -0.138153     0.242773    -0.640815    -0.290722     0.466158     0.501693    -0.375998    0.0111997      1.10406   -0.0928404     0.504969    -0.839836    -0.605348     0.221832     0.294672     0.142015    0.0636165     0.269525     0.450899    -0.640138    0.0900888     -0.61512     0.074293
    0.159878     0.793472    -0.276061    -0.400477     -1.20106     0.912851    -0.957486    -0.580903    -0.641976    -0.335204    -0.241759   -0.0662701    0.0440423      0.67541     0.158937      1.03288     0.133945    -0.254014    -0.936119   -0.0399651     0.534403     -1.47909    -0.490469  -0.00881315    0.0269092    -0.448456      1.01989      1.54294     -1.45278    -0.228389    -0.964565      0.57192
    0.282189     0.568631     0.121607    -0.299313    -0.117415    -0.358258       0.2839   -0.0214884    -0.124863    -0.150514     0.319678   -0.0934729     0.872164     -0.28969     -0.20347     0.198032    0.0157353     0.553133     0.275092     0.130795     0.386435     0.342642    -0.552409    -0.400039     0.202863    -0.240856     0.037279    -0.226818    -0.369429    0.0151569     0.554477   -0.0630082
   -0.638144     0.301948    -0.058379     0.705654     0.287663    -0.554267     0.849733    -0.596646    -0.994281    -0.664112     -0.60528     0.363254      0.17002     0.113081     0.655209      0.19835   -0.0573397     0.632821     0.559294    -0.828113     0.736158    -0.104673     0.702325    -0.561892    -0.950009     0.335037     0.683083      1.35102     0.520143    -0.532985    -0.517493    -0.469692
   -0.117098    -0.785136     0.450093    -0.733892     0.285773     0.897651     0.272089      1.11667     0.358094    0.0766812     0.676908     0.156067     -0.38169    -0.386925    -0.545491   -0.0760071     -0.21944     0.224752    -0.308586     0.307288     0.268807     0.194895     -0.74175     0.288767     0.596982    0.0649621     0.275558     -1.22715     0.222042      1.18242     0.556389     0.877061
     1.07254     0.153031     -1.54581     -1.00504     -1.22488     0.430701     -0.77083     0.986144     0.605214     0.700481     0.406777      1.37566      1.36269     0.487728    -0.905604      1.93335    -0.232421     0.276937    -0.984523     0.486618    -0.472519    0.0430823     -1.30949      0.45759    -0.237507    -0.544158      0.11336      1.21606     0.327095      1.91854     0.829056     0.422973
     1.99143     0.273733      1.18281     0.404313    -0.977285    -0.768837      1.29166     -2.09453      0.01122    -0.804451    -0.852852     -1.21598    -0.603047     0.489038     -1.30016      1.63877     0.636092      1.98714      1.44649     -1.82635       0.1502    -0.313591    -0.782648    -0.479446    -0.297184    -0.520149     -1.43795     -1.44857     -1.90717     0.691453     -1.52075      -1.0516
   -0.327551    -0.655797     0.948492    -0.397924    0.0803349     0.964886    -0.210769      1.01974    -0.116702     0.443565     -1.80489     0.401482    -0.113433     0.485073    -0.172645     0.863869    -0.726484     0.321966       0.7481     0.554103     0.461631    0.0345004    -0.460281    -0.263251    -0.447559    -0.467904    -0.523902    -0.921856     0.357004     0.680808     0.284636     0.547478
    -1.32703     -1.31917      0.64011     0.974077      1.03232    0.0625832     0.102097     0.165964    -0.772659    -0.899645    -0.195387      0.12957    -0.382419     -1.38381       1.1701    -0.130435      0.21128    -0.328502   -0.0613579     0.645368     -0.48816      1.13164      1.55098     0.910477     -1.35707      1.61742      1.44635       2.0016     0.198181    -0.851279    -0.475669    -0.627301
     0.40603     0.378535    -0.345544    0.0192287    -0.463817     0.197252   -0.0077667     0.173088    0.0356948   -0.0755578    -0.100813    -0.266828    -0.490099     0.242458    -0.680665     0.498542     0.199472    0.0762092    0.0804878    -0.299424    -0.132105    -0.313838    -0.394107     0.532253     -0.16801    -0.643419    -0.156138    -0.356401    -0.376204     0.191323    -0.033854    -0.478781
    0.253192    0.0037883    -0.627595     0.616341     0.211842     -2.00178     0.404916    -0.122086    -0.159546    -0.756945    -0.462503    0.0905568      1.09962    0.0651575     0.395034   -0.0835622    -0.345135    -0.548923     0.150081     -0.72228    -0.342109     0.237843     0.848188      0.51429      1.09061      -1.2293     0.522732     0.146223     0.946942    0.0859215    -0.819024     -1.26876
    -1.60213     -1.61048    0.0401136     0.834565     0.764594     -1.63583    -0.317186     0.527485     0.556362      2.53063     0.138434       1.0149     -0.91517      -2.1461      1.67352    -0.245452    -0.737019    -0.370711       0.6008      1.19243     -1.03456      2.67613     0.736131    -0.106056      -2.0501     0.936663    -0.641598    -0.430994      1.93359     0.613662      1.95268      1.36997
   -0.536219     0.132488   -0.0331046    -0.178158     0.133187    -0.747588     0.122621     0.620655    -0.325995    -0.126012    -0.240847     0.452683    -0.226885     0.473918    0.0495378     0.735173    0.0167947    -0.283892    -0.530248   -0.0943793     -0.10623    -0.405004     0.664596    -0.033062     0.197143   -0.0439172     0.415276     0.782277    -0.702605    -0.522803     -0.36806    -0.581997
    0.603543     0.330325      0.45231     0.605347     0.659786    -0.485419      0.26864     0.311816     0.266307      1.30276     0.213634    -0.681339     -0.76656     -0.15331     0.390092     0.298804     0.768125     0.309524     0.326674    -0.583256    -0.571617     -1.10105    -0.448137    0.0449759      0.62259    -0.615675      0.16429      0.58956     -1.24691     0.362852    -0.574367     -0.17513
     1.86718  -0.00045038    -0.248117      0.73013     -1.14452   -0.0400608      1.98287     -2.62218    -0.377201      -1.1761    -0.385276    -0.704948        2.121     0.455465     0.487672     0.541334    -0.244176    -0.224053     -1.01082     0.259425    -0.243286    -0.283004    -0.375581    -0.853618     -1.01914     0.559845     0.709534      1.33192    -0.424545     0.394261      -1.9518     -1.20174
    0.290449    -0.536568      1.04751    -0.453726   -0.0885903    0.0719116     0.734593    -0.277431    -0.362728     -0.59882     -0.34277    -0.714278     0.816304   -0.0624698   -0.0114946     0.413784     0.687862      -0.8312    -0.790313     0.483164     -0.38366     0.306599    -0.959008     0.642123    -0.617836      0.53201     0.299501   0.00511578    -0.569383     0.513925    -0.119418    -0.177463
   -0.216645     0.244135     0.554268     0.997084     0.202438   -0.0124147     -1.28435      0.74737     0.679791   -0.0291334     0.625646    -0.889917    -0.935582     -1.83842    -0.245184    -0.611135      1.69842  -0.00501521      1.72906     -0.28958     0.361822     0.313152     0.795719    -0.134873     0.478673    -0.492788     0.396867      1.06984     0.890418      1.08712     0.201235     0.933592
