  -0.893558
  0.0403789
  -0.029582
   -1.23135
  -0.130793
  -0.241511
  -0.374039
  -0.484361
  -0.363035
  -0.361207
   -1.00411
   0.359454
   0.107697
   0.628419
  -0.569457
 -0.0268384
   0.216302
  -0.316069
   0.219786
 -0.0733586
  -0.730285
   -0.55119
   0.352238
  -0.249447
   -0.12461
  -0.604566
  -0.820705
  -0.343236
  -0.852748
  -0.227804
  0.0452561
   -1.13207
  -0.668591
  -0.537196
  -0.317748
   0.273968
   0.120121
   0.188327
  -0.773904
  -0.372574
  -0.326989
  0.0428609
  -0.779252
  -0.299629
0.000317899
  -0.451995
  -0.923586
   -0.15388
   -1.16798
  -0.708598
   -1.27224
  -0.370801
  -0.712605
   0.428648
   0.134947
   0.609344
  -0.810367
    0.04848
 -0.0816201
   0.169966
  -0.298034
  -0.407029
  -0.482982
  -0.633245
   0.171963
  -0.211155
  -0.477572
   0.189857
   0.295018
    1.04187
  -0.980941
  -0.584195
  -0.282523
   -1.00114
  -0.219189
  -0.662592
  -0.114669
  -0.216122
  -0.481067
  -0.673461
  -0.323439
  -0.799413
   0.179646
  -0.511825
  -0.247865
  -0.591926
  -0.403627
  -0.471489
  0.0448066
   -1.14142
  -0.263488
  -0.683596
    1.03385
  0.0581495
  0.0688001
   -0.85083
 -0.0487686
   -1.06386
  -0.726429
  -0.323888
 0.00257186
   -1.03132
   0.434336
  -0.490136
  0.0699036
   -1.30149
   -1.28153
  -0.380331
  -0.396129
   0.380896
  -0.590174
   -1.09987
   0.193484
   -1.21767
  -0.164516
  -0.290141
 -0.0148711
  -0.306378
    0.25827
   0.216392
  -0.856713
  -0.114958
  -0.117077
  -0.857005
  -0.583264
  -0.781833
  -0.527313
  -0.782557
