  0.398704
 -0.212972
  0.222181
  0.577661
  0.764643
  -0.77772
  0.285662
  -1.00373
  0.793459
  0.644421
  0.198671
-0.0059475
 -0.440512
 -0.364096
 -0.993472
  -0.30068
  0.131248
  0.039746
 -0.277143
   0.14932
-0.0863778
-0.0877094
 -0.948777
 -0.608757
 -0.291975
  -1.75243
  0.213966
  -1.42081
 -0.528231
  -0.31047
 -0.153974
  -0.40725
 -0.108509
   -0.4047
  -0.78872
 -0.202194
  -0.63215
 -0.617055
 -0.435777
 -0.837151
 -0.402213
 -0.129332
  0.251459
 0.0566433
-0.0829812
 -0.429321
 -0.504212
 -0.826672
 -0.300736
 -0.151997
 -0.326895
 -0.530618
 -0.706957
  0.757257
 -0.442621
  0.447897
 -0.125036
 0.0598083
 -0.992211
  -1.62429
 -0.190129
  -1.43029
  0.425599
 -0.570412
  0.257714
 0.0792178
 -0.330848
  0.843481
 -0.858354
 -0.158241
 -0.121055
 -0.483337
 -0.710622
 -0.309364
-0.0751985
  -1.09066
-0.0872675
 -0.128131
  -1.55556
  0.380521
  -2.38518
-0.0654965
 -0.528662
   0.46033
   -0.5612
 -0.786288
 -0.245305
  -1.27507
  0.529181
 -0.181635
  0.296104
 -0.190191
 -0.250316
 -0.399664
  0.757562
  -1.34929
 -0.392342
 -0.913849
-0.0859371
  0.983057
 -0.168846
  0.369734
 -0.267523
 -0.144739
 -0.809961
  -0.54057
 -0.650354
  -1.26008
  -0.87218
 -0.753225
  -0.18727
 -0.114166
  0.239343
 -0.333467
 -0.356814
 -0.189574
   0.61136
  -0.39547
 -0.401453
    1.1913
 -0.325576
  0.542275
  -1.16169
  0.208208
  0.255442
  0.415253
 -0.675172
0.00359541
