   -0.231004    0.0885143    -0.491983   -0.0844411     0.250699    -0.224983    0.0565053     0.142949      0.26339     0.121393    -0.331188   -0.0673742    -0.187677    -0.240175     0.187091    0.0661263     0.293245     0.220672    -0.126788    0.0244655     0.001612     0.689946     0.078696     0.200837    -0.385484     0.105478    -0.408408   0.00871557    -0.171775    0.0793481  -0.00705006    0.0916916
   0.0812125   -0.0494532 -0.000906396   -0.0895213     0.142876    -0.256552     0.382367    -0.835065     -0.12497    -0.601804    -0.113682     0.403801     0.172384     0.677278    -0.102785    -0.622109    -0.121915    -0.371459    -0.190242    -0.406122     0.441189      0.57077    -0.560388    -0.172792   0.00422008     0.400132    -0.472954      0.29027    -0.466332    0.0299401     0.147213    -0.496926
   -0.484283   -0.0464442    -0.610795     0.276632     0.837482    -0.267266     0.320861    -0.191965    -0.276385   -0.0890084    -0.408135   -0.0662279      0.73979   -0.0410314     0.362338    -0.580504     0.158996    -0.605061    -0.140996     0.192421   -0.0885373     0.890834     -0.79533    -0.402081    0.0502753     0.264456    -0.402621     -0.84737    -0.522442    0.0304645    -0.402614   -0.0103503
  -0.0244767    -0.211495   -0.0844417   -0.0969633    -0.129762     0.043474     0.090917      0.34097     -0.14857     0.266863     0.543877     0.610357   -0.0172532     0.387963     0.144336    0.0883626     0.532573    0.0821777     0.313155    -0.382449     -0.12966      0.14174    -0.276114     0.102528     0.595741   -0.0302845     0.540733    0.0652065     0.132101    -0.966243     0.167322     0.374403
   -0.300999   -0.0213024   -0.0763783    -0.177101    0.0928021    -0.496026     0.330322     0.298931      0.33709     0.483997   -0.0680464    -0.349629     0.206681    -0.449137     0.176883     0.116359     0.207232    0.0319994    0.0899433     0.340742     -0.22387     0.332272    -0.795394    -0.319412    -0.138746     0.229493      0.26922     0.172101    0.0797699    -0.198516    -0.493187     0.570719
    0.547376     0.297796     0.175335   -0.0706569    0.0885333    0.0158718     0.301035     0.252992   -0.0296242    -0.405938     0.310231     0.380886     0.323663     0.127069    -0.127735   0.00446678     0.173227   -0.0641138     0.173081     0.187041     0.184841    -0.410117     0.234519    0.0956737   -0.0230942     -0.33391   -0.0390862     0.106003      0.11325    0.0575639     0.124343      -0.1182
    0.333471    -0.508874    -0.778137     0.109978   0.00198979    -0.326336    -0.531681      0.01388    -0.462951    0.0393251   -0.0976733    -0.242438     0.257571    -0.581626     0.232095     0.340482     0.338912   -0.0414585     0.223407     -0.41861      0.31677     0.236064   -0.0254408      0.33826     0.361873   -0.0571955      -0.1637     0.281993    -0.346455  -0.00657599  0.000356694    -0.242749
  -0.0703769    -0.130716   -0.0880506   -0.0897901     0.160518     0.314139    -0.506443    -0.176859     0.317753     0.145408   -0.0812187    0.0108253  -0.00305266    0.0262274    -0.230765     0.027227    -0.303031    -0.345838     -0.38529    0.0237269     0.180444     0.222617    -0.284018    0.0684023    -0.697913    -0.120427    -0.202172    0.0571678     0.160492    0.0331878     -0.19879    0.0411674
   -0.731006     0.159306      0.29899     0.203125      0.18011     0.200013   -0.0048326    -0.241232     0.129756   -0.0801511    -0.594554     0.180395   -0.0160924     0.418094     0.398904    -0.183503    -0.374493  -0.00151666     0.350955    -0.177636     0.225431   -0.0561596     0.141955    -0.102824   -0.0472167      0.20165    -0.240921    -0.163835    -0.138586     0.118952    -0.495175     -0.30804
    0.270955    -0.790225    -0.340434     0.500374    -0.297855     0.211089    -0.301679     0.215416   -0.0387134     0.525793     0.484094     0.240426    -0.220908   -0.0992218     0.643233     -0.30027    -0.265104     0.644318    0.0467074    -0.104617   0.00243271    -0.144484      0.54813    -0.127998     -0.14488    -0.268943    0.0652824    0.0547477     0.118761     0.250701    -0.376997   -0.0669422
   -0.406643    -0.151961    -0.124703     0.174104     0.235252     0.185717    -0.132197    -0.289891     0.401963    -0.186982     0.307171     0.472744    -0.274018     0.223412       0.1282    -0.185864     0.234811      0.18077    -0.127745   -0.0671992     0.107388    -0.152816    -0.494137    -0.108561     0.125665    0.0947766     0.950312    -0.642743     0.024309    -0.532255    -0.664115    -0.203598
    0.298624    -0.189699    0.0204307     0.166274   -0.0923621    -0.406825   0.00492777       0.4341   -0.0894177    -0.099391     0.484392    -0.338988      0.16779   -0.0533175    0.0923794    -0.113644     0.593942    0.0914742     0.274235    -0.299777     0.215489     0.180999    -0.367743   -0.0497585    -0.138618   -0.0166218     0.470405      0.20725    -0.105232    -0.108017     0.114648     0.103264
    0.130961     0.115026    0.0987396    0.0728736     0.211754     0.326645   -0.0816756    -0.141974     0.175248    -0.137298   -0.0613221   -0.0936923    0.0871932    -0.116272      0.25656     0.358123   -0.0791301    -0.205305    -0.298647   -0.0176069   -0.0776261     0.797934   -0.0474394    -0.159481      0.11787  -0.00239532    -0.061204  -0.00822546      0.12564   -0.0693314    0.0257162    -0.128085
    -0.23841     0.204356     0.390872     0.462232    -0.361232     0.385925      0.22215     0.155039    -0.621572     -0.26664    -0.103369     0.106672    -0.205286     0.245502    -0.886317    0.0799693    0.0398687   -0.0549926    -0.261814    -0.244811    -0.287377    -0.224212    0.0353129    -0.207276   -0.0890069   -0.0442477    -0.601357    -0.928712   -0.0630015     -0.48411     0.384706    -0.399433
  -0.0828089     -0.18409     0.119061   -0.0670292     0.379552     0.627954     0.214089    -0.234441    -0.402635    -0.252802      0.59511    -0.044673    -0.464689     0.187008     0.591363     0.234136    -0.263453      0.51428   -0.0718184    -0.237059     0.163621     0.290444    -0.139005    -0.188711     0.222141     0.133287     0.376001    0.0204232    -0.161471    -0.176923     0.566253     0.192109
   -0.490428    -0.164817    0.0831752    -0.166457     0.581177    0.0772136    0.0041577    -0.233155    0.0584449   -0.0793292    -0.210568     0.526962    0.0136854  -0.00175331     0.322758     0.106254      -0.2803    -0.554046   -0.0818022   -0.0153167     0.628035     0.471067    -0.470473     0.151322  -0.00505991   -0.0890616    0.0470523    -0.299089      0.12198     -1.23545    -0.296168     0.505745
  -0.0170103   -0.0391677   -0.0276647     0.127067    -0.255357    -0.236233   -0.0404205     0.191207   -0.0629367    0.0719357     0.109429    0.0123874    -0.357325   0.00966531    0.0763765    0.0369636     0.153449    -0.270147   -0.0654663    -0.131788     -0.28998     0.502391    -0.172968     0.136769   -0.0727382    -0.517242   -0.0327108   -0.0778712    -0.133337    0.0276966      0.11362     0.317539
  -0.0925724    -0.144653    -0.113968    0.0179855  -0.00834306   -0.0190582   -0.0693892    0.0696657       0.1811    -0.253295    0.0299033    -0.300267   -0.0662168    -0.428315    -0.319297     0.284974     0.204849    -0.549307   -0.0224035   -0.0613945     0.321406    -0.257305     0.258589    -0.163072   -0.0185925   -0.0794415     0.198197     0.113961     0.270421    -0.273172     0.258367    0.0932432
  -0.0446455    -0.104793    -0.387597     0.253629     0.329726     0.290248    0.0813738    -0.256572    -0.379077    0.0045983    0.0246944    -0.429216    -0.443743     0.122439    -0.190787      0.69902    0.0759027     -0.27874    -0.380868    0.0543546     0.308683      0.12353   -0.0373847    0.0334544     0.306522    -0.219393    -0.025128    -0.203187    -0.210488     0.370272   -0.0705923    -0.307602
    0.124126     -0.40133     0.357999     0.320719     0.201507     0.139085    -0.393921   -0.0994519    -0.582514    -0.942207     0.462781    -0.623537    0.0727307      0.35621      0.09825    -0.252324     0.124419   -0.0191165    -0.487481    -0.734332   -0.0377588    -0.432167    -0.157548     0.543319    -0.167614   -0.0142753     0.156094    -0.216281   -0.0897885     0.116307    -0.797102    -0.214847
    0.526482     0.295053     0.399734     0.118938     -0.29212     0.109951     0.117446     0.131649    0.0695728    0.0527837     0.148696     0.138763    -0.325261     0.455294    -0.523918     0.240793    -0.167425    -0.144573    0.0618129    0.0315037     0.104689    0.0825813    -0.871211    -0.157259    -0.273541    -0.295923   -0.0514063     0.150259     0.108234    -0.313457     0.215373     0.192976
    0.209289    0.0866452    0.0411653   -0.0655261     0.169821     -0.39843    -0.397595    0.0488756     0.133739    -0.196071    0.0645318     0.133425    -0.266699    -0.243692    -0.281129     -0.20482     0.270284     0.485328    0.0355129     0.355465    0.0489151    -0.547591   -0.0645497     0.304064    0.0249541    -0.082934     0.279945     0.248849     0.654486    -0.155895     0.138849    -0.488273
    0.269281    0.0687606     0.238109    -0.323222     0.413751     0.244092     0.108394     0.457024    0.0775003    -0.353946    -0.305701   -0.0622575    -0.302889    -0.319113    -0.156803     0.274047    -0.164279    0.0845538    -0.328847   -0.0930105    -0.348048     0.123054    -0.447108    -0.640015    -0.162844     0.372581    -0.717273     -0.35407     0.290795   -0.0512594    -0.145594     0.168877
   -0.112502     -0.17179     0.232068     0.148578    0.0559948    -0.343049      0.50472     0.251958    -0.127958   -0.0791079     0.300971    -0.276289    0.0226216     0.470316     0.344056    -0.533459    -0.033642     -0.26439    0.0919672    -0.708432     0.361258     0.329505    0.0979702      0.17278   -0.0810285     0.364149    -0.358626     0.237108    -0.232606   -0.0121702     0.597454    -0.186832
   -0.102921     -0.54594    -0.341904    -0.585286       0.5531    -0.167984    0.0191945    0.0075379     0.260098     0.115454   -0.0646658    -0.134054    -0.427286     0.297825     0.325918     0.200036     0.288565    -0.316477     -0.61922    0.0991488    0.0555308    0.0774289    0.0430262     -0.23161   -0.0600027     0.462644     -0.14062    -0.057247    -0.121814   0.00331438    -0.475809     0.230901
   -0.161848     0.500755   -0.0720208     0.477408    -0.155269     0.139057    -0.221983    -0.326725     0.707774    0.0879656    -0.110944     0.129139     0.368959    0.0112854   -0.0107142     0.229589     0.238382    0.0575775     0.417902    -0.239855    0.0815166      -0.1197     0.140268   0.00287182    -0.124088    -0.663199     0.475649    -0.397412    -0.161492    -0.168204   0.00828487   -0.0321337
    0.300696    -0.355452   -0.0233844     0.160023   -0.0934112    -0.206081     -0.24155    -0.248994    -0.336167    -0.421626     -0.42018    -0.255597    -0.343326     0.524217    0.0518866     0.379867    -0.351173    0.0354107    -0.822115   -0.0460379     0.315179    -0.525233     0.221423     0.152544    0.0330759   0.00511069    0.0841522    -0.178282    -0.139819   -0.0558291    0.0703398    -0.895864
   -0.224865     0.455749    -0.312755    -0.168681    -0.116806    -0.152636     0.116083    0.0828631     0.042528     0.105988    -0.130327     0.586013     0.452531     0.139807     0.293344    -0.562269     0.014125    -0.129834    -0.102057    -0.129459     0.209407    -0.111817    -0.201108    -0.513522    -0.153988    0.0499444     0.341894    0.0354876    0.0460835    -0.260315    0.0190363    0.0405393
    0.340125      0.61435    -0.370292   0.00955487    -0.130254     -0.53494    -0.415588     0.338168    -0.114276     0.235104     0.309945     0.385462    0.0312022    0.0662168     0.791271    -0.381479     0.689842     -0.54027    -0.449409    -0.295196     0.785032      0.62864     0.112518     0.334854     0.442715    -0.146268    -0.434307     0.793321     0.101675    0.0245408        0.587    -0.006429
  -0.0995593     0.102907    -0.306876     0.101255    -0.202211    -0.607914     0.113748     0.276465     0.237166    -0.278815       0.3993     0.373993     0.122941    -0.354698    0.0976766    0.0742701    0.0239737     0.253285    -0.280192     0.384578    -0.373872    -0.698136    -0.220485     0.534874    -0.370506    -0.610105   -0.0624476    -0.129923     0.695158    -0.170625   -0.0405225    -0.214261
   0.0309569    -0.068535    -0.284108     0.311094 -0.000392318    -0.427115     0.181128    0.0386209    0.0307575    -0.662912    0.0646012    -0.146403    0.0530197   -0.0481116    -0.405394    -0.183626    -0.397431   -0.0351633    0.0913713   -0.0189912     0.305606    -0.565948     0.238043     0.564658    -0.185229    -0.439259    -0.342112     0.317389     0.426354    -0.238711     0.044235    -0.103153
   -0.126852     0.140029      0.30324   -0.0515657     0.403096     0.150791     -0.55501    -0.939069     0.352538    -0.418889    -0.442177    -0.182688    0.0954503       0.2864     -0.41589     0.421113    -0.218078    -0.521993    0.0685397    -0.116543   -0.0274903     0.652312   -0.0804965    -0.478914    0.0672777    -0.531276    -0.181302    -0.166635     0.149498      -0.0484     0.294089    -0.770116
   -0.103347    0.0460303    -0.670668   -0.0696647      0.34073    -0.108309     0.339348    0.0184764    -0.236572   -0.0449422   -0.0506087    -0.211073     0.273235    -0.168057    -0.123755    -0.190041    0.0746734    -0.500979    -0.138375    -0.472567    -0.164204    -0.142829     -0.15519     0.289594    -0.269584     0.812612     0.444876    -0.170883     0.342801     0.332661     0.153479     -0.52551
   -0.697878    0.0768816    0.0510277    -0.021845    -0.087442     0.221087     0.217743    -0.450222    0.0508746     0.268325    -0.496981   -0.0485183   -0.0303943     0.593102    -0.209885      0.28994    -0.341788   -0.0479626    -0.333684     0.355571    -0.201824    -0.439419     0.060174    -0.262306    -0.476984    -0.564304    0.0101139     -0.30223   -0.0785474     -0.31024    -0.100646     0.240049
    0.576075     0.262159     0.327987     0.267197   -0.0272821     0.164763     0.136907     0.229974    -0.133462    0.0559118     0.416076     0.145163   -0.0512499     0.235321     0.454357    -0.147092     0.102007   -0.0854765    -0.422593   -0.0955741     0.255931   -0.0979238     0.198956    -0.343778     0.291507     0.229205    -0.629294    0.0967769    -0.223507     0.409957     0.699856    -0.205386
    0.407879    -0.204281     0.113523    -0.490546     0.392955   -0.0484443    -0.438792     0.383588   -0.0954824     0.210709     0.204975    -0.162884    -0.481957     0.616355     0.240869    -0.183836     0.187776     0.115383    -0.271223    -0.526383      0.21967     0.477618    -0.662549    -0.220087    0.0225694     0.156107   -0.0147501    -0.348729    -0.101673   -0.0276277    0.0547576    -0.481326
    0.431567   -0.0486832    -0.232825    0.0961846     0.204474    -0.255672     0.158331     0.213893    -0.565249    -0.920458   -0.0563388    0.0322769     0.107724     0.268129   -0.0197114    -0.270916   -0.0181721     -0.30243    -0.671584    0.0162676     0.468762     -0.55812     0.280728     0.153897   -0.0524131     -0.35668     0.273482   -0.0804693    -0.570665     0.077076    0.0785781      0.31863
    0.268134   -0.0438706    -0.202528     0.136734     0.217854     0.277945     0.187173    -0.275279      0.34722     0.256286      0.12172      0.23149  -0.00867541    0.0189926     -0.13397    -0.226299      0.19738    -0.193549    0.0771039   -0.0278417    -0.106895    -0.174688    -0.333406  -0.00616547     0.328258    0.0650721     0.130741    -0.215822    -0.470928    -0.773794    -0.129125     0.271756
    0.143965      0.31021     0.282563   -0.0861276   -0.0549258   -0.0599575    -0.255869    0.0946128     0.257357     -0.42412    -0.314009    0.0886288     0.337828    -0.284197      0.42226   -0.0908741    0.0445881    -0.102847    -0.362822   -0.0495621    -0.122978    -0.182227    0.0540558     0.663821       0.0538    0.0494834    -0.184744    -0.278785     0.502734    -0.119683    -0.291643    -0.149681
   -0.137442    0.0554363     0.306479    -0.564722   -0.0479911    -0.122777   -0.0565151    -0.393332     0.350089    0.0361849     0.165921    -0.430617     0.558639   -0.0140391    -0.694033    -0.133591     0.675893    0.0779943    -0.717737     0.449814     0.385025     0.644118    -0.406492    -0.130873     0.136469   0.00440373     0.165201   -0.0264548    0.0649787     0.422727     0.481833    -0.694573
    0.228163     -0.14653    -0.146839   -0.0330135    -0.426073    -0.133804   -0.0370973     0.450397     0.322088     0.027376      0.52634     0.149174   -0.0889575     0.155864    0.0204953    0.0542013     0.308863     0.373593     0.349737     0.365923    -0.788751    -0.210449     0.696601    -0.336326     0.267471    -0.218332     0.276828   -0.0954526    -0.184907     -1.09558    -0.606595     0.261939
    0.183448     0.180691     0.188787     0.137035    0.0410567   0.00160428     0.135735    -0.591754     0.648342     -0.10664     0.573591    0.0639293    -0.211446     0.102301    0.0130697     0.520315     0.155959    -0.190583     -0.27671    -0.148258     0.542483     0.538545   0.00516065    -0.761036     0.218791    -0.580342   -0.0966738    -0.381616     0.125973    -0.101559     0.167767    -0.374385
  -0.0755047     -0.50722    -0.196667     0.101488    -0.001547   -0.0498009     0.164475    0.0696363    -0.223102     0.116122     0.242638    -0.364136    0.0220102    -0.271825   -0.0498501      0.34568    -0.150386    -0.228221    -0.275453   -0.0850174    -0.101232   -0.0888624     0.237891   -0.0170574    -0.461747     0.151697     0.246864    0.0868111    0.0323706     0.102716    -0.394004    -0.266596
     0.65052     0.429927    -0.432224    -0.125435    -0.266043     0.100912     0.473219   -0.0496746      0.29548     0.199578      0.31425     0.585814     0.253806    0.0854299     0.536291    0.0471935    0.0777252    -0.708464   -0.0242242    0.0880587     0.421928   -0.0281274     0.277371     0.215702     0.261075      0.10207     0.406427     0.347823    -0.077269   -0.0127181    -0.197797    -0.140048
  -0.0454782    0.0675993    -0.127657   -0.0530889     0.135289  0.000428041       0.1509     0.608776    0.0264837  0.000239843    -0.135526     0.368847   -0.0873734    0.0131976     0.548287    -0.263758     0.338624    0.0203999     0.528131   -0.0905236   -0.0862167     0.087081    -0.199006     0.165291    0.0984087    0.0992725  -0.00119608    0.0384516     0.354607     0.248757    -0.362089    -0.301299
   -0.146168    -0.505798     0.313756    0.0763908   -0.0530833     0.427188    0.0587619    -0.194466    -0.144415   -0.0783017    0.0600006    -0.669195    -0.200674        0.084     -0.14743   -0.0421765    0.0343638    0.0993667    -0.916993    -0.186413    -0.137226     0.815233   -0.0063064   -0.0706505    0.0595596    -0.475244   -0.0230875     0.115699    -0.305438    0.0578405    -0.260479    0.0955196
     0.53888    -0.129447   -0.0243684   -0.0981803    0.0643323     -0.42549    -0.246622       0.2843     0.143153   -0.0316589    -0.264532    -0.269425   -0.0677064    -0.324353    -0.171647     -0.17201     0.026632     0.539503    -0.159826   -0.0452103     0.161063    -0.137193    0.0479758    -0.346211     0.299516     0.291898    0.0343363    0.0812355    -0.398055     0.216888    -0.359556    -0.377186
   -0.241286     0.533767    -0.486922    -0.270731     0.132811    -0.206337     0.417331     0.450823     0.071123     0.055387      0.18717   -0.0125537   -0.0250269     0.113988     0.361247   -0.0836702     0.114493    -0.228343    0.0394984   -0.0483566     0.226847      0.15419     -0.29611    -0.217396     0.376046     0.238489    -0.278748   -0.0877661     -0.19499  -0.00781751  -0.00730119   0.00445952
    0.234039    -0.262947    -0.251151     0.492188    0.0876098     0.184252     0.161233    -0.130956    0.0798625     0.367875     0.829397     0.193262   0.00808572    -0.259521     0.270006    -0.186982     0.150476     0.412294      0.11778     -0.27965     0.541793     0.233386     -0.28612    -0.378347    -0.488933   -0.0581572   -0.0182958   -0.0999269     0.138292    -0.197719    -0.017793      0.13411
     0.41512    0.0749078    -0.377993   0.00208917    -0.032553    -0.604869   -0.0305624   -0.0144078     0.188832    0.0507222  -0.00161774     0.258204    -0.298595     0.161372    0.0544305    -0.137536     0.271492   -0.0847629    -0.341807     0.220121    -0.289486    -0.129011    -0.120113     0.152858     0.296596    0.0236544   -0.0458596    -0.359987     0.274016   0.00440827     0.165401      0.04321
   -0.966673     0.428055    -0.352558    -0.146605     0.481898     0.261184     0.140232    0.0361916    0.0577968     0.700871    -0.649432      0.31722     0.839747    -0.108846     0.476597    0.0362733     0.306193    -0.601122    -0.118838     0.102776     0.131474     0.477946    -0.122534     -0.38779    0.0103993      0.31771    -0.253623    0.0727825     0.061313   0.00125215     0.329594   -0.0689687
   -0.497398    -0.215762     0.172505     0.125241     0.285512    -0.138918      0.32873     0.154035    -0.513199    -0.200229     0.020967    -0.370265    0.0949303    -0.311268       0.1508     0.378231    -0.107608     -0.33481     0.143275    -0.107388     0.293677    0.0151224     0.135459    0.0508038   -0.0445809     0.449546     0.188819     0.541041     0.225461       0.1579     0.771389     0.468347
   0.0688835    -0.212871     0.070298     0.261252    -0.107744      0.12044     0.120678    0.0428117    -0.472393    -0.392838     -0.10987     0.389173     -0.51244     0.102666     0.106062   -0.0618776    -0.162245   -0.0466763    -0.245119    -0.135896    -0.230352     0.286113    -0.455688   -0.0311341     0.130434    0.0692502    0.0283804    0.0905124    -0.428568     0.165346    -0.370613     0.119235
   -0.392065    -0.197008     0.810889     0.198366     0.013143     0.931761     0.281386     -1.05577     -0.52043    -0.256352     0.257845      0.64973    0.0847117    -0.246769    -0.243789     0.239188    -0.128312   -0.0963898    -0.133146   -0.0648156    -0.412404     0.363932    -0.015929     -1.18435    -0.104274   -0.0655433    -0.729518    -0.293177    -0.110843    -0.218842     0.285582     0.261786
   -0.332139     -0.21095     0.316341    0.0829983     0.176319     0.192055    -0.114423     0.283796    -0.227363    -0.294454     -0.11268     -0.24954    -0.529243    -0.553324   -0.0529959     0.416309     0.261596   -0.0417626      0.47338     0.464868    -0.454919     0.122922     0.060977    -0.197892    -0.576233    -0.122389    0.0362174    -0.251253     0.557649     0.284414     0.109431    -0.398047
   -0.558809     0.120838    -0.125803    -0.319627    0.0788266     0.339881     0.370992    -0.310724     0.221859     0.251197    0.0424075     0.450807    -0.661556    -0.546406     0.316802    -0.161454     0.448803    -0.344151     0.191056    0.0554203    0.0168766     0.780772     0.109067    0.0335075     -0.16246    -0.110094   0.00995588    -0.174736     -0.50887     0.386034     -0.38414     0.421699
 -0.00385845   0.00309992    0.0653052     0.121899    0.0284891     0.198948    -0.518985    -0.545437   -0.0700787   -0.0101754     0.333772    -0.141785    0.0182412    -0.127799    -0.602082    0.0912336      0.19445     0.360463    -0.344529     0.231549    -0.141354     0.146804   -0.0485702    -0.325494    -0.275434    -0.451773    -0.481385    -0.466382    -0.300455     0.322581    0.0777439   0.00720788
    0.307547      0.25361    -0.299112   -0.0397068    -0.247449     0.133537    -0.340749     0.779983    -0.265783     0.185588    0.0516617    -0.310778    -0.201928     0.598706   -0.0848652    -0.416741  -0.00642332    -0.167534    -0.558486    -0.298002     0.205239     0.380277    -0.303653     -0.35913    -0.106175    -0.343806    -0.864632     0.928992     0.116573    -0.164967     0.146813    -0.134205
   -0.649364     0.244998    -0.269859    0.0935602    -0.501293     -0.61501   -0.0588671    -0.820363     0.212404    -0.364885    -0.326727    -0.302621     0.498486   -0.0552104    -0.365455     -0.99288     0.642645   -0.0723257    -0.123189     0.286612    -0.393288     0.011149    -0.763873    -0.584127     0.145903    0.0639987     0.293041    0.0587927    -0.574159    -0.640385    -0.660763     -0.22049
   -0.142906     0.655679    -0.390148    0.0336245    -0.155145    -0.376982    -0.226395     0.324682    -0.054165   -0.0463731    0.0471291    -0.190187     -0.10386    -0.384577     0.364568   -0.0995508     0.104577    -0.200551     0.345131     0.246384     0.732194     0.097844    -0.315134    -0.231718      0.33646    -0.272722   -0.0494968    0.0831142     0.883089    -0.195639     0.270902   -0.0557476
  -0.0973311     0.102325    -0.261074    -0.157519     0.950206     -0.02419    -0.235331    -0.428707     0.366924    -0.428169    -0.161162     -0.31995    0.0643936    0.0229503    -0.224968     0.398969   -0.0895481  0.000437076   -0.0883892     0.215647    -0.570373     0.799168   -0.0201701      0.12107    -0.325726     0.049476    -0.232588    -0.146518    -0.262709    -0.655094     0.488115     0.185414
   -0.415905   -0.0106473     0.319044    -0.195174      0.30407    0.0526354    0.0589418    -0.409357   -0.0539873     0.159035   -0.0186665    -0.324529     0.241617    -0.216021    -0.396528     0.167556    -0.120294    -0.352548    -0.156803     0.158707    -0.272861    -0.209889     -0.28535    -0.112908    0.0431236     0.261478    -0.237784    -0.289926    0.0579801    -0.202222    0.0728384     0.119542
 -0.00964855    -0.279152    -0.011942   -0.0308627   -0.0451978   -0.0696783   -0.0295046     0.625762    -0.284159    0.0480788   -0.0325151    -0.390575    -0.805379     0.199633    -0.146227    -0.165059     0.524242    -0.153948     -0.23799     0.238422   -0.0592998     0.136783   -0.0471829     0.154821   -0.0318246    0.0805043    -0.232969    -0.137261    -0.189233     0.515186   0.00408605    0.0258262
    0.382182     -0.20981    -0.282636   -0.0568637     0.158633     0.504866     0.426061     -0.56234     0.346442    -0.422621     0.297334    0.0073886     -0.33824    -0.281277  -0.00529379    -0.259839    -0.454678     0.313657     0.757084    -0.457284      0.28972     0.151835    0.0403232     0.397567     0.378139   0.00269329    -0.628143     0.162854    -0.467046      0.22637     0.394976    -0.339439
    -0.34037    -0.195565    -0.820427   -0.0674386   0.00830431    -0.387957    -0.189107    -0.784347     0.446015    -0.261857     0.124159    0.0643381     0.344478    -0.502858     0.776579    -0.387584    0.0462167    0.0140049     0.239975     0.438404     0.127255     0.338496   -0.0319493      1.17378    -0.302556    -0.520857     0.369378    0.0658549    -0.834534  -0.00670761    -0.275264     0.346916
    0.143786    0.0536674   -0.0817407    -0.065233     0.295818    0.0216719    -0.280742  -0.00605961    -0.268014     0.238889    -0.338058    0.0807173    0.0474641     -0.24904     0.444445     0.308834   -0.0657623    -0.355373     0.287495   -0.0814478      1.09635   -0.0027629    -0.532043    -0.750003    0.0161181     0.648081     0.519076    -0.704601     -0.14918      0.17177     0.344385     -0.37795
    0.238362     0.376051    -0.147276    -0.262924    -0.566172    -0.960171   -0.0429847    -0.502857   0.00952612    -0.343065     0.331191    -0.316531   0.00920609      -0.2844    -0.432976    -0.120261   0.00298044    -0.271331    -0.750367   -0.0699456    0.0596703    0.0759295     0.367312     0.216428     0.154502    -0.374421     0.267568   0.00709953     0.784023     0.165488    -0.218991    -0.345748
   -0.175019     0.121664     0.310871     -0.14868      0.26302   -0.0837055   -0.0289932    -0.223014     0.040922    0.0365241    -0.124442     0.135512     0.205828    -0.346852    -0.404831     0.425311    -0.104244     0.208591     0.312492     0.695642    -0.365965   -0.0114504    -0.282255   -0.0705503    -0.276575    -0.177844    -0.233024    -0.599466     0.412054    -0.265794    -0.258065  -0.00359461
   -0.574195    0.0774233     -0.19642    -0.515401    0.0886803    -0.462109    -0.416057    -0.233123     0.255761    -0.168664    -0.552685    -0.238146     0.466246    -0.532659     0.237143    0.0214079     0.421551    -0.188386    -0.316195   0.00794247    -0.308413     0.425501    -0.489848    -0.294223     0.365178    -0.441712     0.373486    -0.532724     0.554375    -0.778712    -0.408961    -0.293335
    0.191882     0.330464   -0.0880403     0.323498     0.392198      0.28484     0.307793     0.284147    -0.318896     0.198702     0.255643    -0.568035    -0.530524    -0.158386     0.160314    -0.082998    -0.150909     0.530169     0.238365     0.189551    -0.581786     0.400769    -0.153546     0.147916   -0.0542448     -0.40574    -0.769514      0.12705      0.29764     0.166007    0.0540132     0.172406
   0.0505029     0.277302    -0.299651     0.278406    -0.137129   -0.0550976  -0.00629505     0.598163    -0.402896   -0.0794062     0.144114     0.155436     0.137699     0.215034   -0.0691937      0.18326   -0.0821333    -0.122761     0.457399    -0.138379    0.0599088    -0.329094    0.0625849   -0.0317649   0.00258557      -0.3456   -0.0378233     0.781168     0.328132    -0.128966   -0.0470641     0.397647
   -0.520801    0.0930796    0.0638784     0.593149     0.413544     0.109294    -0.100963     0.309802     -0.13178    0.0934326   -0.0254064     -0.30338    -0.241104     0.618646     0.531412    -0.448692     -0.19086     0.147233   -0.0565599     0.229682    -0.397222    -0.081808    -0.146568    -0.183966     0.453627       0.5319   -0.0195523     0.575286   0.00916325    -0.852752     0.189274   -0.0845778
   -0.433327    -0.106502    0.0376366     0.380647    -0.293274    -0.425342     0.496981    -0.428507    -0.109484     -0.30504   -0.0486863    -0.259143    -0.751283    -0.323929     0.245881    -0.211381     0.241774     -0.15228    0.0307857     0.578696     0.100558    -0.122467     0.279088      -0.1761     0.172378    0.0947606   -0.0617147    -0.257432   -0.0431881   -0.0517963     0.284159    0.0194271
   -0.113176    0.0310018   -0.0747307    -0.448835      0.14324     0.069046    -0.222812    0.0897767     0.215884   -0.0928153    -0.353176     0.234878     0.335068     0.360021  -0.00371294    -0.228709    0.0325053    -0.244568     0.327261    -0.257627   -0.0994752     0.195337    -0.222449   -0.0525014     0.220093    0.0240989   -0.0608675    -0.128294    -0.349947    -0.301334    0.0725642     0.338396
   -0.169417     0.122715    0.0410271   -0.0949131     0.577673    -0.235583   -0.0542413    0.0842096    0.0298868     0.142948    -0.215382     0.467641     0.395194   -0.0231481     0.269821     0.121837      0.08508    -0.025425     0.417331   -0.0586845    -0.484619    0.0716565  -0.00794416    0.0426971    -0.172914     0.191274     0.349833     0.185027     0.332825    -0.682781    -0.254658     0.961311
   -0.467139     0.288293     0.187946    0.0515551     0.642225     0.406449     0.312512      0.17709     0.178114     0.395842    -0.200786     0.355564    -0.505133     0.267198      0.07718     0.133553    -0.434637     0.121485    0.0730696     0.376501   -0.0686783    -0.113225    -0.258265    -0.291475    -0.774179     0.142359    0.0149171    -0.214292     0.148346    -0.657786     0.255142    0.0637957
    0.310753      0.39062    0.0558474      0.20604     0.346167     0.349301     0.596593     0.203424    -0.239616     -0.27704     0.336277     0.922363     0.277784     0.143212     0.173563     0.538936   -0.0508408    0.0664223     0.147929    -0.143149    -0.438696     0.300594     0.258513    -0.271344    -0.304358     0.369364    -0.515292    -0.191337    -0.173645    -0.621819    -0.197661     0.680388
    0.322667     0.738994     0.290139    -0.229166   -0.0791864   -0.0418308     0.282074     0.446218    -0.330599    -0.417123    -0.400812     0.595639     0.270909     -0.18509    -0.170906     0.409749   -0.0916938     0.206874    -0.339443    -0.257288     0.058779    -0.118335    -0.668521    -0.021396     0.351718     0.322872    -0.330033    -0.242783    0.0689431    -0.069116   -0.0702872    -0.377591
   -0.380018   -0.0737538    0.0884298     0.186567     0.170651   -0.0244119    0.0870703       -0.237     0.465888     -0.35354     0.081365   -0.0660701    -0.182701    0.0127021    -0.155297    -0.193848    0.0703968    -0.172012    0.0257397     0.185713      -0.4468    -0.112642    -0.235907    -0.175769     0.149947    0.0185298   -0.0285101    -0.105481    -0.219147    0.0512949   -0.0425297    -0.136192
   -0.175028     0.467672    0.0749949   -0.0437656    -0.458185    -0.703833     0.577846    -0.229183    -0.426912    -0.182364     0.152365     -0.54724     0.322908     -0.46015    -0.311758     -0.18492     0.127427    -0.104199    -0.233443     0.164958    -0.155244     0.290381    -0.206442    -0.199558    -0.342248    -0.710935    -0.117714     0.193742    0.0525431    -0.116632    0.0778284     0.796019
    0.282024    -0.302553     0.296379    0.0663885    -0.235771    0.0500108    0.0455844    0.0784427    -0.171044  0.000984057    0.0261172     0.140292    -0.346095     0.183084   -0.0770104     0.310699     0.214987     0.404205     0.135828    0.0990277   -0.0185904    -0.044294    0.0780734     -0.39656      0.39152   -0.0477344     0.238256    -0.142455    -0.300722     0.072678      0.16591    -0.317751
   -0.542222     0.732384     0.371984     0.231692     0.969917     0.116708     0.374412   -0.0603384    -0.147192    -0.176189     0.061919    -0.121075    -0.304138   -0.0828407      0.33482     0.124075     0.241839   -0.0399093    0.0403864     0.132568    0.0737691    -0.166814    -0.370173    -0.282959     0.253757     0.337685    -0.289436   -0.0506713    -0.251368    -0.239967    0.0771043    -0.122554
   -0.206328     0.213241     0.176914    -0.370737     0.580917    -0.597284   -0.0806464    0.0800496      0.18522    -0.281834   -0.0331582   -0.0952466     0.160975    -0.308129     0.385926     0.152718    -0.218174    0.0174901    -0.117621     0.199169    0.0871526     0.687108     -0.16065    0.0899469    -0.493733     0.134338    -0.684862    -0.214814     0.379789    -0.337359    0.0862753    -0.149222
   -0.374781    -0.405692    -0.200764    -0.333126    -0.070018    -0.109277    -0.195406     0.328081   -0.0536729     0.110346    -0.173937      0.14705    -0.257909     0.187703     0.221659    -0.145506     0.209872      0.26416    0.0710505    -0.607011     0.229745   -0.0142298     0.544655    -0.176813   -0.0312462     -0.33706    -0.174163     0.292335    -0.262082  -0.00760284    -0.785071     0.266953
   -0.263958   -0.0977556      0.11767    -0.408478     0.456663    0.0632784    -0.215112     0.228776    0.0270697    -0.123952    -0.622017     0.157379      0.15649     0.462691     -0.27096   -0.0590623     0.410583      0.18401    -0.103083     -1.12436     0.415928     0.434709     -0.76655     0.175041     0.264431     0.555725     0.377167     0.161872    -0.281721      0.47662    -0.308014    -0.340218
   0.0381292     0.135806    -0.423243    0.0595218     0.294544      0.35166     0.125205    -0.139315     0.018994    -0.247044    0.0898506   0.00737658   -0.0871016    -0.116476   -0.0224568    -0.242983    -0.241428     0.184155    0.0601921    -0.131112     0.141692     0.147067    -0.496386     0.282679    -0.407755   -0.0948834    -0.434096     0.156087   -0.0437798    0.0997956    -0.650751    -0.209002
   -0.227176      0.28969    -0.282987    -0.109684     0.293998   0.00409338    -0.164382   -0.0372214    -0.143724    0.0657247    -0.123195     0.202892    -0.553489    -0.134965     0.212775     0.242353    -0.321961    -0.809656     0.163233    -0.471398   -0.0994902   -0.0156722     0.140687     0.391414      -0.4727     0.227306     0.155241    -0.445491    -0.207847     0.180669   0.00889665    -0.218443
    -0.21492    0.0961788    0.0096494    -0.139442   0.00639702    -0.177221   -0.0714128   0.00983381     0.346934     0.456546    -0.259857    -0.417042     0.208368    -0.550769  -0.00535025     0.119835     0.159854      0.08048   -0.0153707    -0.124893     0.078162     0.899512     0.083659    -0.194146   -0.0526608   -0.0224024  -0.00723402   -0.0330835     0.377153   -0.0316121    -0.196595    -0.128487
  -0.0159819     0.126377   -0.0248855   -0.0251045     0.244588     0.194995    -0.120263     0.407555    -0.143228     0.500771     0.136648   -0.0824837     0.256354     -0.11994      0.16855     -0.27329     0.123409       0.2765    -0.113178     0.156234    0.0949683     0.373215    -0.586646   -0.0709709    -0.239809     0.236557    -0.123914     0.174592      0.25687     0.337474      -0.2524    -0.382517
    0.686825     0.111422   -0.0779018    -0.141019   -0.0140386     0.195214    -0.139691     0.421618   -0.0400613    -0.215254     0.157727     0.664504    0.0596167     0.225028     -0.10375     0.317827     0.130256    -0.346884       0.1109     0.175652    -0.207465   -0.0794777    -0.228667    0.0634469    0.0309181    0.0738337     0.339983     0.057946     0.270975     0.198618  -0.00113449     0.172071
   -0.804227    -0.253041    -0.852084     -0.28444    -0.110276     0.604008    0.0693458       0.3172     0.707529     0.260479    -0.143727    -0.105978    -0.603677   0.00345273     0.772175     0.174804     0.670826  0.000467815    -0.396851    -0.159554    -0.461192     0.680087     0.125507    0.0577941     0.382014     0.199042    -0.228468     0.110223   0.00815425    -0.685213     0.145898     0.115783
     0.26176    -0.762603    -0.552752      1.09957    -0.689402     0.465304    -0.200293     0.130748     0.186867   -0.0664133    -0.533677    -0.252409      0.16948     0.130656    -0.429027    -0.225028    0.0459604    -0.407041     0.200908     0.122229     0.285172    -0.234717   -0.0791052   -0.0900013     0.389152    -0.212328    -0.193259    0.0197731    -0.344343     0.640973    -0.081118   0.00211689
     0.66869    -0.107641    -0.834851    -0.125054    0.0129545   -0.0775297    -0.310178    -0.190171    0.0259941     0.066322    0.0387216     0.393159    0.0191898     0.462344     -0.54184    -0.572629     -0.13783    -0.164115    -0.436384    0.0814092   -0.0363411      0.17324    -0.308162    -0.063639   0.00286654    -0.388461    -0.248119     0.528652    -0.366489   -0.0449876     0.222954    -0.191775
    0.583669    -0.134611     0.353515    0.0143398     0.242916     0.188367    -0.142119     0.142768    -0.291389     0.472773    -0.221228     0.261115    -0.238151    -0.313885    -0.496076     0.673167    -0.296024     0.402981    0.0943624    -0.517166    -0.654612    0.0972274    -0.121696    -0.601385    -0.147224      0.19907    -0.404298    -0.306249    -0.508906     -0.19883     0.154321    -0.323557
   -0.293178     -0.11929    -0.247376   -0.0651528     0.196509    -0.316784     -0.49784     -0.34316     0.294932     0.420704    -0.461812    -0.389446    0.0167118   0.00909702    -0.378209    -0.161429   -0.0063429    0.0695337     0.263504    -0.486506   -0.0245659      1.12421    -0.645689     0.383547    -0.274063    0.0134576    -0.779229    -0.345334     0.808815    -0.187949    0.0643242     0.119144
   -0.344396    -0.136009     0.160634     0.146665     0.202373    -0.125817   -0.0224263    -0.110423   -0.0444556    -0.152473    0.0996207    -0.159134    -0.338271     0.318136    0.0478502     0.289083    -0.348939     0.224465     -0.32029     0.406105    -0.258596      -0.6099    0.0643937    -0.218173     0.239598     -0.43623     0.432928    -0.471898     0.113151    -0.627515    0.0508805     -0.35657
    0.820205     0.262608    -0.573195   0.00990321    -0.203514     0.114881    -0.142504    -0.164015    -0.789594    -0.464032     0.109453     0.143553     0.618875     0.162324     0.307435     0.235266     0.741756    0.0502865    -0.597954     0.163895    -0.226189    0.0805098    -0.374772     0.461832     0.332377    -0.678584     0.325726      0.37516    -0.121458   0.00526839    -0.712432     0.242597
    -0.32057    0.0979666   -0.0683922    -0.276831     0.334079    -0.139962   -0.0299382     0.299532   -0.0933029     0.220302    0.0423372   -0.0595668     0.123126     0.264273     0.773391   -0.0786907      -0.4117   0.00986507    -0.309046    -0.284006      0.76501     0.747062    -0.425846     0.295517     0.321803    0.0193309    -0.296433     0.193667     0.565601    -0.195676   -0.0104426    -0.138473
   -0.152266     0.324772    0.0575087     0.391106     0.180205     0.183951     0.148202    -0.028066   -0.0518314     -0.23025    0.0699132     0.313819   -0.0931396     0.197739    0.0468492    0.0461858    -0.249838    -0.753438    -0.118947    -0.130355    -0.301003    -0.188565    -0.223445  -0.00555238    -0.025454    -0.168378     0.209244    -0.307083    -0.169882    -0.215499     0.246453    -0.370361
  -0.0722271    0.0459023    0.0657865    -0.381223    -0.296901     0.200573   -0.0762972   -0.0314599     0.233296    -0.178667     0.262665     0.376826     0.468896    -0.263205    -0.303546   0.00818307    0.0794765    -0.405328    -0.223646     0.257538    -0.184092    -0.308652     0.383058     0.208816    0.0659587    -0.428356   0.00301597     0.180098     0.275317     -0.15727   -0.0693445     0.252588
    0.227123     -0.18433    -0.215608    -0.544419     0.205079    -0.485801   -0.0465435     0.041296      0.27193    -0.166958    -0.252142     0.267499     0.196307     0.308025    -0.289218    -0.481905    0.0801721   -0.0219568    -0.337928    -0.271971    -0.072007     0.162385    -0.436369     -0.26988     0.335791    0.0415185     0.865454     -0.43449     0.379903     0.229229    -0.644874   0.00506182
   -0.216973   -0.0909825     0.180493     0.272417     0.429175     0.581637    -0.458096     0.103414    -0.292421    -0.362702    -0.166685     -0.36506    -0.161038    0.0880419   -0.0407444    -0.180783    -0.560158    -0.100298     0.153814   -0.0522188     -0.41726   -0.0823943     0.312768   -0.0228987     -0.02072    -0.971928    -0.355718     0.432971     0.275057     0.152637    -0.184174   -0.0454698
    0.430462     0.488654      0.13847    0.0471832   -0.0495513    -0.325286    0.0361088     0.944456    -0.259659     0.396057     0.367751     0.202538    -0.194358    -0.060558    0.0112323     0.251067    0.0809401   -0.0183627   0.00493304   -0.0749452      0.55396     0.520669     -0.99644    -0.130924     0.230624     0.420518    -0.740344     0.391046     0.731162    0.0274813     0.966512     0.434643
   -0.340568     0.358006     0.585714   -0.0418915     0.563504    0.0162684    -0.187791    -0.379499     0.134138     0.452339    0.0704103     0.179946    -0.417767   -0.0767781     0.505887     0.539919    -0.075448    -0.231458    -0.129708     0.046313     0.111826   -0.0548015    -0.178488     0.144742    -0.324787     0.592005    -0.244475    -0.132847    -0.209594      0.20514    -0.611935    -0.194861
    0.229897     0.163604     0.328236     0.106138     0.293969     0.664299    0.0835509    -0.269255   -0.0151495    -0.305286     0.222924    -0.108582    -0.190507     -0.23801    -0.432483     0.379876    -0.229598      0.47666      0.16456      0.13716   0.00189751    -0.351266    -0.136628    0.0053059    -0.422433    -0.452728    -0.311872    -0.023345    -0.180056    -0.467615    -0.341922     0.268033
   -0.093016     0.246173    -0.210901    0.0651517     0.266042   -0.0995677    0.0765302     0.159287     0.590403    -0.100689     0.348137    0.0100236    0.0934733    0.0735382     0.183914    -0.402787    -0.438603    -0.534777     0.248681   -0.0150238    0.0277736     0.247159    -0.415294    -0.240179    -0.299409    -0.321583   -0.0190717     0.277123     0.640092    -0.513263     -0.41053    -0.334272
  -0.0719005     0.164951   -0.0222646    -0.106537    -0.678556   -0.0991933    -0.167865     0.661069    -0.163806   0.00570704    -0.380144     -0.21308     0.193996    -0.124899    -0.475011    -0.137506     0.528901    0.0756178    -0.145011    -0.234269    -0.318607   -0.0547781     0.433577    0.0656225     0.443306     -0.29702    0.0249194     0.340497     0.170539     0.192819    -0.240871    -0.411827
  -0.0169886   -0.0757593    -0.508692    0.0969251     0.224736   -0.0693321   -0.0385692    -0.122811   0.00920655    0.0299062     0.344441     0.111623     0.294327    -0.169869    -0.229654    -0.253154    -0.219949      0.02475     0.619888     0.792797    -0.156898     0.066192    -0.404633    -0.115808    -0.291678     0.655443      0.26391     0.123587   0.00228808   -0.0375467   -0.0219897      0.44501
    0.439761    -0.123105    -0.315077  -0.00290631     0.210897    0.0774173     0.154338     0.213859    -0.464486    -0.139363     0.583076     0.395422      0.52657    0.0781646      0.16979    -0.204539     0.201039   -0.0950101     0.510011   -0.0697669        0.299     0.194345      0.18462     0.324895  -0.00794936    -0.495084    -0.198446     0.163109    -0.142237     0.453305    0.0906847     0.197685
    0.482788     0.101337    0.0445927     0.174729    -0.413496     0.064376    -0.139938     0.249954    -0.354755    -0.169077     0.238873    -0.430037     0.116928     0.632797   -0.0347663    -0.118774     0.003922     0.243633     0.139581    -0.134165    -0.290525     -0.13439  -0.00642419    -0.177002   -0.0836354     0.359321     0.210271     -0.16869    -0.179015     0.614762     -0.26155    0.0630533
   -0.369666   -0.0412451     0.076888    0.0122226     0.135096    -0.173096     0.111129    0.0349718    0.0223672     -0.09474     0.152906   -0.0333607     0.389899    -0.262218  -0.00253292     0.148639    -0.063732    0.0434436    0.0408653    -0.115419     0.180074     0.320106    -0.161022    -0.229572    -0.170513     0.135488     0.167522    -0.313354     0.165107   -0.0509481     0.252881   -0.0511002
   0.0442871       -0.289     0.414496   0.00876324     0.486214   -0.0529525    0.0822793    -0.194617     0.140865    -0.191795    -0.105241     -0.28303    -0.330908   -0.0847244     0.119395    -0.286697   -0.0405792     0.354642    -0.255487    -0.105523   -0.0911798    -0.163265      0.23487      0.30207    -0.603765    -0.447694    -0.799994     0.175381     0.226291   -0.0340866   -0.0360875    -0.144561
    0.296322     0.766572    0.0333951     0.371746   -0.0126908    0.0432761    -0.385926    -0.460562   -0.0193128    -0.285581    0.0803993     0.702315    -0.284623     0.325512     0.540425    -0.186218    -0.155593     0.173566     0.339915     0.241108    0.0939041   -0.0629221     -0.46082     0.195621    -0.090761    -0.312459    -0.342332    -0.829281   -0.0456741    -0.297988    -0.213528    -0.239908
   -0.103094    -0.252065    -0.427653     0.191441      0.28667    -0.221787    -0.236434    -0.231261       0.3106     0.180447   -0.0127558   -0.0495232  -0.00866786   -0.0762699    0.0616564    -0.495121    -0.449183    -0.377663   -0.0182936     0.115956     0.498314     0.116105   -0.0701668  -0.00191921   -0.0194584    -0.104555    0.0805398     0.176026     0.213489    0.0835584    0.0920126     -0.13519
   -0.471475   -0.0499149   -0.0579351    -0.265445     0.169466    0.0374249     0.212965     0.379884    -0.188217     0.484562    -0.115281     0.223664     0.275734    -0.537071  -0.00165814    0.0390654    -0.425129  -0.00684632     0.294034    -0.809773    -0.436901     0.223403     -0.25607     0.210698      0.27531     0.704074    -0.428139     0.205867     0.156826    -0.142858     0.463322    -0.197015
   -0.471876    -0.165104     0.138991    -0.283586   -0.0689956     0.138544     0.237361    -0.249469    0.0188373    -0.383412   0.00538713   -0.0481136    0.0575312    -0.173995    -0.396729     0.202009      0.21893     0.063287    0.0651127     0.352323     0.168944    -0.165181    -0.471626    -0.190431    -0.302083   -0.0400249     0.337488     0.390264     0.131406     0.600695     -0.82732     0.164035
     0.20961     0.483643     0.155275    -0.100441    0.0834079    0.0292908     0.525713     0.150734    -0.101433    0.0157431     0.282362     0.290514     0.033338      0.22418     0.229616     0.151632     0.125651     0.177895     0.103032    0.0542451     0.147372     0.360802    -0.469992     0.204669     0.156345    0.0460968    -0.145434    -0.345036    -0.238023    0.0926048    0.0121746   -0.0273951
  -0.0762609    0.0269789     0.125074    -0.050031   0.00392116    -0.149541    -0.321282    -0.396507     0.330502   -0.0926941    -0.244648    -0.102347  -0.00684732    -0.193304   -0.0904818     0.167634      0.19239    -0.254206     -0.40986    0.0572142    0.0293044     0.511904    -0.384294  -0.00458942    -0.339909    0.0743964    -0.268215    -0.607228    0.0859821    -0.276731   -0.0328942    -0.333168
   -0.186628   -0.0215533     0.371037    -0.218512     0.291683   0.00599691    -0.591366     -0.08136   -0.0634963     0.240725     -0.57228    -0.387106    -0.135919   0.00540407   -0.0980559    -0.114921     0.392878    -0.142848    -0.485942    -0.263261      1.01263     0.780509    -0.208079     0.175036    -0.143445     0.901294    -0.435641     0.364259     0.184505      1.12858   -0.0823023    -0.692848
    0.133376    0.0568027     0.314078    -0.127561     0.257768    0.0316242     0.135485    -0.180703     -0.22152     0.206351     0.337127    -0.397896     0.292857    -0.273462    -0.154942      0.42841    0.0719162     0.323326    -0.158928    -0.203477  -0.00522436     0.280244    0.0902671   -0.0534148     -0.51842   -0.0263008    -0.724006    0.0736661    -0.477156    -0.153055     0.116107     -0.80101
    -0.38058     0.186685    -0.349664    -0.272439     0.028266     0.029417     0.205271    0.0790551   -0.0527897     0.125663    -0.269923     0.486463     0.409475     0.257349      0.12136    -0.199322     0.507569    -0.047924    0.0606253     0.333311    0.0409107    0.0524046    -0.280917   -0.0430951   -0.0111818     0.137957     0.399548     0.334679     0.174331    -0.641121  -0.00326115     0.566997
   0.0942802     0.247525     0.827961    0.0373068     -0.16476     0.395625      0.52366   -0.0173544   -0.0849441   -0.0183757    -0.230769    -0.198544    -0.355464    -0.423695   -0.0265617    -0.404042     0.179911     0.270671     0.127634    -0.166393    -0.199738     0.110286     0.552913     0.355338    -0.462538      0.72897     0.126279    -0.120632     0.371159     0.499812    0.0499933     0.324343
   -0.389731    0.0135529    -0.155806    0.0904535     0.869489    -0.123416    -0.600981     0.186838     0.354364     0.110888    -0.315517    -0.305432    0.0133768    0.0447652    -0.290752    -0.322141   -0.0709051    -0.147933    -0.300839    -0.497519     0.338539     0.709253    -0.478127   -0.0367288    -0.329015     0.325304    -0.829734   -0.0408681     0.120049    0.0756818    -0.312033    -0.507773
    0.271489    -0.152065     0.298729    -0.274757   -0.0298836    -0.386354    -0.700656    -0.107983    0.0659232     0.121625     0.265303     0.112988   -0.0235223     0.228941     0.480204     0.139531    -0.276217     0.785279    -0.055218    0.0381681    -0.444968     0.139181    -0.375316       0.4673     0.159257    0.0579008     0.228389    0.0297187     0.106272    -0.915335   -0.0876897    -0.232967
    0.318947   -0.0289151    -0.105585    0.0721733     0.578318    -0.175617    -0.441814     0.400483    -0.314919     0.386173     0.457048    0.0423236   -0.0719564     -0.14916     0.583565     0.205134     -0.46339       0.3596     0.296164    -0.611864      0.30462     0.591854   -0.0377158     0.385009   -0.0498669     0.459924     -0.70873   -0.0622512     0.350583    -0.252909     0.237353    0.0452327
    0.566404   -0.0128198     -1.16605  -0.00640912    -0.199814    0.0400011     0.546009    -0.290162   -0.0732023     0.370184     -0.13697     0.523938     0.649146    0.0269257     0.145235   -0.0042367     0.121728    -0.937057    -0.265181    -0.455813    0.0033843    0.0701871     0.134821   -0.0417659    -0.114914     0.520427     0.228397    -0.288256    -0.627606     0.555191    -0.144001      1.12323
     0.55802      0.29693     0.466038     0.201569     0.174558    0.0562741      0.17769     0.400899    -0.163701     0.272983     0.423066     0.660115     0.508407    0.0739837     0.280407   -0.0212712     -0.11977     0.383202    -0.211021     0.017588    -0.354774    -0.141996   -0.0363225    -0.517859    0.0289601     0.235298     -0.22524   -0.0891557     0.195312    -0.513396     0.204982    -0.613804
   -0.556987    -0.414279    -0.156898    -0.349681      0.43316    0.0320879     0.149486 -0.000871469    0.0598713     0.226207    -0.351091    0.0440166     0.035473    -0.133372     0.443816    -0.361704     0.490654    -0.353878     0.232067     0.521415   -0.0847418     0.866831    0.0475757    -0.162366    0.0371191     0.114031    0.0743583    -0.304165     -1.01618     -0.23455    -0.306026     0.341986
