0 0 0
4 0 1
5 0 2
3 5 3
2 7 4
2 71 5
1 67 6
1 13 7
2 68 8
2 5 9
1 14 10
1 68 11
3 7 12
1 5 13
1 17 14
2 69 15
2 70 16
1 19 17
1 20 18
1 71 19
1 70 20
1 7 21
2 22 22
1 23 23
1 72 24
2 19 25
1 27 26
3 22 27
1 76 28
1 75 29
1 73 30
1 28 31
1 29 32
2 74 33
1 32 34
1 74 35
3 17 36
1 34 37
1 79 38
2 78 39
1 78 40
1 77 41
1 36 42
1 22 43
1 80 44
2 80 45
1 81 46
1 82 47
1 37 48
3 14 49
1 83 50
1 84 51
2 81 52
2 40 53
1 85 54
1 87 55
1 86 56
1 88 57
1 42 58
2 89 59
2 34 60
1 90 61
1 91 62
2 92 63
2 86 64
2 17 65
1 93 66
1 95 67
1 96 68
1 97 69
2 75 70
3 92 71
1 99 72
1 100 73
1 48 74
1 102 75
3 103 76
1 104 77
1 40 78
1 105 79
1 106 80
3 99 81
1 107 82
1 52 83
1 108 84
1 109 85
1 53 86
2 110 87
1 111 88
1 112 89
2 72 90
1 113 91
1 44 92
2 32 93
1 114 94
1 115 95
3 19 96
1 116 97
1 41 98
1 92 99
1 110 100
3 28 101
2 76 102
1 55 103
2 117 104
1 118 105
2 99 106
1 69 107
1 119 108
3 55 109
3 120 110
1 89 111
2 121 112
3 13 113
1 122 114
1 124 115
1 125 116
3 72 117
1 126 118
1 127 119
2 14 120
2 20 121
3 121 122
1 128 123
3 36 124
2 58 125
1 129 126
1 130 127
2 131 128
1 132 129
2 103 130
2 133 131
1 103 132
2 23 133
1 134 134
1 135 135
3 79 136
1 136 137
2 137 138
2 59 139
1 138 140
2 134 141
3 97 142
3 37 143
2 26 144
3 54 145
3 29 146
3 93 147
1 140 148
1 141 149
1 142 150
1 143 151
1 144 152
1 54 153
1 145 154
3 48 155
1 146 156
3 53 157
3 40 158
1 147 159
3 60 160
1 60 161
2 149 162
2 150 163
2 151 164
2 61 165
1 152 166
1 153 167
1 154 168
2 62 169
2 155 170
2 141 171
3 110 172
1 156 173
1 157 174
2 130 175
1 158 176
3 20 177
3 26 178
3 23 179
2 159 180
3 161 181
3 117 182
