     0.54156    -0.198518     0.511916     0.608565    -0.593504    0.0894498    -0.489946    -0.317601    -0.665446      1.15595     -0.41964     0.340779     0.475708     0.134985    -0.506626     -0.80742    -0.890381     0.917096      0.32562      1.07671     0.325882      0.47476    0.0922423     -1.27524    -0.573898     0.479737      0.60671      1.29278      1.31131     0.481192     0.489974     0.714021
   -0.741571      1.06523     0.413063     0.106268    -0.217214     -1.23841      1.15452   -0.0282058     0.378687     0.395645     -0.35429     0.284071    -0.920996      0.42368     0.254869    -0.468492     0.550799     0.156561    0.0240654     0.347031     0.816661     0.175314       1.3092    -0.902718    -0.837968     0.926288    -0.145017      0.93392     0.305096     0.145604      -1.4963     0.521246
  -0.0205082   -0.0963144      1.06503    -0.221254    -0.525654    -0.674629       -0.221     -0.99664   -0.0444946    -0.570957     -1.08118     0.310035    -0.591561   -0.0593342    -0.184049    -0.014848      1.15206    -0.498052    -0.641143    -0.463331    -0.649677      0.59787      1.16169     0.188579    -0.894092    -0.365557    -0.236608      1.33626     0.424217    -0.462639     -1.62876     0.427585
    0.259397    0.0943726    0.0067367     0.458397    -0.202221     -0.30068     0.152326   -0.0616218     -0.18228     0.315135    -0.333662   -0.0920493     0.696187      0.18065    0.0845778     0.400578     -0.67164     0.826574     0.767174     0.365161     0.118491    -0.374583    -0.214791    -0.572268    -0.459031     0.929196     0.194573     0.374831   -0.0133328     0.144794     0.683208     0.485795
    0.678568    -0.375447     0.086278     0.225493     0.158266     -1.03814    -0.365296     0.821256     0.733613      1.36686   -0.0290196     -1.06248    -0.408325     0.247082     0.538027     0.923577     -0.31062    0.0354575     0.787108    0.0703331      1.02038     0.204629    -0.904342    -0.886881     0.693275      1.10348    -0.222362     -1.30379     0.445874    0.0503497    -0.844194    -0.163442
   -0.827137    0.0833702   -0.0173212    -0.394474      -0.3007    -0.269631    -0.169316     -0.45581    -0.595375     -0.22609    0.0507603     0.789785    0.0729858    -0.443884    0.0453608     0.549271     0.393017    -0.571321    -0.895041    -0.513897   -0.0783426    -0.195467   -0.0459275     0.668465    -0.583292     -1.11483    -0.106338    0.0398829    -0.284967      1.15536    -0.216915     -0.44808
    0.289455     0.503139     0.508068     -0.39059     0.366932     0.146233     0.778876     -0.39474    -0.796708     0.386986      1.32051    -0.263675    -0.550911     0.492497     0.269888     0.475182    -0.497687    -0.315241     0.454885    -0.511339     0.499734    -0.521604    -0.743608      1.08557     0.363963    0.0533499    -0.619856    -0.733327    -0.386098     0.972169     0.918182    -0.596866
   0.0718666     0.889147    -0.627568      -0.0848    -0.210748      0.10348      0.53391    -0.241186     0.326358    -0.392166   -0.0561318     0.335974     0.214006     0.453827    0.0946285     0.315149      1.06042   0.00467272     0.333471    -0.444602     0.512409    -0.412113    -0.887498    -0.331992      1.24669     0.322038     -1.64178    -0.550676     0.418414      1.31085    -0.180041    -0.588859
   -0.565493     0.991193     0.357407    -0.260492    -0.686235     0.557456    -0.753516     0.276904     0.254093     0.503322     -1.23684     0.313471    -0.821743  -0.00248516    -0.704321     -1.63059      1.21399     -1.43789    -0.334586    -0.290463    -0.135559    -0.675348    -0.287018    -0.450781     0.666873     -0.73026     -0.36005      1.01723    0.0298256       1.1247      -1.0951     0.305522
    -1.00142     0.630197    -0.454603     0.428328      0.15944    -0.177464      1.37114    -0.254523     0.291339     -1.36244     0.177029     0.295353     0.783229   0.00746763      1.33041     0.477755      1.03487     0.835781    -0.371518    -0.296484     0.377635     0.323882     0.272979    0.0192672     -0.52547     0.456919     -1.25647    -0.297012   -0.0455281     0.285377     0.528063    -0.456133
   -0.221832    -0.504895    -0.262269    0.0678248     0.302448     -1.58263      1.42558    -0.472697    -0.787509     0.595803    0.0911929    -0.196894    -0.313356      1.00748     0.646457      1.67137    -0.350113     -1.13298     0.140313     -1.26972       1.2588    -0.337027     0.711811     0.468058    -0.649003     0.758253    -0.752928     0.258233    -0.199902      1.09078     0.815403     0.587098
    -1.54887   0.00676849    -0.715744      1.05235    0.0886345    -0.379998      1.02594    -0.667816     0.405737    -0.511675      0.68179    -0.610905     0.168733      1.17954   -0.0345926     0.619698     0.274544    -0.206916      2.01011      1.25117     0.864172     -1.01836      -1.0275     0.886071     0.524604      1.23246    -0.490398   -0.0273842    -0.785104    -0.334036      1.00225   -0.0125485
   -0.255468     0.218908    -0.145264     0.270584   0.00518567    -0.540738    0.0894996    -0.337047     0.830056   -0.0480843    0.0519771     0.214808    -0.372349     0.496645     0.342576     0.163909      0.19291     0.447774     0.544176    -0.334627      0.29798     0.615203    -0.142133   -0.0724269      0.23264      0.29052    -0.492174    -0.247377    -0.421615     0.161064     -0.57668    -0.513734
    0.151323     0.706605     0.317033    -0.407488     0.692078    -0.707624     0.217916    -0.154957     0.243157     0.821192      -0.2163       1.4145   -0.0913131     0.713291     0.230586     0.257838     0.673388    0.0825964    -0.418675     0.399441     0.358698      0.13447     0.685261    -0.234191   -0.0814364     0.068259     -1.46499    -0.064238    -0.331722     0.377852    -0.673024    -0.623829
   -0.452197     0.327798    -0.176152    -0.098908     0.113695    -0.844684     0.608987    -0.217066    -0.115135     0.372878    0.0162185     0.371874     0.376794     0.614702    -0.173147   -0.0906523    -0.337634   -0.0801147     0.979958   -0.0288862     0.744879    -0.753726    0.0986697    -0.343144    -0.353277      1.08503    -0.205801     0.794875     0.171074     0.071389     0.516061    0.0374721
    -1.94094   -0.0224567     -1.06908     0.222105    -0.574635     -1.06198     0.422047    -0.199231    -0.350254    -0.663513       -0.284     0.455089     0.484581     0.103023    -0.386843     0.272516     0.649522    -0.575634     0.933012     0.139131     0.832395     -0.85902    -0.172179    -0.095615    -0.361274    -0.523485     0.564569    -0.214161     0.342464     0.409836     0.443839     0.619962
   -0.474544     0.160034    -0.361725     0.360693    -0.906353    -0.928981      1.53988     0.343954    -0.678734    -0.168789   -0.0633808     0.023759     0.468979    0.0227562    -0.102529     -0.66271     0.628211    -0.548828   -0.0530541     0.491806     0.266597     -1.23237     0.591838      -1.0277   -0.0327318     0.426675    -0.309092       1.2611     0.411308   -0.0917495    -0.110469     -0.10524
   -0.183666     0.554771      0.93527   -0.0886483    -0.389779    -0.134784    -0.239267    -0.300395    -0.287157   -0.0261983     0.201947    -0.706631    -0.273803    -0.327521    -0.316741    -0.475197     0.861017    -0.333667    -0.454928     0.184317    -0.632165     0.115648   -0.0415456     0.662352     0.339266     0.141429    -0.484533     0.966034    -0.972416    -0.516485      -1.0718     -1.17077
   -0.666225     0.517838     0.421143     0.128284    -0.053529   -0.0414757     0.837572    0.0721842     0.923925    -0.383702    -0.311673     0.382467     -1.02001     0.407778     0.217649     0.154557      1.04195    0.0373324   -0.0271697    -0.194872     0.776656     0.475633     0.207764     0.435226    -0.449549     0.787486    -0.830863    0.0492699    -0.180351      1.46312     0.257746      1.05191
   0.0335049     0.839244     0.531228    -0.296584     -0.45593    -0.699939     -0.54905     0.345459    -0.511582      1.19017       1.1544     -1.40396     0.901129       1.7338    -0.231808      1.14953    -0.357133    0.0392096     0.909804     0.112338     0.745237    -0.819015    -0.988497     -0.23694      1.56969     0.651417     -0.92915     0.815636     -0.70247     0.165352    -0.424402     -1.04422
   0.0223639     -1.62796    -0.928471    0.0357186     0.327897     0.488979     -1.32695     0.901915    0.0802672     0.508572     0.161592      -0.4247      0.50574     0.471598    -0.313703      0.20025    -0.673414    -0.363746    -0.109612    -0.102995     0.104323     0.541956    -0.457397    -0.250182     0.356958     -0.95122     0.365246     -0.39169    -0.122086    -0.293372     0.772719      0.44065
    0.693713   -0.0272759     0.433825    0.0552306    -0.296702     0.459708      1.10626    -0.316545    -0.264009    -0.466198    0.0825049     0.223242    -0.310875     0.318808    -0.453176    -0.500842    -0.355962    -0.133706     0.949927     0.976528     -0.13537     -1.27854    -0.401286    0.0486253     0.639895     0.343097    0.0668432     0.245466     0.414913    -0.330803     0.618377     0.164764
   -0.577176     0.334308     0.268236   -0.0969238     -0.64265    -0.254854    -0.697516   -0.0824724     0.486672     0.225463    -0.359076   -0.0749775     0.928357     0.119272    -0.326605      0.12465     0.401786     0.277193     0.253737      0.28858    -0.284661     0.287391    0.0907583     0.365269     0.572597   -0.0432223    -0.974006     0.748279    -0.528048    -0.732946      -1.1362    -0.981964
    0.243911     0.355821     0.316149    -0.216424    -0.706296     0.746914     0.410006     -0.38834      1.08551    -0.632402    -0.637525      1.33085    -0.280723    -0.306825     0.698639    0.0947975    -0.617019     0.375168    -0.916847    -0.707609    -0.109452      1.06863     0.288013     0.549574    -0.934547    -0.128493    -0.370677     0.773628    -0.161284      0.58138     0.278161    -0.238233
    0.780841    -0.272067      1.08904    0.0219644    -0.418252     0.524195    -0.529401    -0.931647     -1.18677     0.011812     -1.17861      1.23282     0.441675    -0.710751    -0.559073    -0.951827    -0.666576     0.132152     -0.41496     0.428492    -0.840928    -0.246665     0.441337   -0.0305428    -0.836029    -0.625673      1.02976     0.590636      1.15745     0.437552     0.375388     0.671057
   -0.106778     0.122083    0.0260634    -0.248521    0.0616732   -0.0657493     0.291904   -0.0637233     0.262594     0.239501     0.252552    -0.139295    -0.755368     0.156147 -0.000437419     0.228472     0.095794     -0.53995     0.166044    -0.148425     0.620818    -0.209481   -0.0523544     0.156727     0.583447     0.209481   -0.0939897    0.0601898   -0.0262427      0.51424    -0.215217    -0.140069
   -0.906066     -0.28263    -0.548175     0.765653    -0.256106     0.734064    -0.129792    -0.269176     0.591157     -1.48669      0.32886    -0.391958      1.34174    -0.759747    0.0662072     0.488872   -0.0272852      0.81013    -0.866663    -0.651976    -0.625042      0.81853    -0.559621       1.0579     0.172292    -0.713804    -0.935214    -0.695285     -0.58565    -0.401996     0.385918     -1.00672
   0.0837857    0.0508019    -0.127063     0.477269     0.544108      0.69746     0.638357      0.37567      1.12015    -0.797706     0.285704    -0.688113      1.27771    -0.787666     0.614254      1.02112    -0.467585      1.33211     -0.61789    -0.466925     -1.07392      0.89882    -0.479592     0.871235     0.482544    0.0263044     -1.07907     -1.14452    -0.337915    -0.193348    -0.714913     -1.80817
     1.73752    -0.182684     0.298686    -0.281166    -0.591047     0.827875     0.172794     0.260125    -0.304894      1.06838     0.525224   -0.0175073      1.01929     0.148618    -0.803999    -0.493929     -1.84274      1.06744   -0.0575917     0.964289    -0.836237   0.00831598      0.76848    -0.636706     0.245048     0.335678     0.187168      1.22743    -0.272787     -1.27425      0.13483      -1.3574
     1.16815     -0.77695      1.15461      1.19525    -0.456907    -0.230781       1.2666      0.14084    -0.917505     0.838685     -1.32386     0.516649    -0.375803     0.388478    0.0800543      0.79757    -0.125017    0.0253229     0.105873    -0.152415    -0.967177    -0.546206    -0.054278    -0.262531     0.160848      1.32506     -1.15327    0.0157578     0.115849      1.15196   -0.0472415   -0.0917374
   -0.801174    -0.104888    -0.721979    -0.165189    0.0946933    0.0263635    -0.504677     0.514467     0.470306    -0.355107     0.492159    -0.353741     0.230979     0.470911    -0.339985    -0.703867      1.16808    -0.939806    0.0325635     0.373726     0.138471    -0.816553    -0.613287    -0.210719      1.52212    -0.864146    -0.670309     0.125016    -0.960578     -1.17119    -0.980064     -0.89566
    0.844051    -0.100405     0.321428    -0.817878    -0.218805    -0.108319    -0.839511    0.0550588     -1.28718     0.660208     -1.27845     0.950208    -0.342883     -1.38387     0.289741    -0.200342     0.462616    -0.873645     -1.99158    -0.947365    -0.646839     0.517001     0.988401     0.566001     -1.26105      -1.0558     0.468587     0.522103    -0.126271      1.34647     0.390294    -0.227985
