   -0.523513    -0.118467    -0.279707    0.0305696    -0.260835     0.209588    -0.395929     0.955566     0.425769     -1.06564     0.391496    -0.484574   -0.0441589     0.859099     0.256612     0.182524    -0.641568     0.621591    -0.356845    0.0784262     0.839135     0.365298      0.88515      -1.0245     0.133041    0.0699804   -0.0525411     0.107944     -0.17373     0.386142      1.10033     0.633463
   0.0547046     0.436833    -0.165896      1.34237    -0.237002    -0.184951    -0.923569    -0.403337     0.298929    -0.125536    -0.796242    -0.282098     -1.23131    0.0753395    -0.508593       1.2431   -0.0502494     0.498177    0.0179176     0.137908     0.425513     0.896805       1.3905     0.649991      1.01461     0.463818    -0.422218     0.271478     0.493869     0.964841     0.328499     0.644729
    0.269038     0.255954     0.179458      1.07887    -0.269715    -0.651247     0.725949     0.201299    -0.369363     -1.24242    -0.935239     0.470084    -0.745931    -0.253122    -0.164275     0.973447     0.647518     0.520232    0.0787603     0.433425     0.956279    0.0338326     0.707154    -0.176258     0.376365     0.339324     -1.00979   -0.0279787    -0.332911    0.0695304    -0.291876    -0.266104
     0.59813    0.0456243     0.261606      1.24603    -0.785921    -0.528237    0.0659507     0.321964    -0.298136    -0.240126    -0.663278    -0.177884     -0.47351     0.248856    -0.246689     -1.04551    -0.111472    -0.379004    -0.455731    -0.576329    -0.201744   -0.0141472    -0.287578   -0.0338253    -0.365518     0.494605    -0.240286      0.12694     0.571191     0.385496    -0.838057     0.969462
    0.306825     0.936153     0.148477     0.872198      0.47482     0.100695    -0.922042   -0.0318034      1.22108    -0.211053     -0.26216    -0.278383    -0.334048    -0.523937     0.380574    0.0180486    -0.542279     0.754031      0.99051    0.0799098     0.447764    -0.402244     0.834988    -0.154958    -0.418773    -0.295744   -0.0164894    0.0493837    -0.453917    -0.445364     -0.47977     0.426797
    0.512546    -0.911124     0.389004      0.11234     -1.40905      1.31421    -0.290413    -0.296186    -0.182677    -0.326271    0.0201823    -0.412871    -0.327112    0.0486214    -0.159793    -0.091603     0.318286     0.802061     0.258012    -0.591408     0.743692    -0.122173     0.714622     0.675138     0.534213    -0.757255    0.0508152     -0.27358     -0.23772    -0.587773     0.191979     0.149939
   0.0785876    0.0434649    -0.481391      0.15483     0.518804     0.472749   -0.0681863    -0.237448    -0.138918     0.282422    -0.704442      1.06537      0.55629     0.427579     0.950053    0.0370271     0.669756    -0.325789    -0.070864     0.523297     0.434884     0.463075   -0.0445113   -0.0283397      1.40501   -0.0892513    -0.178951     0.100593       1.2774    -0.583977    -0.716829    -0.599681
  -0.0120121     -0.50996     0.275863      1.29111    0.0460955    -0.210838     0.100965     0.162268     0.528364     0.334482      0.66006     0.499279     0.123824    -0.492816    0.0679279     0.299748    -0.609734    -0.378291     0.657035    -0.052616   -0.0366709    -0.177903    -0.197525     0.788812    -0.440741     0.748077   -0.0459124      0.06914    -0.626995    -0.262986     0.236007    -0.240559
    0.268268     0.663047    -0.192945      0.85323    -0.730627   -0.0842321     0.303187    0.0740473  -0.00517893     0.119579    -0.239407     0.022592     0.352448     0.308248    -0.461022     0.174811    -0.623122     0.624519     0.276879     0.731407    0.0701415      1.20002     0.458582    -0.505964    -0.690657      0.21549    -0.551551    -0.428497      0.64228     0.149721       1.5348     0.588219
    -0.60823    -0.465207    -0.355734     0.751038     -1.16553     0.582595     0.633932    0.0735178     0.452439    0.0174967    -0.662288    -0.330584   -0.0476149      1.09526      0.17843     -0.38481    -0.313484    0.0256124    -0.214197      1.70751     0.284354    -0.522368    -0.127946    0.0400005     0.204899    0.0305647     0.354704     0.147789    -0.475061    0.0617503   -0.0793097    -0.323709
   -0.122311    -0.248588     0.733451      1.28038     -2.08506     0.263341   -0.0419498     0.320903     0.703818     -0.17559    -0.835355     -1.50461    -0.965943     0.580266      1.00187    -0.243295     0.069055     0.171065   -0.0435984     0.239261    0.0375335    -0.051922     0.520819     0.724559      2.10172    0.0285397      1.07512    0.0586409    -0.181322    -0.417678 -0.000556646     0.743579
   -0.105575     -1.38661     0.854031    0.0809475    -0.674119      1.58623    -0.566936     0.714542     0.615712      0.33902     0.132062     0.286774    -0.384785    -0.452597    -0.907243     0.464841    -0.279076     0.691061      1.21297   -0.0349965     0.701289     -0.24328     0.778747      1.01449    -0.654392     -1.37789     0.610014    -0.057002     -0.66733    0.0974727     0.810181     0.187424
    0.218055    -0.383371     0.346959      0.14487   -0.0511192    -0.926639     0.579194      0.92286    0.0810382     0.817568     0.676606     0.651072     0.844131    -0.371204    -0.333368     0.194155     0.377438     0.494602    -0.219583     0.356047     0.485736     0.971654    0.0636781    0.0280545     0.166221     0.235496  -0.00268836    -0.630223    -0.676631     0.327466    -0.347601    -0.192106
  -0.0902825     -1.00854    -0.508089     0.199801   -0.0469697      0.50345    -0.313757     0.779896      1.07482     0.504593     0.693573      0.49413     0.300694   -0.0854494    -0.115429     0.315995    -0.438747     0.664797     0.209506      0.36823     0.272022    -0.537548    0.0777644   -0.0172852     0.639884    -0.135977    -0.161371     0.150019    -0.869729    -0.415429     0.114003    -0.332989
   -0.291333     0.169976    -0.178218      0.49636     0.320252     0.896177   -0.0184734    -0.062392    -0.304534     0.401472     0.397099    -0.231878     0.154514    -0.224316    -0.701727    -0.943395    -0.546035    -0.240691    -0.349041    -0.204251     0.101198     0.379603    -0.509144     0.595177    -0.517222     0.293422     0.268719      1.05493     0.584691     0.333348    0.0213794     0.391212
     0.48547     0.216105     0.300854     0.540146     0.188146    0.0537515    -0.391125    -0.749287      0.23088     -1.10711     0.106362     0.406945     -0.87094     0.936626    -0.170551    -0.598341    -0.103545      1.24762    -0.736416    -0.523967     0.508475     0.390921     0.995189    -0.183935     0.594934    -0.551832    -0.928238    -0.253169     0.921762     -1.16617      0.66699    -0.105973
    0.329469    -0.119316   -0.0679043     0.471888    -0.752522     0.586917     0.310027    -0.454303     0.549213      -0.2517    -0.571133    -0.654008    -0.602395    -0.201542     0.130352    -0.272083     0.191106    0.0271246    -0.075968    -0.221785      0.33899     0.573436    -0.337063    -0.110256     0.246264     0.343284    -0.537231    -0.192595     0.112307    -0.294648      0.20525   -0.0105039
   0.0112762     0.539112    -0.167925      0.50043     0.469847      1.18875     0.186454   -0.0379377    0.0734164     0.191905    -0.116511    -0.169717    -0.337328    -0.143029    0.0847455     0.240578      0.11889     0.297535     0.402465     0.462653     0.341341     0.576214    0.0190115   -0.0245454    -0.456462    -0.430202    -0.214426    -0.513682    -0.381708    -0.308362    -0.319263    -0.570385
    0.671143      1.12742   -0.0756918   -0.0439989     0.386858   -0.0986419     -1.05211     0.176092    -0.414234    -0.872262    -0.427205    -0.413843     0.353842     0.214199     0.368454     0.148307     0.380559     0.572083    -0.567187    -0.720459      0.54215     0.695347      1.39189    -0.820936     0.318881    -0.922474     -1.01752   -0.0795402      0.17467     -1.18812     0.560137    -0.205593
    0.160369    -0.935666    -0.228916     0.982616     -1.16203    0.0794013     0.406019     -0.75193      0.17525    -0.597562    -0.579118    -0.382845     -1.16555     0.348294    -0.458036     0.333448     0.714095     0.437991    -0.926989     0.741842     0.845508     -0.85104   -0.0880207     -0.34031    -0.382153    -0.155634      1.21568     0.484561     0.878187    -0.172001     0.731287     0.488179
    0.043414     0.730505     -1.09103    -0.162696      2.00274     0.212832    -0.230676      0.16659     0.227603     0.511653     -1.07083    -0.694091     -0.90717     0.549129      0.19236    0.0697787     0.192179     0.369838     0.137432     0.930113      1.24872     -1.60793     0.504759   -0.0652688     0.380396    -0.823733     0.127944      1.32255   -0.0328959    -0.879844    -0.549928   -0.0211909
   0.0603232    0.0419681     0.561643      1.17853     0.282117     0.856328     -1.23098    -0.738936     0.114832    -0.349435    -0.393223     0.237565      -1.2677     0.104364    -0.501219    0.0876183    -0.267538   -0.0396858     0.027105    -0.484147     0.981461      0.39033     0.717454    -0.500145    -0.557926     0.368832    -0.180029      1.15271     0.358836    -0.493806      2.00373    -0.981642
    0.410373    -0.817684    -0.954906     0.286558     0.884956     0.393961      1.06233     0.730409     0.563257    -0.038953    0.0924845      1.25711     0.156523     0.320661     0.816524     0.908197   -0.0520806    -0.248925     0.641888     0.214147    -0.180919    -0.381118    -0.151935     0.135068     0.439763     0.354881     0.284845      1.25517    -0.771641     0.338293     -0.14676     -0.46419
   -0.578646    -0.170565    -0.170356    -0.643039     -1.43062      1.34624     0.300481    0.0122193    -0.149064    -0.494201   -0.0862979     0.167923     0.565283    -0.263824    -0.719464     0.242617     0.418736       1.1085    -0.024793     0.439948     0.235733    -0.166109    -0.493983   -0.0384824     0.477389    -0.687235     0.432079     0.602331     0.340285    -0.532089     0.295327     0.568298
    0.534004    0.0982684     0.218334      1.32919     -1.45962     0.319567     0.448094     0.631022     0.678261    -0.636302     0.304686    -0.297826    -0.518247      1.23212     0.100067     0.408422     0.342725     0.211453     0.221207     0.690712    0.0882037    -0.382504       1.0852    -0.184257      1.35573    -0.135358     0.175294   -0.0364407     0.576182     0.986392   -0.0193272     0.591115
    0.810512    -0.090352     0.119766     0.408268     0.201228    -0.517973    -0.169602     0.296659    -0.243672     0.461532     0.127374    -0.828124    0.0555942     0.488552     0.721355     0.250619   -0.0136711      0.56961     0.361877     0.135456    -0.117054     0.353904    0.0600599     0.342506     0.524204     0.451327    -0.504952      0.13742     0.462774     0.694171    -0.517609    -0.646443
   0.0602004       1.3434     0.034997      1.54264    -0.715465    -0.208644     0.153736    -0.494352      1.56812    0.0636352    -0.489939      -1.0049     -1.16811    -0.221556     0.431133     0.286201      1.13003      0.17777     0.131427    -0.607701     0.416077      1.54696    -0.267943    -0.041702      0.42912     0.285156      0.60155     -0.84853    -0.235581     0.723171     0.960285      1.10675
   -0.347876     0.246417   -0.0865641     0.543172   0.00250098     0.452119    -0.384438    -0.600564     0.164993     -0.78855    0.0675104    -0.509594    -0.653819     0.232258     0.208292    -0.265213   -0.0679763     0.855018     0.098458     0.247737     0.318813  -0.00226155     0.261374    -0.432859    -0.379494    0.0138572     0.247276   -0.0415221  0.000109271    -0.529614    -0.246381    -0.331093
    0.287988     0.946821     0.451431     0.946897    -0.817994    -0.366823     0.081646    -0.337868     0.898317     -1.20064     -1.15301     -1.06692    -0.610699     0.453739     0.371192      0.36249    -0.168197     0.190896     0.300757    -0.223737     0.666379      0.31966     0.187278    -0.196745    -0.172122     0.706636     0.244852    -0.719873     0.129257     0.338353    -0.143757    -0.378649
   -0.653256     0.801967      0.28239  -0.00967198      -1.4103      1.11251    -0.133461      0.28091     0.488646     0.665048    -0.284093    -0.793314    -0.185773     0.151205    0.0840255    -0.103619   -0.0666736    -0.231376     0.749306    -0.821595      1.06514     -0.25303      0.28606     0.502201    -0.187689     -0.09115      1.15191   -0.0547031    -0.208426     0.461154    -0.374431     0.472179
     1.39172    -0.416332      1.36993     0.248006    -0.169527    -0.862112     -0.46959     0.361953    -0.400239     -1.04921    -0.227207     0.435914     -0.98747    0.0489912        1.154     0.203618     0.339254     0.757569    -0.371441    -0.298281     0.283514     0.916136      1.85027     0.235821     0.668372     0.592959       -1.274      -1.1566      1.27799      0.16865     0.264157    -0.158003
    0.582998     0.262849     0.826969     0.688259      0.41593    -0.891866    -0.455694     -0.49688    -0.656661     0.801604     -1.00996      -1.1854    -0.580277    -0.037353     0.136148     0.298231    -0.678793     0.251763     0.772598     0.132273    -0.188878    -0.593993     0.245286     0.516169     -1.23666    -0.391071    -0.114595     0.599085    0.0673804     0.403155    -0.594829    -0.846062
