    0.827421     0.384179     0.575778    -0.720792     0.212713     0.296591    -0.619595    0.0930739     0.303213     -1.08781     0.704347     0.639409     0.799426     0.895035     0.679077     -0.32353    -0.535803      1.35293     -0.30833     0.254909   -0.0853957    -0.309396     0.583393     0.131085      1.42855     -1.29704    -0.109677    -0.277475     0.572142    -0.316707     -0.52754   -0.0128517
   -0.685835     -1.36748       1.9508     -1.74598    -0.185763     0.628093     -1.66275     0.222421    -0.558445    -0.110518     -1.14778    -0.418413     0.104544    -0.386052    -0.144887    -0.182307     0.198197     -1.02186     -0.59166    -0.409508     0.879232     -1.01323    -0.179312     0.128969      2.44868    -0.451495      1.24854     0.846919       1.3803     0.120373     -1.11629    -0.656727
   0.0770093    -0.517871     -1.23004   -0.0117575    -0.169856   -0.0165693     0.664636     0.241687    -0.723159     0.509289    -0.027934     0.415388     0.196261    -0.537541     0.445872     0.649258    -0.345334    -0.266945    -0.375687     0.203401    0.0249079      1.21345     -0.17915    -0.329405    -0.068255    -0.245369     0.106965     0.508735     -2.04098    -0.269197     0.209549        -1.46
     1.11079     0.987697      1.30462     0.709598     -0.85916   -0.0162943    -0.866004    -0.200037     0.422921     -1.41344      1.08853    -0.461176    -0.496465      1.08771      1.81405     0.192132     -0.27264      1.08518    0.0650274     -1.14099     0.637195    -0.422645      1.87714    -0.655836     0.225382     -1.08587     -0.38369     0.305083   -0.0942984     0.286503   -0.0518294     0.612606
   -0.381854   -0.0866388     0.312213    -0.342907    -0.765264   0.00490949     0.202011     0.177278    -0.465621     0.184285     0.522921   -0.0217266      0.40641    -0.290697      0.21493    -0.391265    -0.034626     0.062247   -0.0056336    -0.074489   -0.0699379   -0.0979464     0.389598    -0.054317     0.342725   -0.0296881    -0.112224    0.0306064    -0.191237     0.168578    -0.290729    -0.116102
   -0.518597      1.03527   0.00168899   0.00170034     0.784811    -0.776284    -0.308835    -0.874471    -0.445508     0.011871    -0.745827     0.926232      0.48151     -2.10746    -0.638432    -0.834322    -0.984158     0.247751    -0.453448     0.427515     0.193494      0.15817     0.632725    -0.280514     -2.38663     0.139317     0.723075      1.41748    -0.322582    -0.691894     0.477917    -0.810626
  -0.0982785     0.323939     0.270033     0.793438      -0.5203    -0.372146    -0.145142    -0.256005     0.177843     0.199039    -0.341755    -0.301161    -0.466741     0.347334    -0.269229    -0.897522   -0.0291371     0.276106      0.41282    -0.397408    -0.338294   -0.0465999     0.111682     0.415344    -0.477019     -0.62731    -0.263689      0.16887    0.0768042    0.0532097    -0.443944     0.624483
   -0.335529     0.467267      0.13172    -0.349507    -0.143239     0.435425     0.499219    -0.384094     0.067689    -0.652473     0.690558      0.44102    0.0323626    -0.332728    -0.107163     -0.52869    -0.655662   -0.0359482    -0.433451     0.648768   -0.0595443     0.642131    -0.211628     0.141278   -0.0316581     0.373996    -0.354379     -1.14456     0.988006     0.543738     0.313838    -0.100869
    0.319151    -0.258831    -0.392511     0.198401    -0.160095     -0.25283    -0.319525     0.300896    -0.898905     -0.13404    -0.181647     0.263164    -0.332152    -0.199585     0.495979   -0.0931603  -0.00376062     0.566955     0.171719      1.14181    -0.139024    -0.196286     0.999751      0.23571     -1.17227    -0.400847     0.607827       1.1673     0.993836    -0.119152    -0.246477    -0.425612
   -0.411985     0.125061    -0.474628    0.0217645    -0.263834    -0.141906     0.564378    0.0286938    -0.466303     -0.22954     0.370618     0.782476   -0.0147489     0.389586    0.0583419     0.177549     0.701605    -0.165345    0.0446824     0.200951    -0.115146     0.150929    -0.534158   -0.0626826     0.702013    -0.303786     0.161229    -0.234005    -0.504523     0.096975    0.0074038     0.212207
   0.0433394     0.777546      0.40017    -0.390913     0.890606    -0.260254     0.277739      0.33054    -0.643943     0.561025    -0.866813     0.218726     0.543677       -1.272    -0.179645     -1.61859    -0.139503     0.413529    -0.311919     0.836218    -0.722939   -0.0604548    -0.499111    -0.196968    -0.549824    -0.553321     0.204987      1.07139       0.4271    -0.572614     0.126006    -0.627268
   -0.207985    -0.618795    -0.429122      -1.0394   -0.0199246     0.349068     0.513397      1.10306    -0.484998      1.21702     0.819455     0.409527      1.26778     -0.31632     0.537561    -0.327127    -0.355771     -0.95992    -0.139098     0.045802    -0.632539    -0.208168     -1.26818     0.404451     0.949048   -0.0688493    0.0663773   -0.0841119    -0.964703    -0.493692    0.0240524     0.518929
    -1.45108    -0.578833     0.759698    -0.951601     0.740693    -0.229158       1.7469     0.442785    -0.837908     0.836838    -0.347724    0.0917512     -0.45061   -0.0640499     -1.32353     -1.32932    -0.148375    -0.960188    -0.320591      0.26717    0.0156012   -0.0788222     -1.00907      1.02816    -0.394644     0.649759      1.22008     0.788129    0.0218319     0.556267     0.618297     0.561856
  -0.0279075      0.42843     0.487926    -0.203846     -1.12445      0.67846    -0.939768   0.00878355    -0.164139    -0.335838      1.25268    -0.181748      1.29101    -0.406636     0.579499    -0.468163    -0.229545     0.546037    -0.174421    -0.457497     0.120008     0.277278     0.666426    -0.268302     0.720539    -0.522695    -0.189368     0.374484     0.446667    -0.509018    -0.379939   -0.0068904
   -0.497826      1.72666     0.137541     -1.89325   -0.0363492      1.78441    -0.433022     0.930899     0.385089 -0.000413473      1.19599   -0.0264359      1.00751    -0.220268     0.607666     -0.13546    -0.374266     0.598876     0.322972      1.32611      -1.5211    0.0304901      1.55744     0.297297      1.24993    -0.937091    -0.364076     0.384144     0.376188    -0.148352    -0.232784      -1.1893
    0.176368     0.282025     0.432208     0.500467     0.619974     0.917861     0.617296      1.16863     0.488866     0.450193   -0.0553101     0.839511    -0.855195      1.54069      1.49429     0.361504     0.111825     0.634718     0.709035      1.30045     -1.40678      0.15607      1.00537    -0.794416    -0.230218     -0.70951     0.196331     0.858526     0.140687    -0.360864      1.42124    -0.575582
     -2.2696     -0.61785   -0.0218692     -1.33358    -0.635028      1.08725    -0.948562    -0.690677    0.0167752      0.20846      -1.2766    -0.639684    -0.235621    -0.649369     -0.90586     -2.31345    -0.760218    -0.168015    -0.641488    -0.781518    0.0263667    -0.275825    -0.563954     -1.01764       1.9879     0.216812     0.807984    0.0891889    -0.530208     -1.18348     -1.45538      0.68481
    0.232185    -0.568468      1.62176     -1.03141     -1.77795    0.0580696    -0.296965    -0.666553     0.106659     0.934892      1.11097      1.08687   -0.0358836    -0.605414     0.442088    -0.336409    -0.166981     0.420402     0.274959    -0.368361     -1.65706   -0.0725687    -0.995424    -0.264026      1.20137    -0.251971    -0.124616     -2.36326     -1.85568    -0.293281     -1.26356     0.412326
    0.419625    -0.441842     0.565875    -0.194379     0.218996     0.440962    -0.371957     0.228654     0.127099     0.989553    0.0707323     0.384455    0.0570322      1.33228     0.409027      1.30103    -0.639732    -0.855558     0.407647     -1.24217    -0.149915    0.0876954     0.254102   -0.0639881     0.352455    -0.114584    -0.121521    -0.700836     -1.30694      0.66007    -0.112845     0.465734
   -0.410789      0.50411    -0.164904   -0.0277376     0.648322      1.25191   -0.0658574    0.0359697   -0.0291582     0.635666     0.487753     0.698287     0.396723    -0.310598    -0.625345     0.393933    -0.931063    -0.319424     0.122999     0.349466    -0.482336     0.277879    -0.921547    0.0509216     -1.01312    0.0409654     0.403494     0.683232    -0.625747   -0.0721213      1.09212    -0.780831
     1.64188     0.511754     0.250163      1.54157    0.0269473    -0.130567     -1.29026    -0.258844     0.923451    -0.880605     -0.75601    -0.331894    -0.651326     0.481072       1.2502     0.895474    -0.773159     0.162596     0.093019    -0.152214    -0.493108    -0.798553      1.62492    -0.943327    -0.565014     -0.51222    -0.929533     0.182172    -0.448329      -2.0387     0.227037    -0.573125
    0.962368      1.16831     0.898579     0.120124    -0.684102    -0.833493    -0.275695   -0.0706597      2.50431     -0.25485     -0.62958     -2.71561    -0.500534      1.64601    -0.672057    -0.490564    0.0477045    -0.640229     0.723115     -2.25576     0.697767     0.484547    -0.437479     0.784013    -0.548347     0.679086     -1.05723     -4.39372    -0.714422    -0.208398     0.167247      1.13059
   -0.484041       0.4379     0.848249    0.0113785    -0.305872     0.515519    -0.804132  -0.00551538      1.27682     0.502241      1.01435    -0.256234     0.476972     0.870749      0.93631    -0.100851    -0.517174     0.554914     0.629362    -0.881826     -1.08606     0.404311    0.0428043     0.299587     0.986881  -0.00907002     0.447162    -0.237568    -0.390286   -0.0256439    -0.130385     0.514118
    0.435755     -0.28308     -1.14805     0.910442     -1.04998    -0.875185      1.89506     0.262458      1.71012     0.684413   -0.0243489    -0.353726     -0.82244      1.41936    -0.261925     0.963585     0.618903    -0.446839     0.521713    -0.706067     0.851516     0.325844    -0.101995     0.205886    -0.191392     0.912211     -1.19915     -2.17937     -1.27815     0.191332     0.030527      2.42992
    -1.65007     0.465946    -0.813505      0.54356      1.05817    -0.355149     0.624684    -0.349686    -0.198654     0.951442     0.997506    -0.467021    -0.604442    0.0360905     -1.22119      0.68712    -0.284792   -0.0302489     0.410237      1.33738    -0.474436    -0.223746      -0.1536     0.935457     -1.18572      0.81326      1.17984      1.37531     0.910834      0.98443     0.383896     -1.39205
    0.903193     -1.34132     -1.08476      2.50549     -1.03634     0.445188      2.02105      1.47808      1.38601    -0.271351     -0.15879    -0.686664       -2.421     0.426616     0.228581      2.05561     0.137983     0.818227   -0.0857837    -0.328494     0.508013     -1.01046     0.431735   0.00505914    -0.799327    -0.294828    -0.368083     0.269809     -1.03811     0.988434     0.767145     0.857248
    0.169132    -0.366366    0.0489371   -0.0304705     -0.17687     0.207118   -0.0164006     0.520129      0.44193    -0.521956     0.311962    -0.459831     0.225233     0.081827    -0.293445    -0.317579    -0.224253    -0.131555     0.737775    -0.156373    -0.496801      0.94544     -0.50791     0.440244    -0.161987     0.207726    -0.668768    -0.144567    -0.559675     0.331384     0.350086     0.935527
   0.0262381     0.277481    0.0204882     0.702135     -0.53715     0.665089    -0.485654    -0.212151    -0.312725   -0.0486702     0.979753     0.392244     0.975813    -0.402957    0.0715748     0.134457    -0.312237      0.26411   -0.0101841   -0.0927387     0.206271     0.705272    0.0339653     0.280404   -0.0470839    -0.788601    -0.497546    -0.362564    -0.654051     0.598718    0.0617014     0.489935
    0.737045    -0.809156    0.0408094      0.36852    -0.666869     0.636312     0.729862    -0.034194     0.725279      1.03438   -0.0208281    -0.985282    -0.452932     0.659905    0.0333753    0.0995909    -0.470874    -0.400455     0.278194    -0.319362    -0.286876     0.897161    -0.352028      0.68106    -0.705245     0.488728    -0.353478     -1.10869      -1.5016    -0.728074    0.0812391    -0.170615
   -0.657137    -0.548071      1.21796     0.576281     -0.59313     0.653853     0.137821   -0.0348108   -0.0445682     0.335731   -0.0409989     -1.14831    -0.226374      0.18902    0.0431314     0.534369     0.194027     0.276436    0.0960993     -1.20868    0.0150583     0.502088     0.144939     0.194626     0.146132    -0.376364    0.0688628     0.349063    -0.861949     0.589652    -0.119723     0.104006
    0.583386     0.254822    -0.937976    0.0302582    -0.138909     0.473315      0.11059    0.0127769     0.302253    -0.529824    -0.466974    -0.107298    -0.806133     0.608804     0.221877    -0.466858     0.306978    0.0677023    -0.221798     0.286693    -0.120636    -0.117941     0.565549    -0.348059     0.594981    -0.529286    -0.818535   -0.0190487     0.276954    0.0332266     0.376421     0.562021
     2.70206   0.00990954    -0.489344     0.504878    -0.627551    -0.742269     0.600332    -0.659868    -0.603315    -0.552623    -0.431554     0.448027     -1.06545    -0.674633     0.499292     0.199052     0.668181     0.460999    -0.535929     0.887605      1.20218    -0.506871     0.195091     0.395389      0.13873     0.299039    -0.445367     0.592981      2.09667    -0.440361     0.463947  -0.00323107
