   0.171761
   0.221452
   0.196461
  -0.018406
  0.0852152
   0.158587
   0.120976
 -0.0750158
 0.00429644
 -0.0878329
-0.00788861
   0.387082
  -0.654544
  -0.159419
  0.0738851
 0.00247744
   0.276812
 -0.0470445
  -0.445222
    0.17871
  0.0774356
 -0.0113274
 -0.0682049
  -0.576579
   0.323232
   0.272516
  -0.053003
  -0.259691
  -0.154385
  0.0883729
   0.202438
   0.226154
 -0.0317056
   0.017986
  -0.466765
   0.276167
  -0.702466
  -0.179003
  -0.191719
 -0.0292456
   0.203082
 0.00630912
  -0.287672
   -0.28226
  -0.314468
  0.0782471
   0.247359
  -0.204564
  -0.207865
   0.129337
 -0.0193964
   0.210963
   0.262421
  -0.154881
   0.160233
   0.379409
  -0.234787
  0.0394624
   0.315592
   -0.16473
  -0.439275
   0.279301
  0.0723375
  0.0401844
  -0.178108
  -0.765476
  -0.023536
   -0.42099
   -0.06195
   0.340631
   0.173805
 -0.0279162
   0.475282
 -0.0306735
   0.470689
  -0.359255
   0.416715
  -0.214611
   0.118774
  -0.436134
-0.00601322
  0.0893228
   -0.16903
  -0.341896
  -0.172019
 -0.0120588
  -0.169926
  0.0898572
   -0.18859
   0.137596
  0.0750456
  -0.140885
  -0.203658
  -0.550623
  0.0419455
   0.409392
    0.13287
  -0.358496
   0.110114
 -0.0831682
  -0.283546
 -0.0298939
   0.235252
  0.0899464
   -0.13831
   0.346049
   0.190322
   0.146408
   0.131429
   0.491881
  -0.273289
  0.0748224
 -0.0334463
 -0.0419108
   0.396832
   0.411075
 -0.0253505
   0.252255
 -0.0698341
-0.00415842
  -0.375607
   0.391832
  -0.139976
   0.169382
  -0.669183
   0.736617
  -0.737497
   0.135853
