 -0.00600735     0.433619   -0.0820053     0.338023    -0.271526     0.350897     0.280913    -0.142765     0.508853     0.133262    0.0467501    -0.178206     0.338555    -0.084974   -0.0713749     0.369575     0.434598     0.136905      0.41633     0.193842      0.50306     0.191418     -0.49721     0.476127     0.509045   -0.0251513    -0.313979   -0.0227849   -0.0180111     0.261006     0.334867   -0.0870882
   -0.125083   -0.0176935     0.581845   -0.0703146    -0.140722     0.555652   -0.0727464    0.0258942    -0.337185     0.200073    -0.136609     -1.10603   -0.0707065    -0.631492    -0.411159    -0.190265     -0.64593    -0.119135    -0.192222     -0.25174     0.278932    -0.059584    -0.257772     0.419237    -0.313021     -0.32945   -0.0679225   -0.0600525     0.205623  -0.00915409    -0.268695    -0.340715
    0.198914    -0.192888     0.284067     0.196501      0.16977    -0.501576     0.139958      1.11915     0.108465     -0.10961    0.0800805    -0.609725      0.30871   -0.0920056    0.0697387      0.70654    0.0606534    -0.616449    -0.360244    -0.517639    -0.493263   -0.0740302   -0.0865054     0.145596    -0.242296     0.604169     0.132228   0.00446113    0.0528154     0.605699     0.255698     0.563267
    -0.52692     0.078839   -0.0480304   -0.0722058     0.927887    -0.143201     0.377057      0.46781    -0.131083     0.336168   -0.0801442    0.0922119  -0.00100429    0.0178729     0.180303     -0.13717    -0.789464    -0.427119     0.148914      0.22928    -0.221445     0.111989     0.237154     0.208942    -0.487472    -0.439067    0.0116402     0.568771    -0.235847     0.473559     0.313882     0.474158
   -0.531983    0.0484544     0.149938   -0.0459102     0.150799    0.0930075    -0.166371    -0.128269     0.337471    0.0148552   -0.0299676     0.268704     0.250562     -0.29233    0.0865869    0.0767854    -0.443885    -0.607914    -0.201407    -0.117693     0.470976    0.0693188    -0.214609    0.0511495   -0.0901792      0.30895    0.0733577    -0.118038    -0.153517     0.249957     0.433866    -0.124891
    0.339275     0.203639    -0.202576    -0.151293     0.165213    -0.348551    -0.333165     0.530748    -0.227828    0.0464903     -0.09683    -0.423544    0.0918912     0.271836    0.0469959     0.157261     0.198618     0.339031    -0.172214    -0.134155    -0.268141    0.0123992     0.138947   0.00474747   -0.0837994   -0.0135422     0.273741     0.243656   -0.0246668     0.390841    -0.243884     0.138076
  -0.0893599       0.5854    -0.470883   0.00896176   -0.0256562    -0.498128    -0.198947   -0.0408972   -0.0616596     0.274781     0.177295    -0.285073     0.612072    -0.266312    -0.795059     0.519211    -0.470841    -0.181789     0.391361    -0.607686    -0.324413    0.0150645    0.0119819    -0.101556     0.910677    -0.200463    -0.545148    0.0868395    -0.273448    -0.112209    -0.166743     0.300836
   -0.271468     0.304518    -0.269097     0.241351     -0.52369     0.693643    -0.224421     0.248457     0.484851     -0.45732     0.357721    -0.052193     0.123166    -0.341184     0.343136   -0.0776575    -0.616909  -0.00851175      -0.2938     0.388282     0.154476   -0.0957149    -0.106376     0.275782     0.568864    -0.505406    -0.397023   -0.0648566    -0.242316     0.425156     0.392832     0.243555
     0.78672     0.329044     0.477602    -0.124816   -0.0811728    -0.505637      0.48066    -0.483323     -0.54601   -0.0410357    -0.838356     0.291313    -0.386982     0.373962      0.41148     0.132357     0.180184     0.293214     0.378734    -0.234476    -0.745245    -0.103657    -0.135724     0.200023     -1.28495    -0.144164     0.121727     0.193259    -0.520448    -0.373761    -0.443271     0.264708
    0.218867   -0.0383887    0.0268406    0.0602673    -0.143187     0.187866     0.386068     0.620386   -0.0388933    0.0270176     0.557209    -0.702157   -0.0867836   -0.0659119     0.260563   -0.0380181     0.022475     0.876491  -0.00699741     -0.23793     0.353177     0.270394    -0.221526     0.175841    0.0205399     -1.23436     -0.13415    -0.524179    -0.172901    -0.427432      0.19992    -0.165561
     0.41349    0.0857757      0.43947   -0.0174724    -0.423712    -0.103299    -0.136885     0.274498    0.0852038     -0.14884    0.0437796    -0.361575    -0.363584   -0.0810739    -0.219174    -0.300421    -0.224931    -0.237646    -0.592639    -0.404376    0.0856726     0.524496    0.0795686     0.598628     0.333979     0.426253     0.477492       0.3477     0.342259     0.209729    -0.695684      0.19162
   -0.120996    -0.470887    0.0876242     0.249093     0.336256    -0.152212     0.379912     0.554753     0.463742     0.179175     0.161684    -0.395787     0.197861     0.423705     0.230573     0.396005    0.0671936      0.64603    -0.851973    -0.469232    -0.108426     -0.39213     0.150855     0.430012    -0.125995    -0.538484    -0.678222   -0.0964422     0.500235     0.384349     0.601363      0.13517
    -0.62114     0.184309     0.174235    0.0237581     0.674889     0.108183     0.936732     0.694195     0.228145     0.383012     0.176699    -0.390666     0.985422   -0.0363995    -0.228652     0.340191    -0.674926   -0.0632213     -0.17097    -0.782294   -0.0954265    -0.349081    -0.178701     0.223174     0.537803     -1.21824     0.608281    -0.195984    -0.361557     0.289508    0.0199987     0.144485
    -0.58588    -0.538683     0.340917    -0.082682     0.458616     0.391379     0.607075     -0.44967     0.397889     0.103787     0.129106     0.321368   -0.0253958    -0.369595     0.488714      0.14658     -0.32254     0.534889    -0.116573     0.576005     0.430752     0.296716   -0.0714585     0.952557    -0.198447    0.0269114    -0.176708    -0.193107     0.464422     0.156153      0.31457    -0.314153
   -0.119957     0.643044     0.267127     0.446259     0.305624     0.322674     0.691987    0.0724997    -0.512475     0.299838     0.457062    -0.133106 -0.000196751    -0.228924    -0.116812    -0.601649     0.405244    -0.052209    -0.277821     0.272701    -0.241327    -0.100819   -0.0463979    -0.261511    -0.267776    -0.699692   -0.0989785     0.637756    -0.751913     0.207786    -0.759654     0.855662
   0.0280303    0.0362717    0.0985385     0.133526    -0.216573     0.442098     -0.86262    -0.212559     0.663653     0.182021     0.514069    -0.257013    0.0365876   -0.0405093     0.519938      0.15599    -0.587528      1.27015     0.349622    -0.436952     0.475082    0.0971784   -0.0619161     0.329945      0.57866    -0.357514     -0.73556   -0.0846441       0.8115   -0.0627669     0.384859    -0.425156
   -0.440207     -0.33373    -0.276724    -0.644421    -0.407921     0.313897     0.670043     -1.15368     0.711773   0.00522751      1.01431     0.471539     0.685751    -0.570956     0.090628    -0.217182    -0.976818     0.549682     0.479462     0.832388     0.939284     0.223214    -0.311738     0.538807      1.71142     -1.04099     0.214397    -0.160863     0.624066     0.149517    -0.255971   -0.0453639
    0.309506     0.424073   -0.0549673     0.153701     0.134043    -0.160976     0.479799     0.326063   -0.0145147   -0.0269685     0.240274     0.214027   -0.0701414   -0.0271999      0.21013     0.629823    -0.516817    -0.595374     0.301912    -0.202975   -0.0500846    -0.107448   0.00310813   -0.0371071     0.709956     0.116153    -0.123695    -0.412456     0.550039     0.113567    -0.147227    0.0587675
    0.581293    -0.356318     0.299261    -0.210566     0.128528   -0.0975677     0.577365    -0.311817     -1.18804    -0.350286    -0.324869   -0.0755475    -0.126566     0.367595     0.862802    0.0113268     0.272669     0.642446    -0.126861     0.184166    -0.140602    -0.368866    -0.311774    -0.170854    -0.541653    -0.225117    0.0996773    -0.430736    -0.344098    -0.747377    -0.015349    -0.327567
    0.650802    0.0865663    -0.249682    -0.320089     0.384471    -0.428236    -0.451197    -0.486907    -0.266005      0.15867   -0.0663303     0.396595     0.158889    -0.331663     0.147812     0.199773     0.583879   -0.0711007     0.382133     0.457331     0.104394     0.232636      -0.2466    -0.173654     0.421231     0.364823    -0.136786     0.243285   0.00729058    -0.303342    -0.610518    0.0673692
  -0.0300468    -0.127996   -0.0695978    -0.323775    -0.156377     0.118361     0.355905     0.248858    -0.542669     0.218615    0.0555103      0.24572     0.140223     0.209422    0.0553227    -0.327765    -0.117322    0.0304942    0.0282302     0.406414     0.489415    0.0242591    0.0736148     0.147551    -0.516069    0.0737461   -0.0593767      0.40106    -0.249993    -0.375199     0.414172     0.178192
  -0.0442209    -0.229471    -0.570016     0.359056     0.503411    0.0119958      0.72088    0.0983539    -0.173583     0.406098     0.238605    0.0448153   -0.0813907    -0.341121     0.289758    -0.034678     0.242442    -0.107616    0.0367068     0.197334     0.186761   0.00925268    -0.212091     0.368187    -0.126584    -0.182755    -0.208986     -0.24388    -0.238378     0.345693    0.0465224     0.229643
   0.0601302    -0.116197   -0.0688239    -0.953072     -1.18198     0.490345     -1.02451     -1.11175     0.322734    -0.696887      0.11495     0.295544    -0.831244    -0.400033    -0.440862     -1.24805    -0.432588     0.462915     0.435163      0.72863     0.839751     0.678354     0.216839    -0.114133     0.686866     0.288171    -0.164746     0.725266     -0.23181    -0.384641   -0.0485183    0.0313015
    0.221553 -0.000230589   -0.0316117    0.0821216   -0.0192344     0.205988     0.309745     0.579092    -0.267015   -0.0641578   -0.0881611    -0.367186    0.0379605    -0.913225    -0.146837     0.312629    -0.282644     -0.38726    -0.376944    -0.401708     0.556889     0.621748  -0.00763516   -0.0414405    -0.315826     0.549087    0.0847057     0.224411    -0.549299     0.341819    -0.555545     0.348249
    0.195021   -0.0887565     0.137903 -0.000960078    -0.323935    -0.289333      0.35401     0.390665    -0.357598    -0.384039    -0.198355   -0.0137528   -0.0225224     0.214787     0.459197      -0.3082     0.404472    -0.134148     0.156279    0.0216054    -0.173564    -0.425105     -0.52556    -0.132341     0.221138    -0.413118    0.0499398    -0.220745    -0.481721     0.189877    -0.253033   -0.0417149
   -0.252869     0.273266     0.246036    -0.898334    -0.517523    -0.383488     0.104959    -0.340131     0.658736    -0.473521    0.0890047    -0.452817    -0.102064    -0.310076    -0.158301    -0.201885    -0.570475      1.16418    -0.162167    -0.494636     0.411231    -0.086293    0.0232342     0.583304      0.58476    -0.317746     0.111755    -0.202136     0.368227    -0.177752     0.218051   0.00679623
   -0.149971     -0.21744   -0.0158137     -0.26863     0.231778     0.170663   -0.0280682     0.334145    -0.295224    0.0972458    -0.183226    0.0784058     0.174588    -0.343282  -0.00496824   -0.0981327   -0.0295653     -0.22948   -0.0730119    -0.108136     0.165272     0.327804    -0.615608     0.284635   -0.0159088     0.473906    -0.521344     0.108798     0.229422    0.0756046     0.267226     0.190258
    0.488791      0.15751     0.189733    -0.517307    -0.386638    0.0061829    -0.375146     0.357409    -0.270556    -0.223029    -0.462307     0.110714    -0.585351     0.262087    -0.041322    -0.153285     0.102254     0.136085     -0.33849     0.158329    -0.241432    -0.394822     0.660899     0.195218    -0.471746  -0.00161371     0.250562       0.3114    -0.264375    0.0955648     0.461509    0.0281599
   -0.126189     0.151935     0.141169    -0.810928      0.31448    -0.225724    0.0213607     0.138779    -0.325737     -0.26879    -0.391713     -0.65351    0.0407026     0.222654     0.155327     0.214177     0.288301    -0.972062    -0.125143    0.0933005    -0.588437   -0.0721866    -0.193446   -0.0377579    -0.135168     0.180471     0.482503   -0.0710711    0.0430473    -0.612724    -0.511963     0.361545
    0.440258     0.218726       0.3886    -0.359303      0.38456    0.0676945     0.514344  -0.00423936     0.160463     0.150642     0.204837    0.0345956    -0.176594    0.0147322    -0.198584    -0.239629     0.586329    -0.413366    -0.252587     0.491059    -0.195604    -0.367035     0.267424     -0.13131    -0.348735     0.255331    -0.459716   -0.0830813    -0.148988    0.0542099     0.109969   -0.0896488
   -0.682441    -0.582123   -0.0127949   -0.0180035     0.181194     0.610897   -0.0761568    -0.179628     0.688296    -0.413112     0.252363    -0.615639     0.821931     0.170688   -0.0577959     0.157132    -0.110623    -0.243207    -0.368138     0.220524     0.219234    0.0328261     0.193762    -0.463438     0.592944    -0.299644     -0.22319    -0.412554    0.0786501    -0.523803    -0.407525     0.658871
    0.401412      0.29608   -0.0359122     0.592413     0.422766    -0.156251    -0.494977    -0.152492     0.473529     0.160798     -0.45827    0.0724143   -0.0839253    0.0344872    -0.488385     0.231095    0.0121652    -0.196954   -0.0331488    -0.458872    -0.307628    -0.113638     0.224293     0.292053    -0.268277     0.213778     0.411905    0.0967426    -0.165342    -0.154385   -0.0935908    -0.426906
    0.167031    -0.111874    -0.168515     0.130969    -0.664583     0.230692    -0.416514      0.13365    -0.176184   -0.0332305    -0.385511     0.112241    -0.347442    -0.149859    0.0533055   -0.0774451     0.503261     0.286118   -0.0830463     0.263029     0.142157    0.0137971    -0.159683    -0.248007    -0.609169     0.290872    -0.162722   -0.0390624    -0.140451    -0.307345    -0.143392     -0.25884
   -0.399349    -0.169099     0.392854    -0.502611    -0.464964    -0.413104       0.1516   0.00686647     0.354458    -0.558913     0.241463    -0.351696     0.598482    -0.607157    0.0599464    -0.340078    -0.451061  -0.00853069    0.0553035    0.0642221     0.069113     0.129127    0.0583603     0.174746    -0.022865    -0.306123     0.234197     0.144078     0.159134       0.3044     0.107687    -0.339116
     0.31097     0.352816    -0.344205    0.0658164    -0.026796     0.167863    -0.103492    -0.796492    -0.584583    -0.104118     0.397831     0.155624     0.215296     0.314033     0.121555     0.260375     0.089904    -0.270242     0.656741     0.283818   -0.0381487    -0.102446    0.0769095    -0.311842   -0.0341475     0.341492    -0.358703    -0.394718     -0.40636    -0.347088    -0.272069     0.387011
    0.109902     0.471815     0.136162    -0.592521    -0.485643   -0.0282412     0.206701    -0.574676     0.329241     0.380742    -0.344332     0.168644    -0.117324     0.123701    -0.437275      0.28147    -0.436192    -0.678043   -0.0959522     0.386245    -0.089825    -0.447375    -0.157785     0.570673    -0.533989     0.219027    -0.370511    0.0921366   -0.0386105     0.170417    0.0443862      0.32035
   0.0386494   -0.0120813     0.386836     0.202589     0.162655     0.123026     0.150716     0.524667     0.516744     0.243326     0.130992     -0.56904  -0.00346905    -0.342077    -0.254009     0.408774     0.206795     -0.25064    -0.564466    -0.314899     0.580353     0.184468     -0.11682     0.361961     0.290295     0.484087    -0.176248    -0.664177     0.517864     0.784879     0.471273    -0.103085
   -0.060006    -0.580463    0.0445943     0.458628   -0.0521833     0.642095   -0.0132699    -0.213385    -0.302334    0.0709508    0.0312001    -0.050888    -0.310922    -0.165014     0.385277    0.0292497     0.338613 -0.000458029    -0.316505   -0.0220105     0.408269     0.368434   -0.0619583   -0.0821996     0.180633     0.645991     0.209218     0.173621    -0.465498     0.468832     0.171618   -0.0435106
    0.580823    0.0336883     0.685617     0.035233     0.500939    -0.127377   -0.0147936    0.0994744     0.302177   -0.0518043     0.406237   -0.0575705   -0.0404178     0.115452   -0.0116851   -0.0815376     0.314335    -0.598497     0.194187    -0.503722     0.235514     0.235144    0.0810679     0.222117    -0.406728     0.281145   -0.0203813    -0.366851    0.0695951     0.315358   -0.0433909     0.221266
   -0.134823     0.271049    -0.247647   -0.0365583    -0.342593     0.021092    -0.673667    0.0404596     0.139774    0.0304848     0.306202     0.332756    0.0869837     0.302538     0.141916    0.0423531    -0.296884      0.14291    0.0318365    -0.222269    -0.323055     0.391288     0.579223     0.614403     0.520711     0.389289    -0.845302     0.139741     0.127209    0.0318615     0.225211     0.606404
   -0.254348    -0.274263    0.0571853    -0.582456    -0.473113   -0.0411265     0.229664    -0.559482    -0.166968   -0.0681662    -0.203442     0.528206    -0.927462     0.373742    -0.104102    -0.234462     0.806675     0.395832     0.150263     0.434311    -0.296262     0.175551    -0.143085    -0.320776    -0.378801    -0.151456     0.469789     0.275279    -0.101124    0.0371075      0.11935   -0.0633586
   -0.431795     0.350294     0.294981    -0.101524    -0.090017     0.239452   -0.0986596    -0.299086     0.010511   -0.0860716    -0.076491    -0.350616    0.0512908     0.107746      0.40753   -0.0669288    -0.719519     0.964049     0.328946     0.386749     0.647514    0.0229716   -0.0405256     0.309361     0.279287    -0.210236    -0.405688    0.0922399   -0.0877794   -0.0575971     0.127087     -0.15329
    0.149682    -0.210776    -0.481404    -0.271884      0.13269    -0.259579     0.838493     -1.24257    -0.829883    0.0314547    -0.476397       1.0545    -0.490863   -0.0655979    0.0912243    -0.448282     0.648334    -0.270542     0.128816      1.28578     0.220209   -0.0785983    -0.136436   -0.0492199     0.356611   -0.0315668     0.489692     0.772083    -0.791941      -1.0375     0.193828    -0.477669
     0.58789     0.307317   -0.0652072     -0.36154     0.366118    -0.217628     0.326055     0.366813    -0.465858     0.230461   -0.0428175      0.63622   -0.0445016    -0.309898   -0.0452062   -0.0216373    -0.135932     -0.19412   -0.0303183      0.28746   -0.0201777     0.189689     0.028498     0.251419    -0.431436     0.636661    -0.374054     0.618613     0.207288     0.190807     0.508892   -0.0439803
    -0.25881    -0.168835      0.11055     0.111857   -0.0701128     0.348311     0.194529     0.331308   -0.0480518   -0.0460518    -0.226821     0.302255      0.38945      0.58058     0.076619    -0.251172   -0.0331271     0.286588    -0.232403     -0.36507    -0.767577   -0.0224745     0.431877   -0.0107837   -0.0229293    -0.588385     0.260692    -0.259151    -0.144153   -0.0144863    -0.266045     0.224643
    0.541691     0.395205    0.0691464     0.814107      0.58946    -0.378427     0.560896    -0.442437    -0.646909     0.166772    -0.104767     0.233629    -0.391611    0.0261452     0.591738    -0.207707     0.738312    -0.415003    -0.202793   -0.0953361    -0.548386    -0.388775     0.200519    -0.790494    -0.113667     0.171583     0.459496    0.0121616    -0.685392    -0.148388     0.237236     0.305317
    0.214569     0.475822    0.0487027     -0.37158     0.457265    -0.266098     0.947814    0.0350602  -0.00471491    0.0941691     0.269289   -0.0401079     0.199402      0.38991     0.203151    -0.201587   -0.0298612   -0.0652708    0.0194154    -0.365559   -0.0295675   -0.0921764     0.280543     0.149659    -0.471217    -0.292075     0.720401   -0.0559137   0.00436697   -0.0608791     0.143322     0.186851
    0.570651     0.459285     0.260216    0.0622297      -1.3157    -0.252643    -0.272799    -0.670286     0.309961    -0.220231     0.166063     0.217993    -0.370873     0.499731     0.135036    -0.325809    -0.241811     0.601676   -0.0470539    -0.537032     0.131399  0.000382393      0.53224     0.582334   -0.0689801    -0.132884     0.461611      0.19875     0.333136   0.00988615  -0.00923223    -0.155939
   -0.440483     0.243271    -0.109216    -0.264365     0.130356   -0.0635162      0.63158    0.0144137    -0.239939    0.0105009    0.0512854    -0.100369     0.367208     0.207985    -0.359293     0.171639      0.28851    -0.283195     0.127854   -0.0782057    -0.260587    -0.280067    -0.154565    0.0165596    -0.205061    -0.170695    -0.179925    0.0940033     0.116772    -0.213537     -0.11496     0.209514
    0.204944      0.28107   -0.0212925   -0.0624773   0.00244105     0.111436     0.304113     0.244756     0.139502   -0.0124875  -0.00126105     0.410572    -0.113645    -0.103804     0.384356    0.0895971   -0.0637963    -0.607843    -0.338173   -0.0341294     0.380442      0.14274     0.297403   -0.0960576    -0.269925     0.447942    -0.259461    0.0242317       0.1345     0.122197      0.61343     0.313514
    0.389108    -0.289976     0.186806     0.404991     0.103919     0.459137    0.0389901    0.0193483    -0.134547     0.493978    -0.376904    0.0271965      0.27731    -0.300474    -0.315763     0.237208     0.388254    -0.774575    -0.309167     -0.10527   -0.0683317     0.449634    -0.100555   -0.0366471   -0.0152198     0.425995    -0.132465    -0.399711   -0.0390926    -0.275751    0.0551726     0.443393
    0.715461     0.116004    -0.109833     0.428416    -0.138611    0.0602942    -0.135419   -0.0109973    -0.933664    -0.272415    -0.122322    -0.487248    -0.305278      0.21714     0.197647     0.168442     0.363618   -0.0233498    -0.232423    -0.147487    -0.651195    0.0310808    -0.157813    -0.104133    -0.490805     0.255936   -0.0358815    -0.178808    -0.427613   -0.0364708     0.401682     0.201938
   -0.094864     0.333913     0.208019     0.131594     0.422412    -0.396249    -0.982993     0.197841    -0.174853    -0.103431    -0.129322    -0.362189    0.0711224    0.0274372   -0.0354296     -0.14764   -0.0148796     -0.59356    -0.168033    -0.191336   -0.0849203     0.236161    -0.227088    0.0492429    0.0758889     0.227773    0.0967126     0.387843     0.201771    -0.153831   -0.0528959     0.124614
    0.502325    0.0367982       0.1869   -0.0478652     0.525517     0.285882   0.00481814     0.352228   -0.0490171    -0.158627     -0.12683    0.0423602    0.0557335    -0.047046    -0.165246     0.337302     0.335195    -0.574236    0.0267583    -0.283834    -0.398158    -0.166555   -0.0447651    -0.487168    -0.364736     0.621009    -0.106157   -0.0509069    -0.559819     0.287677     0.432699     0.426241
  0.00784951   -0.0500509    -0.617104     0.617828    -0.175706   0.00307127    -0.584972    -0.527747   -0.0283678    -0.294818    -0.449913     0.217851    -0.588089     0.572104     0.095767    -0.628839     0.926259     0.293966     0.425082   -0.0729548    -0.749134    -0.191692     0.493952    -0.120469      0.12691    -0.173241     0.183626    0.0828207    -0.485789    -0.141903    -0.121149      -0.3728
   -0.364125    -0.561901    -0.529446    -0.117716    0.0645097    -0.217732     0.650227    -0.435142   -0.0879851    -0.146495    -0.346358     0.149839     0.296682     0.513054     0.116615     0.018339      0.14298     0.474952   -0.0286018     0.233219     0.279033     0.243801    -0.158661    -0.374369    -0.304305    -0.309003   -0.0391553    0.0240029    -0.055959    -0.261719    0.0164386     0.488315
  -0.0101972    -0.361074    -0.139836    0.0113642     -0.15574     0.193597    0.0118908     0.279213     0.442691   -0.0104547    -0.672141     0.856716     0.439712     0.193223     0.267537     0.406268     0.969942    -0.499539    -0.031634    0.0192246    -0.741954     -0.22899    -0.156305    -0.213197    -0.432593     0.386148     0.180537    -0.237542    -0.103358     0.131914    -0.826216   -0.0781431
   0.0930633    -0.378443    0.0159035     0.243169     0.458216    -0.242881    -0.502557     0.636233     0.327389    0.0332358     -0.56168    -0.248294     0.227613    -0.261049   -0.0568484     0.111641   -0.0273377    -0.474918      -0.7396    -0.389227    -0.162533     0.146717     0.459179    -0.226026    -0.258993     0.788612    -0.310356    -0.138412   -0.0852549     0.365691     0.593288     0.859091
   -0.444213    -0.458248      -0.2998     -0.37284     0.635634    -0.335061     0.468024     -0.47534     0.179947     0.184781    -0.284351     0.271756    -0.662707    0.0025885    -0.597097    0.0884375     0.594057    -0.744711    -0.273764    0.0767669   -0.0357786   -0.0449878    -0.488984    0.0948662     -1.36909     0.920356   -0.0342632     0.594827    -0.246796    -0.150032       0.3556     0.193768
   -0.457067     0.101696   -0.0725746    -0.223602    -0.159635   0.00699343   -0.0857613     0.322961     0.040311    -0.334427    -0.145333    -0.179506     0.446574    -0.264132    -0.440564    0.0927126    -0.646754     0.555283     0.333599   -0.0506972     0.708069     0.173206    -0.349621     0.544892     0.702591    -0.166315    -0.520309    0.0557514     0.582844     0.449482   -0.0714847    -0.335257
  -0.0225827      0.23156    -0.313921    -0.309336    -0.198943     0.251311     -0.11955    -0.772855    -0.233217     0.384133      0.55648     0.299286     0.257777      0.18246    0.0826392    -0.277726    -0.138292    -0.556966     0.576346     0.622617     0.268087     0.344792    -0.335299    -0.244151     0.478903     0.171045    -0.403422     0.155052  -0.00849483    -0.553609    -0.192101    -0.710603
  -0.0377352     0.644246     -0.28194    -0.276661  -0.00888924     0.183426     0.289852    -0.814445    0.0711892    -0.544094    0.0752941     0.441892     0.381707    0.0533035    -0.424404   -0.0676052    0.0668988    -0.524636     0.418151      0.41912     0.325332     0.256988    -0.042602     0.583374   -0.0365201   -0.0162387    -0.152314     0.049201     0.125743    -0.668125    -0.249395    -0.446257
    -0.49686     0.144512    -0.271085    -0.245027    0.0837558    -0.332762   -0.0745992    -0.276831     0.487294    -0.198068     0.728345     0.365223      0.47942    -0.222897     -0.44763    0.0346086    -0.266401    -0.550254   -0.0265204   -0.0844751    -0.015307     0.135612    0.0332953     0.281869      0.54518    0.0814592    -0.142165    -0.237338     0.411753     0.308784      0.19942     0.256062
   -0.115497    -0.288029    0.0459918     0.462265     0.203692      -0.4266    -0.196577   -0.0352425   -0.0639927   -0.0655123     -0.59876     0.247086     0.715676     0.293493    -0.556832     0.561196   -0.0286856    -0.387503    -0.050721     -0.37426    -0.358505    -0.143977     -0.19498    -0.118284    -0.126873     0.603711     0.102442    -0.132177     0.427289     0.552212     0.106145   -0.0994347
   -0.526121   0.00280553   0.00967114     0.258747   0.00104945     0.396989     0.125181    -0.142753    -0.796637    -0.144035     0.113324    -0.379752     -0.32401    -0.683109  0.000731702   -0.0968293    -0.268037   -0.0682231    -0.172866     0.521524      0.75809      0.26082    -0.366613     0.504721     0.310935     0.470196     0.789947     0.413296     -0.42075     -0.34625      0.22261    -0.512305
  -0.0398934    0.0998087     0.120592     0.335337     0.175937    -0.154271    -0.263736    -0.378345   -0.0173341    -0.144627   -0.0770607     0.606783    0.0569175     0.490129    -0.205076    -0.282683     0.111359    -0.306393     0.234083     0.663132   0.00858727    -0.459409  -0.00939572     0.202192     0.080158     0.521969    -0.635179    0.0468107     0.532722      0.19742    -0.266615    0.0699021
    0.209819    0.0413021     0.517143   -0.0184942    -0.058595    0.0592239       -0.432     0.193392   0.00753062    -0.155986    -0.291578     0.403995     0.418316      0.63303     0.414591    -0.352731     0.256643     -0.17918    -0.115869     0.176331    0.0797098     -0.18129    -0.309903     0.723133    0.0154168    0.0922077    0.0410878   -0.0682467    -0.171607    -0.272253     0.043589     0.123191
  -0.0508723     0.179103     0.467988     0.138719    -0.517067     0.213901     0.180891      1.30483    0.0161638     0.393932     0.330108    -0.353984     0.299828     -0.47151     0.117395    0.0782715     -0.22384     0.106842    -0.276865     -1.12626    -0.295376    -0.925615    -0.122247      0.42229   -0.0608081    -0.362397     0.203813     -0.68545    -0.202881     0.721751     0.236938     0.016212
  -0.0309823    -0.647702     0.686064    0.0184312      0.10013    -0.267527     0.136742    -0.121288     0.779939    -0.469746     0.329059    -0.585766    0.0928653    -0.128565    -0.515505   -0.0788806    0.0795817     0.109492     0.105357     0.121626      0.44323     0.452396    -0.375815     0.117785    -0.137002    0.0623997   0.00182287    -0.759832     0.338472    -0.144879      0.55504     0.127282
   -0.464006    0.0268424     0.128818     0.714881     0.358925     0.249333    0.0032847     0.172478     0.409169      0.36232    0.0139095    -0.822942     0.158367    -0.283811     0.173693    -0.437619     0.171673   0.00231252      0.18587     0.314891     0.141126   -0.0448609    -0.236925     0.635082     0.408166    -0.446138    -0.393861   0.00858784     -0.50661    -0.139918     0.478409    -0.520298
   -0.329595    -0.181109   -0.0392468    0.0679721    -0.382129    -0.126009    -0.487058    -0.189825     0.384191     0.105606    0.0806673    0.0798925  0.000532841    -0.111462    -0.264404   -0.0862346    -0.320747     0.364987   -0.0215016     0.108847    0.0378046   -0.0448201     0.284399     0.761595     0.684169   -0.0127296     0.342379     0.266151     0.338846   0.00520597     0.358057    -0.255968
    0.198931     0.301193    -0.276548    -0.168572    -0.043332    -0.146906     0.165938     0.240614      0.16449     0.380586    -0.134994     0.475626     0.387303     0.132161   -0.0409144   -0.0741437    -0.282524     0.151951     0.537843   -0.0572085   -0.0118966   -0.0631895     0.102355    -0.123673    0.0695163    -0.306859    -0.490948     -0.14993    0.0130152     0.164006   -0.0086521    -0.143728
   -0.241763     0.129899    0.0640143     0.293179    -0.183503    0.0785935     0.284684    -0.360405     0.277006    -0.491896     0.470327    -0.114836    0.0831128     0.403018    -0.214112    -0.549774      0.39203     0.392565     0.201138     0.340015    -0.457919   -0.0680158    0.0893353    -0.626765     0.353152    -0.250931     0.408041     0.183117    -0.627083     0.150717    -0.234463     0.122133
    -0.18233   -0.0661541    -0.203919     0.103741     0.242864    0.0935569      -0.2593    0.0490763     0.348811    -0.191656    -0.567425     0.337504     0.329825    -0.149593     0.151674    -0.397299     0.725652     0.325541    0.0318159       0.1339   0.00442019    0.0721842    -0.115112     0.475041     0.711445    0.0998279     -0.23505     0.146383    0.0406634    -0.245567     0.381697    -0.609193
   -0.217593     0.116119   -0.0985561   -0.0103443     0.329649    -0.360219     0.210227    -0.164939     0.911353    0.0302122     0.427081    -0.132277     0.613073    -0.196513    0.0511248   -0.0443162    -0.934195   -0.0934291    -0.415217    -0.510231     -0.26111    -0.541097     0.398571     0.425998       0.3141    0.0993624     0.130302   -0.0423696     0.567385     0.507386    0.0976002    -0.191261
   0.0717666    0.0504189    0.0542453   -0.0445267    -0.032899    -0.255477    -0.148731    0.0239071     -0.94107    0.0599733    -0.205625    -0.482684     0.174766      0.47188   0.00468842     0.267502   -0.0186071    -0.577345   -0.0507216    -0.272031    -0.254953      0.19385   -0.0502307    -0.257201   -0.0945544     0.189594     0.502042     0.345421    -0.039342      0.19695   -0.0620345    -0.101247
    0.384815     0.204928    -0.336814    -0.642779    -0.540346     0.302068     0.497091    -0.273843     0.219028    -0.169481    -0.352481     0.665206    -0.402463    -0.248427     0.470505     0.108426    0.0985037     0.364727    -0.157516     0.307422     0.108977     0.148608    0.0967664     0.479477    -0.580403    0.0840195    -0.450304      -0.1919     0.624507    -0.266869    -0.057246     0.190177
   0.0145676   0.00522738     0.654414     0.146303    0.0737558    0.0892506     0.932356     0.224917    -0.184685     0.231874   -0.0163505    -0.290736    -0.312913    -0.237033     0.403457    0.0960971     0.325119     0.371668   -0.0106816    -0.179988     0.412725    -0.173729     0.178667     0.371871    -0.386797    -0.124804     0.396992    0.0378383    -0.715685     0.142174     0.796655   0.00667088
    0.569966      0.33959     0.144351    -0.122967    -0.308753   -0.0987269     0.148792     0.281678    -0.493803    0.0616534    -0.330775    -0.225644     0.142525   0.00705274    0.0442053    -0.466778    -0.197886    -0.220884   -0.0655553     0.353822     0.128901     0.104298     0.458744     0.220275    0.0588704   -0.0841505   -0.0566005   0.00891458   -0.0445831   -0.0871973     0.130548   -0.0232551
  -0.0301956     0.304367     0.475581    0.0618696   0.00226325     -0.19102     0.241068     0.255519    -0.530599     0.296633    -0.379979   -0.0724476   -0.0274538    0.0555812    0.0281485     -0.55719     0.163449     0.319965     0.208843   0.00909426    -0.133458    -0.192288      -0.1609     0.322219    -0.641157     -0.17978    -0.286271     0.403389    -0.497342     0.100118     0.170302     0.257148
   0.0173923     0.263413     0.342028    -0.298513     0.253629    -0.384373     0.053803     0.259464    -0.548796    0.0438078    0.0805828    -0.227224      0.11412     0.505997   -0.0052381     0.305879   0.00887291    -0.344139    0.0140769    -0.170037    -0.540252    -0.156094    -0.510095   -0.0878605   -0.0221486     0.670243   -0.0860581    0.0984821     0.434939      1.02489     0.634545   -0.0873659
   0.0709889   0.00592704     0.076374    0.0551321     0.088495     0.233309    -0.136361     0.452893     0.234878    0.0235765    0.0258739     0.349182    -0.117345    -0.332087   -0.0346356      0.24047    -0.308959   -0.0787571    -0.288552    -0.408766     0.566023     0.488611    -0.125858    -0.207376      0.28616     0.239606    -0.239749    -0.626903   -0.0149245     0.451795     0.281745    0.0583025
   -0.360817    0.0749505    -0.499413    -0.482574     0.313782     0.294085     0.968753     0.123148     0.258272     0.809417    -0.158925     0.457672    -0.142803    -0.423491   -0.0174125    -0.220323     0.358099    -0.312728    -0.124636     0.366307     0.363659     0.364034  -0.00136767     0.291057   -0.0288322    -0.405987     0.286345     0.126238     0.332788    0.0146252       0.2214     0.461005
   -0.516047    -0.392506    0.0564811    -0.427582     0.222382   -0.0549745     0.163162    -0.057907     0.650193     0.483308     0.348812    -0.492714   -0.0709685    -0.587292    -0.528845     0.213884    -0.743688     0.527794     -0.17801    -0.406444     0.201054    0.0472367     0.549835     0.583429    -0.480338     -0.29021    -0.318898    -0.138245      0.33416     0.441451     0.124674    0.0842062
   0.0298987    -0.295789    -0.056911    -0.293134     0.185841     0.121166  -0.00120326    -0.388877    -0.135738    -0.155915    -0.239652     0.521347    -0.172766     0.322947   -0.0628611     -0.12732      0.28034     -0.31776    0.0601056     0.448689    0.0125964    0.0786531     0.128708    -0.225566    -0.313906      0.38943     -0.13261    -0.102619    -0.426598    -0.537338     0.163692   -0.0138292
   -0.115996    -0.344495     0.115909    0.0284994     0.574058    -0.499328     0.441389   0.00435185     0.179992     0.351167      0.41271    -0.421639   -0.0183441    0.0104704    -0.183325     0.358517    0.0896759    -0.022695    -0.308556    -0.239042    -0.327698     0.226763    -0.216742     0.101613    -0.312328     0.203875     0.502248     -0.32902     0.196114     0.293635   -0.0737657    0.0159132
   -0.216681   -0.0206612   -0.0611274    -0.217879    -0.308041    -0.110239     0.037565    -0.244054    -0.442523    -0.235717   -0.0910442   -0.0642139    -0.238155     0.192426    -0.127891    -0.228051      0.31971      0.52231    0.0979458   -0.0234335    -0.232551     0.212545   -0.0615291      0.18572     0.074326    0.0016572    -0.101446    0.0141545    -0.278368    -0.197658     0.270873   -0.0194425
   -0.198309      0.25953    -0.452191    -0.084634     0.204528     0.547786     0.422055    -0.223127     0.307572    0.0536309     0.109772     -0.37732    0.0757351     0.170546      0.16714     0.838743   -0.0945287    -0.572734     0.526627    -0.175539     0.822621    0.0397623    0.0292151     0.260463     0.054197    0.0336105   -0.0958374     -1.00252    -0.363145    -0.609327      0.28373    -0.117616
    0.337838     0.104544     0.300834    0.0759334   -0.0590381     0.328969    -0.583458     0.544565    -0.072865     0.167925    0.0396182    -0.810872     0.305112   -0.0370765    -0.405547    -0.114842   -0.0923975     0.451392     0.202263    -0.324413    -0.413622     0.292696      0.11902     0.465824     0.382585     0.220701    -0.486491    -0.160182    0.0342476      0.25941     0.118477    -0.237416
    0.198866   -0.0147004     0.305154     0.251914     0.587065     0.364127     0.299768     0.238243      0.73061     0.204771   -0.0410449    0.0234896     0.438913     0.426703      -0.3121    -0.165164    -0.130562    -0.490247     0.285645   0.00755803    0.0742086    -0.415479    -0.503332     0.523011     0.592035    -0.222364    0.0345029    -0.448672     0.707252     0.545237   -0.0609363    -0.429087
   -0.587419    -0.367101      0.13925     0.466816    0.0647469     0.248046     0.250119    0.0497874    -0.042265     0.309337     0.255297     -0.16532     0.132204     0.233728      -0.8966    -0.404302     0.465413    -0.370186     0.302117    -0.330386    -0.532082    -0.132146    0.0407691   -0.0369587   -0.0395978     0.435266   -0.0880128    -0.667584     0.477275    0.0789646    -0.116788     0.170658
   0.0668414   -0.0106652     0.108046    -0.407354   -0.0736118     0.358295     0.381287    0.0168234   -0.0826993      0.27433     0.169667      0.44754     0.403382     0.222624     0.451028    -0.467937    0.0595045    -0.404041   -0.0905081     0.248443   -0.0475166    -0.278911     0.161391     0.306131   -0.0630126    -0.372656     0.181987    0.0133633    -0.187536   -0.0160527    -0.489978     0.114826
  -0.0671983   -0.0232286    -0.281088    -0.074252     0.879423    -0.139539    -0.424576    -0.507815     0.517653    -0.196601     0.110365     0.049858     0.399097    -0.290953    -0.201494   -0.0326788     0.166196    -0.347326     0.516883     0.583223       0.2558     -0.18816     0.246923     0.876419    -0.374546     0.131397    0.0801373      -0.5136     0.734297    -0.118772    -0.182132   -0.0484637
     0.66289    -0.594558     0.245826     0.595447     0.754717    -0.472777    -0.116077    -0.627618     0.221315     0.484592    -0.180129   -0.0525026    -0.401332     0.543586     -0.27354      0.49254   -0.0787086     0.352756     0.712786    -0.126947    -0.444514    -0.534231     0.270153   -0.0731918     0.109171     0.775682  -0.00154482     0.160747     0.414819   -0.0254147     0.238178    0.0515537
      0.4238    -0.157335     0.326854   -0.0105838    -0.137941   -0.0749659     0.646048     0.759312    -0.734974     0.222474    -0.627091    0.0514275    -0.405136    -0.102974    -0.460148     0.653214    -0.230071    -0.739401    -0.424211    -0.892647    -0.369902     0.107048      0.15663    -0.271425    -0.518944     0.822491     0.411409     0.453523     0.304129     0.897543    -0.284796     0.374525
   -0.250843     0.139481      0.41388   -0.0213601    0.0262311     0.465527    -0.329437    -0.442406     0.334993     0.195857     0.229203     0.207694     0.377433    -0.183508     0.347177      0.25936    -0.297013    -0.639087   -0.0333999    0.0449795     0.120354     0.122431    -0.316706     0.118198     0.566407    0.0206156     0.206187     -0.12067     0.127633    -0.255201    -0.180914    -0.275296
  -0.0713437       0.1151    -0.581092    0.0284206     0.266229     -0.11139    -0.106107     0.348113    0.0261643    -0.187229    -0.116463    -0.205146    0.0981588    -0.237377    -0.101258    0.0250162   0.00738298    -0.135318   -0.0530686     0.163328     0.340885     0.146925     0.242845    -0.246449     0.276927    0.0503387   -0.0538903      0.11627   -0.0955441   -0.0636534     0.097341     0.200745
    0.797702      0.45205     -0.22954   -0.0157547      -0.1455   -0.0356462    -0.320568     0.164427    -0.608273    -0.177106    -0.205276     0.282475    -0.091059    -0.152312    -0.142707    0.0451534     0.111729      -1.1726    -0.610184    -0.131317    -0.494611    -0.287653    -0.130714    -0.192792    -0.788852     0.474303    -0.170584     0.321315    -0.733377     0.634945    0.0808456     0.478731
   0.0286748     0.159254   -0.0629834   -0.0444722    -0.125196     0.124159      0.20354    -0.199415   -0.0685035    -0.281886    -0.176285    -0.122179  -0.00855196    -0.275096   -0.0267252      0.18377     0.200628    0.0822755    -0.027391     0.666654     0.466045     0.450296    -0.322983    -0.319339     0.419963    -0.130245     -0.89008    -0.458392    -0.274539     0.074023    0.0751612     0.233813
   -0.248163    -0.163997    -0.395887     0.333113   -0.0803815       0.1099     0.259095     0.297393     0.214952    -0.259163     0.331195    -0.251377  -0.00499004    0.0777314    -0.239709    -0.393391    -0.513965    -0.510087     0.236482     0.127846      0.20498    -0.129893    -0.183282    -0.359821    -0.260598    -0.119907     -0.11507    -0.143004   -0.0550378    -0.553689   -0.0479578    -0.282174
    0.070386    -0.147379   -0.0894377    0.0551116    -0.117285    0.0373338     -0.35572    -0.303759      0.44772     0.121849     0.198168    0.0632752    -0.357402    -0.261718    -0.084656    -0.369436    -0.159958    -0.940528     0.251632     0.250243    0.0210082   -0.0798127      0.27913     0.430519   -0.0873066     0.569917    -0.427539    0.0309687     0.241914    -0.129416    0.0492322     0.045049
    0.456086     0.718321     0.568099     0.246276     0.275778    -0.269877     0.103407     0.368186     0.519881   -0.0861173     0.303031    0.0609977     0.470062    -0.032373   -0.0609572    0.0117649    -0.726444    -0.889049    -0.170981   -0.0829061    0.0889729     0.264524   -0.0818913      0.96403     0.670404     0.882415     0.235162    -0.124671     0.295512     0.558718     0.491048     0.136542
   0.0098391    -0.373203    0.0475597     0.171845     0.226633    -0.307346    -0.244652    -0.309549     0.188164     0.132187    -0.159513     0.414845   -0.0255747     0.282813    0.0565328     -0.08381   -0.0703374     0.473921     0.324738  -0.00392787    0.0460681    -0.269997    -0.245777     0.424553     0.197827    0.0506297     0.281408    0.0569883     0.350839    0.0436232    0.0654759    -0.392195
   -0.400063   -0.0342025    0.0203125     0.245054    -0.116658     0.249217     0.139911      -1.4852     0.667906    -0.337103      0.43307     0.621769     0.390603    -0.055866    0.0636616    -0.194708     0.062104     0.746674      0.36047     0.296135    -0.148089    0.0469742     0.282242     0.156522     0.388354     0.253733     -0.73491   -0.0436511     0.524533    -0.232681    0.0766781   -0.0475406
   -0.560784     0.148198     0.133893     0.320396    0.0417029     0.557611     0.590459    -0.392759      0.77026  -0.00816997     0.452676   -0.0236652     0.358037    -0.902824    -0.181717   -0.0203166    -0.121321    -0.564745     0.152234     0.819349     0.314143    0.0548417     0.253258     0.572349     0.387615    0.0685906    -0.342203    -0.314192     0.287133     0.210097  -0.00178784    -0.241257
   -0.534444    -0.597755    0.0706413    -0.169337     0.215004    -0.215987    -0.115667    0.0320652     0.537563    0.0115433    0.0387863    0.0399989     0.184379     0.160617    -0.237719    -0.433676    0.0265461      0.37625    -0.117224   -0.0200545   -0.0842386      -0.1468   -0.0964451     0.394522     0.861922     0.377935     -0.60146     0.098118     0.369802     0.117133     0.495599    -0.176118
  -0.0356458    -0.246005    0.0631968     0.352953     0.280495    -0.692633    -0.323144    0.0844051    -0.656654     0.184767     0.160707    -0.185406    -0.498368     0.297039     0.215091     0.449302     0.259209    -0.211447     0.274737    -0.361243    0.0791968    0.0687066   -0.0133194   -0.0198535     0.624783    0.0506053     0.156344    -0.563814    0.0392908     0.215072     0.560649   -0.0809075
   -0.283593    -0.081549     0.189615   -0.0746872    -0.127891    -0.343995     0.395196      0.64349    -0.456424    -0.414445     0.617573    -0.736468   0.00131861     0.243255     0.520319    -0.308243    0.0603221     0.168055     -0.14247    -0.275883     0.039512    -0.152572   -0.0658045     -0.36771     0.526173    -0.190308    -0.090045      0.19139    -0.207517  -0.00519471     0.250594  -0.00169998
    0.367631     0.210099     0.393939    -0.928296     0.257892    -0.411242      0.18441     -1.17313    -0.402184      0.13578    0.0918636   -0.0854655    -0.455548   -0.0416497     0.284729    -0.888334    -0.214645    -0.623682     0.348119      1.12212     0.409007     0.434791     0.154578     0.121243     0.239868    -0.404912    -0.549617     0.500903   -0.0521604     -1.10057     0.285286  -0.00242912
    0.788989      0.33724     0.547612    0.0381701     0.168595     -0.48251   -0.0147251   -0.0670326     0.061236    -0.178591    0.0578327     0.707725     -0.27798     0.114857    -0.136531    -0.178363     0.190969    -0.054441    -0.150029    -0.194402   0.00704916    0.0201185    -0.405496    -0.122653    -0.942321     0.181553    -0.510021    0.0442125     0.226518      0.17849      -0.3453      0.19336
    0.193147    0.0262041    -0.289143     0.179805     0.105817    -0.159526    -0.167213     0.233651    -0.200196   -0.0349646    -0.462706   -0.0060002    -0.167004     0.327451   -0.0853169     0.252537    0.0560314    -0.343091    -0.086577      -0.3147    -0.109284  0.000795899   -0.0108583    0.0302128   -0.0787144     0.291404    -0.151239      0.11461    -0.172899       0.1184    0.0489705     0.102948
   0.0716021     0.308846      0.58286     0.321741    -0.132124      0.20187     0.483383     0.332556    0.0594398     0.427743    -0.410514    -0.252471     0.281261    -0.547849   -0.0569159      0.24093    -0.303261      0.49061     -0.50925    -0.450654     0.371953    0.0525677     0.146664     0.487557     0.263506    0.0786916    -0.306928    -0.116869    -0.207541     0.383706     0.708062     0.106217
   -0.674107   0.00660877    0.0726634    -0.138656    -0.405625    0.0892483    -0.657959    -0.469162    -0.271311    -0.291962     0.302213     0.247244    -0.196236    -0.142277     -0.42834    -0.434282    -0.395389    -0.288197     0.122099      0.13169   -0.0815391    0.0467388     0.143845    -0.262636     0.440663    -0.204792     0.273034    0.0360276   -0.0108299     0.166776     0.154742     0.231529
   0.0538013    0.0949761    -0.280247    0.0852167     -0.18276     0.745073     -0.17224    -0.021109     0.520517    -0.057877     0.183278     0.175479   -0.0755066   -0.0998059    -0.060934    0.0925597     0.210742    -0.167936     0.353542    0.0289151    0.0547765      0.18253     0.134519    0.0162947     0.390609    -0.307227    -0.128278    -0.389061    -0.286849    -0.124301    -0.274964    -0.184306
    0.761106    0.0903334    0.0738187     0.563749   -0.0171075     0.462485   -0.0871371     0.303706    -0.668499    -0.146888    -0.402002     0.317517    -0.243509   -0.0587007     0.308013    -0.314778     0.203658    -0.294462    -0.111096    -0.357991    -0.920249   -0.0395645   -0.0550513    -0.369651    -0.453742     0.294316   -0.0744333    -0.685622    -0.117736    -0.123148   -0.0524583    -0.217652
   -0.299826     0.441471     -0.66921   -0.0118162     0.538765     0.239819     0.354535     0.678211     0.266886    -0.107216   0.00372945    -0.196981     0.480189     0.639324    -0.444049    0.0904547     0.137904     -0.80601    -0.397116   -0.0343237    -0.528065     0.232904   -0.0982674     0.185524    -0.325271     0.392539     0.530076    -0.411865    -0.673505     0.732634    -0.127734    -0.090803
  -0.0360959       0.2077    -0.284829    0.0638543    0.0407649    -0.374202     0.586489     0.174825     0.133368    -0.124665    0.0743756    -0.285653      0.25859    -0.153732      0.11855     0.434854    -0.186866     0.441186    0.0161825     0.174979    -0.216763   -0.0776688    -0.100507     0.104795    -0.408343    -0.277707     0.435114    0.0253056    -0.140488    -0.213624   -0.0972796    -0.102749
    0.148734     0.332869    0.0297894    0.0900698     -0.45033      0.22009    -0.299674   -0.0524488    -0.380913    -0.256502     0.147337     0.325289     0.404377     0.179663     0.220464     0.097152    -0.244895    -0.102966     0.115788   -0.0856585    -0.199017    0.0588823    0.0652884     0.384886    -0.206173   -0.0433957    -0.393982    -0.424173    -0.588846   -0.0643805   -0.0727828    0.0402998
  -0.0169987     0.167571    -0.131875      1.03815      0.85198    -0.130538    0.0949144    -0.320565     0.709384     0.913796     0.338967     0.026455     0.344085    -0.147563    -0.420716    -0.124983   -0.0955765     0.119036     0.839589    0.0196549    -0.079443   -0.0070306    -0.427866  -0.00386002   -0.0577615     0.535175    -0.449251    -0.246059    -0.499272     0.100605     -0.42795    -0.197269
    0.239748     0.257307    -0.292404    -0.402391    -0.545926     0.516911    -0.319284    -0.554494    -0.228627    -0.233797     0.113055     0.284706    -0.460351     0.282189    0.0461693    -0.107674     0.282122     0.244793     0.363817     0.354841      0.30888     0.188496     0.128991     0.109392    -0.435715    -0.170541    -0.029363   -0.0569425   -0.0391347    0.0346017   -0.0468995    -0.179635
   -0.538129    -0.560992    -0.654562     0.156573    -0.580101     0.290849    -0.178034    -0.608521     0.404928     0.436344    -0.278841    -0.151143     0.204709    -0.417767   -0.0554087     0.108377    0.0657116    -0.206588    0.0864648     0.409245     0.533417    0.0566355      0.23799   -0.0394825    -0.249837     0.148936    -0.189265     -0.08303     0.515373     0.262119    -0.350163    -0.220416
   -0.527763     0.488212     0.607246    -0.278383   -0.0701903     0.160163    -0.176529    -0.598672    -0.320304    -0.673523    -0.399959    -0.371553     0.346968    0.0665834    -0.185788   -0.0134521     0.114004    -0.282846     0.379775    0.0269165     0.540587     0.294709  -0.00627646     0.157764     0.416028    -0.236477    -0.306606    -0.162092    -0.135101    -0.158456    0.0379452    0.0862883
    0.402783   -0.0860589   -0.0038818     -1.14047    -0.344565      0.20164     0.110038    -0.895959    -0.164059    -0.355531     -0.61714     0.946404     -0.69944     0.489487    0.0266541     -1.23116     0.701096     0.508736    0.0707569     0.930789    -0.249292    -0.500538    0.0703824     0.591503    -0.675711  -0.00633271     0.105636     0.733824       0.4679    -0.228011    -0.104219    -0.926233
   -0.355661     0.259113     0.685746    -0.283645    -0.393443       0.2967      0.64652     -0.10284     0.141318     0.443234    -0.236172     0.361527     0.535466    -0.111507   -0.0601353    0.0664904     0.106561    -0.463175    -0.401723    0.0833823    0.0254378    -0.114941    -0.229925      0.92955    -0.446071    0.0398194    -0.579988    -0.611808      0.40507     0.587756     0.202116    -0.149221
    0.328323    -0.452016    0.0551595   -0.0218701   -0.0802448     0.528246     0.522117    -0.105212      1.09132       0.3742     0.196117     0.119198     0.177119    -0.402855    -0.197039   -0.0504493     0.250965     0.163412    -0.415911     0.476954     0.506082     0.176477     0.118739     0.542636     0.346989      0.79107    -0.837274    0.0037841     0.180247    -0.163639     0.163537    0.0746175
   0.0834942     0.283949   0.00407689     0.131723       0.4387    -0.349691     0.689328     0.254965    -0.416021    0.0275103     0.230223    -0.240855      0.27338    -0.706747     0.362853     0.248064    -0.431173     0.133967     0.143054  -0.00316847     0.434929     0.181476    -0.180849    -0.265613     0.196483    -0.234012     0.145848   -0.0154086    -0.434599     0.242243     0.578986   -0.0114506
   -0.379181     0.260699    -0.557616     0.642131   -0.0369649    -0.238964     0.410611   -0.0663638     0.324278     0.162141   -0.0323922   -0.0776081    -0.124022     0.421348    -0.267202    -0.131842    -0.159755    -0.535225   0.00788603      0.33666    -0.647052    -0.354387    -0.245554   -0.0893172    -0.110202     -0.31079    -0.247879    0.0908082    -0.467713   -0.0424464     0.737904    -0.308238
   -0.252223    -0.161411     0.435052    -0.128932      0.48916     0.220682     0.626649   0.00684737     0.265705     0.165565     0.100753    -0.362418     0.294712    -0.217702   -0.0361121      0.28123     0.221407    0.0441742    -0.256077     0.320332      0.33817  -0.00623854    -0.208109     0.342519     0.104143    -0.344051     0.276812    -0.612156     0.347032   0.00723173     0.102155   -0.0270353
