    0.188142    0.0313225   -0.0202524     0.372979    0.0138836    -0.166543    -0.602931    -0.176292     0.371744     0.198988    0.0761835    -0.300606     0.265238    -0.285931     0.251513     0.127983     0.237621    -0.157871     0.195463   -0.0534412   -0.0654083    -0.117902     0.210929    -0.268037    -0.250139   -0.0920754     0.119915    -0.407901    -0.519687     0.201374    0.0347798     0.543402
   -0.142772    -0.170665     0.475303    -0.635566    -0.235587    -0.290155    -0.491241     0.052082    -0.230691   0.00055371      0.12878      0.17099     0.259394    0.0283879    -0.576214   -0.0738132  -0.00911831     0.115355    0.0343572    -0.356949     0.145412    -0.541533     0.283198    0.0136174     0.311471    -0.436321     0.822755   -0.0208061    -0.167204    -0.178468    -0.227804     0.197135
    0.143696    -0.200126    -0.192624    -0.317337    0.0678515  -0.00708053     0.129312     0.140119     0.196288     0.155815    -0.452837     0.165565    0.0704582     0.101107    -0.899228    0.0859946     0.102791     0.343441   -0.0566029     0.187707   -0.0786271     0.359396    -0.227586     0.326015    -0.388164    -0.142766     0.188917   -0.0297378    -0.195215    -0.194248     0.244763    -0.229708
   -0.468435    -0.443948    -0.157563   -0.0893023   -0.0776501     0.119855     0.299704     0.250384    -0.366477     0.078926    -0.515072     0.113997   -0.0644165    -0.154731     0.028755      0.35965     0.185682    -0.317182    -0.218956     0.262235    -0.120155    -0.296177    -0.464005    -0.146603     0.193531    -0.320126    -0.201246     0.113816     0.080961   -0.0974829   -0.0538825    -0.510732
   -0.693566     0.308713     0.559024     0.235278    -0.241429      0.17121    -0.362315    -0.196048   -0.0791009    -0.121104     0.142024    -0.197599    -0.181531    0.0797946     0.157223   -0.0991496    -0.121823     -0.17727     0.239155    -0.210852     0.206101    0.0935136   0.00765377     0.124856     0.304965     -0.10243     0.179142   0.00980792   0.00695628    -0.305231    -0.105944     0.289378
  -0.0798376     -0.45901    -0.129892    -0.018402   -0.0229138     0.266252    -0.316722    -0.142267   -0.0869348    -0.396225   -0.0341311    -0.232152    0.0847609    -0.206243    -0.273797     0.245497  -0.00378026     0.446737    -0.286905     0.399491     0.290336   -0.0463002     0.106625   -0.0879322     0.228129     0.102335     0.433336     0.500694    -0.261209    -0.274062     0.226743      0.15163
   -0.324532     -0.53032     0.208614    -0.327295    -0.534131     0.246606    -0.251469    -0.223128   -0.0493097     0.158138    0.0539504    -0.167248    -0.407109     0.344656    0.0678848     0.161792    0.0640061     0.226382     0.464838    -0.171088     0.295689     0.228871     0.370895     0.353481   -0.0386128    0.0413748     -0.10377    -0.112826    -0.176025     0.190003     0.172453     0.363055
    0.134727   -0.0838228     0.278037    -0.389106    0.0768384     0.152165      0.52521     0.519767   -0.0139262   -0.0131165   0.00017144     0.171208     0.031017    0.0117563    -0.176973     0.294516     0.262997    -0.390894     0.255084     -0.11715    -0.455636     0.102459    -0.213749     0.257963     0.482606     0.604435    -0.508651    -0.385953    -0.330636    0.0932245    -0.176711    -0.199777
  -0.0693403   -0.0498329    -0.595986     -0.10089    -0.758171    -0.311077     0.155297    -0.238969    -0.433885     0.190036    -0.128991     0.197396       0.2321    -0.130006    -0.266233    -0.131639   -0.0454681    -0.272686    0.0736454     -0.10577   -0.0193383     0.479017       -0.438    -0.449538   -0.0215943    -0.602475     0.253627    -0.305941     0.109623   -0.0912578    -0.436419    -0.261229
   0.0255116     0.103178     0.602062    -0.481447    -0.581341     0.325441     0.229416    -0.380376    -0.193215    0.0284048     0.116006    -0.151577     0.181309    -0.364941    -0.425105   -0.0932713    0.0201804    -0.167307     0.191789      0.05468    -0.411611     0.325035    -0.357915     0.401875     0.222132    -0.303199     -0.50487    -0.837142    -0.112617     0.104476    -0.150356     0.190927
   0.0658366    0.0645405    0.0414158    -0.166918   -0.0332535    -0.262399     0.176729    -0.658272     0.270819    0.0879391     0.283059     0.162475    -0.118988    -0.254453    -0.200744     0.418315     0.228871     0.300154     0.305577     0.256633     0.122622    -0.293269     0.418136    -0.411292    0.0721276   -0.0784192    0.0305863    -0.642305    -0.325439     0.121558     0.200702    -0.021558
     0.16416     0.125296   -0.0980557   -0.0186553    -0.304963    -0.070726    -0.400391    -0.422526     0.160863    -0.173251    -0.333377     0.401257     0.244756    0.0687412    -0.218182     -0.13303     0.112853   0.00107138   -0.0213216   -0.0459113   -0.0569264     0.121369     -0.34778     0.220994     0.183133    -0.193524     0.125512     0.301311    0.0144816     0.218429    -0.382393     -0.13572
    0.098704    -0.473408    -0.324168    -0.182006    0.0124798   -0.0347302    -0.181427    -0.133845     0.218058     0.074799    -0.343761   -0.0567248    -0.135268    -0.444905    -0.231309     0.212894     0.211961    -0.272936    -0.186099     0.225874   -0.0139314    -0.152133      0.12691    -0.432928      0.12968    -0.132427     0.326492   -0.0572113     0.344209     0.478996    0.0895309       -0.278
   -0.170377    -0.429359      0.10609     0.109753    -0.156986    0.0693479     0.511934    0.0856181   -0.0155219    0.0500768     0.181931    -0.165583     0.103291     0.137884    -0.171613   -0.0521939    -0.275655    -0.203538    -0.469408    -0.435859    -0.288134   -0.0875573    -0.878799   -0.0603085     0.205336      0.25653    -0.247101    -0.324998    -0.301502    -0.259833     0.245596     0.207906
  -0.0383387   -0.0320046     0.423829     0.343172     0.402728    -0.543236    0.0124849    -0.231908    -0.279483     0.133409     0.123075     0.313444    -0.275465    -0.246406     0.292715    -0.308019    -0.147649    -0.393436    0.0979002   -0.0569194   -0.0610541     0.152707    0.0180084    -0.463036    -0.232682      0.16805    -0.230728    -0.584906    -0.631846     0.510045    -0.167548    -0.283207
   -0.029895     0.229991     0.252158    -0.219596    -0.174181    -0.333374    -0.121344    -0.167218    -0.128049    -0.313845     0.142216    -0.122447     0.273245     0.187811    -0.200022    -0.252651  -0.00973103    -0.044181     0.147656    -0.174369   -0.0513748    -0.188669    0.0413203   -0.0736605    -0.219731    -0.161221    -0.130825    -0.252871    -0.135767    -0.094391     0.229675   -0.0810209
   -0.518489     0.147886      0.11493    -0.241071     0.271375    0.0954989    -0.301335    0.0321321   -0.0790935   0.00400447    0.0422196     0.128853    0.0989248    -0.250248     -0.32796    -0.311024      0.20594      -0.1465     0.539628     0.274254     -0.24293    -0.298168    -0.188164     0.272424   -0.0550219    0.0200772    -0.273393     0.212106     0.230087     0.678497    -0.499649     0.101383
  -0.0132593    0.0510447  0.000245767    0.0406894     0.171038     0.419468    0.0657866     0.354766    -0.244287   -0.0424865     0.361762    -0.139179    0.0235263     0.180253     0.461186     0.147548  0.000697279    -0.557166    -0.189376     0.164072     0.172857    -0.117384    -0.113235     0.305042  -0.00480191     0.133533     0.213566      0.23212     0.665067    0.0275343   -0.0553414      0.20185
   -0.384121   -0.0141105     0.380775    -0.260786      0.74631    0.0229349    -0.390108    0.0558285    -0.136694   -0.0625537    -0.263006    -0.392816    0.0648173    -0.200287    -0.107051    -0.214537   -0.0673909   -0.0521796     0.228302    -0.216946   -0.0181763     0.181581   -0.0131044     0.173787   -0.0860663    0.0615996    -0.341194    -0.197129    -0.353309    -0.125949    0.0220659    0.0128686
    0.417293     -0.18014     0.564162   -0.0244769    -0.538157    -0.100019     0.107282    0.0269747    -0.239233    0.0455796    -0.172278     0.218949     0.167438      0.23794   -0.0320657     0.234923   -0.0307974    0.0232351  0.000202838    0.0686017    -0.214566    0.0917044    -0.169132    -0.126436     0.193406    -0.150286      0.14832    -0.552953    -0.351169    0.0328238    -0.126514    -0.530587
    0.296178     0.418807   -0.0890288    -0.294131     0.471924   -0.0143471     -0.27976    -0.437687    0.0168726    -0.068973   -0.0626655    -0.133943     0.212818     0.199398    0.0733156    -0.191488     0.368669     0.324846     0.602469     0.238695    0.0548801     0.224748     0.284371    0.0635102    -0.222936    -0.353754    -0.379614    -0.236284   -0.0353997     0.305402    -0.201982     -0.52278
   0.0901766     0.525915     0.749047    -0.502012     0.441018   -0.0742201     0.412433     0.670613    -0.294762     0.816699    0.0412449    -0.194952     0.348486     0.410557     0.275757    0.0249584     0.144952    -0.330855     0.270999     0.159581   0.00123311     0.269494    -0.147423     0.702776     -0.40906   -0.0144401   -0.0989152     0.130407    0.0733863    -0.539365     0.124588   -0.0420006
   0.0491309    -0.121131     0.543224      -0.3443     0.004051    -0.567668     0.202762    -0.119916    0.0636151     0.459758    -0.188801     0.328335    -0.275149     0.357011   -0.0106317    -0.442914    -0.181934    -0.269248     0.268467    -0.488534     -0.11397     0.189329   -0.0360066    -0.153965     0.374418     0.285035    0.0464115    -0.106404    -0.322337    -0.044082    -0.323577     0.314656
  -0.0744592      0.39328      0.14388    -0.239779    0.0653745    -0.300318    -0.449933     0.176276   -0.0321024     0.409934    -0.411684     -0.06707    -0.517155     0.294305    -0.117839     0.299994     0.361499    -0.366053     0.364487     0.138179    -0.283295     0.402404    -0.356315    0.0971858     0.361256     -0.13664    -0.179665    -0.298015     0.188449    -0.262724     0.562467     -0.93883
   0.0226749    -0.380322     0.125716    -0.465742    -0.314657    0.0239865     0.303858  -0.00787882     0.157767    -0.101541    0.0319697    0.0512837   -0.0129095    -0.140589    -0.287746     0.126657     0.393529     0.143874     0.059565   -0.0903492    0.0294909     0.118965    -0.258502    0.0602973     0.127193   -0.0674851    -0.155971    -0.118667    0.0564563   -0.0615863      0.19634    0.0675729
   -0.726098   -0.0113507    -0.268023    -0.549622     0.743374     0.214783    -0.250033    -0.371843     0.139857   -0.0937944    -0.263591    -0.107485     0.245351    -0.819365    -0.691861    -0.118329     0.314783    -0.298875     0.260865     0.203704    -0.247777    0.0316417    -0.101774    -0.314963     0.311422    0.0296943    -0.545903     -0.24824    -0.607017     0.141174     0.113283     0.249241
   -0.289134    -0.424728     0.133072    -0.271628    -0.215207    0.0320947     0.276385     0.210623   -0.0556134    -0.205971     0.393728     0.170982    -0.230461    -0.398277   -0.0949152   -0.0374474     0.136089    -0.347028   -0.0192531    -0.212185    0.0313469    -0.133803    -0.103479    -0.137957    -0.393655     0.266357     0.066259    -0.324471    -0.220366    -0.433995     0.300416    -0.293818
  -0.0613343     0.045828     0.167956     -0.26674    -0.245521    0.0428867    -0.234616    -0.187642    -0.165157     0.156925     0.198207   -0.0991509     0.164692    0.0459044   -0.0810054    0.0148416    -0.109692     -0.16184    -0.126559    -0.144685    -0.382459    -0.115678   -0.0628619     0.195181     0.402985    -0.272791    -0.107879     0.495475   -0.0674821    -0.122775    0.0709353   -0.0668847
  -0.0481012     0.386635    0.0433995    -0.568717   0.00433727     0.220707    -0.029758    -0.214672   -0.0730599     0.196753   -0.0788173   -0.0769583    -0.115131    0.0802354   -0.0266454    0.0703518    -0.067247    -0.298321    -0.372867    0.0099124     -0.14467   -0.0471189    -0.547382   -0.0826572     0.162915    -0.160407    -0.162779    -0.468401    -0.296736     0.381146   -0.0132649   -0.0898724
   -0.142596    -0.178976     0.119616    -0.191034     0.393799     0.164035     0.158805     0.153806     -0.18929    -0.138799     0.100204     0.243194    0.0234951    0.0935333   -0.0525113    -0.192845    0.0497899     0.279069    -0.120156    -0.205387       0.2364   -0.0769788    -0.180704    0.0367664     0.164322    -0.205825    -0.145548     0.147019     0.170283    -0.481496   -0.0016103    0.0401898
   -0.233809     0.409519    -0.219488    0.0737996     0.294728     0.039878    -0.101522     0.126218    -0.193711     0.197349    -0.106281     0.136212     -0.08237    0.0668631    -0.415971    -0.398203     0.259675      -0.1447    0.0805043     0.412939   -0.0604573   -0.0669936    -0.319311      0.12295     0.252499     0.141181   -0.0483289     0.435077     0.576759     0.128581    -0.518381    0.0617389
   -0.176983     0.380512     0.139462     0.247073    -0.407118   -0.0734746     0.122661    -0.337147     -0.10562   -0.0863867    -0.361353   -0.0667786    0.0631255   -0.0855547     0.111673     0.261738    0.0915462     0.151606   -0.0638501     0.549507     0.127777    -0.369866    -0.104762    0.0270523    -0.107521    0.0169054     -0.19559     0.425281     0.506282    0.0778123   -0.0938832    -0.432442
    0.433978   -0.0136229     0.320412   -0.0254088     0.106934    -0.317428     0.592038    0.0755296     0.158845     0.447882     0.208788  -0.00415805   0.00369851    -0.259258    -0.265881    -0.138966     -0.11562     0.234123   -0.0270333    -0.334215     -0.43528    -0.236108  -0.00524702   -0.0715061    0.0445783   -0.0667567     0.470773    -0.593843    -0.938798     0.464553    -0.327939     0.106754
    -0.20407     0.139884    0.0513507    -0.442202   -0.0333799    -0.385179     0.153376     0.357182   -0.0215334     0.304884   0.00512348     0.564871    -0.366253    -0.107055    -0.242586    0.0862082    -0.323161     0.145958     0.113372   -0.0182559    0.0482839     0.199945   -0.0247123   -0.0539457    0.0383105    -0.314813   -0.0128576     0.170598    0.0761513     0.185812   0.00309466    -0.134813
   -0.339606     -0.18873     -0.12568     0.251097    -0.155967   -0.0398976     0.259408    -0.137811    -0.188088    -0.270565     0.273124    -0.351042    -0.134534   0.00652965    -0.166502   -0.0373994     0.307499  -0.00388089     -0.52785     0.142045     0.249559     -0.20184    -0.276386     0.361243    -0.214197     0.227634    0.0261876    0.0353439    0.0183911    -0.204402  -0.00234556     0.310318
    0.116648     0.121811    -0.101452   -0.0369199     0.131327    -0.247805    0.0924932     0.176115    -0.105917      0.19912     0.365108   0.00852988     0.258232   -0.0201308    -0.439715    0.0114006     0.103339   -0.0675305   -0.0617256    0.0545202     -0.21844     -0.32525    -0.409449     0.412411    0.0248579    -0.120774     0.297205     0.137614   -0.0583022    0.0285763   -0.0550643  -0.00575996
    0.036661    -0.217699    -0.391075    -0.229133   -0.0897449     -0.12039   0.00288611     0.490747    -0.144527     0.515338    -0.429629    0.0372732   -0.0887651     -0.14251     -0.44555    0.0034543   -0.0369016    -0.538384    0.0700083    -0.176266    0.0962262      0.20629    -0.118942   -0.0284444    0.0564242    -0.149924     0.223372     0.620569     0.787404     0.495293    -0.227534      0.34994
    0.188045    -0.395402     0.166512   0.00996514    -0.111785     0.360862     0.187806    -0.423382     0.284065    -0.101194    -0.288729    -0.111131     0.260665    0.0760141    -0.364068     0.255743    0.0913235     0.583926    -0.065793     0.265598    0.0300209       0.2586     0.469435    0.0913695     0.200155     0.117862    -0.236286    -0.337138     0.184624    0.0979517     0.122904    -0.313014
   0.0126031     -0.21426     0.203052    -0.624858    -0.121334    0.0747995   -0.0952269     0.389228    -0.259991    0.0879509      0.41402    -0.176051    0.0276162    -0.153031    0.0373815    0.0563357   -0.0240909    -0.306253   -0.0358457   -0.0151037     0.158539     0.287397    -0.240709    -0.169029     -0.57653   0.00476874    -0.160636    -0.245426   -0.0550505    -0.220973     0.440503    -0.025288
    -0.32098   -0.0213297    -0.274777    -0.275941    -0.159378   -0.0808718     0.431691     -0.36516    -0.386861     0.227425    0.0718388    -0.112126    0.0769591     -0.40327    -0.140783    -0.165415    -0.238752    -0.228854    -0.291476     0.170249     0.267229     0.238711    -0.807426    -0.154323     -0.27167    0.0875449    0.0142926    -0.147956    -0.218814     0.216108    -0.514056     0.106461
   0.0920354    0.0327286    -0.609646   -0.0856137     0.774732    -0.326772    -0.176588     0.141431     0.496726    0.0109671    -0.118254     0.301721    -0.123117    -0.167874    -0.137485     0.190268     0.231866    -0.105728     0.250753     0.293536     0.236164     0.113931    0.0856398    -0.628337    -0.401315   -0.0378089    -0.201147    -0.365869    -0.311298     0.447797     0.162794     0.272864
    0.167413    -0.438557     0.198159    -0.111998     0.313796    -0.265439   -0.0918807     0.227526    -0.227974    -0.159989     0.107434  -0.00653165  -0.00581731    -0.467645    -0.311491    -0.201995    -0.124432    -0.457576     0.458766   -0.0462881     0.122465    -0.161276    -0.204371  -0.00476913     0.328177     0.147868    0.0662437     0.323544     0.243293    -0.154655    -0.128685  -0.00859165
   -0.322307     0.447379     0.115611    -0.433939     0.724203    -0.280191    -0.207191     -0.17793    0.0925656     0.192755   -0.0755481     0.315069     0.386817    -0.195208    -0.165898   -0.0666183     0.240302    -0.190727     0.228374   -0.0410121    -0.279126     -0.10357      0.31461    -0.286291    -0.122658    -0.223221    -0.180375     0.155559    -0.145324    0.0741157      -0.1762    -0.171759
  -0.0433089     0.204425     0.232163    -0.391304    -0.295052    -0.120577    0.0490334     -0.33812    -0.381059    -0.154244     0.156255      0.29415     0.161311     0.121744     0.247797     0.114846     0.360452     0.441131    -0.729855     0.346433     -0.11325     0.307196     0.157661   -0.0890177     0.304853    -0.197939    -0.284628     0.101657     0.503022    0.0927861   -0.0191208    -0.275118
   -0.106633  -0.00664755    -0.441597    -0.224241  -0.00194545      0.13152     0.624623     0.272711    -0.156093    0.0264484      0.27755    0.0374784     0.353068    -0.162867    -0.162888  -0.00677207    0.0394904    -0.315012   -0.0218296    0.0591193    -0.394801     -0.30763     -0.34157   -0.0808064     0.157064     0.154627   -0.0819854     0.212948   -0.0937088     0.350626       0.1612    -0.157255
   -0.221027    -0.136788    0.0720457    -0.299081     0.104687     0.113244    -0.349868   -0.0404707   -0.0665621    0.0796955       0.6953    0.0164251     0.387902   -0.0451956     0.188064   -0.0474241    -0.640768    -0.733698  -0.00842633    -0.160219    -0.128269    -0.237307     0.284847    -0.230748     0.369428     0.471781     0.195051     0.298656    0.0473563     0.456586     0.165772     0.294629
    0.477685    0.0212183     0.551553    -0.385132    -0.100633     -0.24386     -0.10371    -0.400569     0.342155     0.193699    -0.274513    0.0473679    -0.106707    0.0751192      0.35346    0.0801258   -0.0586667     0.227313    -0.220346   -0.0861115   -0.0282153    -0.375802     0.213194    0.0876156    0.0764081     -0.11787    -0.038978    0.0704762    0.0564636     0.138706    -0.283269   -0.0134147
   0.0438216       0.1169     0.286083    -0.166099    -0.571897   -0.0477272  -0.00617978    -0.158389     0.216345   0.00788082     0.183312   0.00395568     0.181503    0.0264146    -0.243386     -0.32003    -0.260245     0.173384     0.562169    -0.237288    0.0213732    -0.137825   0.00126278     0.216232   -0.0181851   -0.0141405    -0.094454    -0.549136     0.135603    0.0899844    -0.353581     0.391961
    0.010927     -0.45141    0.0694866   -0.0900659    -0.466991  -0.00896416    -0.116616     0.099634     0.255071    -0.221857     0.342437    -0.178083    -0.121185    -0.050659    -0.496977     0.521239     0.172705   -0.0317218     0.399864    -0.502666     0.459307      0.13649     0.314327    -0.383632    0.0807821    -0.387339    -0.156633    -0.397602    -0.475936    -0.249547  -0.00421556     0.476068
   -0.293342    -0.373614    0.0786615    -0.348163    -0.348168    0.0860225     0.174713    0.0657884    -0.224865     0.199428    -0.463454    -0.292284     0.318129     0.162755    -0.185698     0.114653    -0.112326    -0.114758     0.295899    0.0283543     0.258814    0.0690797    -0.171495     0.444073     0.270173    -0.208582      0.12245     -0.02659    -0.120345    0.0687246   -0.0723992     0.498143
    0.321762   -0.0428691     0.250259    -0.180678     0.316769   -0.0662719    0.0824491     0.223091     0.310082    0.0521567     0.183307     0.101579    -0.016033     0.553231      0.12341     0.106651     -0.25219   -0.0666504    -0.353898     0.136166     0.149453    -0.308814     0.118453     0.181316    -0.301378   -0.0438626    0.0535081     0.105835    -0.246862    -0.252245    0.0743952    -0.235416
   0.0987464    -0.271898    -0.131783     0.154842    -0.146032    -0.191846   -0.0380902    0.0685651   -0.0598782    -0.123173     0.122535     0.278556  -0.00379078   0.00806247     0.260393    0.0736542     0.309415     0.523242    0.0850991    -0.140147     0.251965    0.0460999     0.371702     0.134733    -0.248417    -0.319518   -0.0351233     0.399744     0.215465   -0.0571283    -0.126085     0.217564
 -0.00432286     0.423216    -0.216354   -0.0607161    -0.346677    -0.181587     0.418468    -0.423228     0.246473    -0.424545    -0.106674    -0.274677    -0.713285     0.272473    -0.131342     -0.17634    -0.200733     0.104686   -0.0604184    -0.230507    0.0478103     0.295969    -0.139277     0.276075    -0.226582   -0.0420503     -0.17546    -0.228366    -0.675991     0.218952    -0.206302    -0.247883
  -0.0721899    -0.412696     -0.51629     0.292458     0.222624    -0.412616     0.546819     0.112013    -0.064658      0.39686     -0.14329     0.335744    -0.464564    -0.047052     0.217261    -0.598755    -0.188962    -0.548479    -0.237263       0.4396     -0.35565     0.309828     -0.47216    -0.466343     0.156164    0.0744494    0.0520062    0.0629884    -0.369847     0.176708    -0.465387    -0.350457
    -0.36508    -0.108317    -0.181227 -0.000939269    -0.197752    -0.254823     0.517097    -0.125703     0.210929     0.224674   -0.0892107    0.0258684   -0.0927597    -0.502242    -0.333333    -0.127707   -0.0807101     -0.37275       -0.272    0.0104529     -0.50407    0.0451388    -0.129218    -0.153803      0.52542   -0.0985327    -0.294576    0.0117572    0.0408957    -0.378089     0.241348    -0.512643
   -0.414216    -0.199345     0.167498    -0.103602      -0.2887    -0.177966     0.271389   -0.0283376   -0.0599933     0.331875    -0.463938     0.144064    -0.185289     -0.02166    -0.431625    -0.238984   0.00488888     0.321869    0.0916053     0.113751     0.173375     0.206133     0.210506     0.069035   -0.0267476     0.014009     0.387554  -0.00733425     0.326132     0.192754    -0.210116    -0.158644
  -0.0984365     0.115665     0.177809    -0.678774      0.18837      0.10052    -0.413853     -0.15184    -0.286119    0.0209349    -0.550972    -0.494091   -0.0878125     0.239769    -0.501687   -0.0589007    0.0825611     0.180633    0.0500045   -0.0380529    -0.293036    -0.212964   -0.0193466     0.351034     0.101457     0.220612    -0.431916     0.482311    -0.170461   -0.0332429    -0.088426     0.578171
   -0.198214    -0.552898    -0.110402    -0.548035    -0.244413   -0.0525012     0.578649   -0.0244858    -0.236472     0.181255    -0.173531     0.159399    -0.102333    -0.127123    -0.327617    -0.242949    -0.104737   0.00333337   -0.0970042      0.56901     0.479293    0.0828661    0.0559229    -0.305465   -0.0858016   -0.0150961     0.241508    -0.439523   -0.0406518   -0.0117161    -0.140402       0.1076
   -0.108691     0.117337    -0.455838    -0.334044     0.297465    -0.297783    0.0537508     0.344201     0.304244    0.0791427     0.170239     0.271025     -0.22306     -0.41622   -0.0880155     0.308586     0.131331   -0.0281211      0.37082     0.076364     0.047219  -0.00787571     -0.08068     -0.13419     0.275021    -0.370857    -0.578463    0.0432217    -0.379917     0.304916    0.0673982   -0.0739338
    0.302323   -0.0215367     0.329719    -0.255021    -0.450609     0.137306    -0.228184     0.132532     0.120097     0.341433     0.250699    -0.210201    -0.084882    -0.168832     0.124269      0.18763    -0.234886   -0.0731421     0.326233    -0.183092   -0.0424875     -0.18024     0.017774    0.0117502     0.150148    -0.194768    -0.123799    -0.288513    -0.298795    -0.430869   -0.0318808   -0.0161393
    0.259708   -0.0985683     0.414876   -0.0962619     0.136278    -0.628938     0.121572    0.0232396     0.066346     0.428026    0.0559147     -0.13593    -0.135022   -0.0615474    0.0510077    -0.242062    -0.185279    -0.364806      0.19605     0.287047    -0.173996      0.31976     -0.50665    -0.226178     0.164539    -0.162322    0.0743169    -0.308846    -0.396822      0.37265     0.363617    -0.485373
  -0.0236391    -0.280513    -0.248336   -0.0819183     0.159686    -0.184701      0.30676   0.00538697    -0.422659   -0.0698205    0.0518241     0.552147    -0.170717   -0.0675404   -0.0496975     0.349715     0.387237     -0.53342    -0.289908     0.284365    0.0682488     0.108326    0.0502988     0.238348     0.132492     -0.14289      0.11776    0.0105877     0.127387    0.0670409     0.284435    -0.132136
  -0.0644683     -0.12857   -0.0842767   -0.0655337    -0.182646    -0.142144     0.138834   -0.0581593    -0.139892    -0.444945     0.174573    0.0865193    -0.121019   -0.0786268      0.21277    -0.128828   -0.0271413     0.181286    -0.430921    -0.123275   0.00237463   -0.0184498     0.278454     -0.28272     0.282186     0.458641    -0.244986    -0.124335    -0.407025      0.21341    -0.228237     0.262545
  -0.0118416   -0.0723088     0.011373    -0.238849     0.235045   -0.0651159     0.231337   -0.0150459    -0.133026   -0.0560387     0.264267     0.274196     0.390257     0.320717    0.0558152    -0.126411    -0.355926    -0.386912   -0.0857597    -0.190359   -0.0129739   0.00337009     0.283304    -0.108345     0.081625   -0.0733683   -0.0163264    -0.116296    -0.135572   -0.0539998    -0.067073    -0.483763
    -0.53598     0.297227    -0.146094    -0.328479     0.307576   -0.0582957     0.199782     0.382482     0.130003     0.133958     0.106193    -0.348814   -0.0725327     0.214052    -0.473825   -0.0724622    -0.190531    -0.251935     0.142837    0.0916415   -0.0757983    -0.143466     0.430024   -0.0283493    -0.185627    0.0313388     0.106785   -0.0961621     0.260214     0.176915     0.204445    -0.148652
     0.26081    0.0885214     0.184132   -0.0207955   -0.0433846     0.159525    0.0730841    0.0498307   -0.0589651      0.29317    -0.052752     0.116246    -0.138218    -0.376188     0.166127    0.0510768   -0.0936108    -0.104502      0.22006    -0.138359     0.181578     0.435582     0.178437     0.369967     0.203617   -0.0839115    0.0726449     0.408844    -0.150405     0.223621    0.0594421   -0.0691216
   -0.108234    0.0453274    -0.135596     0.518869     0.182399   -0.0884655    -0.152122    0.0793807     0.191165    -0.273821    -0.304156     0.216896    -0.124965      0.22938     0.309129    -0.128636     -0.45093     0.470913    0.0207849     0.353733   -0.0365746   -0.0277907    0.0689803    -0.253658    -0.103693     -0.36286    0.0608572     0.394986     0.198998    -0.371246     0.223635     -0.32354
   -0.292061     0.346441     0.132749    -0.300021  -0.00531596   -0.0365162      0.07848    0.0709786    -0.246249     0.338134    -0.126492      0.16711   -0.0178716    0.0501291    -0.445765   -0.0449539  -0.00150221     -0.30226     0.253871    -0.176169    -0.168378    -0.244432     0.589295     0.076696   -0.0437487   -0.0902135   -0.0178996    0.0311917    -0.176168     0.172531    -0.208779    0.0995469
  -0.0536091     0.338549    -0.407081     0.233113     0.207134       0.4063     0.227886     0.440892  -0.00712228   -0.0206564   -0.0558876    -0.429022    -0.166521     0.147639    -0.168239   -0.0143614     -0.22302    -0.606032     -0.38185    0.0547307      0.15575     0.254926     -0.21182   -0.0811095    -0.169667     0.152809   0.00853348    -0.248567   -0.0381548     0.196671    -0.389044     0.252553
 0.000844957   -0.0761872    0.0334244   -0.0229602    -0.258611    0.0149378    0.0906687     0.215656    -0.318971    -0.172321    0.0257642    0.0202825     -0.01908      0.12891     0.144548     0.110867    -0.143408    0.0296213    -0.435453  -0.00473612     0.102804    -0.492535   -0.0809509   -0.0361162   -0.0699931   -0.0643024    0.0350095    -0.160386    -0.262236    -0.149654    -0.379861    0.0200537
    0.209365   -0.0219441    -0.440144     0.225767    0.0396434    -0.218085    -0.121326    -0.441829    -0.134664     0.228292    -0.219066    -0.106105    -0.239996    -0.212594    -0.241397   -0.0775345   -0.0546673     0.177621     0.200794    -0.239679    -0.149103     0.536977    -0.450254     0.509368     0.175404    -0.166801     0.209536     0.454711   -0.0179657     0.158555    -0.281569     0.245903
   -0.098992    0.0458168   -0.0230706     0.157142     0.368132    0.0215797    -0.471963     -0.10447    -0.268821    -0.142149   -0.0597553    -0.236262   -0.0435205   -0.0898605    -0.279277     0.054867     0.296898     0.215618      0.15519     0.301632    0.0871231    -0.042654  -0.00220733     -0.24296     -0.16238     0.219783    0.0753061     0.188476     0.170009    0.0348187   -0.0260043    0.0877147
   -0.612674     0.545202   0.00871211   -0.0967369      0.56484     0.293629     0.200897     0.384209     0.146076    0.0525442     0.206571    -0.419364     0.370343     0.380194     0.229412    -0.183253     0.117509   -0.0891005     0.377052     0.399598    -0.260463    -0.204462     0.389706     0.263595    -0.356136     0.417914    0.0582147    -0.510629    -0.590625     0.124832    -0.254301    -0.178694
   -0.173783    -0.104688     0.191961   -0.0783064   -0.0802469    -0.242225     0.335676     0.134531    -0.142822   -0.0215832    -0.157543    0.0504752     -0.12505    -0.560268     -0.23828    -0.291378     0.126419     0.278635   -0.0457933    -0.155165   -0.0474156    -0.008562    0.0412581     0.410704    -0.116496     -0.20124   -0.0395472    -0.262871    -0.151439     -0.28913     0.126206   -0.0832585
   0.0201578     0.093778   -0.0227526    0.0710592    -0.191054   -0.0423468    0.0175302   -0.0501156    -0.151896    0.0818414      0.17058    0.0547651    0.0893502    -0.149105    0.0786031    -0.128306    -0.226408    -0.451652    0.0828791     0.137404    -0.383518    -0.118141    -0.229172    0.0629755    -0.440977   -0.0390645     0.398576    0.0710798    -0.208753     0.177433    0.0792194     0.263227
    0.178881  0.000999134    -0.194194     -0.39356     -0.68885     0.368927     0.217653     0.330969    -0.524853     0.187374    -0.167376    -0.287793    0.0535439      0.24136     0.405296     0.105196    -0.301754     0.260689   -0.0208415    -0.456055     0.225625     -0.03584    -0.175246      0.53176    -0.267972    -0.402563    -0.115205    0.0873475     0.211675    0.0404384    -0.474607    0.0909818
    -0.05736     0.250608     0.396938    -0.121162    -0.237834     0.340725    -0.128316    -0.218094    0.0419422   -0.0622679   -0.0633808     0.101303     -0.22025     0.204236     -0.57702     -0.19644     -0.11916    -0.205557    0.0564722     -0.15212    -0.337358     0.283385    -0.250357     0.110991     0.141586    -0.173939    -0.469735    -0.302759     0.425581    0.0522917   -0.0526395   -0.0894819
    0.164181    -0.278357    0.0526328    -0.530465       0.2031     0.503049   -0.0424105    -0.330243     0.066088    -0.123009   -0.0646334    -0.363909     -0.17711     0.141564    0.0661642    0.0611441     -0.16168      -0.4573     -0.13539    0.0659393     0.531031     0.471727     0.231986    0.0200793     0.170625     0.107976     -0.18621    -0.540285    -0.132978    -0.262717     0.094801     0.367075
    -0.33484     -0.43898    -0.440278    -0.595207    -0.112604    -0.250316     0.469015     0.146232     0.168041      0.11259     0.112782    -0.646727     0.181203    -0.257776     -0.25354     0.361752     0.065321    -0.310965   -0.0522282    0.0366781     0.674926    -0.926921    0.0313028  -0.00800488 -0.000166363    -0.205972     0.559771    -0.274094    -0.390622    -0.121242   -0.0450842     0.402613
   -0.264677     0.249915     0.405021     0.312077      0.20712    -0.104414     0.215075    -0.342602     0.207767    -0.170519     0.520424    -0.365126   -0.0646086    -0.023789   -0.0778869      0.18574     0.212674     0.113244    -0.231927    -0.391024    -0.147637     -0.63772    0.0611142    -0.156549    -0.202756    0.0618313     -0.45121    -0.444784    -0.306848    -0.133596    -0.418903     0.447807
  -0.0492351   -0.0208225    0.0391069     0.236474   -0.0703252   -0.0609384    -0.489431    -0.575653    -0.153486    -0.589015     0.121988    -0.307007    -0.189685    0.0278349    0.0114323   -0.0632717   -0.0109829    -0.137747    -0.324821   -0.0734134     0.686883     0.165723    0.0731409      0.16973    -0.315362       0.2485   -0.0760047    -0.107722   -0.0919185      0.18313   -0.0413928   -0.0153538
    0.225573    -0.813374    -0.288534    -0.627637     0.250655     0.313759     0.499113     0.376448     -0.12713    -0.832307     0.279473      0.44286     0.108311     0.145875   -0.0726505     -0.17673    -0.241116    -0.431729    -0.348779     0.306012    -0.187725    -0.643667    -0.211005      -0.2834    0.0638803   -0.0533845    -0.727082    -0.308549     0.280967     -0.10555    -0.149906     0.351201
   -0.393906   -0.0921132     0.233647    -0.172102    0.0808186    0.0303129    0.0047678    -0.659912     0.311535     -0.32845     0.239582     0.290661     0.151634    -0.316551    -0.172786   -0.0910267    -0.119172    0.0828932    -0.398657     0.292792    -0.150281    -0.356266    0.0502932    -0.014121    0.0205672     0.380285    0.0178604   -0.0603954    -0.444403     0.598737     0.320613      0.36281
   -0.179258    -0.134446    -0.053055     0.104295     0.126031     0.193383     0.024065      0.16534      0.14314     0.104475     0.107727    -0.431666    -0.126433    0.0938225   -0.0384304    0.0934152    -0.423636    0.0473865     0.254603    -0.172731    0.0710137     0.065803    0.0164346     0.177907    -0.327213    -0.117865     0.293231     0.310152   -0.0692029    -0.301411    0.0878924    -0.186136
   -0.252252    -0.364348    -0.278695     -0.52263     0.341725    -0.332794    -0.275144   -0.0239166    0.0887719     0.248461     0.100615  -0.00180058    0.0691222   -0.0441692    -0.133419    0.0763631    0.0120829   -0.0340756    0.0272432     0.253391    -0.325505    -0.209922     0.092768   -0.0837482   -0.0274102    0.0428159   -0.0263057     0.238775      0.14801     0.145214     0.422775    -0.273295
   -0.147858    -0.141777    0.0421927    -0.773911   -0.0175763      0.15884     0.135237    -0.256765    -0.407245   -0.0671016     0.243537     0.195914     0.168708   -0.0737749    -0.451331    -0.189148    0.0346107    -0.211304    0.0515286   -0.0479049   -0.0913685     0.218952    0.0303444     -0.24827    0.0740334   0.00751306      0.14169     0.153287      0.35294     0.104081     0.144149    0.0477178
    -0.53609   -0.0332023      0.51634    -0.333189     0.252087    -0.204058     0.251711     -0.29924     0.176495    -0.285322    -0.278906    -0.098964     0.378994    0.0159692    -0.194501    -0.125047  -0.00183937    -0.105655   -0.0893217     0.298346    -0.427842    -0.210277      0.27091    -0.228035    -0.144919    -0.247357    0.0187257    -0.145989    -0.529881    0.0664023     0.261625    -0.204581
  -0.0590181   -0.0331694     0.589363    -0.420857     0.155262    -0.419621   -0.0612311     0.136722    -0.197866     0.655944    0.0659334   -0.0136427     0.115528     0.186857     0.212717     0.185719    -0.080167     0.187615     0.298234    0.0854921     0.196728     0.134483    0.0179566     0.153306    -0.150657    0.0552776   -0.0713232     -0.26196    -0.333571    0.0569129   -0.0732657    -0.418302
    0.217776     0.244852    -0.490765     0.267121     0.133809     0.072221     0.310549    0.0686548   -0.0346576    -0.402865    -0.080565     -0.21548     0.119086    -0.243723   -0.0100977     0.252247     0.329177    0.0220792    -0.228881    -0.271182     0.243214     0.123713    -0.365332    -0.319823    0.0885417    -0.271357    -0.271075  -0.00253262     0.415469   -0.0293351    0.0525957      0.16556
   0.0898891     0.400999    -0.459784      0.15475    0.0612756     0.280268    -0.276949    0.0225349     0.339139    -0.432477     -0.36134     0.419453    -0.168602    -0.208567     0.756169    0.0686333     0.113731     0.146071     0.176565      0.31819    -0.117568     0.232319     -0.33617    -0.238746    -0.214293    -0.026878      0.58385     0.796981      0.35368    -0.024547    -0.516698    -0.821952
    0.155286     0.164781   -0.0267704    -0.110737      0.31519     0.211634     0.173289   -0.0507863    -0.213393    -0.117685     0.334717    0.0714058  -0.00852029    -0.141554   -0.0036265     -0.16726     0.236082   -0.0780907    -0.526969   0.00696022     0.059902    0.0708875      0.38084     0.271489     0.497144     0.620806     0.672523     0.404609    -0.130248     0.199878    -0.154591    0.0669407
    0.176716     0.398884    -0.125376    -0.213067     0.562135     0.765743     0.330013     0.209939    0.0963424    -0.151737   -0.0310309    -0.553376     0.296294   -0.0673405   -0.0781446    -0.184095     0.448288    -0.219094     0.108567     0.487329   -0.0512678    -0.600155     0.145275    -0.204453     0.442804    0.0515618   -0.0362395     -0.14672    -0.201383     -0.05339    0.0952371    -0.605464
    0.354522     0.210172    -0.383119     0.298691     0.394372   -0.0180933    0.0704828     0.282613     0.126094     0.431538    -0.135363     0.165751    0.0907199     0.327874    0.0434463     0.102487     0.174042     0.259792    -0.045787     0.130682   0.00821273      0.06424     0.150015    0.0324929    0.0351726    0.0951932     0.136755    -0.277238     0.355595    -0.233898     0.448309   -0.0265918
   0.0167358   -0.0661522     0.104981   -0.0394935    -0.159943     0.183955     0.202432   -0.0402366    -0.127918     0.105859    0.0912992     0.085308     0.379909     0.155194    -0.112831    -0.223072   -0.0373268    -0.105156    0.0034158    -0.131581    -0.312906    -0.111214   -0.0690445     0.215155     0.261349   -0.0158714     0.129189    -0.244817     0.252066     0.448923    -0.192451     0.294743
   -0.154943     0.135928    0.0548625    -0.852939     0.209399     0.373118     0.167578   -0.0221837    0.0455188    0.0885501      0.27162    -0.104017     0.119851     0.478835     -0.70057    -0.100384    0.0488537     0.248702     0.176528     0.101676   -0.0640988   -0.0926641     0.132858   -0.0942817     0.455328   -0.0723063     0.277452    -0.544242     -0.12932     0.263447   0.00919262     0.423219
  -0.0511934     0.304475     0.534427     0.062412     0.218228    -0.282181     -0.11935     -0.15646    -0.122797   -0.0315991     0.181429    -0.501522    -0.109145    -0.273128    -0.127059     -0.40268   -0.0350639    -0.319833     0.373264    -0.428384   -0.0839515   -0.0224144     0.116651    -0.195312    -0.293743     0.127895    0.0288087     -0.21009   -0.0032029     0.251694       0.1617     0.101542
  -0.0605905   -0.0823417    -0.276452    -0.710235     0.316553     0.186585     0.442783     0.271102    -0.315258     0.132501    0.0477739   -0.0498946     0.125634    0.0345789      0.20411     -0.16388     0.235073     0.133575    -0.111842    0.0673127     0.136887   -0.0689573    -0.391751    -0.151209    -0.614127     -0.18976     0.252626    0.0185659    -0.655042     0.113643     -0.31896    -0.367232
    0.177261    -0.190557    0.0664506     0.384919     0.113224    -0.217536    0.0477018     -0.19391   -0.0842076     0.227737     0.143928    -0.142132    -0.270438     0.201125    -0.170397    -0.282187    -0.355172    -0.351064    -0.256163     0.595708    0.0370317     0.455954     0.125529    -0.151234  -0.00432639     0.182574     0.510658    -0.282613    -0.485516     0.369205    -0.449943     0.110074
   -0.274897     0.310607     0.196981    0.0435731     0.217922     0.100269   -0.0683246     -0.25456    -0.127564    0.0722624   -0.0152259   -0.0980593    0.0263693     -0.20039    0.0374279   -0.0608867     0.251987    -0.254334   -0.0462868     0.217246     -0.25633    -0.313204    -0.416605    -0.243798    -0.104667    0.0225642    -0.156306     0.513591    0.0884492     0.312915    -0.064311    -0.331889
   -0.277475    -0.336007   -0.0528462    -0.430187    0.0818903   -0.0412824    -0.168234     0.415587    0.0987967     0.114372   -0.0349388    -0.208906    -0.249562    -0.355767    -0.373367    -0.351269    -0.131337     -0.35387   -0.0329222    -0.163334    -0.217898   -0.0782016    -0.258195    -0.299948    -0.317826    -0.144431     0.181121     0.220799    -0.261253      0.53249    0.0379889    -0.160542
   0.0738516    -0.586797    -0.458185     -0.20663    -0.177904   -0.0495625    -0.204084   -0.0723004    -0.261924     0.289614     0.198911    0.0276318     0.174959    -0.205059   -0.0111931    -0.010994     -0.02926    -0.130349    0.0416795    -0.233029     0.207739    -0.296684     0.397196   -0.0661176    0.0173561      0.14918     -0.19863     0.554579     0.205115    -0.188589     0.112946     0.163591
  -0.0536557     -0.11586     0.212145     0.702081     -0.17282   -0.0774626    0.0777495    -0.197868    -0.128007   -0.0958228    0.0257792    -0.129429    -0.373579     0.304939      0.36859     0.103451  -0.00865004    -0.254262      0.16679    -0.208163    0.0168843    -0.226817     0.236497    -0.250501     0.369902     0.198404    0.0904036     0.575185     0.546035    0.0672912   -0.0187468     0.259111
   0.0620394   -0.0718511     0.122779    -0.200955  -0.00519565   -0.0728996     0.222058    0.0092673    -0.209042    -0.179871     0.330738     0.107762    -0.470979   0.00422451     0.193819   -0.0515752    -0.143432     0.426733    -0.311894     0.118893   -0.0462611    -0.324539    -0.176721    -0.411932    -0.485162    -0.274925     0.415183     -0.34992   -0.0108267     0.275867    -0.045409   -0.0330781
    0.162605   -0.0636033   -0.0192571    -0.124745    -0.157283   -0.0588773      0.22825     0.153375  -0.00469078     0.192071    -0.303743    -0.299082    0.0767882    0.0931615   -0.0171845     0.423116     0.262313     0.413911     0.149408   -0.0727384     -0.42488    -0.131055   -0.0500713   -0.0955074    0.0450725     0.161778    -0.896544    -0.716036    -0.341377      0.21935    -0.290242     0.297175
   -0.139926    -0.614265     0.260456    -0.473261    -0.629547   -0.0182365   -0.0695372    0.0854016     0.227985    -0.328979    0.0808899    0.0363851     0.162818   -0.0912181     0.197215    -0.192937     -0.19761    -0.262775     0.161339    -0.345485     0.195829    -0.231351    -0.163972     0.581309     0.188481   -0.0742108   -0.0641524    -0.105516     0.253283     0.277791    -0.178963     0.248542
  -0.0321551    -0.385263     0.147507    -0.163026    -0.161903     0.172574     0.265618     0.284388    0.0648202     0.122998     0.177386   -0.0484651  -0.00963678     0.106956    -0.163833     0.104903      0.36652    -0.472253    -0.150183    0.0222392    -0.171242      0.24057  -0.00446333     0.411534     0.340559     0.167158    -0.375128    -0.128767   -0.0781137    -0.113359    -0.264861     -0.44108
   -0.455186     0.306726    0.0222987    -0.455576     0.391821    -0.144446     0.109371    -0.204922    -0.701253     0.410301    -0.168538     0.126967     0.225797    -0.480364    -0.579988    -0.209152   -0.0249399   -0.0504849    -0.258831    0.0130195     0.351869    -0.152935     0.335961     0.129209     0.449858     -0.23653    -0.137112    -0.278815   -0.0706708     0.384053     0.211737    0.0545989
    0.091411    -0.105995     0.298582     0.227325    -0.365397     -0.19377    0.0656273    -0.109792    -0.158282    -0.317229     0.147173     0.230874    -0.274017     -0.04317    0.0128653    0.0737218     0.200788   -0.0552213    -0.172218    -0.149677     0.228998    -0.136983   -0.0146146     0.133677   -0.0839994    -0.246487    0.0783396     0.100501     0.199463   0.00356358     0.074118     0.479351
  -0.0456295     0.120989     0.231888    -0.493306     0.296745   -0.0279786    -0.118207   -0.0165941    -0.485693   -0.0923734    0.0396592    0.0150204     0.511099    0.0178779   -0.0952864    -0.175461     0.254293    -0.203416     0.209337    -0.185116     0.333115     0.371881    0.0749862    -0.118329   -0.0527622    0.0912333     0.334093    -0.317006   -0.0789356     0.171776     0.102516     -0.28452
     0.58704 -0.000730097      0.22882   -0.0839661  -0.00204277     0.366168     0.321105    -0.321233    -0.191777     0.308513     0.173228    0.0587277     0.256382    -0.335133    -0.160197     0.239419    -0.149298    -0.227862    0.0620571     0.457587   -0.0435095    -0.295186     -0.22305     0.246703   -0.0417359     0.515671    -0.240327    0.0495143    -0.259341   -0.0267849     -0.22256   -0.0198436
   -0.249847    0.0349466    0.0318651    -0.176246     0.394384    0.0813751     0.520238     0.357337   -0.0779953      0.60871     0.285615     0.105589    -0.128322   -0.0119297    -0.047139      0.16894    -0.624339   -0.0882153    0.0188181     0.320554    -0.365803    -0.396108     0.410497     0.453562   -0.0895314      0.33123      0.53775     0.254235    -0.795779     0.124195   -0.0469658    -0.153015
   -0.546353    0.0867868     0.399996     -1.09933     0.346585    -0.330716     0.424528   0.00698847    0.0827233   -0.0525899     0.275418    -0.114082     0.217227     0.289599    -0.398926    -0.121019   -0.0202934    -0.228172      0.29241     0.277382    -0.352877    -0.262873    -0.355771   -0.0553667    -0.116955   -0.0577364    0.0198755    -0.409123     0.096551    -0.120528    0.0786711    -0.283101
    0.305852     -0.54996     -0.24355     0.373093   -0.0219641     -0.21935   -0.0254326   -0.0803403   -0.0633528    -0.190329    -0.125547  -0.00693263      0.17178     0.364203      0.28844    -0.149367    -0.295693     0.217225    0.0159507    0.0114539    -0.186422  0.000112212      0.30408    -0.288355    -0.218337   -0.0611669     0.256086     0.255208    -0.277137    -0.164763    -0.215968     0.501469
    0.300626     0.170891     0.185837      -0.0858      -0.1603    -0.388177    0.0804243     0.425632     0.183075      0.24306    -0.178373      0.14729   -0.0971877     0.120594    -0.267548     0.185038     0.137337     -0.12289    0.0606057    -0.154417    -0.339844    -0.117806     0.282576     0.100717     0.171267     0.172405     0.178452     0.215949     -0.22482     0.334266    -0.243145   -0.0308157
   -0.309229     -0.28867     0.100576      -0.1638    -0.403079   -0.0498649     0.167235 -0.000952644    -0.571926    0.0919151     0.151048     0.506208     0.111274   -0.0528567   -0.0365653    0.0127687     0.235921 -0.000749893    -0.153805   -0.0106449   -0.0353868   -0.0123237    0.0404724     0.226643   -0.0495307    0.0563027     0.167965   0.00176076    -0.161127   -0.0895927     0.329349   -0.0385847
   0.0413362    -0.229723     0.399485    0.0168967    -0.133814    -0.107653     -0.21967     0.371755   -0.0657877    -0.123017    -0.254289    0.0415505    -0.046271    -0.182452    -0.403148     0.162828     -0.27111    -0.268874    0.0758821     0.101266   -0.0165945    -0.250023     0.199171     0.488683     0.359593     0.555385     0.679745      0.22153   -0.0421633   -0.0394729     -0.28126     0.564319
    -0.22626    -0.577786     0.274525    -0.300281     -0.30376     0.435358    -0.393735    0.0758316    0.0930563    -0.391289   -0.0942511    -0.243938    -0.183648    -0.149264     0.291394    -0.557419    0.0302592    -0.466904     0.100179    -0.829465    -0.678241    -0.174006    -0.342016     0.704807     0.485134      0.30917    -0.367801    -0.146971    -0.812166     0.347214    -0.289476      0.34372
  -0.0217024    -0.145685    -0.218641      0.13394   0.00943651     0.137003   -0.0205389    -0.197112    -0.239698     0.348923    0.0215801    -0.173733    -0.170805     0.420988    -0.373509     0.275444    -0.295865   -0.0317512    0.0736692     0.130376    0.0955326     0.116191    -0.170503   -0.0321206     -0.21383     0.274296    0.0680693     0.234806     0.172593     0.118294    0.0734307      0.15143
    0.129338    -0.425011      0.25446    -0.312537    -0.106573    -0.123732   -0.0576076    -0.261292    0.0657731    -0.353184   -0.0944275     -0.48932    -0.301895    0.0753802    -0.275081    0.0670558    -0.155374    -0.413275    -0.125192    -0.264514     0.367671     0.362211    -0.187294  -0.00537005   -0.0315877     0.205493 -0.000861106    -0.326989    -0.202467    -0.117242     0.187009     0.149775
  -0.0114148    -0.302062    0.0261337   -0.0824633    0.0766183    -0.100848     0.359126     0.043219  -0.00830751    -0.213714     0.263077   -0.0452621    -0.247662      0.17755     0.127289    0.0926236    0.0866529     0.125642     0.167389   -0.0542681   -0.0753201    -0.228511    -0.194802    -0.195088  0.000645836     0.291661    0.0621878   -0.0959836    -0.117549    -0.155509    -0.208147     0.256704
 -0.00363988    0.0107995     0.290439   -0.0984774    -0.138022    -0.387859    -0.377982    0.0483522    -0.339955    -0.125206    -0.350408     0.203599     0.109453    -0.667123    -0.233674    -0.113574    -0.168313    -0.534278     0.211055    -0.285824    0.0146603    -0.225067    -0.156008   -0.0649364   -0.0241419   -0.0589092    -0.471385    -0.446923    -0.163681   -0.0373699     -0.14434   -0.0330859
   -0.143807    -0.527138     0.412776    0.0534907    -0.255452   -0.0919786    -0.443384   -0.0111131      -0.1674     -0.52521     -0.19165    0.0588378    0.0757695     -0.17607    -0.375251     0.278891     0.237563     0.271715    -0.112417   -0.0314322      0.33642     -0.21481     0.264117    0.0319681     0.107896    -0.124043     0.251686    0.0672914     0.322275     0.227209     0.274728    0.0893162
   0.0074663    -0.437596     0.192513   -0.0819105     0.174125    -0.352697    0.0913919     -0.33652   -0.0120261   -0.0865385   -0.0334276      0.13901    -0.210463   -0.0452803    -0.525715     0.177315     -0.16281    -0.394595     0.291999   0.00381492     0.498526     0.179783     0.071255    0.0498443     0.182973     0.370203     0.322543   -0.0433252    -0.199992     0.376035    -0.316966     0.218251
  0.00307517    -0.205806    -0.363175    -0.247194    -0.139125    0.0161965    -0.297581   0.00480925     0.166248    -0.086322    -0.492936    -0.132202     0.282096    -0.562248     0.391622     0.201243     0.392093     0.388602    -0.258734     0.430188    -0.185026     0.171337     0.176161   -0.0760857     0.349391    -0.439911     0.141873    -0.145852     0.535854    0.0676445    -0.271381    -0.353987
   -0.210311     0.163829    0.0495847    -0.666305    -0.176723    -0.142972    -0.651064     0.123079     0.442417    0.0836871     0.200868   -0.0591521     0.637852    -0.168607   -0.0597439   -0.0921816     0.113845      0.24487     -0.14882     0.156139     0.142954    -0.200756    0.0088719     0.581858    -0.994914   -0.0137632    -0.348245    0.0335144    -0.324294    -0.337834    -0.284594   -0.0816754
  -0.0746815     0.201174     0.249215    -0.366437     0.399537    -0.118461     0.107892     0.170525     0.513965      0.22194  -0.00205121    -0.308452     0.294095    0.0642986    -0.314037    -0.103314   -0.0546737    -0.251719     0.511139    -0.317119    0.0190801     -0.29103    0.0909454     0.397139   -0.0674186     0.288528     -0.10361   -0.0407279    -0.718719     -0.30736   -0.0292218    -0.317636
   -0.809226    -0.327124   -0.0441724    -0.726395   -0.0389462    -0.155053    -0.128308    -0.347916    -0.303824     0.291847     0.100117     0.258945     0.492978    -0.295053    -0.540503    -0.492727    -0.191085    -0.880678    0.0285151  -0.00116807   -0.0337867      0.10568   -0.0819746    0.0152251     0.140697  -0.00567894    -0.122043    -0.178064     0.245417     0.278412    0.0192892    -0.222581
   -0.277321     0.124297      0.61229    -0.130361    -0.140701    -0.112088    -0.233349   -0.0331067     0.339785    0.0252156   -0.0536737    -0.239899    0.0987258   -0.0837362     0.167319    0.0125015    -0.105288    0.0624032   -0.0689321     0.143179     0.341031    -0.511675     0.255876     0.112321     0.195398     0.223715      0.37785    -0.184726    -0.180374     0.588209    -0.286082     0.259367
