   0.482893
   0.567442
   -0.44847
   0.277305
 -0.0651882
-0.00115453
  -0.103738
  0.0180873
   0.134822
  -0.560775
   0.154842
   0.108959
  -0.587967
 -0.0805465
   -1.07358
   0.217889
  0.0543624
 0.00803321
    -0.3145
   -0.18115
   0.244691
   0.854549
   -0.21592
   0.205001
   -1.09371
  -0.290164
   0.592798
 -0.0343806
   0.373692
  -0.601057
  -0.111729
  0.0666323
  -0.182684
  -0.222177
    0.57606
   0.212767
    0.34487
   0.304209
-0.00302861
   0.331614
   0.325325
   0.103648
  -0.196766
  0.0213385
   0.479453
  -0.633868
 -0.0174058
   0.232599
  -0.644639
 0.00582962
   0.447126
  0.0570886
  0.0202217
  -0.110732
 -0.0917714
  0.0227742
  0.0600051
  0.0605973
   0.379672
 -0.0365577
   0.310497
  0.0263191
  -0.071859
  -0.192235
   0.137471
  -0.119705
   -0.18058
  -0.443689
  0.0795039
    0.41909
 -0.0102769
 -0.0895673
   0.500261
  0.0283147
   -0.15848
  0.0472263
  0.0746243
   -0.28329
   0.783796
    0.33774
  -0.152583
   -0.13552
  -0.479097
   0.426504
   -0.14214
   0.177438
  -0.289273
   0.113125
   0.283918
    0.19072
  0.0322427
  -0.498771
   0.422957
  -0.299621
 -0.0955962
   0.335899
   0.221529
  -0.759267
  -0.317202
  -0.307948
   0.153109
   -1.45783
   0.321606
  -0.200092
  -0.279594
   0.220801
    0.21008
  -0.275255
 -0.0965547
  0.0350561
    3.63608
   0.583462
   -0.39114
   0.193047
    0.41927
   0.215586
   0.250223
 0.00525332
   0.732433
   0.581162
   0.459852
  -0.139978
   -0.32021
   0.232121
  0.0496084
   0.051241
   0.407082
  0.0983171
