    0.41332
  -0.151358
   0.164357
   0.391719
-0.00613589
  -0.246578
    0.28556
  0.0783459
   0.510931
  -0.214474
 -0.0390483
  -0.253949
   0.445834
   0.333407
  -0.158058
    0.17579
   -0.11936
   0.128496
  -0.213849
  -0.159078
  -0.300353
   0.241367
    0.39228
   0.050917
  0.0680429
 -0.0171403
  -0.253029
  -0.112596
 -0.0635885
  0.0420191
  0.0827276
  -0.200501
  -0.128024
   0.156838
 -0.0194734
   -0.18229
  0.0152523
   0.237027
    0.14276
  -0.116964
  -0.235749
  -0.235706
  -0.290076
-0.00343248
  -0.129127
   0.173251
  -0.263544
   0.189087
  -0.523968
  -0.537894
   0.179313
  -0.374315
   0.481828
 -0.0211919
 -0.0275114
   0.522629
  0.0954974
   0.147006
   0.390966
  -0.480339
  -0.177357
   0.392159
   0.349938
  -0.110001
   0.169266
   0.149107
  -0.181339
  0.0136076
   0.240507
  -0.183921
  -0.346898
  0.0496213
  -0.251822
  -0.249565
    0.27294
 -0.0997441
  -0.132368
 -0.0988736
   0.371311
   0.239216
  -0.060821
  -0.181725
 0.00406595
  -0.155877
   0.214963
  0.0543994
 0.00860885
   0.214314
 -0.0861152
 -0.0127205
 -0.0533828
  0.0606832
 -0.0168695
   0.279716
  0.0751003
  -0.490042
 -0.0167791
   0.102504
  0.0885361
   0.199827
   -0.26559
   0.368946
   0.249489
   0.221413
  0.0663801
 -0.0312804
 -0.0713481
  0.0794758
 -0.0631571
   0.103016
  -0.238961
  -0.569659
   0.229758
  -0.396881
  -0.270288
   0.145596
  -0.180655
  -0.212035
  -0.280742
  0.0564738
  0.0546932
   0.558348
   0.252396
   0.188223
  -0.130509
 0.00602016
    0.23433
   0.546024
