 -0.476459
  -1.48026
  -2.26179
  -0.14729
  0.939669
  0.578903
  0.888729
  0.577547
  0.334171
   1.07263
-0.0181711
   0.43026
   0.52465
  0.902996
  0.147986
 -0.599957
  -1.37077
  -1.29201
 0.0677843
   1.09118
-0.0980124
 -0.286386
  0.952661
   -0.5016
  -1.47725
  0.625078
  -0.19697
  -1.87482
 -0.502225
 -0.836083
   0.52683
  -1.50854
  -1.65962
  -1.02812
-0.0097078
  -0.99741
   -1.3804
  0.318113
   1.72124
  -1.88641
  0.461397
 0.0397034
   1.67005
  0.238006
  0.218474
  0.225003
 0.0134938
 0.0832573
 -0.835275
 0.0519847
 0.0324494
 -0.165958
  0.177841
  0.426036
 -0.926433
   0.50776
 -0.242181
  0.347076
   1.60768
  -0.39119
  -0.73732
  -1.07489
   2.51589
  -1.45159
  -2.06954
 -0.553023
  0.524758
 -0.891192
 -0.137448
 -0.261869
  -1.14877
  0.388113
  0.735723
 -0.558599
  0.126071
 -0.251066
  0.573335
  0.788144
 -0.148328
 -0.889408
  0.661335
   1.50362
  0.403805
  0.368639
   3.04759
  -1.28507
-0.0106725
  0.598663
   0.76963
 -0.185658
  -1.68221
  0.694666
  0.210524
  -1.35053
 -0.506437
 -0.349504
  0.825755
  -0.36337
   1.60974
  0.150161
  -1.58655
 -0.784722
   0.82739
  -1.03383
 -0.632689
  -1.15929
 -0.777208
 -0.446132
 -0.475074
   1.48961
  0.114678
 0.0889756
 0.0303418
 -0.233846
  0.850593
   0.91712
 -0.325332
-0.0732582
  0.229345
  0.424299
  -1.45568
 -0.468559
  -1.13152
  -0.59014
-0.0454634
  -1.60873
  -0.81112
  -1.19725
