0 1 0
9 1 1
5 1 2
4 1 3
8 1 4
10 5 5
10 7 6
10 13 7
10 14 8
10 17 9
10 19 10
10 20 11
10 22 12
10 23 13
10 24 14
10 26 15
10 27 16
10 28 17
10 31 18
10 33 19
10 66 20
10 35 21
10 36 22
10 67 23
10 39 24
10 68 25
10 41 26
10 69 27
10 70 28
10 71 29
10 72 30
10 73 31
10 74 32
10 75 33
10 47 34
10 76 35
10 77 36
10 78 37
10 79 38
10 51 39
10 80 40
10 52 41
10 81 42
10 82 43
10 83 44
10 43 45
10 84 46
10 85 47
10 40 48
10 54 49
10 86 50
10 87 51
10 88 52
10 89 53
10 90 54
10 91 55
10 92 56
10 93 57
10 94 58
10 95 59
10 96 60
10 57 61
10 97 62
10 98 63
10 99 64
10 100 65
10 101 66
10 102 67
10 103 68
10 104 69
10 58 70
10 105 71
10 25 72
10 53 73
10 106 74
10 107 75
10 108 76
10 109 77
10 110 78
10 111 79
10 112 80
10 113 81
10 59 82
10 114 83
10 115 84
10 60 85
10 116 86
10 117 87
10 118 88
10 61 89
10 119 90
10 120 91
10 121 92
10 122 93
10 123 94
