    0.999326  -0.00613629    -0.412329     0.971759    -0.868485    -0.394797   -0.0926992    -0.203424    -0.110868    -0.151846    -0.596197    0.0133096    0.0363895    -0.752604     0.429569    -0.446276     0.779717      1.18883     0.427276     0.562386      2.22599    -0.686469    -0.237397    -0.772124    -0.186712     0.410969     0.166059     0.109472    -0.436746     0.489265     0.615925     -0.74094
    -1.03159    -0.287592    -0.470326     0.359014    -0.506046     0.342536    0.0363748     -0.51114    -0.543127     0.288446     -0.46721      1.15725       0.9133    -0.408415      0.41662   -0.0055798    -0.704609      1.56481     0.973567     -1.26873     0.616173       1.0237    -0.133311     0.889969    -0.640694    -0.893531    -0.284228      1.42418      1.02012      1.30679     0.621553     0.667023
  -0.0810115    0.0108133     0.241243     0.221791       1.1672     -1.28039     0.175197   -0.0177671     0.253341     0.407954      1.25325    -0.124334    -0.100565    -0.891192    -0.132634      0.37931     0.278362   -0.0303856    -0.258167    -0.241951       0.8425    -0.949553     -1.08177     0.353799    -0.161197     0.201963    -0.430939    -0.834962     0.479168    -0.195153      0.61264    -0.119671
    0.330589     -0.87069   -0.0642157    -0.517236     0.982813    -0.796954    -0.450113     0.479527     0.320941    -0.792602      1.21487    0.0520727    -0.583523     0.286695      0.58844    0.0081211     0.364039     -1.05036    -0.610817     0.928478      1.26477     -2.43622     0.556104     0.819479    -0.251277    0.0612648     0.925558    -0.952508     0.562226     -1.05997    0.0765984      -1.1672
  -0.0738978    0.0303445    -0.363279     0.419166     0.204065     -0.20994     0.549283    -0.248978    -0.723202    -0.475718     0.676707    -0.340813    -0.782626    -0.708863   -0.0833873      0.29079    -0.783833     0.598384    -0.415746    0.0543037     0.333746     0.194696   -0.0360412     0.186771   -0.0150188     0.706846     0.125319     -1.01094     0.690274    0.0966495   -0.0399631      0.45622
    -1.13157     0.778199    0.0026039    -0.151188    0.0671696      1.22017    -0.022662    -0.870144    -0.633189    -0.365098    -0.763017     0.461441    -0.102021     0.643699    -0.144206     -1.07856    -0.812169     0.455388      0.66027     0.300678     -0.67456    -0.193496     -0.34742   -0.0817098     0.104279    -0.532959    -0.247262     0.492633      1.17647     0.706711   -0.0723374      1.09932
    0.526933    -0.167256     0.808191    -0.194025      1.63773    -0.380741     0.176646     0.168302    -0.624993    -0.414422     0.245468     -1.53201     0.233984     -0.23629   0.00819953    -0.364397     0.525634    -0.150468     0.435346     -0.80615     0.442458    -0.836492   -0.0919714    0.0671365    0.0529448    -0.220557     0.474337    -0.342247     0.292262     0.147706     0.308588     0.233363
    0.718139    -0.362577    -0.277989     0.501708     0.497985     -0.50485      1.57526    -0.332181      -1.1065    -0.210001       1.3095     -1.17831    -0.277607   -0.0198478      1.16824     0.500524     0.855844     0.788383    -0.245148     -0.33013      1.26488   -0.0643494     0.496295     0.272409      -1.3316    -0.299159   -0.0710891    -0.228124    -0.116719     0.138517     0.256693     0.187867
     1.01405    -0.412752    -0.300002     -0.39538      -1.1049    -0.769868   -0.0767098      1.03454     0.605581     0.133324     0.459854     0.439859    -0.830352     -1.00676     -0.36834     0.338243    -0.595832     0.132353     -0.63145     0.463851     -0.50928    -0.111043     0.325816     0.298505     0.435081     0.314921     -1.09094    -0.720787     0.347077    -0.971526     0.227861     0.136595
    0.704979    -0.656142     0.352064      0.75645     0.394102    -0.745455     0.641465    -0.472516    -0.652674    -0.917884  -0.00374624   -0.0486713    -0.764349    -0.312865     0.503571      1.69449       0.8211     0.517146      1.84577    -0.761359     0.545151     0.220246      -0.2789     0.766977      0.11547 -6.04195e-05      0.48161    -0.729796     0.419907    -0.540685    -0.168433     0.410674
    0.155758     -1.05563     0.194177     0.375738    -0.693844    -0.119556      0.11817      1.20488    -0.271069    0.0764093    -0.166493     -0.95622     0.425591    -0.692428    -0.283479   -0.0436423     0.807409   -0.0128817     0.571997    -0.657156      1.23652      0.64513  -0.00906013   -0.0575613     0.325412    -0.049211    -0.266686     0.116999    -0.565683    0.0812396     0.696793     0.333659
     1.76032    -0.548351    0.0919441     0.555347     0.174657   -0.0474344      1.28833    -0.991368     -1.46264    -0.127582      1.35097     -1.54746     0.303752     0.358657     0.336309     -1.16779     0.318084     0.184817    -0.895902    -0.781642    -0.729853     0.758847    -0.232137     0.451954    0.0741455     0.379316    -0.247322     0.331159   -0.0287971    0.0664766    0.0387571     0.801402
    0.853987    -0.182966    0.0805494     0.733658     0.148166     -0.38611    0.0160265    -0.339108   -0.0723957     0.324098     0.385991    -0.891036     -1.15792    -0.485263   -0.0178891     0.050185     0.388412     0.417508       1.0497     0.844337      0.62212    -0.670364     -1.10553     0.397696    -0.292121   -0.0528234     0.573771    -0.324435     -0.10031    -0.230311    0.0292305     0.216034
    0.556533    -0.865783    0.0538263     -1.08963      1.72333     0.342561    -0.815997   -0.0427458    -0.348265     0.218303      1.77189     -1.98764    -0.935789    -0.124267     0.463833     -1.13423     0.243858     0.565342      2.07185    -0.380117     -1.98819    -0.128544    -0.443397     0.593411    -0.473154    -0.188064       1.1772    -0.656832      1.37112     0.585286     0.430777    -0.514696
     1.04938    -0.972993     -1.01805    -0.233417     0.912553    -0.670122     0.575108      0.37058     0.176547     0.839635     0.121498    -0.244822   -0.0514263     -1.01288     -1.03996     0.436301      1.17738     0.291963     0.139226     0.229243      1.47048    -0.488091    -0.299261    -0.252035    0.0215259     0.170763     0.551862    -0.177497     -0.14072    0.0683636    -0.616194     0.566647
     0.77824      -1.1381     0.444002     0.428438     0.927508    -0.504014     0.950251    0.0230824    -0.348678    -0.593702    -0.744111     0.476231    -0.825282    -0.995597    -0.471781     -1.18677    -0.366862    -0.309194     0.169017   -0.0143369     -0.37266    -0.105635   -0.0810524     -1.28785   -0.0202856     0.803283     0.302225     0.218247      1.17382     0.222543     0.270203      1.61202
     1.08541    -0.361299     0.510338      0.82815     0.386984     0.429774   0.00933227    -0.591551    -0.647663     0.558004      1.51656     -0.25727     0.808846    -0.193951     0.190577     0.448036     0.546008     0.230602      1.27088    0.0854354     0.843416    -0.285669    -0.340623       1.1419     -0.19982     0.389722     0.749564     -1.06689     0.979325    0.0889926      0.18655    -0.657849
   -0.193806    0.0922777    -0.613547     0.241582     0.495736   -0.0125855    0.0173373     0.673067     0.678888     0.274489     0.083652      1.13194     -1.20183     0.332756    -0.356387     0.206933    -0.804399     -1.01068     0.376941    -0.122925     -1.10218    -0.609961     -0.13545     0.394157    -0.168088     0.641496     0.153638   -0.0308113     0.891791    0.0786227     0.438871    -0.161746
    0.409388     0.412214    -0.988319      1.49894    -0.568048       1.2918     0.307228     0.280022       -2.243     0.220562   -0.0605977    -0.900588     -1.09473    -0.395736    -0.429443   0.00115135    -0.454702     0.441085      1.07373      0.29271    -0.542042      1.13708    -0.601541     -1.38346     0.179792     0.849321    0.0434722     0.370181    0.0880044     0.612739     0.476293     0.437259
    0.208226    -0.299632    -0.386798     0.440472     -1.32049    -0.450412     -0.57398     -0.06691     0.340954      0.13399    0.0146719     0.127298     0.238731    -0.880477     -0.43618  -0.00620457     0.736561     0.158784     0.135119     0.695473      1.51465      0.27252   -0.0264008    -0.243146    0.0304259    0.0634479    -0.526772     0.609053     -1.28062    -0.659824     0.179033     0.356124
     1.30034    -0.547618   -0.0428452    -0.422924     0.524653     0.679292      1.21341   -0.0638612    -0.861385      0.86029    -0.273671    -0.836103      0.55117      1.14617    -0.120779     -1.24949     0.734246    0.0692964     0.298887    -0.995013    -0.505852     0.562899    -0.588095    -0.762603    -0.393732   -0.0873051    -0.188622     0.214281      1.02993    -0.138023     0.988998     0.389863
   0.0594768    -0.169254    0.0697832      0.29002     0.239079     0.828015    -0.481687     0.048343    -0.924231   -0.0865503    -0.703466     -1.60886   -0.0506631    0.0420739     -0.14228    0.0747033     0.890612     0.248327    -0.910348    -0.432931    0.0758847      1.06647     0.531222     0.203651    -0.106255      1.08598      0.15551   -0.0251895    0.0790476     0.017485    -0.173873     0.145149
    -1.24554     0.598394      1.05822     0.119997     0.492009   -0.0748921     0.680989      -1.0582   -0.0700215     0.175932    -0.281558     0.176539    -0.170518    -0.351491    -0.268241    -0.279419    -0.730782     0.315085     0.322087     0.409806     0.308715     0.149397    -0.382778     0.332662     -1.07222     0.143644     0.452763      0.41066      1.58291   -0.0999088     0.481794   -0.0906238
   0.0428139    -0.190459      0.85576    -0.484652     0.917134     -1.05208     -1.01907   -0.0205556    -0.133532     -1.14852    -0.142674      0.51193    -0.167622    -0.473591     -0.91864     0.585353     0.283175   -0.0967667    -0.639948      1.21288      2.57314      -1.0207    -0.039838     0.539014   -0.0785377     0.118358     0.495599    -0.100985    -0.257711     -1.04251     0.794037    -0.549473
   -0.101834     -0.40251    -0.322185    -0.762687    0.0401379    -0.348546     0.333847     0.518946    -0.210109    -0.199656      1.37137    -0.893132     0.970553    0.0187693     0.178791    -0.787202     0.401692    -0.521522    -0.809924     -1.25749    -0.471636     0.252557    -0.459519      1.31378    -0.151195    0.0725744    0.0728639    -0.822084    0.0292798     0.702802      0.82928     0.592208
     1.05723     -0.31165    0.0552029    -0.218682    0.0785591     0.411407      0.25441    0.0952051     -1.17999    -0.223497  -0.00749632    -0.133273    -0.138775    -0.214013     0.413999   -0.0760722    -0.309342     0.158614    -0.217307    -0.794926     0.669999     0.804118    -0.590428    0.0365156    -0.141792     0.569565     0.313748    -0.352452      0.60225     0.598585     0.186902    0.0622388
    0.938673    0.0418215     0.708317    -0.598125      0.02176     0.372929    -0.180206     0.298305      0.55147     0.451841    -0.965159     0.195192    -0.366813     0.294268    -0.154817     0.329342    -0.618495    -0.854697    -0.453666      1.13363     0.621476    -0.566184    -0.494321    -0.716313     0.045985      1.16801     0.239465     0.795273    0.0472596    -0.465447      0.24079    -0.751664
    0.782727    -0.158384     0.285725    -0.635076     0.455996    0.0853621    -0.351309    -0.387107    -0.285799     -1.19369    -0.603011    -0.512401     0.894872     0.137143    -0.433605     0.642142    -0.157964     0.690356     0.196514     0.993571      1.51762     -1.36458     -0.63754     0.671778    -0.275236  -0.00338201     0.509392     0.179716     0.617541    -0.386146    0.0814762     0.173431
     0.59765    -0.371077     0.454504      1.23137    -0.178398      1.01642     0.557626     0.497056    0.0959749     0.276529    -0.917242     0.593029     0.666722     0.435763    -0.714428    -0.488605      1.00659     0.269053     0.918999     -1.78036    -0.374377      1.31719    -0.953253      0.13781    0.0965936     0.597645    -0.446801     0.951384     0.843242    0.0899992    -0.609319     0.398569
   -0.648046    -0.145999      1.02309     -0.56987     0.801718     0.385079     0.398552     0.144306    -0.423591     0.797734    -0.811677    -0.414186   -0.0195247     0.130352      1.39936      0.48929    0.0965557     0.147572     0.166162     0.724291      1.21537    -0.806269    -0.349809     -1.02919     -0.33371    -0.364274     0.787491     0.525031      1.22277    -0.413754     0.544807     -0.33218
    0.952167    -0.417118    0.0258769     0.878589     0.803573    -0.288546     0.624518     0.599079    -0.340233    -0.385962     0.730747    -0.591017     0.176026    0.0228826    0.0610324    -0.495757     0.326388    -0.383547   -0.0832869     0.226115   -0.0114476    -0.635638     0.368738   -0.0846575     0.326004     0.593111    0.0464001    -0.236155      0.09387     0.304907     0.695323      0.57258
   0.0896315     0.914078    0.0755122     0.404479     0.431661     0.920758     -0.37084    0.0852776    -0.628115    -0.164649     0.826735     0.468418    -0.612022    0.0483216     0.640291     0.616308     -1.29189     0.982806     0.312254    -0.136797    -0.862288     0.917719    0.0805722     0.263638     -1.03339       1.1448     -1.03446     0.267761     0.568777    -0.173502     0.246492    -0.141234
