    0.661787     -1.19753    0.0687948    -0.619342     0.578248     -1.18641    -0.104447    0.0134779     0.296037    -0.287812   -0.0720107      0.76793      1.29109    -0.470664     0.194988     0.267124     0.518436     0.729211     -1.04072     -1.17802     0.339851     0.481557    -0.226053      0.60451     0.144108    -0.967483     0.129462      1.32514      -1.1766      1.09412     0.304777    -0.114142
  -0.0303876    -0.213484   -0.0612438     0.632157     0.157043    -0.326406    -0.662363     0.132888     -0.66771    0.0144668      1.00762    0.0242411     -1.06667     0.313361     0.054582    -0.946731   -0.0559052     -1.37993    -0.230935     0.226696     0.214207    -0.560711    -0.159986     0.554051     0.477327     0.948713     -1.14655   -0.0319008      0.81968      -1.4822    0.0461925     0.392321
   -0.112576     -2.35236    -0.338834    -0.435866      1.09397     0.798759    -0.183473    -0.435643   -0.0155801    -0.191642     0.305218     0.266314     0.662664     0.343319    -0.142873    -0.356243     0.740217   -0.0874654    -0.374823    -0.142898      1.15096     0.942085       1.2258    -0.407157     0.649685    -0.783051    -0.226963     0.890238    -0.675764     0.524183     0.248324    0.0135755
   -0.561672       1.8713     0.631015     0.251932    -0.708177     -1.16278     0.175704      1.08066    -0.240181      1.53289    -0.928192     0.254167    -0.366783     -1.02462     0.447158     -0.26724      1.12029       1.1236      0.59801    -0.833208     -1.51271     -1.25354    -0.519816     0.485386     -1.09223     0.986895    -0.133584     -1.08405      0.54231      1.68012     0.810811    0.0056624
   0.0771317     -1.72593   -0.0755542   -0.0464393       1.4943    -0.115919    -0.169449    -0.364007     0.183407    -0.271418     0.602949     0.179367    -0.787872     0.252736    -0.388633    -0.063833     0.621171    0.0648724    -0.045418    -0.363856     0.637804     0.095444     0.447729     0.141769     0.870309    -0.546147    -0.683988      1.41096    -0.936619    -0.965946    -0.351465     0.510432
    0.908816    0.0368489    -0.187874     0.317958    -0.653634    0.0381738     -0.48008     0.654465    -0.546113      1.00853      1.20452     0.137894    -0.107479     0.466266    -0.542132      0.13241    -0.410683     -1.11487       0.8872     0.354165     0.268099    -0.746659    0.0659809      1.11484     0.389514    -0.633993   -0.0202947      1.16423     0.995303     -1.62109    -0.131849    -0.214811
   -0.933951      0.38401     0.612757    -0.328168     0.160689    0.0714436      1.06981    -0.786127     0.850746     -1.11015     -1.09641     0.150224    0.0541602    -0.464156     0.343971     -0.32804    -0.223005     0.878905     -1.30774    -0.458533     0.367757    0.0938508    -0.165351   -0.0278913    -0.447581    -0.072901    -0.116614    -0.981517     -1.03999      1.45874    -0.125015    -0.096814
  -0.0963189     -1.02405      0.15188    -0.523956     0.231795     0.495501     0.235316    0.0896648    -0.116293     0.312927    -0.269411     0.651338     0.503384     0.549417     0.036037    -0.352186      1.05959    -0.711813      1.12005    -0.014352     0.658734     0.574776     0.727364   -0.0357004   -0.0305661    -0.420587    -0.172098    -0.196881      0.11819     0.472439     0.770064     0.185679
    -1.06411     -2.38786      0.83537    -0.586933    -0.201555  -0.00223023     0.574883     -1.01592    -0.308051     -2.02362    -0.416862     0.333059      1.67271     0.801739      1.42995    -0.712191     0.484292     0.113976     0.328291    -0.372609      0.71288      1.69135     0.956633    -0.538456    -0.528249    -0.703316     0.207523     0.182683   -0.0187027      1.15532      1.08663    -0.441163
     1.37498     0.106664    -0.827933     -1.16546     -2.13196      1.20624     0.804363    -0.204748    -0.261817    -0.207748     -1.32469      0.17645     0.277065     0.467611     0.362869      0.53465     0.145336     0.435266      1.40906    0.0538688    -0.628177      0.37935    -0.379498   -0.0695515     -1.08313     0.180424      1.02593    0.0317905     0.103837      1.96916     0.205612    -0.459666
    -1.05152    -0.539538     0.512593     0.881444   -0.0232075   -0.0368346     0.289813    -0.880095     0.534562    -0.260417    -0.480128     0.605681     0.818368    -0.421366     0.769549    -0.742939      0.04009      1.00471     -1.51546    -0.678245   -0.0817774     0.390276    -0.250748    -0.900462    -0.664566    -0.349049     -0.92769     -1.06008     -1.01122     0.588274     0.358453    -0.568153
    0.724328     -0.92266      0.19261    -0.203989      -0.8763      1.66463    -0.263203    -0.188328    -0.713401     0.808013    -0.547534   -0.0320675    -0.952269      0.28471    -0.276091    -0.369423      1.19083     -0.15424      1.88198      1.07496     0.241016    -0.581815     0.500979    -0.798367    -0.244282    -0.310422    -0.947832     -1.08986    -0.180832    -0.133855     0.531389      1.10782
   -0.781793     -1.47358    -0.829974    -0.115412      1.76353      1.76091     0.326798    0.0465474     0.231968      1.38947  -0.00625225    -0.916409     -0.64521     0.517358    -0.599031    0.0668126      1.92618    -0.927685      1.33375     0.603993   -0.0348289     0.105491      1.09671     -1.11148     0.110667     0.255424   -0.0706495    -0.156119     0.873765    -0.518145    -0.194689  -0.00583517
    0.583096    -0.804603    -0.399178      0.24007      -1.0298    -0.115951    -0.635794   -0.0455292    -0.986869    -0.539688     0.127632     -0.52455    -0.469285     0.440615     0.223416    0.0926206    -0.118052     -1.00142     0.702775    0.0458214      -1.0194    -0.782957    -0.285254     0.411826    -0.153525     0.245232     0.169319     0.557997      1.07008    -0.374681    0.0122387    -0.636909
   0.0199974    -0.437188    -0.197051    -0.437132      1.00541     0.160745     0.284261     -1.85871      1.06448     -1.10518    -0.455963    -0.967617    -0.561801    0.0523486    -0.121458      0.61747     0.319648     0.488032    -0.408112     0.683125     0.254254    -0.367551    -0.815566    -0.325166     0.237938    -0.603135     0.582659   -0.0847022     -0.93729     0.374368    -0.700585    -0.362709
   0.0870518    -0.831683     0.190665     -0.15256    -0.707152      1.05146    0.0522243    -0.752228    -0.339653    0.0321277    -0.650287    -0.349634    -0.276673      0.67035    -0.992931     0.617954      0.38431     0.568959      1.74701      1.32081     0.752121      0.60153     0.439224      -2.2426     0.476989    -0.506916    -0.301408      -0.9701    -0.262977      -1.2527   -0.0602924   -0.0153161
   -0.269844     0.368992     0.430327    -0.229225     0.142405   0.00543124    0.0765664     0.958554     0.976009    -0.359884    -0.120684      1.68143      1.68647     0.721366    -0.852687     0.617194     0.230878     0.111303     0.676894    -0.275763      1.06161      1.46938     0.769123     -0.20096      0.67251    -0.736376     0.787277     0.320512       -1.284      0.92909    -0.226723    -0.690138
     1.46501    -0.212147    -0.536006    -0.347787    -0.682043     0.476246    -0.582268      1.36496    -0.972753      1.06307     0.431229   -0.0802863     -1.79784      0.44864    0.0574909     0.147195     0.572874    -0.908613     0.839267     0.627462    -0.749612    -0.797588    -0.248138     0.579168    0.0731746      1.08771   -0.0651198     0.826171      1.26689      0.30054     0.671636     0.228348
    0.302019   -0.0389389   0.00385632      1.26178    -0.517238    -0.674046    -0.235726     0.276517   0.00226751     -0.58594     0.676476      1.12228     -1.79314     0.103894     0.202953   -0.0366749    -0.792486    -0.960475    -0.726706     0.497754    -0.415637     -1.47286     -1.16254       1.2076     0.665679     0.738981    -0.855362      1.11186      0.12955    -0.341329     -1.37918      0.25171
    0.222614      1.59778     0.383171     0.167307    -0.675482    -0.456608     0.146791     0.296785     -1.90766     -1.23136    -0.864593     0.649192     0.519164     0.072617    -0.576157    -0.338489    -0.719573     0.285994    -0.767869     -1.02388      0.63599     0.970128    -0.312167     -0.34453     0.702356     0.257535    -0.817345    -0.507992    -0.560765    -0.900076    -0.263814     -0.14603
  -0.0135092     0.573265    -0.537738    -0.683215     0.153674     0.256723      1.06505     0.383072    -0.435256     0.245085    -0.446839     0.653103   -0.0502088      0.29449    -0.380989    -0.102288    -0.202017    -0.384465    -0.526493    -0.606622     0.385874      1.85728    -0.202047   -0.0433757     0.263611      0.74443     -0.28001     -0.73645     0.226409     0.561914    -0.323971    -0.224316
    0.555707    -0.500174    -0.319133    -0.178527    -0.272511     0.667137     -0.43378     0.104467    -0.765796      1.65416    -0.367916     -0.11303     -1.85657    -0.202133     0.114468     0.139739     0.255278    0.0214327     0.750968     0.418611    -0.776036     -1.43515    0.0563454     0.141976     -1.33571     0.637629     0.176519    -0.290206     0.763565     0.574383   -0.0965606     0.958279
   -0.684977     -2.29803     0.509515     0.141913    -0.342505     0.149384     0.277496     -1.42052     -1.49492     0.247781     -1.13771    -0.645794    -0.172819    -0.423823     0.926758    -0.623631    -0.342258     0.508525    -0.301016    -0.111195    -0.485412    -0.671409     0.280487     -1.01396      -1.4673      0.13787    -0.567144    -0.491717     0.367602     0.858191     0.171335     0.128202
   -0.510027     0.469292     0.595264       0.1828      0.70705     0.979668     0.032689     -1.19462     0.150764    -0.315792    -0.375544   -0.0480386     0.716941     -0.31954    -0.884987     0.423987      0.30567     0.871619       0.4041     0.777014     0.424518     0.967725     0.157127     -1.82366   0.00686953     -0.91067    -0.629533     -1.95118    -0.464668    -0.761269    0.0508432    -0.333748
   -0.252091      1.09264    0.0996655   -0.0690536     0.304171    -0.226855    -0.449505      0.77252    -0.642461     0.740924     0.343569    0.0583866    -0.895493    -0.161135    -0.862136     -0.21239   -0.0921605    -0.434626      0.36519    0.0063616     0.515208   -0.0865761     0.526186     0.158109      0.15698     0.606727    -0.413642     -0.29971   -0.0744287    -0.971394    0.0113029     0.404745
     0.28356      1.33143     0.328848     0.870148     -1.05117    -0.670195    -0.801989      1.76243     0.296879      1.28918      0.18958      1.33867     0.855366    -0.431854     0.595094     0.558145   0.00319052      1.02636     0.404658   -0.0839378    -0.617059    -0.176929     0.289364     0.308045     0.671286     -0.41341     0.420148     0.416901    0.0334659    -0.461083     0.565204   -0.0499388
  -0.0408379      1.00434    -0.103879      0.63902     0.474833     -1.51861    0.0505246     0.769817     0.863423    -0.488804     0.966893     0.406292    -0.294181    -0.317916     0.771023    -0.453616     -1.61461    -0.457734     -1.87414    -0.580659    0.0310888    -0.018862    -0.499262      1.49068     0.109944     0.339462     0.209714     0.599589    -0.474779     0.232177    -0.349552     0.023723
   0.0520434    -0.231266     0.276046    -0.151295    -0.740971    -0.274737     0.902416     0.724402     -1.12936     0.611876     0.964239     0.137617     -1.42534     0.309606     0.295236    -0.704394    -0.655025     -1.51396     0.641746     0.012305    -0.357053     0.418907    -0.240013      0.42325      -1.7327      1.61282    -0.583713    -0.212085      1.55329     0.453503     0.832701     0.299083
   -0.265453     -1.00975     0.467105      1.37057     0.701407    -0.946382    -0.955651     -0.13394    -0.253761    -0.138489     0.915709     0.323188    -0.470454     0.302964     0.758732   -0.0823285    -0.219636    -0.107173     -1.01266    0.0739347    -0.137738    -0.714751    -0.196704     0.236058      1.02112    -0.425906     -1.34049     0.632468     0.242844     -1.73523     0.093086    -0.170505
    0.450937      1.79918    -0.127703     0.230775     0.963081     0.463034    -0.187329      0.25163     0.750655     0.289629     0.123327    -0.242752    -0.804522     -0.81536     -1.29701     0.908667    -0.870275     -0.21555    -0.300281     0.402753     0.336031    -0.270463    -0.445269     0.853588     0.742538    -0.305184     0.354245    -0.225991    -0.764022    -0.956914     -1.55285     0.480374
    0.462054     0.177403    -0.290024     0.528885   -0.0662303    -0.032874    -0.563727     0.672745     0.431072     0.179238     0.274578     0.138783    -0.679293    0.0122272     0.314139     0.434915    -0.259823 -0.000281232   -0.0558281     0.843487    -0.732274    -0.839093    -0.351261     0.539926     0.457445     0.216733     0.496095     0.850286     0.686065     0.811845    -0.182693    -0.112124
   0.0210411     -1.36758     0.288785      1.22137    -0.335627     0.144941    -0.349951      1.04284     0.819429      2.02647      1.13929     0.843405    -0.261355    -0.081022     0.282511     0.499341    -0.481635     0.233599      1.08252      0.85235    -0.877717    -0.497319     0.171446    -0.356048     -1.16202    0.0312248    -0.240844     0.598507      1.11935      0.99781     0.342734     0.222958
