   0.111526    0.171181   -0.108028   -0.113473   -0.464867   -0.264609    0.381623    0.280866   0.0317366    0.309656   -0.185124   -0.275244   -0.803427   0.0437473   -0.802499    0.302842    0.080244    0.473387   -0.119266 -0.00375058   -0.295225    0.395298    0.192802   -0.129875    0.228047    0.471087     0.38357   0.0378606   0.0439599 -0.00967253  -0.0915024   -0.755632
  -0.288602    0.392735    0.442784   -0.351424    -1.17005    0.479172    0.569653   -0.597909    0.272747   -0.846221   -0.485549   -0.694168  -0.0532024    0.872037    0.101109   -0.724263   0.0156252    0.129694    0.300131    0.164341   -0.160771   -0.772121     0.29325    0.173166     0.24964   -0.530675   -0.203222    0.753754   -0.527185     0.48321   -0.234647   -0.512099
  -0.231872    0.784318   -0.470244   0.0142004   -0.103167  -0.0913192  -0.0369362    0.143136   -0.280839    0.386695   -0.187701   -0.309079   0.0443887   -0.373662    0.156592       1.248    0.320623    0.791055   -0.427251    0.908513   -0.689282    0.691517   -0.375852    0.123268    0.559466    0.645228    0.221497     1.11286   -0.038981    -0.21097   -0.372648   0.0746708
  -0.250902    0.319751     -0.4932   -0.632587    0.191075   -0.596576     0.15481    0.637549    0.633565  -0.0863848  -0.0231537    0.727824   -0.259338   -0.718732   -0.593388    0.336536     1.58747    -1.09644   -0.531724   -0.917127   -0.307405    0.258603    -0.29821   -0.422202     1.12949    0.402708   0.0262176    0.472093    0.633523   -0.427882   -0.446435   -0.400616
  -0.854699   -0.112668    -0.27542    0.108135     1.53824     1.12076    0.232481   -0.807567   -0.111257   -0.200699   -0.676837   -0.196124    0.238815    0.141052   -0.262371   -0.698712    0.844938   -0.362702    0.263028    0.327034   -0.199205    0.395337   -0.282983   -0.173061    0.231245    0.374487   -0.130289     0.92517   -0.191668    0.378469   0.0578227   -0.929266
  -0.594047    0.200697    0.447569    0.523033    0.455869    0.196321    0.353845   0.0282841    0.172338   -0.299642   -0.276379   -0.279314   -0.678084  -0.0233476   0.0558407    0.386644    0.374253    0.331433    0.234782   -0.429674   -0.478427    0.811084   -0.100978   -0.109069   -0.109379    0.155172  -0.0105257    0.892104   -0.708919    0.316973   0.0168896    0.406828
  -0.287951   -0.262486    0.421355   -0.127014   -0.254913   -0.835035  -0.0963461   -0.264434  -0.0676418    -1.21376   -0.217023    0.700418   -0.384015  -0.0744916   0.0115088   -0.353297    0.638373    0.206677    0.533672   0.0314943     -1.3334     0.28054   -0.199421    0.996435   0.0293431    0.630657  -0.0209952    0.152873   -0.386973    0.201037    0.342156   0.0474514
  0.0895493   0.0957596   -0.500063  0.00922705    0.712286   0.0220314    -0.21505    0.369904   -0.128925   -0.413306    0.269251   -0.597479    0.138244   -0.140591    0.189712  -0.0351811    0.861934    0.352908   -0.874375     -0.7212   -0.612018     0.26547    0.653043   0.0366444    0.423647  -0.0992905   -0.656183    0.270517    0.595843   -0.119251   -0.509014   0.0195292
   -1.01491   -0.761519   -0.590086    0.826833      -0.156    0.555888     -0.9026    0.767083     0.18592   -0.734302    0.331664  -0.0954335     1.19237    0.129614   -0.425177   -0.211574    0.667471   -0.596083    0.371823     1.30933   -0.163296   -0.158602      -1.136   0.0857075     1.20215    0.456549    0.206055     0.30157   -0.238328   -0.178386    -1.33732   0.0787987
    0.35472    0.933671   -0.741548    0.426472   -0.332829   -0.559992   -0.114919   -0.297659    -0.91872    0.222695    0.481516   -0.563272   0.0613463    0.299324  -0.0258985   0.0976816    0.306632   -0.336816    -1.57202   -0.148534    0.129862     1.10489    0.295052   -0.282862     0.53193   0.0220005   0.0807421  -0.0956151   -0.311125    0.695957   -0.287832   -0.356053
  -0.207552    0.680201   -0.032183    0.142594   -0.437629    0.111884   -0.483081   0.0348869  -0.0625439    0.228588    -1.03774    0.413597   -0.115171    -0.63133   -0.406058    0.157912     0.47748      0.6082    -0.21629   -0.167888   -0.607517    0.031395   -0.186596    0.482498  -0.0583818     1.32475   0.0723632    0.798153   -0.329016    0.720768   -0.651474   -0.291025
   -0.13297    0.352376   -0.303686   -0.797709    0.425429   0.0524134   -0.403964    0.315565    0.492757   -0.333252    0.208729   -0.397438    0.204525    -0.51885   -0.523591 -0.00814173     1.36574   -0.718031    0.462135     0.61339    0.140296   -0.252965   -0.543931    0.116284     1.08217    0.574678   -0.121163    0.429944    -0.42721    0.073356   -0.364737    0.332789
   0.499564  -0.0892503   -0.142305    0.305087     0.17379     0.24775   -0.484306    0.393004   -0.148741   -0.110584    0.472764   -0.353878    0.155479   -0.192849 0.000933013    0.859886    0.259257   -0.586812    0.278359   -0.305212     0.19816   0.0115523   0.0271369    0.867293    0.251027   0.0260434  -0.0381661    -0.41334   -0.370482   -0.441759    0.133528    0.650097
   0.166702   -0.071802  -0.0680536    0.206129   -0.123182    0.106098   -0.595917    0.143177    0.614662  -0.0277474   -0.398226    0.489066    0.367629   -0.494249   -0.606771    0.657159    0.734312   -0.201953    0.307491    0.234183    -1.46618    0.234936   -0.479602    0.107436    0.981222    0.630626    0.127266    0.561958    0.273133   -0.358508   -0.574723    0.474773
  -0.112048   -0.464464   0.0734589   -0.499367   -0.484242   -0.219152   -0.160017   -0.127449    0.362549   -0.480627   -0.095762    0.743924   -0.163189    -0.36772    -1.31393   -0.999928   -0.428628   -0.368519    0.956043   -0.361757  -0.0752715   -0.754897     0.15536   -0.375953    0.267497   -0.378176    0.200241    0.771213    -0.27712   -0.568338    0.171209   -0.816037
  -0.942832    0.193331 -0.00152468  -0.0659991   -0.322794    0.238734    0.949774  0.00690279   -0.328061   -0.305868   -0.779632   -0.436179   0.0639961   0.0740018   0.0224167   0.0436829    0.510826   0.0958339    0.168128    -0.16753   -0.269724    0.129923  -0.0123438    0.157674  -0.0157686     0.39359   -0.061754    0.218586   -0.135018    0.216354   -0.305133   -0.948124
  -0.103791   -0.394047     0.44803   -0.229208    0.751953     -0.2076  -0.0476639    0.276832   -0.811178    0.400315    0.139002   -0.491055    0.111823   -0.287096   -0.721498   -0.344476    0.723463   0.0589428     1.29817   0.0432939  -0.0838035   -0.144294   0.0840932     0.93744   0.0985376    0.641005   0.0872054    0.243431    0.450138    0.574814   -0.718618   -0.694357
  -0.500825    0.247966    0.641265   -0.347844  -0.0544884    0.444373   -0.782159   -0.747199    0.526856   -0.630302   -0.253417    -0.29554    0.449037   -0.292754   -0.273244    0.455673     1.04642   -0.691744     1.02073    0.591938    -0.12363    0.641924    0.367676   -0.591661    0.679762      1.3551     0.29908   -0.858486     1.34642    0.398232   -0.542131    0.129193
  -0.157214    0.574188   -0.737668  -0.0849134    0.274718   -0.468453  0.00327215    0.538395    0.962008   -0.558676   -0.484735  -0.0330514   -0.227523   0.0422663    0.208837    0.409529   -0.599263   -0.821237    -1.33647   -0.303863   -0.282514     1.61267   0.0695456   -0.262956    0.977803   -0.113898   -0.199343    0.299165   0.0391495   -0.118468   0.0669318    0.648623
    0.46167   -0.109686   -0.279958    0.125833    0.548577    0.427206    0.392464    0.164744    0.994021    -1.08957    0.460351    0.793635    0.924406    0.352577    0.487777   -0.498353  -0.0905599   0.0262338    0.964696   -0.203644   -0.705944   -0.154273    0.203459    0.214104    0.703558    0.600217   -0.363075    0.410437   -0.040825   -0.292646   -0.103945   -0.296652
   0.260759    0.698499   0.0276701   -0.999529   -0.283775 -0.00136761    0.433004    0.439274    0.309558    0.223851   -0.348958    0.611633  0.00576316   -0.505138   -0.581933    0.379509     1.18696    0.140393    0.945568    0.466276   -0.495396    -1.07903   -0.383402    0.757976    0.264219    0.979641   0.0897194    0.441769    0.470378   -0.140751       -1.06   0.0448824
 -0.0574945    0.331455    0.137221   -0.495864   -0.157826   -0.356648   -0.604745    0.527257     0.69733  -0.0441346  -0.0504707  -0.0573599   -0.495932     0.47694   -0.531179    0.771296   -0.201367    0.559467   -0.454733   -0.310514    0.603368   0.0434756    0.106845   -0.145937   0.0464084    0.308704    0.283816    0.180637   -0.469867  -0.0315402    0.818765    0.101869
   0.254475   -0.113949   -0.498713   -0.449752    0.697336    0.283344   -0.123884    0.107531    0.206474    0.469692   -0.508995    0.863568    0.567481   -0.838869   -0.606009   -0.432479     0.70014    0.804911   -0.292115     1.57016    0.441548    0.682471   -0.325064    0.150298     0.66607    0.420689    0.593035   -0.892497   0.0457849   -0.840553   -0.269355    0.287339
  -0.528712    -0.49666    -0.29484    0.265703   0.0938768   -0.293151     0.70281    0.401963    0.283575   -0.185659   -0.211073   -0.730845   -0.769193    0.414936   -0.186632    0.670624   -0.278849    0.128922   -0.409507   -0.162719   -0.847709     1.12699   -0.117705    0.237651   0.0285051    0.429143   -0.555714     1.25938  -0.0252853    0.221557    0.680323   -0.513542
   -1.14501  -0.0751633    0.743544   -0.256931    0.194815    0.714879    0.330716   -0.507909   -0.190995   -0.164521   0.0398598   -0.323211   -0.282959   0.0326665   0.0295962    0.100968    0.894909   -0.165402    0.590255    0.522683    0.846976   0.0185613    0.954178    0.798578     0.29452     0.50552   -0.451679    0.173887    0.621678    0.596581   -0.521396   -0.073395
  0.0034181    0.547552   -0.478661    -0.29084    0.766945   -0.247565   -0.322164    0.141072   0.0612859    0.494792    -1.41665   -0.518795   0.0347614    -1.19286   -0.626582     1.04527    0.458303   -0.008271   -0.416599   -0.591514      -1.053    0.393738    0.520844   -0.732165  -0.0594651     1.05982  -0.0971329     1.24743  -0.0934159    0.521504     0.12817   -0.297179
   0.572442    0.305629    -0.35176    0.222698  -0.0279172    0.258498    -0.35377   0.0463766    0.168893    -0.21813   -0.638021    0.162839     0.48249   -0.366145   -0.177837   -0.132389    0.995006    0.129036   -0.730856    0.559884   -0.790144    0.035653   -0.389212   0.0241722    0.310297   -0.712958   -0.665598   -0.202521    0.238302   -0.269355   -0.259503  -0.0948159
   0.199368     1.35037  0.00644895      0.5895   -0.205757   -0.112266    -0.31542    0.179488   -0.220033    0.544376   -0.788327   -0.301944   -0.024358  -0.0246468   -0.268031    -0.23194     1.48206  -0.0135926    0.479046     0.78572    -0.58228    0.251661    0.277705     0.10375    0.196143  -0.0649898   -0.498593    0.422549    0.556003    0.769263   -0.126821    0.801216
  -0.297396    0.596218 -0.00590748    0.418185   -0.260843    0.195455  -0.0665818   -0.578905    0.316869    0.413922    0.120877   -0.073245   -0.167559  -0.0619238   0.0030911  -0.0941194  -0.0192268  -0.0684316     0.32922     1.32752    0.839358    0.181321    0.874193      1.4448    0.513755    0.420491    0.619335    -1.19776     0.45724  -0.0938002   0.0435248    0.189642
   0.174386    -1.26634   -0.458972    0.520623   -0.501205    0.229233   -0.321533  -0.0510097   -0.477786    0.185076    0.702237    0.754435   -0.637423  -0.0964103   0.0513887  -0.0202795   -0.600273    0.499494  -0.0558937   -0.899512   -0.439055    0.304475    0.455275      0.3654  -0.0673909    0.367366    0.368205     0.09081   -0.336486    -0.45619    0.442619   -0.764797
  -0.117708   -0.405435    0.377567     -1.2491    0.757289   -0.370034    0.169367   -0.349844     0.19917    0.148598   -0.212446   -0.180059   -0.311621   -0.535933    0.273389   -0.250051    -1.26224   -0.158313     1.03499     0.23693    0.769148   -0.106607    -0.29154    0.253028    0.318474    0.615859    -0.12664  -0.0867466    0.518808   -0.590703   -0.451334   -0.502721
  -0.294646   -0.227284   -0.278412    0.708059   -0.288132    0.254064    0.446743   -0.322308   -0.217824   -0.195031    -0.53127    0.215787    0.316694   -0.213738   -0.166816   -0.517456     0.78806  -0.0322624    0.313604    -0.56296   -0.465065   -0.134065   -0.156907    0.160934     0.60892   -0.192098    0.438832    0.620663   -0.733324  -0.0462392   -0.988763     0.21044
