   -0.148458     0.954508     0.105464     0.131896    0.0570519     0.141177    0.0580253  -0.00861377     0.103302     0.259979    -0.428172    -0.167853    -0.186568    -0.478317    -0.257798    0.0137018    -0.204241     0.241675   -0.0483821    0.0547593    -0.429497     0.380404   -0.0638358    -0.526477    -0.237974    0.0728298     0.277459    -0.585343     0.112881      0.74025     0.331592     0.204379
  0.00364262     0.719133     0.326622    -0.489136    -0.382016    -0.843079     0.242875     0.623195    -0.087811     0.840065    -0.324422     0.386772     0.547654    -0.489304    -0.018537      0.10394    -0.417111     0.583798    0.0745718    -0.766542    -0.524275  -0.00560217     0.424806    -0.149795    -0.455385     -0.12511      0.50751    0.0741078     0.108502     0.298982   -0.0332674     0.176552
    0.327947     0.264707   -0.0803859     0.296748    -0.393814    -0.440144     0.290219     0.591564    0.0394709  -0.00369623     0.930623     0.263861    -0.263179     0.849398     0.204195    -0.258025    0.0223521    -0.311722    -0.751823    -0.119631     0.702739     0.470729    -0.519267    -0.411128   -0.0575497     0.491502    -0.318717   -0.0273324     0.662136    -0.151535    0.0837028     0.119252
    0.465931     0.434633    0.0898994   -0.0529713    -0.423076    -0.615939     0.311609    -0.256946     0.237106    -0.356242     0.291897    0.0834857   -0.0370357   -0.0825584    0.0492449     0.116017     0.497212     0.728975    -0.513344    -0.526737    -0.223487     0.249645    -0.803668    -0.355366     -0.28158     0.559015     -0.30571    -0.154024    -0.154009     0.381428     0.170856    0.0745082
   0.0796279    -0.360695     0.248614    -0.175212   -0.0864097     0.281289     0.322042    -0.192246     0.555725     0.490975    -0.338997     0.508205     0.137878     0.197041     0.111374   -0.0716758     0.457714    -0.142003     0.730684     0.966643   -0.0198688    0.0358198    -0.466995     -0.36978     0.354414    -0.425571    -0.501037    -0.325382    -0.319628    -0.411006    -0.320027     0.318497
   -0.176505     0.367521    -0.220241 -0.000330845     0.849022    -0.696265     0.933815    -0.798097      0.53756    -0.969288     0.511363    -0.729952     0.705339     0.195457    -0.173765    0.0599054     0.459107     0.411284    -0.246469    -0.404388    -0.283447     0.118893    -0.428759    -0.414927     0.173882    -0.499412    -0.218012     0.110393     0.287547    -0.313479    -0.283629     0.153248
    0.138554     0.518788     0.319149     0.651362     0.555711    -0.374883    -0.846366     0.199154     0.858893     -1.01479     0.918764    -0.511618  -0.00620172   -0.0863351    -0.030362     0.386232    -0.295804     0.305052    -0.207732  0.000367782    0.0515027    -0.461221     0.185399    0.0974087     0.726717    -0.551858    0.0774297     0.638954     -0.16261    -0.640265    -0.132625     0.041208
    0.412792     0.185968    -0.729273   0.00713968     -1.08918     0.245482     0.373748    -0.176325     0.249106   -0.0570107      0.27172     0.122304       0.8177     0.195135     0.465529     0.124355      0.56919    -0.576692    -0.835681    -0.870341    -0.369391     0.172687    -0.696921      0.34161    -0.330972     0.209856     0.118108    -0.133717    0.0227501    0.0874307    -0.085106    0.0159969
    0.153252    -0.112366    -0.185359    -0.326358     0.160271    -0.116529     0.355495      -0.4631    -0.380819    -0.359864   -0.0333905      0.10126     0.254214    -0.151792    0.0111958    -0.730287     0.749255    -0.513296    -0.496031    -0.444383    0.0118999     0.038134    -0.135935     0.827232     0.354263   -0.0742012    -0.537515    -0.119927    0.0641921    -0.513502   -0.0703739     0.265751
   -0.549314     0.689364     0.567715      0.38089     0.537323     -1.02825    -0.558036    -0.165927     0.101795   -0.0715557     0.329324     0.222801    -0.708748    -0.695431     0.589452    -0.157168    -0.961358     0.228303    -0.255325    0.0489898     -0.17315     -1.47974     0.324817      1.18442    -0.118535    -0.248727   -0.0390424     0.151628     -0.42364    -0.424918     0.194739     0.688533
   -0.536945    -0.355898     0.459842    -0.129207     0.235409    -0.263586     0.247524    -0.320544    -0.590482    -0.446065    -0.351285    -0.151039     0.127583   -0.0843525   -0.0565939    -0.447052      1.47394     0.822203    -0.337363    -0.556583     0.157883     0.347851    0.0629779   -0.0507324     0.582455     0.377218    -0.791514     0.125182     -0.48797    -0.482154     0.331826     0.464418
   -0.279131     0.696298   -0.0479949   -0.0279089     0.095791     0.118897    0.0086892     0.401183     0.634532       0.2813    -0.364058    -0.257496    0.0667845     0.175345    -0.187243     0.343379     0.775148    -0.220248     0.669388     0.201657     0.132944    0.0651925     0.131305   -0.0257971   -0.0720093     0.255395     0.650632    -0.729327    -0.388029     0.633882     0.280857    -0.311799
    0.476927      1.02068     0.195771      1.03192     0.305099     0.308398    -0.364495     0.350708     0.317458    -0.171074     0.321208     0.336123    -0.459785    -0.491766     0.260591     0.412647     -1.34637    0.0279186    -0.752049     0.552436     0.088049    -0.498306      0.17283     0.454485   -0.0360493    -0.487804     0.133922    0.0186809    -0.120815    -0.451661     0.476313    0.0865998
   -0.385344   -0.0968162   -0.0377934    -0.378822   -0.0923554   -0.0842957     0.364163    -0.710174     0.219995     -0.06861   -0.0251015    -0.659495     0.179065     0.312724    -0.143255    -0.123877     0.555223     0.258976     0.389705     0.162047     -0.33302     0.721127     0.175071    -0.105883    0.0314477     0.316455    0.0260642     0.332918    0.0276165    -0.553557    -0.369468    -0.451861
   0.0450772     0.228869     0.340053    -0.427728    -0.125435   -0.0715088     0.174197     0.144665  -0.00970399     0.283921    -0.540651    0.0835637    -0.166415    -0.111327     0.691856    -0.114835    -0.157885    -0.332666    -0.120357   -0.0549595    -0.112244    -0.123341    -0.455278     0.173301     0.170055    0.0638593     0.416906    -0.172777     0.292524    -0.209449    0.0130507     0.062026
    0.354254     0.734492     0.198906     0.417022    -0.960357    -0.993552    -0.170754     0.651806     0.130916    0.0728731     0.112797     0.416427    -0.405324   -0.0351876     0.370208    -0.108628    -0.133732    -0.361479    0.0692033     -0.22439    -0.632074    -0.754349     -0.81137     0.917192    -0.142151     0.671392     0.146576    -0.132381    0.0133987       0.3733     0.262972    -0.136547
   -0.825833     0.281537     0.725533     0.649859     0.283053   -0.0494588     0.283812     0.206194      1.10453     0.154391     0.179111   -0.0513904     0.488286    0.0468763     0.145515   -0.0857305    -0.151963     0.338897     0.620521     0.643577     0.228999     0.446303   -0.0174846    -0.828001   -0.0571716    -0.211965    -0.289745     -0.52069    -0.243868      0.24434     0.562412    -0.193461
   -0.806409     0.198971    -0.178248    -0.407001     0.791513     -0.23247     0.397476    -0.335597     0.608355    -0.320739     0.895524    -0.738372     0.393125    -0.120057    -0.581344    -0.389587     0.523064    -0.462366    -0.619846    -0.431807      0.33144     0.853763    0.0239226    -0.215328     0.165665     0.260226    -0.310416    -0.454021     0.347378    -0.620113    -0.221972     0.173758
    0.345262    -0.767102    -0.428197    0.0780383   -0.0126869     0.558862   -0.0992881     0.455464   -0.0546957     0.397251     0.154688     0.513345     0.766952     -0.24774    -0.333947     0.559914     0.488851     0.261241    -0.560767     0.458217     0.109315     0.552343    0.0555533    0.0590966     0.125113    -0.178495    -0.212607     0.492327     0.468752     0.172236     0.904076    -0.350829
    0.128801     0.849594      0.14191      -0.2933    -0.249082      0.47949   -0.0607244     0.213641   0.00505043     0.142837    -0.271823    -0.125173    -0.302511      0.20704    -0.547189     0.107747    0.0758912    0.0127867     0.271869     0.106585     0.399096     0.390323    -0.311765   -0.0898222     0.588222   -0.0796826     0.224524    0.0361317    -0.140439    -0.631322    0.0878014     0.177296
   -0.528051    0.0537024      0.24121   -0.0811747     -0.26809    -0.117308      0.52848    -0.209885     0.216365     0.203478    -0.522069    -0.433629    -0.171475    -0.174885     0.619255    -0.402485     0.629877    -0.487867     0.794059    -0.432467   -0.0146067    -0.437906     0.148046     0.857586   -0.0732054     0.104076     0.630099    -0.258724    -0.150449     0.252805     0.364348    0.0905262
  -0.0545879     0.693772     0.194522    -0.362785     0.736047      -1.0388   -0.0357364     0.710888      0.45953     0.473556     0.591875     0.115819    -0.438819     -0.36558    0.0753861    -0.533497    -0.484059     0.221637    -0.234099    -0.574038    -0.243413   -0.0439609    0.0631074     0.466545    -0.181129     0.166601      0.28738     0.652645    -0.788261      0.91229     0.908547     0.237157
   -0.100133    0.0011093    -0.287496    -0.209622     -0.14848     0.289437     0.382606      0.34734     0.356278     0.133129     0.399803    -0.367945     0.559363      0.25379    -0.180913     0.432751     0.244767    0.0681875     0.822857   -0.0745084    0.0844555     0.925234     0.213939      -1.0362    -0.150798      -0.2203     0.673366     0.109727     0.631819    -0.120036    0.0501738    -0.360831
    0.357016    -0.234577    -0.206621    -0.517048     0.231505      0.79237    -0.220929   -0.0823247     0.154604    0.0451177    -0.366567    -0.579442    -0.416484   -0.0659172    -0.590713    -0.393071     0.605628     0.180645     0.292519    -0.508162     0.644998     0.843078     0.164136     -0.81055     0.138554    -0.368969    -0.360842    -0.703391    -0.878415    -0.250681     0.390509     0.100462
   -0.448478     0.163355    -0.505333  -0.00987084     0.876716    -0.653411     0.508168     -0.91863     0.621385    0.0368359     0.707607     -1.28003    -0.172074    -0.136645    -0.148033    -0.448743    -0.430908     0.135185    -0.712022     -0.11542     0.360317    -0.165146      0.32065   -0.0587328    -0.430308    0.0816804    0.0210042      0.40385    -0.602203    -0.815867    0.0479024     0.403772
  -0.0371972    0.0386269    0.0992591   -0.0916058    -0.196382    -0.104289    -0.286883     0.178307    -0.403881     0.709007    -0.258659     0.520034    -0.200673    -0.194801    -0.178304      -0.2418    -0.175213    -0.624502    -0.016326    -0.399863     0.251282   -0.0372333   -0.0498958    -0.049103    -0.317244    0.0629914     0.188791    -0.548953     -0.53105     0.654844     0.181684    0.0284036
    0.021478   -0.0832725    -0.404206     0.225891    -0.179343      0.24742      -0.1392     0.310847    -0.564676    -0.278643      0.24903    -0.806851    -0.927677     0.600137    -0.160632    -0.601659     -0.52075    -0.520243     0.423487     0.598014     0.609896     0.123495     0.623111    -0.215361    -0.190821     0.624056    -0.382165     0.357459   0.00859719    -0.195497     0.287509    0.0566018
    0.353625    -0.415624     0.412438    -0.672082    -0.458762     0.314024     0.263101    -0.469544     -0.60552     0.491823    -0.720487     0.472948    -0.137449    -0.572423    -0.145784    -0.271942     0.143984     0.639165     0.239392    -0.249259      0.16267     0.211331     0.254595    -0.587938    0.0179998      -0.5802    -0.105093     -1.03675    -0.233364    -0.260172    -0.410439     0.780571
   -0.314949     0.416353    -0.785608     0.106462      1.02651     0.354443    -0.132729    -0.109522      1.22936     0.117777     0.229951    -0.612019    -0.936988     0.531911   -0.0667201    -0.260813     0.200861     0.241959    0.0913315     0.524086    -0.306741    -0.869112    -0.221673    0.0279605     0.617862    0.0388646     0.163795     0.519994     0.457774     0.189399    -0.793837     0.797619
    0.244689     -0.74794    -0.467957     0.409073     0.218774      0.60611    -0.241988    -0.208639   -0.0810946     0.152275     0.302212   -0.0100644   -0.0267588     0.184297    -0.471077  -0.00153277    -0.951299    -0.399405     -0.10589      1.00668    0.0914151    0.0723936     0.258476    -0.363203    -0.146925    -0.189934   -0.0563601    -0.205262     0.498224    -0.270623     -0.66006     0.677672
   0.0324406     0.538985     0.111762    -0.131385    -0.254486    -0.218416     0.390188     0.117086     0.314109    -0.322442     0.016177    0.0985266    0.0264514    0.0345869     0.207233    -0.518805     0.165582    -0.437966   -0.0420706     0.220706    0.0696396    -0.393196    -0.216613     0.471989  -0.00566837    -0.139882     0.206358    -0.108573   -0.0668953     0.483732     0.258944     0.299509
   0.0462053    -0.141473    -0.406441    -0.423366    -0.484859     0.243621      0.43641     0.411565     0.443385     0.610574     0.213156     0.120784     0.210724    0.0834457     0.612322     -0.32393     0.732831     0.327407     0.183249    -0.134866    -0.109094     0.284587    0.0229739    -0.202659    0.0676677     0.102555    0.0948922     0.495488   0.00488683     0.392709      0.46057    -0.222391
