  -0.161738
   -0.13961
 -0.0959066
    0.30059
   0.168575
  0.0197687
   -0.45523
   0.331097
   -0.24424
   0.442685
  -0.112368
   0.486492
 -0.0494759
   0.123602
   0.906713
  -0.011965
 -0.0764695
  -0.878045
   0.105487
  -0.409494
 -0.0554936
 -0.0823074
   -0.27153
  -0.156371
   0.474705
   0.601693
  -0.301287
   0.212518
  -0.401112
   0.556638
   0.518358
   0.417072
  -0.084951
  0.0359707
 -0.0651249
    0.14529
   0.121744
   -0.72659
 -0.0558881
  0.0535307
   0.392823
  0.0736216
  -0.329026
   -0.37029
  -0.321745
  -0.395348
 -0.0198078
   0.588975
  0.0321251
   0.237835
  -0.554442
  0.0747605
  -0.367135
   0.102672
   0.357571
   0.342785
   0.377032
   0.795074
   0.141652
    0.11237
  -0.240865
  -0.161352
   0.399942
   0.028317
  -0.155347
   -1.26666
  -0.110955
  -0.180464
  -0.104543
   -0.28963
  -0.278127
   0.565162
 -0.0768143
   0.169419
   0.287831
-0.00955979
  -0.442433
   0.445245
    -0.2933
  -0.068104
  -0.084009
   0.516097
  -0.118818
  0.0988106
 -0.0755136
 -0.0330217
  0.0961551
   0.609525
  -0.473443
   0.136717
 -0.0269327
  -0.577459
  -0.347946
   0.562009
  -0.135709
   0.300747
    0.23277
   0.764319
   -0.27292
   0.136638
  0.0567779
   0.213941
  -0.137743
   0.893089
   0.317092
  -0.577743
  -0.387397
-0.00640402
  0.0469323
   0.146008
   0.184351
  0.0863595
   0.349568
  -0.571175
 -0.0655705
   -1.00974
   0.196665
   0.458518
  -0.339136
  -0.231147
  -0.229854
  -0.240302
   -1.11678
  -0.188905
  -0.453381
   0.145775
  0.0831965
    0.14834
