   0.0972998
   -0.234497
   -0.162795
    -0.59621
    0.195687
   0.0713891
   0.0383183
     -0.1806
   -0.785523
   -0.305909
  0.00119994
  0.00881883
    0.143863
   0.0861185
   -0.344849
   -0.140391
  -0.0362402
    0.342212
  -0.0551731
   -0.556496
  -0.0418479
     -0.2431
    -0.34529
   -0.524901
   -0.355593
   -0.244806
     0.23465
   -0.665642
    0.293325
   0.0790019
   -0.440267
   -0.212938
   -0.313627
     0.52092
   -0.676866
  -0.0130756
     -0.1501
   -0.407031
    0.104859
   -0.125441
  -0.0519176
   -0.917616
   -0.370502
   -0.727912
    -0.57683
    0.244526
    0.149928
    0.126271
   -0.437407
    0.200542
   -0.139452
      1.1829
   -0.168094
   -0.824876
   -0.566466
  -0.0296631
    0.257247
    0.337001
   0.0609662
  -0.0474528
    0.156634
  -0.0231301
    0.167328
   -0.196105
  -0.0945618
   -0.340566
   -0.294726
      -0.487
    0.380495
   -0.105045
    -1.51756
    0.200774
    0.197483
    0.170368
   -0.782483
    -1.01578
   -0.221985
     0.86286
  -0.0257057
    0.354526
   -0.142841
   -0.260596
   -0.685993
    0.209023
   0.0521709
   -0.750565
   -0.206482
    0.272756
   -0.378833
   0.0851127
    0.143228
    -0.33419
  -0.0746158
    0.282145
   -0.225486
   -0.305866
   -0.071461
   -0.427922
    0.121096
  -0.0128234
   -0.213991
   0.0842015
 -0.00612266
   -0.312851
    -1.71315
   0.0325757
-0.000549936
   -0.288917
    0.296881
     1.26935
    0.474691
    0.306593
   -0.286281
    -1.21189
    0.176246
    0.447559
   0.0274434
    0.365155
    0.289699
   0.0908153
  -0.0170448
    0.385962
     0.44843
   0.0500051
    0.250292
    0.571837
   -0.471112
   0.0924624
