   0.32841
  -0.45475
 0.0520611
  0.350087
  0.102888
  0.811206
  0.674484
   1.14242
  0.427038
 -0.106156
-0.0850446
 -0.747477
   0.15302
  0.651067
 -0.407111
 -0.346667
-0.0428514
  0.273356
 -0.166858
  0.577963
    1.1982
 -0.261962
 -0.326022
 -0.221948
 -0.207373
-0.0831756
 -0.218882
-0.0301084
  0.218854
  0.369623
  0.735025
-0.0212098
 -0.281078
  0.468051
  0.660541
  0.188752
  0.593929
  0.070757
 -0.307076
  0.487566
  -0.66223
   0.45439
   1.03847
 -0.118335
 -0.212285
  0.495712
 -0.421715
  0.487143
 -0.921729
 -0.193117
  0.507204
  0.100049
-0.0342245
  0.394163
-0.0408357
 -0.507598
 -0.658954
 0.0119224
 -0.533067
 -0.126324
  0.420486
 -0.468055
  0.630957
  -0.17002
 -0.307274
 -0.283522
  0.426278
 -0.579474
 -0.677448
 -0.399027
 -0.720253
 -0.406779
 -0.205871
-0.0464557
  0.403544
 -0.599449
-0.0781338
 -0.195442
 -0.320338
  -1.00179
  0.183288
 -0.337688
  0.405222
  0.248406
   1.12014
 -0.544447
  0.299923
-0.0303991
  0.603844
 -0.407941
  0.612364
  0.180554
 -0.481109
  0.296847
 -0.408025
  0.293635
  0.241812
  0.158572
  0.325053
 -0.461586
-0.0595407
  0.463241
  -0.80609
  0.292217
 0.0522334
  0.737593
 -0.259051
 -0.157928
 -0.135609
 -0.544157
 -0.604136
 -0.261395
 -0.371419
  0.509003
-0.0274431
   -0.3983
 -0.267609
  0.458594
  0.830547
  0.261526
 -0.253224
   0.38117
   0.29245
 -0.738633
   0.57637
   0.34653
  0.342073
 -0.355672
