    0.222242     0.579083     0.274387 -0.000219343    -0.114569     0.112875     0.642384    -0.432623     0.361802   -0.0212214    -0.189174    -0.366596   -0.0289309     0.277533   -0.0210892   -0.0312638     0.220877     0.156527    -0.121726    -0.145486     0.424398     0.256221     0.261361    -0.091942     0.186856    -0.280123    -0.184095      0.48059    0.0193533     0.637797    -0.229224    -0.367519
    0.315031     0.169609     0.367402     0.593726    0.0751224     0.868874    -0.493485    -0.280028   -0.0897965     0.383021    0.0131825    0.0256245    -0.233339    0.0788774   -0.0744844     0.241382    -0.241492     0.297154     0.566815      0.24383     0.496261    -0.342971     -0.33223    0.0384143    -0.273873   -0.0427244    -0.449276    0.0105032     0.585711    -0.186156     0.128506     0.386923
    0.187891     0.471486     0.251146    -0.188335  -0.00667478     0.435777    0.0892923   -0.0910344    -0.582521   -0.0395021    -0.535648     0.379547     0.017745      0.35954    -0.134461    0.0759648     0.474454     0.316204     0.529308   -0.0485994      0.12904    -0.476272    -0.240471    0.0220345      0.17954    0.0476988     0.241654    0.0569089    0.0283585   -0.0993636    0.0164588     0.215048
    0.197007   -0.0451422     0.200972     0.075327    -0.757578    -0.234026     0.407179    -0.032323    -0.378524    0.0553202    -0.267855      1.01588  -0.00247653     0.257468     0.138909     0.305547    -0.176333     0.313937      1.07779    0.0682776     -1.10646    -0.605933     0.421226   -0.0130392     -0.38539     0.310871     0.328809   -0.0557658     0.552427     0.178551     0.165084    0.0157884
    0.470751    -0.224513     -0.48083    0.0919347     0.359448    0.0476341    -0.352743    -0.209055     -0.22353   -0.0922578    -0.314068     0.230434    -0.431669   -0.0213969    -0.238958     0.191438    0.0433664    0.0848391    -0.390276     0.281844    -0.449828     0.170772    0.0740393     0.853389    -0.265278  -0.00428047     -0.13173     0.143202     0.561045     0.222704    -0.444664    0.0350424
    -0.27626    -0.176031   -0.0242847     0.230347     0.273906     0.583672    -0.192269     0.161728     0.324319     0.272799    -0.207234     -1.13362     0.579052    -0.040609     0.177132    -0.306868    -0.183491    -0.460428    -0.294059   -0.0488635     0.619082    0.0737227     0.643746     0.776182    -0.482797   -0.0451923     0.636823     -1.14493     0.253456    -0.563946     0.268899     0.110301
   0.0257742   -0.0654007     0.310027     0.456548    0.0182247   -0.0172812    0.0879752    -0.206237     -0.31238     0.474119    -0.349785   -0.0338883    -0.274374   -0.0848804    -0.415005     0.139978    -0.290506    -0.293973   -0.0473255     0.186053    0.0797675    -0.560793   -0.0227916     0.377399    0.0917704    -0.143308    -0.313506     0.517152    -0.350744    -0.086942    -0.304128    -0.371456
  -0.0399626    0.0717582    0.0479601    -0.674859    -0.335751   -0.0452218     0.299316     0.243158    -0.305663   -0.0323254   -0.0892148    0.0768299     0.148353    -0.104399    -0.434822     0.267632    -0.192396     0.154899     0.328117    -0.131453     0.193801    -0.122604     0.040281    -0.368429    -0.158444    0.0377765     0.166034     0.155152     -0.29999     -0.17829    -0.370133     0.458467
   -0.234119 -0.000813707      0.59305     0.388352    -0.730031    -0.417759     0.977896     0.265583   -0.0591596    -0.505949     -0.49945     0.340052    -0.274334     0.573229    0.0466584    -0.236761    -0.149088      0.56389     0.342036    0.0679685    -0.754183    -0.441832    -0.193593    -0.129388    -0.517865     0.817263    -0.137382     0.816813    -0.654971     0.108862     0.380258     0.331418
   0.0954062    -0.302971     0.186764     0.054868    -0.557809    -0.218436     0.334411   -0.0660892    0.0632144    0.0639924     0.569149   -0.0460841     0.390901     0.577805     0.511995     0.357292    0.0580929     0.920307     0.629157    -0.332021     0.103776     -0.84864     0.152024     -0.22903    -0.122829    -0.822577     0.358221    -0.566506    -0.426962     0.139653     0.382452     0.030882
  -0.0647782     0.209477   -0.0230234    -0.419839     0.232512     0.275086   -0.0339142     0.707899      0.11732   -0.0708179     0.289827   -0.0801355     0.437273   -0.0853786     0.219107    -0.200271    -0.504172    0.0205272    -0.386952     0.169756    -0.231297   -0.0344979    0.0109869    -0.339551    -0.234957     0.576669    -0.221533     0.121327    0.0465513     0.152766   -0.0837478     0.387809
   -0.122609    0.0591942     0.759756     0.253918    -0.252758      1.16473     0.127803      0.10707   -0.0174644     0.152269    -0.131786     0.278229    -0.180686   -0.0601109     0.161447      0.28062    0.0248074    -0.266003     0.197676    -0.357967   -0.0269426     0.102621     0.237237     0.388507     0.123685    -0.096805     -0.13923    -0.175186    0.0384729    -0.194063    0.0497737    -0.106882
   -0.272197     0.131419    -0.313975     0.141605    -0.194241     -0.18016    -0.202671     0.176988   -0.0534095     0.138377    0.0381876     0.091892    -0.242089   -0.0063194    -0.299681    -0.187586     0.552296    -0.191467    -0.142667    -0.210429    0.0812553     0.207474     0.361238    0.0411765      0.56896     0.204671    -0.104814    0.0324827   -0.0780419     0.311032   -0.0905665     0.414355
    0.551064     0.271482     0.651542     0.544683    -0.199149     0.679647     0.020681    -0.533441    -0.702606     0.185226    -0.259331    -0.393705    -0.551652     0.155055     0.376721     0.101148     0.136515     0.437681   -0.0774978     0.215471    -0.192313    0.0363365   -0.0680887     0.158027     0.211836    -0.609177     0.496167    -0.214054    -0.251442     0.072807    0.0236023    0.0646027
    0.346642    -0.177177      0.58456   -0.0619477    -0.156785    -0.781955     0.547779    -0.295876     0.375398    -0.168419     0.156205     -0.19965    -0.614634     0.338113    -0.435492    0.0240656    -0.294944     0.102982     0.105086    0.0879992    -0.245686    -0.612374    -0.177584   -0.0844072    -0.634651    0.0189791   0.00843252      0.30764      0.53446    -0.298041    0.0463526     0.359418
  -0.0665537    -0.142718      0.56253     0.215683  -0.00812466     0.206294    -0.282771   -0.0179513     -0.27596    -0.370526    -0.166279     0.466162     0.113206    -0.243695    -0.713553     0.163744     0.242166  -0.00840541     0.477531      0.33659    -0.423525   -0.0882186    -0.796725    -0.416489     0.380745      0.74419   -0.0757848    0.0390563    -0.141034    -0.106019    -0.266551    -0.035972
    0.102326    0.0172361     0.639798      1.27822    -0.256549      1.01847     0.427706    -0.474233  -0.00285312      0.16965    -0.965212     0.563529    -0.652721     0.167882     0.367816    -0.134516 -0.000171765      0.86627    -0.196085     0.114346    -0.859311     0.119055     0.453964     0.116925       0.4195    -0.345693    -0.215149     0.947632    -0.479834    0.0464365    -0.358035    -0.177874
   -0.353376    -0.406858     0.329498     0.191259    -0.359045    -0.178712   -0.0529793    -0.127449    -0.487555    -0.644205    0.0544573     0.150704     -0.41714     0.308091     0.397221    -0.110367    -0.078136     0.261784    0.0666879     0.371428    -0.307788     -0.14929    0.0343209     0.156192    0.0545052    -0.353029    0.0633131     0.186528     0.125357    0.0152592      0.52223    -0.632306
    0.325109     0.118397    -0.375542    -0.174738    -0.371258     0.100858   -0.0148003    0.0962055    -0.524521     0.173104    -0.154963    0.0730781    -0.244867   0.00832218    -0.108728    -0.309696    -0.130899     0.307684    -0.123191    -0.198957    -0.228657    -0.129041     0.211131    -0.241111     0.225301     0.106073     0.357818   -0.0485321    -0.210546     0.189293     0.100877    -0.322011
    0.359469   -0.0312951    -0.236214    -0.112182    0.0453645     0.243393     0.225906    -0.131492    -0.329025   -0.0252526     0.384657     0.226331     0.064796     0.147515    -0.220018    0.0872127    -0.179325     0.101019     0.048693    -0.346052     0.352351    -0.180228     0.429462     0.254408     0.298835    -0.125791    0.0942673    -0.186399   -0.0415141   -0.0346937   -0.0676348     0.114369
    0.361337    0.0590307     0.731579    -0.254942    -0.293516   -0.0303846     0.546825    -0.082654    -0.591344    -0.166865     0.567686    -0.781919     0.576564     0.152735    -0.305996    -0.388827   -0.0408981     0.370123      0.32024     0.203391     0.493569     0.352086     0.648354    -0.190998    -0.182486    -0.394027    -0.291352     0.042169    -0.264542     0.349637    -0.259852    -0.267036
    0.299346      0.10955    -0.199047     0.243542     0.365911    -0.328348      0.31059    -0.328382    -0.531481    -0.107915     0.157267   -0.0584228    -0.092302   -0.0186916    -0.331805    0.0191451      0.10469     0.543627     0.851384     0.571017     0.325956     -0.31009     0.241862     0.194951   -0.0562344     0.121391    -0.266565    0.0265332    -0.351627   -0.0775676      0.26351     0.463718
 8.13529e-05    -0.197505    -0.797691    -0.275188     0.259404    -0.197029    -0.186956   0.00601124     0.171851    -0.206673   -0.0106782    -0.317673     0.147983   -0.0331753    -0.157117   -0.0926052     0.185829   -0.0346258    -0.165158    -0.270549     0.057765    -0.102791    -0.047737     0.104671    -0.313858    -0.120164     0.173606    -0.182861    -0.399699    0.0480132    -0.301175     0.281515
   -0.383623    -0.103843    -0.562964    -0.211283     0.154749    -0.203828     0.121714     0.440098     0.292726    0.0178679    -0.160812    0.0802834     0.413054    -0.203285  -0.00510582    -0.140834    0.0374761    -0.694745    -0.520537     -0.30552      -0.4081     0.140172   -0.0943514   -0.0486389    0.0517826   -0.0426861     0.279693     -0.26671    0.0708692    -0.580307    -0.170537    -0.343256
    0.388363      0.14818     0.432415     0.297234    -0.537588    -0.195066     0.356633    -0.736459    -0.300909    0.0169817    -0.865758   -0.0180724    -0.939721    -0.196301   -0.0761472     0.234577    -0.346359     0.372558     0.143786     0.193271    -0.167782    -0.379488      0.14467    -0.449875    -0.240177     0.173146    -0.335497     0.454986    -0.778323     0.570553    0.0718127    0.0156291
    0.116263    -0.114231    -0.133775     0.302331     0.373948    0.0459967     0.260992     0.240422     0.183894   0.00088392     0.166589    -0.138434     0.159552     0.111202   -0.0436015     0.452841   0.00147307    -0.496848    -0.127652     0.302799     0.339635   -0.0619681    -0.191211     0.615182    0.0908272    -0.422483    -0.364504    -0.619751     0.269538     0.178605    -0.300666    -0.188409
    0.325302   -0.0768721     0.692506     -0.29031     0.264209     0.165362     0.117736    -0.236164     0.357169     0.195587     0.467357    0.0139576     -0.44135     0.283849     0.015383   -0.0183548   -0.0949187     0.339988     0.409569     0.233337     0.193703    -0.432042    -0.134478    -0.150777    -0.129428    0.0652427    -0.177138    -0.133079     0.806312    -0.275917      0.35862     0.255897
    0.736249    -0.274163    -0.302624     0.684324    -0.222085     0.459276     0.626958    -0.109691     0.124922    0.0251723    -0.269295    -0.311959    -0.693787    -0.210622     0.235442    -0.552822   0.00793299      1.54032     0.076281    -0.653537    -0.316318    -0.653621     0.590994     0.977726     -1.27774   -0.0562587   -0.0342809   -0.0983333    -0.326738     0.243677    0.0880634    -0.562593
   -0.168358    0.0711021    0.0233639    -0.144098     0.486864  0.000550047     0.197099    0.0585035    0.0610632     0.261825      0.24288    0.0575957    -0.434179    -0.556543     0.221614     0.261615    0.0302406     0.613062    -0.390042    -0.351702    -0.174786    -0.428136    -0.045345     0.212411   -0.0108188    -0.368866     0.233149    -0.127304     0.049893    -0.331374   -0.0867943    -0.550519
  -0.0705074   -0.0940301    -0.248385    -0.233017      0.13185     0.244172  -0.00641784    0.0865691    -0.424979    0.0141182     -0.24513    0.0885884     0.326546    -0.520625    -0.335588    0.0970516   -0.0106462   -0.0820318      0.51885    0.0922075    0.0160128    -0.021148    -0.224868    0.0698714     0.372373     0.454514     0.274131     0.211097    -0.183125    0.0583533    -0.163471    -0.191724
  -0.0266536    -0.383811    -0.356362     0.241693     0.317834     0.878262   0.00123853     0.561497    -0.180846     0.832081    -0.540817     0.156229    -0.356771    -0.216115   -0.0879502     0.538555   -0.0209228      0.37209     0.270901    -0.127167    -0.058704    -0.333777    -0.415022     0.613202    0.0915051   -0.0350117    -0.810923     0.276426    -0.336789     0.117061    -0.181337    -0.292683
    0.222377   -0.0980082     0.236946    -0.255491    -0.161985    -0.178305     0.494057    0.0172082     0.165411    -0.256287     0.254019     0.481681   -0.0225509     0.460748     0.304333    0.0520721    -0.272763     0.277281     0.187535   -0.0583715     0.224723    -0.137705    0.0535906     0.299519  -0.00348188   -0.0990067     -0.25596     0.463515    -0.188869    -0.131514     0.133561  -0.00908687
   -0.466421    0.0871082    -0.251206     0.295247     0.340384    -0.231509    -0.228647     0.160472    0.0739567    -0.334119     -0.17517     0.143956     0.166474   0.00507174     -0.40799     0.175919   0.00974236    -0.100499    -0.455492    0.0838954    0.0347655     0.308577    -0.134376    -0.129896     0.148111     0.157012     0.619839   -0.0939366    -0.141749      0.10962   -0.0158357     0.344521
   0.0392386    -0.069186   -0.0268024    -0.074935   -0.0487048     -0.49092     0.128288    -0.378571   -0.0523307   0.00727042   -0.0667113   -0.0133652    -0.235696     0.258473      0.44147     0.109314     -0.24922    -0.124541     0.430344    0.0341323     0.122652    -0.651556     0.194034     0.131733    -0.310387     -0.50398      0.41471   0.00867293     0.264561     0.594152     0.420342    -0.025786
    0.247105    -0.870806     0.258394     0.408155    -0.110277    -0.382375      0.47458    -0.357727    -0.686288    -0.726645     0.149512     0.300242     0.424525    0.0309851    -0.401555       1.0062    -0.385625      1.00092     0.455324    -0.149012    -0.680465    -0.623786     0.181337    0.0156565  -0.00805082     0.352162     -1.05904     0.225067     0.614994     0.170632     0.531534    0.0842299
 -0.00682491    -0.304471      -0.1814   -0.0329562   -0.0454012     0.207986     0.198034   -0.0427055     0.118041     0.329538     0.394682    -0.419254    -0.440198     0.253953    0.0640428    -0.114487     -0.36554    -0.124579     0.198294    0.0681346     0.440432    0.0280197    0.0384525   -0.0748353     0.254598    -0.199599     0.320526    -0.117118  -0.00460682   -0.0371272     0.261555    -0.360673
    0.171386    0.0965157   -0.0748626     0.670404    -0.850068     0.312802     0.244219    -0.194986    -0.518005    -0.284544    -0.064114     0.175088    -0.155315     0.387928     0.511764    -0.134328    -0.615232     0.711839   -0.0266656    -0.340665   -0.0978855     0.185651     0.354512     0.198458     0.361362    -0.166865    -0.172013    -0.148311      0.24919   -0.0137768     0.494545    -0.354613
   0.0644823    -0.221202     0.406964    0.0962931    -0.330271     0.441244    0.0609239     0.376265      0.31973     0.189879     0.325084    -0.509296    -0.449862     0.433395      0.27455     0.271819     0.051062    -0.213084    0.0428108     -0.72082     0.556194    -0.361567     0.466712    -0.181569     0.190619     0.178566    -0.441661     0.637998    -0.568519   -0.0118214   -0.0728281     0.303459
   0.0664261     0.492495    0.0720919     0.122146    -0.102588   -0.0582524    -0.422848    -0.241929     0.413538     0.431006     0.290056    -0.297049      0.13843     0.226373    -0.032015     0.284076   -0.0174145    -0.375813    -0.265905    0.0950262     0.411226     0.242421     0.224111    -0.611891    -0.283714    0.0475756     0.164321     -0.70626     0.498259     0.154261     0.279276    0.0746229
   -0.228272     0.206495     0.604454     0.478896    -0.297436    0.0645563     0.413437    -0.546891     0.271056   -0.0793104     0.121079     0.434891  -0.00248858     0.427448     0.146561    -0.151159    -0.267685      0.03374     0.206898     0.387121    -0.243231    0.0630261    -0.508947    -0.205549    0.0638208     0.201379      -0.0378    -0.124288    -0.305373     0.472738     0.306195     -0.29928
     0.28952     -0.28573     0.444997     0.523959     0.263388   -0.0201779    -0.263109    -0.268926    -0.158885     0.448891     0.425611     0.026855     0.408605     0.103954     0.282174     0.582438    -0.101592     0.160723    -0.178033   0.00319167    -0.272132     0.176872    0.0776083    -0.194771    0.0060751    -0.527811   -0.0690039     0.574902    -0.441729   -0.0575135   -0.0386484    -0.257774
   -0.297707    -0.122649      0.38306   -0.0730108    -0.251406    -0.207061      0.55152    0.0527257    -0.371812    -0.348155     0.630488    -0.260349    -0.161173     0.174804     0.239515   -0.0172541    -0.326499     0.446442     0.460112    -0.292388   -0.0501573    0.0500458     0.134887    -0.072204    -0.239118    -0.285587    0.0453149    -0.243586    -0.596531   -0.0387103       0.8083    -0.461894
   -0.785673   -0.0621884     0.216487    -0.145706     0.193612    -0.188912     0.178416     0.456901    -0.177615     0.157375     0.129965     0.354944     0.173975  -0.00188979    -0.282763     0.272739    -0.395667    -0.613736     -0.15763     0.411251   -0.0661149    -0.316604     0.342345    -0.279195    -0.258496    -0.441953     0.343638    -0.665775   -0.0328098    -0.649718     0.116996        0.256
    0.120348    -0.224896    0.0621505     0.288713    0.0765192    -0.765433    -0.032735    -0.707175    -0.535028    0.0044235    -0.154096     0.444623    -0.216425    -0.109852    -0.478241    -0.153576     0.144113     0.385926     0.117298     0.358977    -0.617568    0.0740798     0.165893    -0.390136     0.158153     0.120366   -0.0236792     0.406478    -0.181019    -0.181289    -0.286076     0.370592
  -0.0407893    -0.727638     -0.16829    -0.473021  -0.00858581    0.0998575    -0.393736     0.445702     0.273457    -0.294007   0.00270234     0.244146   -0.0613832    -0.426188     -0.26684    0.0353261     0.221801   -0.0658027     0.145921     0.395316    -0.108636  -0.00964363    -0.178181     0.142589    -0.151099     0.476877    -0.101394     0.309097    -0.133385    -0.178051     0.134242    -0.121639
   -0.315298     0.404046     0.258733     0.111869     0.210956    -0.169498   -0.0209594   -0.0804956    -0.457145      -0.2284    -0.284477   -0.0965655    -0.113044     0.175654    -0.376317     0.115458    -0.116132     0.173711    -0.173504     0.299947     0.274274    -0.176596     0.112671   -0.0959463   -0.0856668    0.0513238    -0.232485     0.156693     -0.27492   0.00905322    -0.154326   -0.0180502
    0.152468    -0.113654     0.271671     0.466215    -0.269976     0.275277     0.217113    -0.172969   -0.0270848    -0.294749    -0.159656    -0.208473    0.0648427    -0.063231     0.118209    -0.297615    -0.239535      0.30841     0.737507    -0.136034     0.921465    -0.990504    -0.223859     0.340636    -0.310436    -0.345772     0.190684     -0.83557    -0.661513    -0.376953     0.192275   -0.0499623
   -0.147588    -0.143569     0.700205     -0.73586    -0.218635    0.0101793    -0.137333    -0.151846    0.0749194     0.789344    0.0692263     0.257966     0.302392    0.0571605    -0.384151      -0.1869       0.0166    -0.229481     0.386397      0.35551     0.187957   -0.0482557      -0.5356     0.110158      0.41467     0.142486     0.181394    -0.379857    -0.296242    -0.113107    -0.556481    0.0829377
  -0.0911477    -0.119842    -0.419031    -0.116586     0.125982     0.091955    0.0349952     0.133066     0.134188    -0.276096    0.0957705   -0.0787115    0.0313224     0.110411   -0.0796304    0.0910165   0.00581691     0.135499    -0.338615    -0.141559    0.0984038    -0.137019    0.0973979     0.230797   -0.0933727     0.156193   -0.0626512   -0.0746721     0.134493    0.0126722    -0.124701   -0.0338358
    0.191706     -0.16176    -0.313493   -0.0286999    0.0629565    -0.017247    -0.392381    -0.252819    -0.200355    -0.637894    -0.239744     0.252836   -0.0463007    -0.142348     0.178199   -0.0994694    -0.151079    0.0601941     0.193792     0.618211     0.022425    -0.229492    -0.161121     0.508723     0.354261     0.134594    0.0186693     -0.22864     0.157145     0.105252    -0.275965    0.0700948
    0.183617      0.24443     0.630136     0.134582   -0.0270195     0.648399     0.246958     0.172517    -0.174779     0.421437     0.179891    -0.102082   -0.0685985     0.469343     0.266068     0.178267    0.0113698     0.177731     0.421966     0.632643     0.209453   -0.0545331    -0.289857    -0.182068   -0.0405013     0.281446    0.0508565       0.3091    -0.256416     0.049635     0.188209   -0.0309732
     0.24569    -0.148778    -0.306313   -0.0242405    -0.015398    -0.162729     -0.35249      0.12503    0.0797427      -0.2303     0.156062     0.109669   -0.0188805    -0.148994   -0.0621868      0.16222    -0.127864    -0.251977     0.302065     0.296347     0.144826    -0.125287   -0.0624354    -0.116711    -0.202261     0.162838     0.018084     0.046618   0.00444594  -0.00594071     0.173095   -0.0110146
  0.00563116    0.0392037   -0.0925347    -0.036429     0.243214     0.139248    0.0418735     0.323113    -0.231455     0.124691    -0.123978    0.0907307    -0.315446    -0.492021   -0.0135218     0.311894     0.321956    0.0468957     0.506366    -0.252812    -0.521079   -0.0108755    0.0635706     0.111731      0.12382    -0.193892     -0.13396    0.0361974     0.413931   0.00333318   -0.0461219    -0.214236
    0.220289      0.12561      0.33212     0.241459    -0.210488    -0.145585    0.0207271     -0.44187    -0.124644   -0.0750306     0.170852    -0.196137   -0.0709612     0.614702     -0.28905     0.293109    -0.208561    -0.193222     0.019471    0.0539101     0.422745     0.022312    0.0445982    -0.199216     0.476128    -0.192391     -0.70823     0.401074    -0.356119    -0.137274     0.040428    0.0994342
    0.173716     0.138849    0.0292842   -0.0252271   -0.0256839    -0.336587     0.134354   -0.0881355     -0.27471     0.462739    0.0653063    0.0316074    0.0357619    -0.228912    -0.228922    -0.111368    -0.016042    -0.335039     0.264812       0.4022     0.501472    -0.262625     0.167597     0.583204      0.20938    -0.366043    0.0865958   -0.0959732     0.173052    0.0882164    -0.282127    -0.396966
   0.0705168    -0.182056   -0.0580601     0.546816     0.274353    -0.570733   -0.0238704    -0.277348    -0.273611    -0.174192    -0.206933   -0.0388451    -0.625858    -0.125254    0.0553919     0.107286   -0.0932727     0.173686     0.167837   -0.0712981    -0.105853    0.0681491   -0.0528327    -0.184869    -0.119198   -0.0728953    -0.336006     0.464451    -0.112727      0.06562    -0.310511   -0.0558637
   0.0829755    -0.132734       0.1524     0.246916     0.359256     0.131231    -0.412357    -0.139547    0.0423603    -0.100431    -0.220146    -0.178985    0.0299491    -0.524049     -0.44268    0.0968205     0.223861     -0.35675    -0.419299     0.220075    -0.103525     0.174337    -0.252409     0.101632    -0.046457     0.171277    0.0665122     0.230929     0.134329    -0.159302    -0.280769     0.182699
    0.338327   -0.0603421    0.0782497   -0.0809812      0.34574     0.271415     0.213555    -0.165946    0.0335331     0.216833   -0.0377097    -0.246977     0.347661     0.182943     0.196716    -0.234033    -0.333095    0.0165069    -0.127162     0.348404     0.508389    0.0891745       0.2001     0.195776    -0.274317    -0.267098    -0.149185      0.36425   -0.0888914     0.126627    0.0859269   -0.0226242
    0.233233    -0.011801      0.25178    -0.293295    -0.156284    -0.372038   -0.0683066    -0.177358     0.177182    -0.544998    -0.250186     0.622908    -0.265598    -0.382305    -0.318793    0.0896395     0.353447     0.250729     0.161797   -0.0207188    -0.295777    -0.294771    0.0778341    -0.289318     -0.39432     0.078175    0.0394685    -0.129647    -0.128965     0.399662    0.0180428      0.16106
   0.0806558   -0.0246546     0.650405     0.297273    -0.276407     0.104533    -0.264975     0.117467     0.199261    -0.156669     0.256606    0.0334736      0.21536     0.461821     0.348925    -0.348636     -0.23279    -0.153722    -0.126302    -0.498711    -0.152935    -0.257338     0.515045     0.128188    0.0230187    0.0492686    -0.318555     0.143042     0.120476     0.120984     0.295655    -0.125359
 2.27525e-05   -0.0192504    -0.393475     0.323485    -0.485237     0.288518    -0.361183     0.165304    -0.137427   -0.0983335   -0.0559749   -0.0228806     0.155129      0.44812    0.0422973    -0.141797    0.0580127     0.360601    -0.139527     0.231773      0.13902    0.0350011     0.475504    0.0542135   -0.0659357    -0.720579       0.2828    -0.165392  -0.00907449    -0.110075     0.278999    -0.207248
   -0.298392    -0.343018   -0.0120003    -0.373963    -0.353889    -0.337605     0.778775     0.490254     0.267987     -0.39594   -0.0680963    0.0489993    -0.135641 -0.000725932   0.00469486    -0.532722   -0.0750241    -0.041176   0.00368821    -0.626412    -0.427844     0.270261    -0.113355      0.31767   -0.0917829     0.169785    -0.240266     0.515449    -0.211124     0.127919     0.085389   -0.0392245
    0.349333     0.203852    0.0830866    0.0916215    -0.474685     0.750926    -0.331545   -0.0174329    -0.352821     0.728575    -0.412561    -0.290246    -0.470251     0.353768     0.106106     0.354836     0.114926     0.438332     0.628562     0.504923     0.508886    -0.299732    0.0313407    -0.115877     0.144862    -0.401743     0.491494    0.0729099    0.0262282     -0.24936    -0.437724   -0.0609177
   -0.158898   -0.0719012    -0.389382    -0.141162      0.70987     0.100887     0.457368     0.422236     0.311224    -0.110028    -0.245434    -0.303232    -0.437463    -0.503091    -0.367211    -0.214129     0.316755    -0.479813     0.236249    0.0106124     0.389694    -0.750682    -0.324444     0.478242    -0.304236     -0.35066    0.0426533    -0.292919     0.117278    -0.104705     0.224685    -0.254865
   -0.465593    -0.145481     0.214241    -0.332058     0.198917     0.326588    -0.140505     0.403854     0.111834     0.104535    -0.252273   -0.0630804     0.403218   -0.0480033      0.53386   -0.0484661    0.0563318    -0.306048    0.0545362    -0.200879    -0.262668     0.323057    -0.244205     -0.11176    -0.431291   -0.0300258    -0.135691      0.21792     0.284727      0.30294     0.538348    -0.377938
  -0.0429887   -0.0226353     0.287787     0.290208     0.256228     0.290287     0.391345     0.170045     0.478262    -0.241178     0.415023   -0.0163945   -0.0419163     0.404649    0.0639143    -0.281062  -0.00122439     0.169554    -0.125783    -0.567426    -0.124167     0.310439     0.128412     0.372874     0.576225     0.354615    -0.218781    -0.299724   -0.0383829     -0.18309     0.352097    -0.486914
    0.168117      0.65139     0.556854    0.0465193   -0.0735205    -0.176516     0.884929   -0.0353957    -0.353117    -0.097098    -0.077906     0.132025    0.0612386    -0.032447    -0.351905    0.0171521     0.201036   -0.0786402     0.282789    -0.602628    -0.627007     -0.11114     0.308342    -0.282603    -0.200477     0.240129   -0.0571097     0.184573     -0.65458    -0.157479     0.541448    -0.451879
   -0.397216    -0.267823    -0.305966     0.533526     0.381602      0.15132    -0.176625    -0.584925   -0.0914538     0.149739   -0.0116084    -0.475459    -0.178419    -0.491885    0.0981949      -0.1701     0.312095    -0.374669    -0.709273    -0.558504    -0.265506     0.514363     0.156284    0.0645942     0.204109    -0.896951    -0.295462    -0.679825     0.678308   -0.0617897    -0.506476    0.0176596
    0.260671    0.0334086    -0.374116       0.1388    -0.527553    0.0707111     0.501052      0.15672   -0.0879184     0.198293    -0.477209   -0.0155781    -0.809178     0.195708     0.139999    -0.526746    -0.322344     0.550764   -0.0592244      0.35742    -0.539076    -0.092504      0.22982    0.0580443   0.00829856     0.226114    -0.332896     0.914317   0.00381295    -0.132624     0.209856    -0.665462
    0.109337      0.23683     0.341836   -0.0897548    -0.434199     0.565265     0.208145    -0.245812    -0.405712     0.314138   -0.0308662    -0.104774    -0.407975     0.108729    -0.284698     0.270005    -0.538836    0.0371606     0.252018     0.456335     0.531791    -0.278423    0.0653936    -0.218887      0.69752    -0.253058  -0.00906852     0.330557     -0.18225    -0.289871     -0.35295     0.651523
    0.200486   0.00318789    -0.460624    0.0257063    -0.674413     0.476671    -0.222304    -0.346585    -0.573809     0.321603    -0.699394     0.356433    -0.689051      0.69816     0.225628     0.250105    -0.249536     0.315282     0.327183    0.0380971    0.0183139    -0.378703     0.446918    -0.290266     0.295354     0.548621    0.0292751     0.489894    -0.623543    -0.476964    -0.394266     0.104192
  -0.0371133    -0.611791    -0.413716      0.81259    -0.328574     0.181663     0.458352  -0.00664814     0.248261     0.466773    -0.374633     0.580145     -0.52101     -0.40925    0.0665098   -0.0557077    -0.056785     0.336142    -0.356317    -0.560792    -0.422463    -0.451486    0.0249609     0.039353    -0.350219    -0.310755     0.287783     0.178449   0.00160641   0.00672753     0.193149    -0.478508
    0.654947     0.195256     -0.19172     0.315908     -0.58114   -0.0942065      0.77955    -0.506611     0.359807    0.0965809   -0.0727369    -0.273681   -0.0267292     0.833107     0.224019    -0.241617    -0.224704     0.740075  -0.00988303   -0.0769004    0.0859511   -0.0665368     0.196539    -0.836253     0.469054     0.434826    0.0959974     0.049939    -0.352003    0.0452876     0.588615    -0.164904
    0.111887     0.336237    0.0590172     0.300137    0.0200852   -0.0431589    -0.578137    0.0577276    -0.296532     0.351703    -0.315924     0.205516     0.438614    -0.156255    -0.173777     0.166707     0.383647   -0.0201638     0.209487     0.302919     -0.22636    -0.264621    -0.365604     0.146773      0.28553    -0.269349     0.181993     0.508309   -0.0325943     0.250169    -0.273981    -0.246532
   0.0783441     0.212671    0.0467697     0.919283     0.163238     -0.06936     0.430317    -0.121547    0.0859733      0.11999    -0.213438    -0.424629      0.44133     0.377993    -0.111439     0.253032    -0.328899     0.304676     0.129671     0.315897    -0.348656     0.439647   -0.0324836    -0.500922     0.367059      1.04248    -0.312685     0.469429    -0.671613    -0.184202    -0.270842   -0.0115499
    0.690715    -0.696367    0.0454976      0.41409    -0.586298     0.212053     0.801933     -1.35213    -0.168713     -0.65984    -0.609519   -0.0517972    -0.862062     0.473962       0.4499    -0.405235    -0.331187     0.654224   -0.0958536    -0.934124     0.209095   -0.0493291     0.283461     0.374706     0.273216     0.181097   0.00409803    0.0585031    -0.950718   0.00259384     0.139076    -0.677552
    -0.05561    -0.125516      0.30243   -0.0852492     0.176004    0.0444463    -0.046544    0.0941959    -0.197984    -0.211027    -0.291045     0.487926    -0.182883    -0.074551    -0.154475     0.400116     0.142855    -0.121945     0.415428     0.324368    -0.288866    -0.164233    -0.642834   -0.0246424     0.282734     0.190668     0.196766    0.0872544    -0.172768    0.0324247    -0.254446    -0.424568
    0.294998     0.108315    -0.049148    -0.242956   -0.0261642     0.120808    -0.671574     0.140486    -0.177252     0.277522     -0.16701    -0.084352     0.175512    -0.426849    -0.379764    -0.238816     0.169461     0.223075    0.0789152     0.279234     0.237993    -0.107417     0.106071   -0.0103441     0.105079   0.00680353     0.181694    -0.452884     0.305809    -0.112747   -0.0433315     0.142934
   -0.254359     0.446827   -0.0740868     0.138318   -0.0904356    -0.424079     0.119542    0.0843322     0.211485    -0.189855   -0.0489462    0.0699061    -0.289586   -0.0243628    0.0930856 -0.000492393    0.0773059   -0.0635667    -0.384893     0.247744     0.248475     0.149486    -0.095684     0.170716     0.507742    -0.182361    -0.224359    -0.286808    0.0712855     0.115699     0.153929    -0.212634
  -0.0683974     0.323168    0.0934077    -0.401208   -0.0477823     0.164816     0.321521     0.413455    -0.334496     0.512022     0.371122    0.0788647    -0.432009    -0.100923    -0.410159    0.0685403    -0.236824     -0.24129     0.185712     0.362671     0.487192   -0.0137296   -0.0596199    -0.274211     0.365366     0.145301    0.0408106     0.654417     0.228365     -0.25887    -0.155859    -0.122611
  -0.0382572     0.260136     0.669841     0.273674     0.337924     0.445665     0.603111      0.59752    -0.269959      0.45597   -0.0658235    -0.344587   -0.0378267     0.443802     0.747436    -0.469717     0.218641     0.173954   -0.0205961   -0.0444834     -0.36231    -0.341433    0.0942232    -0.224151     0.128659    -0.647885    -0.193907     -0.01651     0.294198    0.0837483     0.379531    -0.330926
    0.181098    0.0153245     0.437586     0.610919     0.842566     0.657953   -0.0872653    0.0391436     -0.24351    -0.044298    -0.272282   0.00437845     0.293103    -0.154073    -0.376605     0.446062    -0.175215   -0.0405219     0.200246   -0.0623013    -0.305171    0.0780327    -0.506297     -0.13038   -0.0532838    -0.553519    -0.377449     0.620916    -0.853707    -0.215669    -0.125351    -0.346739
   -0.466325     0.393889      0.50144    0.0821051    -0.272466    -0.082313    -0.497825   -0.0580734    -0.357765     0.465005     0.316333    -0.269065    -0.251505    -0.309884     0.106362     0.552387     0.277979 -0.000828514     0.683573    0.0812005      0.37751    -0.268075     0.382012     -0.15775     0.462461     0.259558    -0.187683   -0.0304114     0.167313    -0.485379    -0.377527    0.0694161
   -0.247802      0.45408    -0.336164     0.656411    -0.227135     0.448503     0.229585    0.0435319    0.0622555   -0.0493605     0.219953    -0.160971    -0.137036     0.412794     0.367131     0.367798    0.0744401    0.0242688    -0.404882   -0.0398335    -0.155795     0.241937     0.206123    0.0176711     0.465742   0.00874153    -0.342257   -0.0193859     0.105678     0.397712     0.228181   -0.0982156
    0.436127    0.0498575    -0.168889    -0.129483   -0.0925177    0.0103352    -0.435576    -0.257519    -0.267343      0.80033     -0.50472     0.169141    -0.433661    -0.105246    -0.147137     0.116589    -0.332539    0.0982826     0.402256     0.444432     0.603349    -0.430238     0.106175    -0.371026     0.039576    0.0238596    -0.379854     0.320584    0.0425297    -0.371055    -0.320402   -0.0258245
    0.193884    -0.232718     0.457348    0.0765683     0.247146     0.108126      0.82338    0.0375291     0.067348   -0.0710784     0.453082    -0.475674    -0.147844     0.125629     0.219224    0.0730372    -0.302158    -0.305876     0.913765    -0.506324    -0.254088    -0.648964     0.294404     0.234617    -0.946592    -0.300622    -0.707222    0.0596728   -0.0753403    -0.354346     0.885175     -0.72023
   -0.281604     0.596901      0.37764    -0.144973   -0.0682491   0.00107729    -0.316703    -0.698758    -0.145632    0.0156929      0.09462     0.346773     0.188305     0.133066    -0.122516    -0.061646     0.298499     0.110901    0.0475661     0.426941     -0.19695     0.500675   0.00897057    -0.119971      0.14333     -0.11002     0.142169    -0.221312     0.118186     0.597891    0.0222682      0.02041
   -0.363779     0.296816     0.231336    -0.126376    -0.438025    -0.212349   -0.0615617   -0.0535815     -0.12784     -0.30844     0.192889     0.385889    -0.285494     0.503154  -0.00766152     0.252128    -0.147242     0.113753     0.332934     0.728638   -0.0820306    -0.417292     0.246119    0.0679016   -0.0383976    -0.526844     0.317264    -0.217385     0.169979   -0.0133287    -0.238353    0.0497037
  -0.0218306     0.366845     0.465137     0.231154 -0.000825314     0.402246    0.0808131    -0.189245    -0.348753    -0.131791    0.0721475   -0.0111599     -0.15164     0.109377     0.186782     0.489206    0.0379881    0.0588522     0.654461     0.275452     0.291918    -0.242666     0.319201    -0.357609   -0.0831348    -0.028953    0.0894922    -0.283745    -0.538607     0.289465     0.182454     0.334746
   -0.039594   -0.0512927    -0.139865     0.429716     0.133399     0.437415     0.238138   -0.0472367    -0.023257     -0.30404    -0.141448     0.209633    -0.176187   0.00619371    -0.364346    0.0240324     0.212589    -0.108263     0.156612   -0.0372268     0.490587    0.0726125   -0.0701806     0.263643     0.455156    -0.143277   -0.0565144    -0.245424     -0.29848   -0.0223254    -0.288805    0.0488842
  -0.0255678    -0.386795    0.0810735    -0.129442     0.268805     -0.33055    -0.348778    0.0805757   -0.0516469      0.15624    -0.142337   -0.0815705    -0.457331    -0.796708    -0.476954     0.286891     0.415848    -0.258681    -0.364054     0.597568    -0.240135    0.0851226    -0.164434     0.266062    -0.268107     0.142318      0.13659     0.356795    -0.263792    -0.538416    -0.360508      0.47017
    0.617117     0.158608    -0.344178     0.081555    -0.593907    -0.230969    -0.134416    -0.045174   -0.0930909    0.0503336    -0.345215     0.317596    -0.425152    -0.971803    -0.203879     0.014294   0.00516131     -0.50208     0.166235   -0.0200672     0.116378    -0.293812     0.167066     0.214359    0.0636995     0.219049     0.369233   0.00737016    -0.379397    -0.112332    0.0759988      0.25249
   -0.101397     0.149016    0.0520552    0.0957057     0.152337    -0.408538     0.287457    -0.216309     0.229174    -0.217226   -0.0333007      0.12164     0.110004     0.332552   -0.0885399    0.0612657   -0.0848255     0.418395     0.210669      0.36494     0.233807   -0.0331874    -0.039177    0.0674597   -0.0896065    -0.154976    -0.395559     0.321222    -0.464678    0.0153871   -0.0840858    -0.262269
    0.326683    0.0784917    -0.192374    0.0938994    -0.274238    -0.523047    -0.257753    -0.509105    -0.450587     0.363497    0.0221233     0.257991    0.0712682     0.409821    -0.196294     0.194229   -0.0719818      0.19983     0.143996     0.445191    -0.114801    -0.430753      0.34033    -0.461874     0.338471     0.243767     0.224928     0.177192     -0.22492     0.317115    -0.426685      0.11249
   -0.157562    -0.344055     0.157952     -0.77359     0.544584     0.137963     0.218222     0.565672    -0.286977    0.0830503    -0.143843    -0.300057    -0.358532   -0.0675571    -0.340074    -0.150532    -0.108427     0.361356     0.427023    0.0939611      0.22423    -0.180163     0.385446    0.0599688    0.0598126    -0.112989    -0.576256   -0.0679201     0.179931    -0.123827    -0.374403     0.338097
    0.473483     0.432977     0.193803     0.254563     0.116932  0.000753001     0.380757    -0.112083     -0.39773     0.364682    -0.203782    0.0194135    -0.236705     0.264436    -0.388594     0.473812     0.446078   0.00941032     0.763337    -0.363625     0.188627    -0.154706     0.163339   -0.0550034    -0.363771      0.12621    -0.131969     0.393365    -0.165787    0.0381625   -0.0447679      0.28616
     0.36818    -0.397637   -0.0113055    -0.334545    -0.359278    -0.315883     0.467971     0.181865    -0.115197    -0.112675     0.179636   -0.0484705     0.183708   -0.0749768    0.0216498    0.0183221    -0.516336     0.175682    -0.213248    -0.053134     0.385533    -0.291304    -0.089614    -0.173882    -0.473869    0.0801592     0.369526     0.024523    -0.513344   -0.0142782     0.387334      0.18319
    0.123481     0.332867     0.471448    0.0847696    -0.140853    -0.268374     0.468681    0.0132959   -0.0960724    -0.363003    -0.228149     0.806304     -0.24916   -0.0954014      0.19005    -0.107161    -0.132273   0.00565159     0.789699     0.118092    -0.543947    -0.144624    0.0515131    0.0544718    0.0998536      1.07775     0.207477   -0.0172021    -0.181959     0.355997    0.0517974    0.0684675
  -0.0825926     0.399612    -0.130193    -0.352898   -0.0577571  -0.00715358     -0.56504     0.200335     0.159269    -0.415922    -0.047944    -0.153879     0.403985     0.127302    -0.150377  -0.00320542     0.249737    -0.409996    0.0340069     0.219873     0.228656   -0.0948169    0.0914377    -0.130491     0.269525     0.319212     0.234951     0.113121     0.301842   -0.0494235    -0.170331    -0.150651
  -0.0743082    -0.361661  -0.00689569    -0.220575    -0.202145    -0.392001   -0.0649879     0.069869   -0.0402134    -0.389192     0.123681     0.495301      0.31632     -0.20711    -0.119728  -0.00412592    0.0338116    -0.479013   -0.0955738    -0.193348    -0.173406    -0.182361    -0.038437     0.392998     0.174502    -0.103652     0.533415     0.178564      0.12424    -0.130438    -0.457089    -0.210334
    0.227758    0.0391791     0.399063     0.148635    -0.214593   -0.0892517     0.287992    -0.282864   -0.0874123    -0.202136      0.29798    -0.642838     -0.36845     0.422638    -0.125296    -0.360748   -0.0181994     0.309574     0.462005      0.12956    0.0323559   -0.0742763      0.11127    -0.514754    -0.130491     0.290127    -0.101444   -0.0686582     0.227393     0.254039     0.281132     0.011164
    0.285093     0.101022    -0.365318     0.308429    -0.371443     0.251128    0.0718686    -0.441453    -0.225015     0.294716    0.0349881     -0.43494   -0.0596517     0.233116     0.131263      0.20443      0.19413   -0.0339499     0.191219   -0.0785719     0.268686   -0.0148528     0.486816   0.00450367     0.724629    -0.130967    -0.169435    -0.117091    -0.336701    -0.420215   0.00173419    -0.350146
    0.056994    -0.285931     0.966625     0.245383     0.571046     -0.35332    -0.454718    -0.148842    -0.199852    -0.294254    0.0604422     0.345845   -0.0153134    -0.464875    -0.429834     0.267317     0.629312    -0.312231     0.726418     0.124367    -0.175864    -0.437863    -0.347058    0.0583479   -0.0523537     0.235786     0.581278    -0.328553     0.395091    -0.388127     -0.18341     0.380154
    0.662759    0.0276047    -0.214819    0.0413831     0.316884    -0.173321    -0.282322    -0.287102    -0.151089    -0.332189    -0.109131    0.0704645    -0.467367    -0.388117    -0.366741    0.0837474     0.290203    0.0687812     0.474352     0.429299    -0.217129     0.146353    -0.178055     0.260629     0.156145     0.244495    -0.238532    -0.119769      0.36383     0.114895    -0.464654     0.135968
    0.669007    0.0166194   -0.0774513    -0.430049    -0.340553     0.346598   -0.0899433     0.261676    -0.545948     0.835134     0.321631     0.452384   -0.0740298     0.105283    -0.484867     0.719476    -0.963904     0.445052     0.317272    0.0943562     0.609237    -0.240915     0.444469   -0.0654678     0.400607     0.395527     0.253529     0.627327     -0.44148     -0.51884    -0.296205     0.354884
   0.0785304   -0.0962471  -0.00282799   -0.0102422     0.311608    0.0700883     0.179706    0.0457686    0.0636513   -0.0288952    -0.084917     0.295491    -0.540798    -0.451355    -0.816686   -0.0368904     0.430054     0.220893    -0.102075    -0.517516    -0.589075    0.0727959     0.122812     0.298339      0.54954     0.390695   -0.0573368     0.229961     0.333389    -0.171521    -0.273921    -0.135651
    0.493718    -0.143658     0.320781    -0.181135     0.108392     0.389314    0.0126672     0.563079    0.0306823     0.324812     -0.13808     0.384084    -0.214467    -0.303349    -0.261078      0.35616    0.0771482    -0.205405     0.464431     0.106491    0.0505678     0.106144    0.0205586   -0.0139961   -0.0753653     0.191073    -0.579665       0.9295    0.0588425     0.180479    0.0772971    -0.211213
    0.483876    0.0626057    -0.500464     0.592508    0.0955083     0.120391     0.146498    -0.259229     0.208248     0.212359      0.50402    -0.522806   -0.0160885     0.499427     0.368447     0.129495    -0.236617    0.0502888     0.167718     -0.30633     0.127335     -0.18784     0.566788      0.15395     0.340446   -0.0335487    -0.597504    -0.275392   -0.0108521     0.262985     -0.14432     0.374727
   -0.311696    0.0118257     0.103383     0.597688     0.556912    0.0239721    -0.306936     0.288971     0.115195    -0.267558    0.0218057    -0.459775     -0.14498    -0.590632    -0.118105   -0.0374538     -0.47368    -0.271814    -0.183376     0.213347     0.851981    0.0719419     0.137344     0.186388     0.179317    0.0985749   -0.0682082     -0.64032    0.0711062    -0.204962  -0.00196759    -0.488747
  -0.0596707   -0.0831879   -0.0860347   -0.0178993     0.077083    -0.277438     0.224143    -0.391657     0.348959   -0.0257567    0.0888189   -0.0324964    -0.198161    0.0788161   -0.0494192    0.0221569    0.0726813     0.221868     0.208369   -0.0549075    0.0639021     0.293414   -0.0358499    0.0985648     -0.67825   0.00400965       0.2193  -0.00011287   0.00563383    -0.155009    -0.202815    -0.249765
    0.079598   -0.0458406     0.350548     0.326688    -0.226784     0.374701     0.151782    -0.150983    -0.173113    0.0133951    0.0581054     -0.31458     -0.35908    -0.731466     0.143117     0.187026     0.313772     0.220099     0.464995     0.645405    -0.158878    -0.450032   -0.0415973    -0.178215    0.0323651    -0.137118    0.0457688   -0.0272585     0.123245     -0.33994    -0.193537      -0.2431
    0.589912     0.292498    0.0253285    0.0205133    -0.500959    -0.044809    -0.180807    0.0540746    -0.372871    0.0739073     0.618347    -0.310093     0.225629      0.32858    0.0632104     0.287037    -0.310894    0.0846518      0.44989     0.295758     0.709903    -0.312572     0.333092     0.109009    -0.345057   -0.0651643    -0.260269    -0.479119     0.369381     0.128383      -0.0737     0.205207
   -0.057287     0.157833    -0.180201    -0.485823     0.089473    -0.110967   -0.0944041   -0.0624975     0.263173    -0.261238    -0.481979     0.289138 -0.000303168     -0.41814    -0.719368    -0.436372     0.769847    -0.324482     0.208414     0.450498   -0.0885641    -0.137598    -0.254548    -0.167763    0.0109102     0.214278     0.560238     0.326853     0.130575     0.116001    0.0050673     0.162829
    0.437404    -0.108518    -0.258384    -0.380814    -0.191182    -0.519538    0.0680998     0.127237     0.283356    -0.489183      0.50037    -0.377101    -0.136486     0.163417      0.21643     -0.36863    -0.487384     0.613533    -0.447609    -0.126727    -0.312989     0.131007     0.381575     -0.25038    -0.451679   -0.0339367    -0.524519     0.173039      0.47993     0.223397     0.207597  -0.00851492
  -0.0101707     0.231885    0.0403492    -0.179727     -0.10245     0.296389   -0.0356635     0.045269    -0.319449     0.482598     0.183229     0.114649  -0.00576925    0.0224988    -0.384502     0.556972    -0.279482   -0.0590942   -0.0801543     0.424757     0.198182     0.226584    -0.269394     -0.43211     0.260963     0.099463     0.143415   -0.0382626    -0.108505    -0.339201    -0.367334    -0.142636
    0.309603   -0.0393334     0.239011     0.559053   -0.0319515     0.864202     0.917912    -0.203092    -0.411666     0.322999    -0.553938    -0.480672    -0.510198     0.117233   -0.0650514    -0.176084     0.277531     0.411992    -0.260623    -0.320382  -0.00411027     0.216772     0.541024   -0.0821496     0.845645      0.14224     -0.17109    0.0718104    -0.130885     0.319228    -0.228275    -0.247082
    0.146754     0.131463     0.357658    -0.220955    -0.355752   -0.0608527   -0.0663242      0.15111     0.619969    -0.366246    0.0474095     0.120049   -0.0823256     0.151492    -0.117449    -0.240321   -0.0292687      0.47639    0.0760639     0.274711     0.380026    -0.301889    -0.171073       0.1731   -0.0850818   -0.0715538   -0.0990273     0.377672    -0.368288   -0.0133151     0.128522     0.120834
    0.207267     0.168427    0.0711146   -0.0113852     0.179885    -0.646957     0.182374    -0.189134    0.0861865     0.147344    -0.207414     0.151185     0.217153    -0.116962    -0.221846     0.345674    0.0824481     0.126738    -0.163093    0.0674942    -0.141867   -0.0659307    -0.301712    -0.199197    -0.277857    -0.204428     0.387645     0.220292    -0.308493    -0.221388    -0.381756     0.278742
   -0.536809     0.144743   0.00260354    -0.235035    -0.357935   -0.0592017    0.0550707     0.367443    0.0170989    -0.690443    -0.290037   -0.0189899     0.151155    -0.389629   -0.0420174     0.230448    0.0835804    -0.389411     0.195656     0.188859    -0.077153     0.391403    -0.216039    -0.221379     0.198866     0.294827     0.706239     0.221116    -0.362142    -0.234176    -0.579863   -0.0462294
   -0.268224     0.315109      0.30965    -0.675563   0.00273547     0.042805    -0.411898     0.275109   -0.0571085     0.169559    -0.327883    0.0758241   -0.0694602    -0.120482    -0.165134    0.0175735     0.420985     0.529413    0.0139947     0.248913   -0.0020693     0.344501   -0.0153633   -0.0799299    0.0406898     0.327568    -0.323712   -0.0418381     0.174178   -0.0306426    -0.564579     0.343923
   0.0491757     0.251585    -0.125106     -0.21202      0.12486   -0.0958836    -0.250385    -0.202697    -0.174586    0.0481778    -0.228769     0.617143    -0.130015    -0.196902    -0.402162    -0.195274     0.243657     0.272977     0.108767     0.265856    -0.121179    -0.216117   -0.0332858     0.379407    -0.293417    0.0239697    0.0426341    -0.198107     0.118783      0.28571    -0.195656   -0.0180161
   -0.137235   0.00768119     0.149001    -0.410513   -0.0847418     0.144637     0.368496    -0.414865    0.0269488     0.253627    -0.286366      0.44768    -0.143956    0.0481898        0.289   -0.0835958     0.176521     0.181716     0.226941       0.3711      0.21397    -0.365612    -0.369199    0.0266003     0.361194    -0.146363   -0.0551947    -0.344363    0.0391143     0.418925     0.220637    0.0858811
  -0.0227048    -0.130676    0.0306828     0.272245    -0.393956    -0.199221    0.0551463    -0.115662    -0.190567     0.179968     -0.15155     0.367812    -0.144349   -0.0686582    -0.188066    -0.134075   -0.0143808     0.710223     0.141213     -0.29423     0.101686    -0.263453    -0.384048     0.192694   -0.0261825    -0.250339   -0.0185793     0.434496     -0.24809    -0.329638        0.122    -0.337352
    0.110357   -0.0809347    -0.498497   -0.0398628     -0.33149     0.184873    -0.168734   -0.0836529    -0.277425    -0.180174     -0.53371     0.766946     -0.59839    0.0496255     -0.37337  -0.00288399     0.461558     0.315972  0.000506917     0.299963     0.068771    -0.415247    -0.291053     0.149772    0.0831754     0.259978     0.696918    0.0551594    -0.198905    0.0415371    0.0485298    0.0203473
    0.356749   -0.0343889     0.264592      0.26477    -0.439328   -0.0408372    -0.272134    -0.200062    -0.219873    -0.134144    0.0563632     0.345396    -0.292474     0.116349    -0.489715      0.11514     0.292198    -0.220769     0.568034     0.112635     0.349752    -0.649593     0.391933     0.176595     0.261818    -0.229216    -0.829939    0.0279078     0.116387     0.296017     0.099627   -0.0145105
    0.182903    -0.587403     0.513419     0.280491    -0.359553    -0.479211   -0.0866724    -0.474364    -0.173042    -0.189916    0.0523947     0.081877     0.249788    -0.123177      0.31669     0.268477   -0.0335681   -0.0551823    0.0670722  -0.00698841   0.00145411     -0.32922     0.441951    -0.179543     -0.51638  -0.00533865    -0.125552    -0.510303     0.136246     0.718359     0.496497    -0.252404
   -0.316779     -0.20715    -0.203447    -0.308918    -0.279341    -0.201665    0.0368999  0.000976975    -0.103089    -0.467862     0.108595     0.494202     0.063224    -0.140726    -0.199957   -0.0784622     0.143503   -0.0944385     0.275538   -0.0611475   -0.0426986   -0.0791175     0.336224     0.345952      0.27053    -0.245987    -0.290169    -0.117227     0.445254      -0.1731     0.204427     0.122161
   0.0166242     0.290827    0.0290028    0.0593724     0.124554    0.0727294    -0.471249     0.229406   -0.0154845   -0.0113618    -0.282107     0.207683   -0.0335112    -0.141907    -0.331471     -0.13594   -0.0257761   -0.0194582   -0.0181793      0.10673     0.132015   -0.0231791   -0.0235477     0.270993     0.277169    0.0289725     0.050698     0.350918   -0.0293966   -0.0940969   -0.0404908     0.154233
